0
0
0
0
0
0
0
0
0
0
0
0
0
0
0
0
0
0
0
0
0
0
0
0
0
0
0
0
0
0
0
0
0
0
0
0
0
0
0
0
0
0
0
0
0
0
0
0
0
0
0
0
0
0
0
0
0
0
0
0
0
0
0
0
0
0
0
0
0
0
0
0
0
0
0
0
0
0
0
0
0
0
0
0
0
0
0
0
0
0
0
0
0
0
0
0
0
0
0
0
0
0
0
0
0
0
0
0
0
0
0
0
0
0
0
0
0
0
0
0
0
0
0
0
0
0
0
0
0
0
0
0
0
0
0
0
0
0
0
0
0
0
0
0
0
0
0
0
0
0
0
0
0
0
0
0
0
0
0
0
0
0
0
0
0
0
0
0
0
0
0
0
0
0
0
0
0
0
0
0
0
0
0
0
0
0
0
0
0
0
0
0
0
0
0
0
0
0
0
0
0
0
0
0
0
0
0
0
0
0
0
0
0
0
0
0
0
0
0
0
0
0
0
0
0
0
0
0
0
0
0
0
0
0
0
0
0
0
0
0
0
0
0
0
0
0
0
0
0
0
0
0
0
0
0
0
0
0
0
0
0
0
0
0
0
0
0
0
0
0
0
0
0
0
0
0
0
0
0
0
0
0
0
0
0
0
0
0
0
0
0
0
0
0
0
0
0
0
0
0
0
0
0
0
0
0
0
0
0
0
0
0
0
0
0
0
0
0
0
0
0
0
0
0
0
0
0
0
0
0
0
0
0
0
0
0
0
0
0
0
0
0
0
0
0
0
0
0
0
0
0
0
0
0
0
0
0
0
0
0
0
0
0
0
0
0
0
0
0
0
0
0
0
0
0
0
0
0
0
0
0
0
0
0
0
0
0
0
0
0
0
0
0
0
0
0
0
0
0
0
0
0
0
0
0
0
0
0
0
0
0
0
0
0
0
0
0
0
0
0
0
0
0
0
0
0
0
0
0
0
0
0
0
0
0
0
0
0
0
0
0
0
0
0
0
0
0
0
0
0
0
0
0
0
0
0
0
0
0
0
0
0
0
0
0
0
0
0
0
0
0
0
0
0
0
0
0
0
0
0
0
0
0
0
0
0
0
0
0
0
0
0
0
0
0
0
0
0
0
0
0
0
0
0
0
0
0
0
0
0
0
0
0
0
0
0
0
0
0
0
0
0
0
0
0
0
0
0
0
0
0
0
0
0
0
0
0
0
0
0
0
0
0
0
0
0
0
0
0
0
0
0
0
0
0
0
0
0
0
0
0
0
0
0
0
0
0
0
0
0
0
0
0
0
0
0
0
0
0
0
0
0
0
0
0
0
0
0
0
0
0
0
0
0
0
0
0
0
0
0
0
0
0
0
0
0
0
0
0
0
0
0
0
0
0
0
0
0
0
0
0
0
0
0
0
0
0
0
0
0
0
0
0
0
0
0
0
0
0
0
0
0
0
0
0
0
0
0
0
0
0
0
0
0
0
0
0
0
0
0
0
0
0
0
0
0
0
0
0
0
0
0
0
0
0
0
0
0
0
0
0
0
0
0
0
0
0
0
0
0
0
0
0
0
0
0
0
0
0
0
0
0
0
0
0
0
0
0
0
0
0
0
0
0
0
0
0
0
0
0
0
0
0
0
0
0
0
0
0
0
0
0
0
0
0
0
0
0
0
0
0
0
0
0
0
0
0
0
0
0
0
0
0
0
0
0
0
0
0
0
0
0
0
0
0
0
0
0
0
0
0
0
0
0
0
0
0
0
0
0
0
0
0
0
0
0
0
0
0
0
0
0
0
0
0
0
0
0
0
0
0
0
0
0
0
0
0
0
0
0
0
0
0
0
0
0
0
0
0
0
0
0
0
0
0
0
0
0
0
0
0
0
0
0
0
0
0
0
0
0
0
0
0
0
0
0
0
0
0
0
0
0
0
0
0
0
0
0
0
0
0
0
0
0
0
0
0
0
0
0
0
0
0
0
0
0
0
0
0
0
0
0
0
0
0
0
0
0
0
0
0
0
0
0
0
0
0
0
0
0
0
0
0
0
0
0
0
0
0
0
0
0
0
0
0
0
0
0
0
0
0
0
0
0
0
0
0
0
0
0
0
0
0
0
0
0
0
0
0
0
0
0
0
0
0
0
0
0
0
0
0
0
0
0
0
0
0
0
0
0
0
0
0
0
0
0
0
0
0
0
0
0
0
0
0
0
0
0
0
0
0
0
0.1634
0.2478
0
0
0
0
0
0
0
0
0
0
0
0
0
0
0
0
0
0
0
0
0
0
0
0
0
0
0
0
0
0
0
0
0
0
0
0
0
0
0
0
0
0
0
0
0
0
0
0
0
0
0
0
0
0
0
0
0
0
0
0
0
0
0
0
0
0
0
0
0
0
0
0
0
0
0
0
0
0
0
0
0
0
0
0
0
0
0
0
0
0
0
0
0
0
0
0
0.035
0
0
0
0
0
0
0
0
0
0
0
0
0
0
0
0
0.0678
0
0.0239
0
0
0
0
0
0
0
0
0
0.0806
0
0
0
0
0
0
0
0
0
0
0
0
0
0
0
0
0
0
0
0
0
0
0
0
0
0
0
0
0
0
0
0
0
0
0
0
0
0
0
0
0
0
0
0
0
0
0
0
0
0
0
0
0
0
0
0
0
0
0
0
0
0
0
0
0
0
0
0
0
0
0
0
0
0
0
0
0
0
0
0
0
0
0
0
0
0
0
0
0
0
0
0
0
0
0
0
0
0
0
0
0
0
0
0
0
0
0
0
0
0
0
0
0
0
0
0
0
0
0
0
0
0
0
0
0
0
0
0
0
0
0
0
0
0
0
0
0
0
0
0
0
0
0
0
0
0
0
0
0
0
0
0
0
0
0
0
0
0
0
0
0
0
0
0
0
0
0
0
0
0
0
0
0
0
0
0
0
0
0
0
0
0
0
0
0
0
0
0
0
0
0
0
0
0
0
0
0
0
0
0
0
0
0
0
0
0
0
0
0
0
0
0
0
0
0
0
0
0
0
0
0
0
0
0
0
0
0
0
0
0
0
0
0
0
0
0
0
0
0
0
0
0
0
0
0
0
0
0
0
0
0
0
0
0
0
0
0
0
0
0
0
0
0
0
0
0
0
0
0
0
0
0
0
0
0
0
0
0
0
0
0
0
0
0
0
0
0
0
0
0
0
0
0
0
0
0
0
0
0
0
0
0
0
0
0
0
0
0
0
0
0
0
0
0
0
0
0
0
0
0
0
0
0
0
0
0
0
0
0
0
0
0
0
0
0
0
0
0
0
0
0
0
0
0
0
0
0
0
0
0
0
0
0
0
0
0
0
0
0
0
0
0
0
0
0
0
0
0
0
0
0
0
0
0
0
0
0
0
0
0
0
0
0
0
0
0
0
0
0
0
0
0
0
0
0
0
0
0
0
0
0
0
0
0
0
0
0
0.0038
0
0
0
0
0
0
0.0353
0
0
0
0
0.0088
0
0
0
0
0
0
0
0
0
0
0
0
0
0
0.0037
0
0
0
0
0.023
0
0
0
0
0
0
0
0
0
0
0
0
0
0
0.0055
0
0
0
0
0
0
0
0
0.0338
0
0.1118
0
0
0
0
0
0
0.0262
0
0
0.004
0.0183
0
0.0148
0.0366
0
0
0
0
0
0.0156
0
0
0
0
0.0047
0
0
0
0.0199
0.0189
0.0135
0.016
0.0202
0.0215
0
0
0.0223
0
0
0
0
0
0
0
0
0
0
0
0
0
0.0159
0
0
0.0212
0
0
0
0
0
0.0055
0
0
0
0
0
0
0.0248
0.0186
0
0
0
0
0
0
0
0
0
0
0
0
0
0
0
0
0
0
0
0
0
0
0.0219
0
0
0
0
0
0
0
0
0
0
0
0
0
0
0
0
0
0
0
0
0
0
0
0
0
0
0
0
0
0
0
0
0
0
0
0
0
0
0
0
0
0
0
0.0109
0.031
0
0
0
0
0
0
0
0
0
0
0
0
0
0
0
0
0
0
0.0182
0
0.0174
0
0
0
0
0
0
0
0
0
0
0.0099
0
0
0
0
0
0
0
0.0229
0
0
0
0
0.0141
0
0
0
0
0
0
0
0
0
0
0.0048
0
0.0188
0
0
0
0
0
0
0.0371
0
0
0
0
0
0
0.0167
0
0
0
0
0
0
0
0
0
0
0
0
0
0
0
0
0.0063
0
0
0
0
0
0
0
0
0
0
0
0
0
0
0
0
0
0.0065
0
0
0
0
0
0
0
0
0
0
0
0
0
0
0
0
0
0
0
0
0
0
0
0
0
0
0
0
0
0
0
0
0
0
0
0
0
0
0
0
0
0
0
0
0
0
0
0.0071
0
0
0.0213
0
0
0
0
0
0
0
0
0
0
0
0
0.0169
0
0
0.0053
0
0
0
0
0
0
0
0
0
0
0
0
0.0373
0.0046
0.0136
0
0
0
0
0
0.0207
0
0
0
0
0
0
0
0
0
0
0
0
0.0443
0
0
0
0
0
0
0
0
0
0
0
0
0
0
0.021
0
0
0
0
0
0
0
0
0
0
0
0
0
0
0
0
0
0
0
0
0
0
0
0
0
0
0
0
0
0
0
0
0
0
0
0
0
0
0
0
0
0.0061
0
0
0
0
0
0
0
0
0
0
0
0
0
0
0
0
0
0.0433
0
0
0
0
0
0
0
0
0
0
0
0
0
0.0256
0
0
0
0.0532
0
0
0
0
0
0
0
0
0
0
0
0
0
0.021
0
0
0
0
0
0
0
0
0.0241
0.0138
0
0
0
0
0
0
0
0
0
0
0
0.0177
0
0
0
0
0
0
0
0
0
0
0
0.0159
0
0
0
0
0
0
0
0
0.0388
0
0
0
0
0
0
0
0
0
0
0
0
0
0
0
0
0
0
0
0
0
0
0.0251
0
0
0.0255
0
0
0.0118
0
0
0
0
0
0
0
0
0
0
0
0
0
0
0
0
0
0
0
0
0
0
0
0
0
0
0
0
0
0
0
0
0
0
0
0
0
0
0.0102
0
0
0
0
0
0
0
0.0071
0
0
0
0
0
0
0
0
0.0209
0
0
0
0
0
0
0
0
0
0.0224
0
0
0
0
0
0
0
0
0
0
0
0
0
0
0
0
0
0
0
0
0.0262
0
0
0.0254
0
0
0
0
0
0
0
0
0
0
0
0
0
0.0119
0.0307
0
0
0
0
0
0
0
0
0
0
0
0
0
0
0
0.0063
0
0
0
0
0
0
0
0
0
0
0
0
0
0
0
0
0
0
0
0
0
0
0
0
0
0
0
0
0
0
0
0.0202
0.0748
0.0206
0
0.0666
0.015
0.0434
0.018
0.0208
0
0
0
0
0
0
0
0
0
0
0
0
0
0
0
0
0
0
0.0011
0.0175
0
0.0198
0
0.0259
0
0
0
0
0
0
0
0.0181
0.0084
0
0
0
0
0
0
0
0
0
0.0187
0
0
0
0
0
0
0
0
0
0
0
0
0
0
0
0
0
0
0
0
0
0
0
0
0
0
0
0
0
0
0
0
0
0
0
0
0
0
0
0
0
0
0
0
0
0
0
0
0
0
0
0.021
0
0.0077
0
0
0
0
0
0
0
0
0
0.0149
0
0
0
0
0
0
0
0
0
0
0
0
0
0
0
0
0
0
0
0
0
0
0
0
0
0
0
0
0
0
0.0159
0
0
0
0
0
0
0
0
0
0
0.0219
0
0
0
0
0
0
0
0
0
0
0
0
0
0
0
0
0
0
0
0
0
0
0
0
0
0
0
0
0
0
0
0
0
0
0
0
0
0
0
0
0
0
0
0
0
0
0
0
0
0
0
0
0
0
0
0
0
0
0
0
0
0
0
0
0
0
0.0083
0
0
0
0
0.0076
0
0
0
0
0
0.016
0
0
0
0
0
0
0
0
0
0
0
0
0
0
0
0
0
0
0
0
0
0.0168
0
0
0
0
0
0
0
0
0
0
0
0
0
0
0
0
0
0
0
0
0
0
0
0
0
0
0
0
0.0169
0
0
0
0
0
0
0
0
0
0
0
0
0
0
0.0212
0
0
0.0373
0
0
0
0
0
0
0
0
0
0
0
0
0
0
0
0
0
0
0
0
0
0
0.0217
0
0
0
0
0
0
0
0
0
0
0
0
0
0
0
0
0
0.0213
0
0
0
0
0
0
0
0
0
0
0
0
0
0
0
0
0
0
0
0
0
0
0
0
0
0
0
0.0071
0
0
0
0
0
0
0
0
0
0
0
0.0121
0
0
0
0
0
0
0
0
0
0
0
0
0
0
0
0
0
0
0
0
0
0
0
0
0
0
0
0
0
0
0
0
0
0
0
0
0
0
0
0
0
0
0
0
0
0
0
0
0
0
0
0
0
0
0
0
0
0
0
0
0.0276
0.0316
0
0
0.0126
0
0
0.0487
0
0
0
0
0
0
0
0
0
0
0
0
0
0
0
0
0
0
0
0
0
0
0
0
0
0
0
0
0
0
0
0
0
0
0
0
0
0
0
0
0
0
0
0
0
0
0
0
0
0
0
0
0
0
0
0.0315
0
0
0
0
0
0
0
0
0
0
0
0
0
0
0
0
0
0
0
0
0
0
0
0
0
0
0
0
0
0
0
0
0
0
0
0
0
0
0
0
0
0
0
0
0
0
0
0
0
0
0
0
0
0
0
0
0
0
0
0
0
0
0
0
0
0
0
0
0
0
0
0
0
0
0
0
0
0
0
0
0
0
0
0
0
0.0207
0
0
0
0
0
0
0
0
0
0
0
0
0
0
0
0
0
0
0
0
0
0
0
0
0
0
0
0
0
0
0
0
0
0
0
0
0
0
0
0
0
0
0
0
0
0
0
0
0
0.0141
0.0239
0
0
0
0
0
0
0
0
0
0
0
0
0
0
0
0
0
0
0
0
0
0
0
0.0208
0
0
0
0
0
0
0
0
0
0
0
0
0
0
0
0
0
0
0
0
0
0.0179
0
0
0
0
0
0
0
0
0
0
0
0
0
0
0
0
0
0
0
0
0
0
0
0.0157
0
0
0
0
0
0
0
0
0
0
0
0
0
0
0.0275
0
0
0
0
0
0
0
0
0
0
0
0
0
0
0
0
0
0
0
0
0
0
0
0
0
0
0
0.0182
0
0
0
0
0.035
0.0183
0
0
0.0181
0
0
0
0
0.0181
0.0159
0
0
0
0
0
0
0
0
0
0
0.0098
0.0152
0.0047
0.0607
0.0168
0
0.067
0
0.0439
0
0
0
0
0
0
0
0
0.023
0
0
0
0
0.0424
0
0
0
0
0
0.0076
0
0
0.0648
0.0331
0
0
0.0049
0
0
0
0
0
0
0
0
0
0
0
0
0
0
0
0
0
0
0
0
0
0
0
0
0
0
0
0
0
0.0029
0.038
0
0.0159
0
0
0
0
0
0
0
0
0
0
0
0
0
0
0
0
0.0059
0
0.0214
0
0
0
0
0
0
0
0
0
0
0.0067
0
0
0
0
0
0
0
0
0
0
0
0
0
0
0
0
0
0
0
0
0
0
0
0
0
0
0
0
0
0
0
0
0
0.015
0
0
0
0
0
0
0
0
0
0.0364
0
0
0.0078
0
0
0.0441
0
0
0
0
0
0
0
0
0
0
0
0.0332
0
0
0
0
0
0
0
0
0.0047
0
0
0
0
0
0
0
0
0
0
0.0208
0
0
0
0
0
0
0
0
0
0
0
0
0
0
0
0
0
0
0
0
0
0
0
0
0
0
0
0
0
0
0
0
0
0
0
0
0
0
0.0201
0
0
0
0
0
0
0
0
0
0.0158
0
0
0.0428
0
0
0
0
0
0
0
0
0
0
0
0
0
0
0
0
0
0
0
0
0
0.0255
0
0
0
0
0
0
0
0
0.0356
0
0
0
0.0181
0
0
0
0
0.0042
0
0.0849
0
0
0
0
0
0
0.0081
0
0
0
0
0
0
0
0
0
0
0.0223
0
0
0
0
0
0
0
0
0
0
0
0
0.0322
0
0
0
0
0
0.0227
0
0
0
0
0
0
0
0
0
0.0285
0
0
0
0
0
0
0
0
0
0
0
0
0
0
0
0
0
0
0.1435
0
0
0
0
0
0
0
0
0
0
0
0
0
0
0
0
0.0229
0
0
0
0
0.0405
0.024
0
0
0
0
0
0.0273
0
0
0
0
0.0343
0
0
0
0.0464
0.0085
0
0
0
0
0
0
0
0
0
0
0
0
0.0061
0
0.0057
0
0
0
0
0
0
0
0
0
0
0
0
0
0
0
0
0
0
0.0236
0
0
0
0
0.0342
0
0
0
0.0117
0
0.004
0
0.0403
0.0362
0
0
0.0475
0
0
0
0
0.0404
0
0.0364
0.0124
0.0347
0
0.051
0.0185
0
0
0
0
0
0.0235
0.0431
0
0
0
0
0
0.0479
0.0908
0
0
0
0
0
0
0
0
0.0293
0
0
0
0.032
0.0077
0
0
0
0
0
0
0
0
0
0
0
0
0.0142
0
0
0
0
0
0
0.0027
0
0.0032
0.0055
0
0.0196
0
0
0.0228
0
0
0
0
0
0.0099
0
0
0
0
0
0
0
0
0
0.0158
0
0
0
0
0
0
0
0
0
0
0
0
0
0
0
0
0
0
0
0
0
0
0
0
0
0
0
0
0
0
0
0
0
0
0
0
0
0.0252
0
0
0.0665
0
0
0
0
0
0
0.0357
0
0
0.0056
0
0
0
0
0.0137
0.0128
0
0
0
0.0469
0
0
0
0
0
0
0
0
0
0
0
0
0
0
0.0482
0
0
0
0
0.0087
0
0
0
0
0
0
0
0.0446
0
0
0.0349
0.0206
0
0
0.0368
0.0902
0
0
0
0
0
0
0
0
0
0.0402
0
0
0
0
0
0
0
0
0
0
0
0
0
0
0
0
0
0
0
0
0
0
0
0
0
0.0246
0.0146
0
0
0
0
0
0
0
0
0
0
0
0
0
0
0
0
0
0
0
0
0
0
0
0
0
0
0.0169
0.0297
0.0103
0
0
0
0
0
0
0
0
0
0
0
0
0
0
0
0
0.0247
0
0
0
0
0
0.0041
0
0
0
0
0
0
0.0476
0
0
0
0
0
0.0204
0
0
0.0629
0
0
0
0
0
0
0
0
0
0
0.0179
0
0
0
0.0209
0
0.0482
0
0
0.0156
0
0
0.0642
0
0
0.0205
0
0.0524
0.0386
0
0
0
0
0.0307
0
0
0
0
0
0
0
0
0.0077
0
0
0
0
0.0103
0.0037
0
0
0
0
0
0.0361
0
0.0057
0
0
0.0282
0
0
0
0
0
0
0
0
0
0
0.0271
0
0
0
0
0
0
0
0
0.0425
0.053
0.0219
0
0.0094
0
0
0
0
0
0
0.0217
0.0254
0
0.0238
0
0
0
0
0
0
0
0
0
0
0
0
0.0369
0
0.0374
0
0.0089
0.0625
0
0
0
0
0
0
0
0.0191
0.0183
0.0241
0
0
0
0
0
0.0446
0
0.0397
0
0
0
0
0
0
0.0077
0.0488
0
0
0.0351
0
0
0
0
0
0
0
0
0
0
0
0.0143
0
0
0
0
0
0
0
0.0187
0
0
0.0222
0
0
0
0
0
0
0.0207
0
0
0
0.0078
0
0
0
0
0
0
0
0
0
0
0
0
0.0277
0
0.0166
0
0.0233
0
0.0494
0
0.053
0.0221
0
0
0
0
0
0
0
0
0
0
0
0
0
0
0
0
0
0
0
0
0
0.0073
0
0
0
0
0
0
0
0
0
0
0
0
0
0
0.033
0.0189
0
0
0
0
0
0
0
0
0
0
0
0
0
0
0
0
0.008
0
0
0
0
0
0
0
0
0
0
0
0
0.0178
0
0.0334
0
0.0253
0.0153
0
0
0
0
0.0109
0.0089
0
0
0
0
0
0
0
0
0
0
0
0
0
0
0
0
0
0
0
0
0
0
0
0
0
0.0189
0.1095
0
0
0
0
0
0
0
0
0
0
0
0
0.0419
0
0
0
0.0487
0
0.0189
0.0213
0
0
0
0
0
0.0065
0
0
0
0
0
0
0
0
0
0
0
0
0
0
0
0.0235
0
0
0
0
0
0
0
0
0
0
0.0242
0
0
0
0
0
0
0
0.013
0
0
0
0
0
0
0
0
0
0
0
0.0221
0
0
0
0
0
0
0
0
0
0
0
0
0
0
0
0
0
0
0
0
0.0187
0
0
0
0
0
0
0
0
0
0
0
0
0
0
0
0
0
0
0
0
0
0
0
0
0
0
0
0
0
0.0183
0
0
0
0
0
0
0
0
0
0
0
0
0
0
0
0
0
0
0
0
0
0
0
0
0
0
0
0
0
0
0
0
0
0
0
0
0
0
0
0
0
0
0
0
0
0
0
0
0
0
0
0
0
0
0
0
0
0
0
0
0
0.0495
0
0
0.0223
0
0
0.0064
0
0
0
0
0
0
0
0
0.0228
0.0419
0.0028
0
0
0
0
0
0
0
0
0
0
0
0
0
0
0
0
0
0
0
0
0
0
0
0
0
0
0
0
0
0
0
0
0
0
0
0
0
0
0
0
0
0
0
0
0
0
0
0
0.0182
0
0
0
0
0.044
0
0.02
0
0
0
0.0503
0
0.0168
0
0
0
0.0221
0
0
0
0
0.0045
0
0
0
0
0
0
0
0.0553
0.0216
0
0
0
0.0204
0.0483
0
0
0
0
0.0367
0
0
0
0
0
0
0
0
0.0223
0
0
0
0
0
0
0.0178
0
0
0.0036
0
0
0
0
0
0.0177
0
0.0215
0
0
0.044
0.0241
0
0
0
0
0
0.0283
0
0
0.0063
0
0.0153
0
0
0.0046
0
0.0174
0.0425
0
0.0157
0
0
0
0
0
0.0032
0
0
0
0
0.0027
0
0.0253
0.0057
0
0
0
0
0
0.0203
0
0
0
0
0
0
0
0
0.0004
0.0735
0
0.0059
0.0474
0
0
0.0225
0
0
0
0
0.0708
0
0.0251
0
0
0.0254
0
0
0
0
0
0
0
0
0
0
0
0
0
0
0
0
0
0
0
0
0
0
0
0
0
0.036
0
0
0
0
0
0
0
0
0.0075
0
0
0
0
0
0
0
0
0
0
0
0
0
0
0
0
0
0
0
0
0
0
0
0
0
0
0
0
0
0
0
0
0
0.0083
0.0763
0.0334
0.012
0
0.0108
0.0244
0
0
0
0
0
0
0
0.0564
0
0
0
0
0
0.016
0
0.0382
0
0
0
0
0.0342
0
0
0.0568
0.024
0.0422
0
0
0
0.0275
0
0
0
0
0
0
0
0
0
0
0
0
0
0
0
0
0
0
0
0
0.0054
0.0441
0.0743
0
0
0
0
0
0.0077
0
0
0
0
0
0.0296
0
0
0
0
0
0
0.0395
0
0
0
0.031
0
0
0
0
0
0
0
0
0
0
0
0
0
0
0
0
0
0
0
0.0552
0
0
0
0
0
0
0
0
0
0
0
0
0
0.0255
0.0038
0
0
0
0
0
0
0
0
0
0
0.039
0.0122
0
0
0
0.0189
0
0.0184
0.0149
0
0.0028
0
0
0
0
0.0082
0
0
0
0
0
0
0
0
0
0.016
0.0369
0
0
0.0153
0
0
0
0
0
0
0
0
0
0
0
0
0.0223
0
0
0
0
0
0
0
0
0
0
0
0
0
0.023
0
0
0.0366
0.0255
0
0.0241
0
0
0
0
0
0
0
0
0
0
0.0319
0
0
0
0.0157
0
0.0423
0
0
0.0063
0
0
0
0
0.035
0.0408
0.0158
0
0
0
0
0
0
0
0
0.0238
0
0
0
0
0
0
0
0
0
0
0
0
0
0.0029
0
0
0
0.027
0
0
0.0104
0
0
0
0.0084
0
0
0
0
0
0
0.008
0
0
0.1072
0
0
0
0
0
0
0
0
0.0214
0
0
0
0.0308
0
0.0041
0
0
0
0.0157
0
0.0254
0.0217
0
0
0
0
0
0
0
0
0.0134
0
0
0
0
0
0
0
