0
0
0
0
0
0
0
0
0
0
0
0
0
0
0
0
0
0
0
0
0
0
0
0
0
0.0325
0.0109
0
0
0
0
0
0
0
0
0.04
0.0058
0
0
0.0039
0
0
0
0
0
0
0
0
0
0
0
0
0
0
0
0
0
0
0
0
0
0
0
0.0175
0
0.0131
0
0
0
0
0
0
0
0
0
0
0
0
0
0
0
0.0081
0
0
0
0
0
0
0
0
0
0
0
0
0
0.0333
0
0
0
0.0217
0
0
0
0
0
0
0
0
0
0
0
0
0
0
0
0
0.0505
0
0
0
0
0
0
0
0
0
0
0
0.0195
0
0
0
0
0
0
0
0
0
0
0
0
0
0
0
0
0
0
0
0
0
0
0.0049
0
0
0
0
0
0
0
0
0
0
0
0
0
0
0
0
0
0
0
0
0
0.0227
0
0
0
0
0
0
0
0
0
0
0
0
0
0
0
0
0
0
0
0
0
0
0
0
0
0
0
0.019
0
0
0
0
0
0
0
0
0
0
0
0
0
0
0
0
0
0
0
0
0
0
0
0
0
0
0
0
0
0
0
0
0
0
0
0
0
0
0
0
0
0
0
0
0
0
0
0
0.0166
0
0
0
0.0179
0
0
0
0
0
0
0
0
0
0
0
0
0
0.0182
0
0
0
0
0.0233
0
0
0
0
0
0
0
0
0
0
0
0
0
0
0
0
0
0
0
0
0
0
0
0
0
0
0.0205
0
0.004
0
0
0
0.0195
0
0
0
0
0
0
0.0349
0.0052
0.0259
0
0
0.0214
0
0
0
0
0
0
0
0
0
0
0
0
0
0
0
0
0
0.0406
0
0
0
0
0
0
0
0
0
0
0
0
0
0
0
0
0.0222
0
0
0
0
0
0
0
0
0
0
0
0
0
0.015
0
0
0
0
0
0
0.0557
0
0
0.0304
0
0
0
0
0.0059
0
0.0164
0
0.0076
0
0
0
0
0
0
0
0
0
0
0
0
0.0209
0
0
0
0
0
0
0
0
0
0.0058
0
0
0
0
0.0128
0
0
0.0082
0
0
0.0278
0
0
0
0
0
0
0
0
0
0
0
0
0
0
0
0
0
0
0
0
0
0
0
0
0
0
0
0
0
0
0
0
0
0
0
0
0
0
0
0
0
0
0
0.0203
0.0325
0.0592
0
0
0
0
0
0
0
0.0171
0
0
0
0
0
0.0055
0
0
0
0
0
0
0
0
0
0
0
0
0
0
0
0
0
0
0
0
0
0
0
0
0
0
0
0
0
0
0
0
0
0
0
0
0
0
0
0
0
0
0
0
0
0
0
0
0
0
0
0
0
0
0
0
0
0
0
0
0
0
0
0
0
0.0045
0
0
0
0
0
0
0
0
0
0
0
0
0
0
0
0
0
0.01
0.0447
0
0
0
0
0
0
0
0
0.0416
0
0
0
0
0
0.0212
0
0
0
0
0
0
0
0
0
0
0
0
0
0
0
0
0
0
0
0
0
0
0
0
0
0
0
0
0
0
0
0.0309
0
0
0
0
0
0
0
0
0
0
0
0
0
0
0
0
0
0
0
0
0
0
0
0
0
0
0
0
0
0
0
0
0
0
0
0
0
0
0
0
0
0
0
0
0
0
0
0
0
0
0
0
0
0
0
0
0.0242
0
0
0
0.0197
0
0
0
0
0
0
0
0
0
0
0
0
0
0.007
0
0
0
0
0
0
0
0
0
0
0
0
0
0
0
0
0
0
0
0
0
0
0
0.0203
0
0
0
0
0
0
0.0184
0
0
0
0
0
0
0
0
0
0
0
0
0
0
0
0
0
0
0
0
0
0
0
0
0
0
0
0
0
0
0
0
0
0
0
0
0
0
0
0
0
0
0
0
0
0
0
0
0
0
0
0
0
0
0
0
0
0
0
0
0
0
0
0
0
0
0
0
0
0
0
0
0
0
0
0
0
0
0
0
0
0
0
0
0
0
0
0
0
0
0
0
0
0
0
0
0
0
0
0
0
0
0
0
0
0
0
0
0.0207
0
0
0
0
0
0
0
0
0
0
0
0
0
0
0
0
0
0
0
0
0
0
0
0
0
0
0
0
0
0
0
0
0
0
0
0.0047
0
0
0
0
0
0
0
0
0
0
0
0
0
0
0
0
0
0
0
0
0
0
0
0
0
0
0
0
0
0
0
0
0
0
0
0
0
0
0
0
0
0
0
0
0
0
0
0
0.0055
0
0
0
0
0
0
0
0
0
0
0
0
0
0
0
0
0
0
0
0
0
0
0
0
0
0
0
0
0
0
0
0
0
0
0
0
0
0
0
0
0
0
0
0
0
0
0
0
0
0
0
0
0
0
0
0
0
0
0.0182
0
0
0
0
0
0
0
0
0
0
0
0
0
0
0
0
0
0
0
0
0
0
0
0
0
0
0
0
0
0
0
0
0
0
0
0
0
0
0
0
0
0
0
0
0
0
0
0
0
0.0175
0
0
0
0
0
0
0
0
0
0
0
0
0
0
0
0
0
0
0
0
0
0
0
0
0
0
0
0
0
0
0
0
0
0
0
0
0
0
0
0
0
0
0
0
0
0
0
0
0
0
0
0
0
0
0
0
0
0
0
0
0
0
0
0
0
0
0
0
0
0
0
0
0
0
0
0
0
0
0
0
0
0
0
0
0
0
0
0
0
0
0
0
0
0
0
0
0
0
0
0
0
0
0
0
0
0
0
0
0
0.0096
0
0
0
0
0
0
0
0
0
0
0
0
0
0
0
0
0
0
0
0.0173
0
0
0
0
0
0
0
0
0
0
0
0
0
0
0
0
0
0
0
0
0
0
0
0
0
0
0
0
0
0
0
0.0365
0
0
0
0
0
0
0
0
0
0
0
0
0.0242
0
0
0
0
0
0
0
0
0
0
0
0
0
0
0
0
0
0
0
0
0
0
0
0
0
0
0
0
0
0
0
0
0
0
0
0
0
0
0
0
0
0
0
0
0
0
0
0
0
0
0
0
0
0
0
0
0
0
0
0
0.0085
0
0
0
0
0
0
0
0
0
0.025
0
0
0
0
0
0
0
0
0
0
0
0
0
0
0
0.0082
0
0
0
0
0
0
0
0
0
0
0
0
0
0
0
0
0
0
0
0
0
0
0
0
0
0
0
0
0
0
0
0
0
0
0
0
0
0
0
0
0
0
0
0
0
0
0
0
0
0
0
0
0
0
0
0
0
0
0
0
0
0
0
0
0
0
0
0
0
0
0
0
0
0
0
0
0
0
0
0
0
0
0
0
0
0
0
0
0
0
0
0
0
0
0
0
0
0
0
0.0231
0
0
0
0
0
0
0
0
0
0
0
0
0
0
0
0
0
0.0063
0
0
0
0
0
0
0
0
0
0
0
0
0
0
0
0
0
0
0
0
0
0.0102
0
0
0
0
0
0
0
0
0
0
0
0
0
0
0
0
0
0
0
0
0
0
0
0
0
0
0
0
0.0191
0
0
0
0
0
0
0
0
0
0
0
0
0
0
0
0
0
0
0
0
0
0
0
0
0
0
0
0
0
0
0
0
0
0
0
0
0
0
0
0
0
0.0143
0
0
0
0
0
0
0
0
0.0176
0
0
0
0
0
0
0
0
0
0
0
0
0
0
0
0
0
0
0
0
0
0
0
0
0
0
0
0
0
0
0
0
0
0
0.0182
0
0
0
0
0
0
0
0
0
0
0
0
0
0
0
0
0
0
0
0
0
0
0
0
0
0
0
0
0
0
0
0
0
0
0
0
0
0
0
0
0
0.0119
0.0308
0
0
0
0
0
0
0
0
0
0
0
0
0
0
0
0
0
0
0
0
0
0
0
0
0
0
0
0
0
0
0
0
0
0
0
0
0
0
0
0
0
0
0
0
0
0
0
0
0
0
0
0
0
0
0
0
0
0.0185
0
0
0
0
0
0
0
0
0
0
0
0
0
0
0
0.0197
0
0
0
0
0
0
0
0
0
0
0
0
0
0
0
0.0047
0
0
0
0
0
0
0
0
0
0
0
0
0
0
0
0
0
0
0
0
0
0
0
0
0
0
0
0.0335
0.0187
0
0
0
0
0
0
0
0
0
0
0
0
0
0
0
0
0
0
0
0
0
0.0224
0
0
0
0
0
0
0
0
0
0
0
0
0
0
0
0
0
0
0
0
0
0
0
0
0
0
0
0
0.0115
0
0
0
0
0
0
0
0
0
0
0
0
0
0
0
0
0
0
0
0
0
0
0
0
0
0
0
0
0
0
0
0
0
0
0
0
0
0
0
0
0
0
0.0186
0
0
0
0.0167
0
0
0
0
0
0
0
0
0
0
0
0
0
0
0
0
0
0
0
0
0
0
0
0
0
0
0
0
0
0
0
0
0
0
0
0
0
0
0
0
0
0
0
0
0.0382
0
0
0
0
0
0
0
0
0
0
0
0
0
0
0
0
0
0
0
0
0
0
0
0
0
0
0
0.0321
0
0
0
0
0
0
0
0
0
0
0
0
0
0
0
0
0
0
0
0
0
0
0
0
0
0
0
0.0042
0
0
0
0
0
0
0
0
0
0
0.0342
0
0
0
0
0
0
0
0
0
0
0
0
0
0
0
0
0
0
0
0
0
0
0
0
0
0
0
0
0
0
0
0
0
0
0
0
0
0
0
0
0
0
0
0
0
0
0
0
0
0
0
0
0
0
0
0
0
0
0
0
0
0
0
0
0
0
0
0
0
0
0
0
0
0
0
0
0
0
0
0
0
0
0
0
0
0
0
0
0
0
0
0
0
0
0
0.0372
0
0
0
0
0
0
0
0
0
0
0
0
0
0
0
0
0
0
0
0
0
0
0
0
0
0
0
0
0
0
0
0
0
0
0
0
0
0
0
0
0
0
0
0
0
0
0
0
0
0
0
0
0.0182
0
0
0
0
0
0
0
0
0
0
0
0
0
0
0
0
0
0
0.0181
0
0
0
0
0
0
0
0
0
0
0
0
0
0
0
0
0
0
0
0.0225
0.0228
0
0
0
0
0
0
0
0
0
0
0
0
0
0
0
0
0
0
0
0
0
0
0
0
0
0
0
0
0
0
0
0
0
0.0236
0
0
0
0
0
0
0
0
0
0
0
0
0
0
0.0364
0
0
0
0.0371
0
0
0
0
0
0
0
0
0
0
0
0
0
0
0
0.0287
0
0
0
0
0
0
0
0
0
0
0.0168
0
0
0
0
0
0
0
0
0
0
0
0
0
0
0
0
0
0
0
0
0
0
0
0
0
0.0228
0
0
0
0
0
0
0
0
0.02
0
0
0
0
0
0.0218
0
0
0
0
0
0
0
0
0
0
0
0
0
0
0
0
0
0.0178
0
0
0
0
0
0.052
0
0
0
0
0
0
0
0
0
0
0
0
0
0
0
0
0
0
0
0
0
0
0
0
0
0
0
0
0
0
0
0
0
0
0
0
0
0
0
0
0
0
0
0.0328
0
0
0
0
0.0069
0
0
0
0
0
0
0
0
0
0
0
0
0
0
0
0
0
0.0156
0
0
0.0197
0
0
0
0
0
0
0
0
0
0
0
0
0
0
0
0
0
0
0.037
0
0
0
0
0
0
0
0
0
0
0
0
0
0
0
0
0
0
0.0207
0
0
0
0
0
0
0
0
0
0
0
0
0
0
0
0
0
0
0
0
0
0
0
0
0
0
0
0
0
0
0
0
0
0
0
0
0
0
0
0
0
0
0
0
0
0
0
0
0
0
0
0
0
0
0
0
0
0
0
0
0
0
0
0
0
0
0
0
0
0
0
0
0
0
0
0
0
0
0
0
0
0
0
0
0
0
0
0
0
0
0
0
0
0
0
0
0.0205
0
0
0
0.0157
0
0
0
0
0
0
0
0
0
0
0
0
0
0
0
0
0
0
0
0
0
0
0
0
0
0
0
0
0
0
0
0
0
0
0
0
0
0
0
0
0
0
0
0
0
0
0
0
0
0.0164
0
0
0
0
0
0
0
0
0
0
0
0
0
0
0
0.0276
0
0
0
0
0
0
0
0
0
0
0
0
0
0
0
0
0
0
0.0038
0
0
0
0
0
0
0
0
0
0
0
0
0
0
0
0
0
0
0
0
0
0
0
0
0
0
0
0
0
0
0
0
0
0
0
0
0
0
0
0
0
0
0
0
0
0.0248
0
0
0
0
0
0
0
0
0
0
0
0.0372
0
0
0
0
0
0
0
0
0
0
0
0
0.016
0
0
0
0
0
0
0
0
0
0
0.0093
0
0.0168
0
0
0
0
0
0
0
0
0
0
0
0
0
0
0
0
0
0
0
0
0
0
0
0
0
0
0
0
0
0
0
0
0
0
0
0
0
0
0
0
0
0
0
0
0
0
0
0
0
0
0
0
0
0
0
0
0
0
0
0
0
0
0
0
0
0
0
0
0
0
0
0
0
0
0
0
0
0
0
0
0
0
0
0
0
0
0
0
0
0
0
0
0
0
0
0
0
0
0
0
0
0
0
0
0
0
0
0
0
0
0
0
0
0
0
0
0
0
0
0
0
0
0
0
0
0
0
0
0
0
0
0
0
0
0
0
0
0
0
0
0
0
0
0
0
0
0
0
0
0
0
0
0
0
0
0
0
0
0
0
0
0
0
0
0
0
0
0
0
0
0
0
0
0
0
0
0
0
0
0
0
0
0
0
0
0
0
0
0
0
0
0
0
0
0
0
0
0
0
0
0
0
0
0
0
0
0
0
0
0
0
0
0
0
0
0
0
0
0
0
0
0
0
0
0
0
0
0
0
0
0
0
0
0
0
0
0
0
0
0
0
0
0
0
0
0
0
0
0
0
0
0
0
0
0
0
0
0
0
0
0
0
0
0
0
0
0
0
0
0
0
0
0
0
0
0
0
0
0
0
0
0
0
0
0
0
0
0
0
0
0
0
0
0
0
0
0
0
0
0
0
0
0
0
0
0
0
0
0
0
0
0
0
0
0
0
0
0
0
0
0
0
0.0101
0
0
0
0
0
0
0
0
0
0.0206
0
0.0029
0
0
0
0
0
0
0
0
0
0
0
0
0
0
0
0
0
0
0
0
0
0
0
0
0
0
0
0.0413
0
0
0
0
0
0
0
0
0.0065
0.0705
0.0257
0.0116
0
0
0
0.022
0
0
0
0
0.0599
0.0083
0.0612
0.0245
0.022
0.0326
0.0662
0.0242
0.0243
0.0396
0.0359
0.0249
0
0.0196
0
0
0.0448
0.0464
0
0
0.0305
0.0048
0.0146
0.0542
0.0181
0.0237
0
0
0.0182
0.021
0
0
0.0135
0.0237
0.0055
0.0229
0
0
0.0165
0
0
0.0328
0
0
0
0.0704
0
0.041
0.0202
0
0
0
0
0
0.0209
0
0.0054
0
0
0
0
0
0.0364
0.0776
0
0
0
0.0188
0
0.02
0
0
0
0
0
0.0057
0
0.0077
0
0
0
0
0
0
0
0
0
0.0201
0.0565
0
0
0
0.0205
0
0.0291
0.0298
0.0531
0.0087
0.0406
0.0093
0
0
0
0.0978
0.0382
0.021
0.0711
0.0083
0
0.0141
0.0697
0.0502
0
0.0038
0.0917
0.0971
0
0
0.0387
0.0263
0.0673
0.0245
0.0079
0
0
0.0207
0.0172
0.0158
0.0158
0.0027
0
0.0208
0
0
0.013
0
0
0
0
0
0
0
0
0.019
0
0
0.0158
0
0
0
0.044
0
0
0
0
0.013
0
0
0
0
0
0.0116
0
0
0
0
0
0
0
0
0
0
0
0
0
0
0.0051
0
0
0
0
0
0
0
0
0
0
0
0
0
0.0219
0
0.0157
0
0
0
0
0.0263
0
0
0
0
0
0
0
0
0
0
0.0202
0
0
0.0403
0
0
0
0
0.0205
0
0
0.0262
0
0.0093
0
0.0061
0.0287
0
0
0
0.0062
0
0
0
0
0.0209
0
0
0
0
0
0.0082
0
0
0
0
0
0
0
0
0
0
0
0
0.017
0.0056
0.0055
0
0.0476
0
0
0
0
0
0
0
0
0.0044
0
0
0
0.0249
0
0
0
0
0
0
0
0
0
0.0329
0
0
0.0228
0
0
0
0
0.0175
0
0
0
0
0
0
0
0.0219
0
0
0
0
0
0.0155
0
0
0
0
0
0
0
0.0314
0
0
0
0
0
0
0
0
0
0
0
0
0
0.0146
0.01
0
0
0.0231
0
0
0
0
0
0
0
0.0241
0
0
0
0
0.0222
0
0
0
0
0
0
0
0.0513
0
0
0
0.029
0
0
0
0
0
0
0
0
0
0
0
0.0363
0
0
0.0313
0
0.0067
0.0184
0
0
0
0.011
0
0
0.0645
0.0066
0.0196
0
0.0464
0.0028
0.0213
0
0
0
0.0306
0
0
0
0
0
0
0.0178
0
0
0.0058
0
0
0.0502
0.0224
0
0
0.0495
0
0
0
0.0427
0.0512
0
0
0.0147
0.0404
0.0266
0.0028
0
0.0247
0.0287
0.0298
0.0157
0
0.0249
0.0248
0.0096
0
0.023
0.0168
0
0.0202
0
0
0.0189
0
0
0.0407
0.0037
0
0
0
0
0
0
0.0158
0
0
0
0
0.0512
0
0
0
0
0
0
0
0
0.0187
0
0
0
0
0
0
0
0
0.0384
0
0
0.0305
0.039
0
0
0.0359
0
0
0.0339
0
0.0224
0
0
0
0
0
0
0
0
0
0
0
0
0
0
0
0
0
0
0.0144
0
0
0
0.0158
0
0
0.0481
0.0258
0
0
0
0
0.1393
0
0.0403
0
0.0456
0.0437
0.0148
0.0381
0
0
0
0
0
0
0
0
0
0
0
0
0
0
0
0.0219
0
0
0.006
0
0.0187
0
0
0
0.0288
0
0
0
0
0
0
0
0.0576
0
0
0
0
0
0
0.0265
0
0
0.0286
0
0
0.0167
0
0
0.0066
0.0165
0
0
0
0.0057
0.0029
0.0289
0.0171
0
0
0
0
0.0597
0
0.0238
0
0.0091
0
0.0264
0
0
0.0397
0.0567
0.0065
0.0317
0.0431
0
0
0.0225
0.0443
0
0
0
0
0
0
0
0
0
0
0.0187
0
0.1077
0
0
0
0
0
0.0355
0.019
0
0
0
0
0
0
0
0.0247
0
0.0207
0
0
0
0
0
0
0
0
0
0
0
0
0
0.0158
0.0039
0
0
0
0
0
0
0
0
0
0.0157
0
0
0
0
0
0
0
0
0
0
0
0
0
0
0.0203
0
0
0
0
0.0059
0.0379
0.0166
0.0045
0
0
0
0
0
0
0
0
0.015
0
0
0
0.0047
0
0.0047
0
0
0
0
0
0
0
0
0
0
0
0
0
0
0
0
0
0
0
0
0
0
0
0
0
0
0
0
0
0
0
0
0
0.01
0.0473
0
0
0
0
0
0
0
0
0
0
0
0
0
0
0
0
0
0
0
0
0
0
0
0
0
0
0.0056
0
0.0103
0.0332
0
0
0
0
0
0
0
0.0217
0
0
0
0
0
0
0
0
0.0277
0
0
0
0
0
0
0
0
0
0
0.0289
0.0178
0
0
0.0197
0
0
0
0
0
0
0
0
0
0
0
0
0
0
0
0
0.0077
0
0
0
0
0
0
0
0
0
0
0.0237
0
0
0
0
0
0
0
0
0.0256
0
0
0
0
0
0
0
0
0
0
0
0
0
0
0
0
0
0
0
0
0
0
0
0
0
0
0
0
0
0.008
0
0
0
0
0
0
0
0
0
0
0
0
0
0
0
0
0
0
0
0
0
0
0
0
0
0
0
0
0
0
0
0
0
0
0
0
0
0
0
0
0
0
0
0
0
0
0
0
0
0
0
0
0
0
0
0
0
0
0
0
0
0
0
0
0
0
0
0
0
0
0
0
0.0201
0
0
0
0
0
0
0
0
0.0211
0
0
0
0
0
0
0
0
0
0
0
0
0
0.0221
0
0.0306
0
0
0.0141
0
0.0767
0
0
0.0856
0.033
0.0118
0.0383
0.0102
0.0441
0
0
0
0.0224
0
0.0506
0.0057
0
0
0.0124
0.0078
0
0
0.0043
0
0.0169
0.0238
0
0
0
0
0
0.0212
0.0324
0.0399
0.0445
0
0
0
0.0052
0.0497
0
0
0.0183
0
0.0214
0
0
0.0128
0
0
0
0.0059
0
0
0.0005
0.026
0
0
0
0
0.0211
0
0
0
0
0.0131
0
0.0345
0.0392
0
0.0212
0
0.0247
0.0351
0
0.0089
0
0
0.0315
0
0
0
0
0
0
0
0
0
0
0
0
0
0
0
0
0
0
0
0
0
0
0
0
0
0
0
0
0
0
0
0
0
0
0
0
0
0
0
0.0221
0
0.0046
0
0
0.0642
0
0
0
0
0
0
0
0.0046
0
0
0
0
0
0
0
0
0
0
0
0
0
0.0211
0
0
0
0
0
0
0
0
0
0
0
0
0
0
0
0
0
0
0
0
0
0
0
0
0
0
0
0
0
0
0
0
0
0
0
0
0
0
0
0
0
0
0
0
0
0
0
0
0
0
0
0
0
0.0195
0
0
0
0
0
0
0
0
0
0
0
0.0083
0
0
0
0
0
0
0
0
0
0
0
0
0
0
0
0
0
0
0
0.0107
0.0158
0
0
0
0
0
0
0
0
0
0.0798
0.0072
0.0097
0.0186
0.0167
0
0
0
0
0
0
0
0
0
0
0
0.014
0.0377
0
0
0
0
0
0
0.0356
0
0
0
0.0336
0
0
0
0.0594
0
0
0
0
0
0
0
0
0
0
0.0388
0
0
0
0
0
0
0
0
0
0
0
0
0
0.0152
0
0
0.0186
0
0
0
0.0181
0
0.0249
0
0
0.0224
0
0
0
0
0
0
0
0
0
0
0
0
0
0
0.0073
0
0
0
0
0
0
0
0
0
0.0255
0
0
0
0
0
0
0
0.0045
0.0055
0
0
0.0082
0
0
0
0
0.0276
0
0
0
0
0
0
0
0
0
0.0346
0.0073
0
0.0115
0
0
0
0
0.0149
0
0
0.0171
0
0
0
0
0
0
0
0
0
0
0
0
0
0
0.0076
0
0.0676
0
0.0179
0
0
0
0
0
0.0337
0
0
0
0
0
0
0
0
0
0
0
0
0
0
0.0139
0
0
0
0
0
0.0218
0
0
0
0
0
0
0
0
0.0211
0
0
0
0
0
0
0
0
0
0
0
0.0328
0
0
0.0208
0
0
0
0
0
0
0
0
0
0
0
0
0
0
0
0
0
0
0
0
0
0
0
0
0
0
0
0
0
0
0
0
0
0
0
0
0.015
0
0
0
0
0
0
0
0
0
0.0145
0
0
0
0
0
0.0319
0
0
0
0
0
0
0
0
0
0
0
0
0
0
0
0
0
0.0142
0
0
0
0
0
0
0
0
0
0
0
0
0
0
0
0
0
0
0
0
0
0
0
0
0
0
0
0
0
0
0
0
0
0
0
0
0
0
0
0
0.0396
0
0
0
0
0
0
0
0.0537
0.0065
0
0
0
0.0086
0
0
0
0
0
0
0
0
0
0
0
0
0
0
0
0
0
0
0
0
0
0
0
0
0
0
0
0
0
0.0192
0
0
0
0
0
0
0
0
0
0
0
0
0
0
0
0
0
0
0
0.0268
0
0
0
0.009
0
0
0
0
0
0
0
0
0
0
0
0
0.0164
0
0
0
0
0
0
0
0
0
0
0
0
0
0
0.008
0
0
0
0
0
0
0
0
0
0
0
0
0
0
0
0
0
0
0
0
0
0
0
0
0
0
0
0
0
0
0.0096
0
0
0
0
0
0
0
0
0
0
0
0
0
0
0
0
0
0
0
0
0
0
0
0
0
0
0
0
0
0
0
0
0
0
0
0
0
0
0
0
0
0
0
0
0
0
0
0
0
0
0
0
0
0
0
0
0
0
0
0
0
0
0
0
0
0
0
0
0
0
0
0
0
0
0
0
0
0
0
0
0
0
0
0
0.0282
0
0
0
0.0233
0
0.0207
0
0
0
0
0
0
0
0.0075
0
0.0203
0
0
0
0
0
0
0
0.0046
0
0
0
0.0115
0
0
0
0
0
0
0
0.028
0
0
0
0
0
0
0
0
0
0
0
0
0
0
0
0.0161
0.0022
0
0
0
0
0
0
0.0054
0
0
0
0
0
0
0
0
0
0
0
0.0221
0
0.0228
0
0
0.0038
0
0
0
0
0.0217
0
0
0
0.0324
0
0
0
0
0
0
0
0
0
0
0
0
0.0385
0
0
0
0
0.0233
0
0
0
0
0
0
0
0
0.0383
0
0
0
0.011
0
0
0
0
0
0
0.0629
0
0
0
0
0
0.0343
0
0.016
0.0092
0
0
0
0
0
0
0
0
0
0
0.0226
0
0
0
0
0.0099
0
0
0
0
0
0
0
0
0
0
0
0
0
0
0.0367
0
0
0
0
0
0
0
0
0
0
0
0
0
0.0205
0
0
0
0
0.0091
0.0479
0
0
0
0
0
0
0
0
0
0.0264
0
0
0
0
0
0
0
0.0031
0
0
0.0069
0
0
0
0
0
0
0
0
0
0
0
0.0164
0
0.01
0
0.014
0
0.0045
0
0.0168
0.0179
0
0
0
0
0
0
0
0
0
0
0
0
0
0.0173
0
0
0
0
0
0
0
0
0
0.0339
0
0
0
0
0
0
0
0
0
0
0
0
0
0
0
0
0
0.006
0.0395
0
0.0557
0.0399
0
0.043
0
0
0
0
0
0
0.0104
0.0058
0
0
0
0
0
0
0
0
0
0
0
0.078
0.0266
0.0186
0
0
0
0
0
0
0
0
0
0
0
0
0
0
0
0
0
0
0
0
0
0
0
0
0
0
0
0
0
0
0
0
0
0
0
0
0
0
0
0
0
0
0
0
0
0
0
0
0
0
0
0
0
0
0
0
0
0
0
0
0
0
0
0
0
0
0
0.0198
0
0
0
0
0
0
0
0
0
0
0.014
0
0.0531
0
0
0
0
0.0214
0
0
0
0.0291
0
0
0
0
0.0026
0
0
0
0
0
0.0248
0.0443
0.0365
0
0
0.0231
0
0
0
0
0
0
0
0
0
0
0
0
0.0313
0
0
0
0
0
0
0
0
0.0339
0
0.0177
0
0
0
0
0
0.0116
0
0
0
0
0
0
0
0
0
0
0
0
0
0
0
0
0
0
0
0
0
0
0
0
0
0
0
0
0
0
0
0
0
0
0
0
0
0
0
0.0076
0
0.0076
0
0
0
0
0
0
0
0
0
0
0
0
0
0
0
0
0
0.0266
0
0
0
0
0
0.0302
0
0
0
0
0
0
0
0.0264
0
0
0
0.0052
0
0
0
0
0
0.0092
0.0048
0
0
0
0
0
0.0099
0
0
0
0
0.0455
0.0234
0
0
0
0
0
0
0
0.0204
0
0
0
0
0
0
0
0
0
0
0
0.02
0
0
0
0
0
0
0
0
0
0
0
0
0
0
0
0
0
0
0
0
0
0
0
0
0
0
0
0
0
0
0
0
0
0
0
0
0
0
0
0
0
0
0.0353
0.0053
0.0076
0
0
0
0
0
0
0
0
0
0
0
0
0
0
0
0
0
0
0
0
0.0209
0.0146
0
0
0
0
0
0
0
0
0
0
0.0226
0
0
0
0
0
0
0
0
0
0.0114
0
0
0.0119
0
0.0223
0
0
0
0.021
0
0
0
0
0
0
0
0
0
0
0
0
0
0
0
0.0363
0
0
0.0247
0
0
0
0
0
0
0
0
0
0
0
0
0
0
0
0
0
0
0
0
0
0
0
0.0252
0
0
0
0
0
0
0
0
0
0
0
0
0
0
0
0
0
0
0
0
0
0
0
0
0
0
0
0
0
0
0
0
0
0
0
0
0.0108
0
0
0
0
0.0314
0
0
0
0
0
0
0
0
0
0
0
0
0
0.0189
0
0
0.0131
0
0
0
0
0
0
0
0
0
0
0.0306
0
0
0
0
0.0686
0
0
0
0
0.0053
0
0
0
0
0
0
0.0196
0
0
0
0
0
0.0079
0
0
0
0
0
0
0
0
0
0
0
0
0
0
0
0
0
0
0
0
0
0
0
0
0
0
0
0.0225
0
0
0
0
0
0
0
0
0
0
0
0
0
0
0
0
0
0
0
0
0
0
0
0
0.0583
0
0
0
0
0
0
0
0
0
0.0171
0
0.0156
0
0
0
0.0228
0
0
0
0
0
0
0
0
0
0
0
0
0.0226
0
0
0.0064
0
0
0
0
0
0
0
0.0067
0
0
0
0.015
0
0
0
0
0
0
0
0.0163
0
0
0
0
0
0
0
0
0
0
0
0
0
0
0
0
0
0
0
0
0
0
0
0
0
0
0
0
0
0
0
0
0
0
0
0
0
0
0
0
0
0
0
0
0
0
0
0
0
0
0
0
0
0
0
0
0
0
0
0
0
0
0
0
0
0
0
0
0
0.0068
0
0
0
0
0.0094
0
0
0
0
0
0
0
0
0
0.0169
0
0
0
0
0
0
0
0
0
0
0
0
0
0
0
0
0.0234
0
0
0
0
0
0
0
0
0
0
0
0
0
0
0.0093
0
0
0
0
0
0
0
0
0
0
0
0
0
0
0
0
0
0
0
0
0
0
0
0.0356
0
0
0
0
0
0
0
0.0244
0
0
0
0
0
0.0064
0
0
0
0
0
0
0
0
0
0
0
0
0
0
0
0
0
0
0
0
0
0
0
0
0
0
0
0
0
0
0
0
0
0
0
0
0
0
0
0
0
0
0
0
0
0
0
0
0
0
0
0
0
0
0
0
0
0
0
0
0
0
0
0
0
0
0
0
0
0
0
0
0
0
0
0
0
0
0
0
0
0
0
0
0
0
0
0
0
0
0
0
0
0
0
0
0
0
0
0
0
0
0
0
0
0
0
0
0.0215
0
0
0
0
0
0
0
0
0
0
0
0
0
0
0
0.0399
0
0.0101
0
0
0
0
0
0
0
0
0
0.0043
0
0
0
0
0
0
0
0
0
0
0
0
0
0
0
0
0
0
0
0
0
0
0
0
0
0
0
0
0
0
0
0
0
0
0
0
0
0
0
0
0.0274
0
0
0
0
0
0
0
0
0
0
0
0.0116
0
0
0
0
0
0
0
0
0
0
0
0
0
0
0
0
0
0
0
0
0
0
0
0
0
0
0
0
0
0
0
0
0
0
0
0
0
0
0
0
0
0
0
0
0
0
0
0
0
0
0
0
0
0
0
0
0
0
0
0
0
0
0
0
0
0
0
0
0
0
0
0
0
0
0
0
0
0
0
0
0
0
0
0
0
0.014
0
0
0
0
0.0106
0
0.0262
0.0401
0
0
0
0.0178
0
0
0
0
0.0025
0
0
0
0
0
0
0
0
0
0
0
0.0168
0
0
0
0.0358
0.0173
0
0
0
0
0
0.0682
0.031
0.0572
0
0
0.0045
0.0545
0
0
0
0
0
0
0.0218
0
0.0387
0.0103
0
0.0191
0
0
0
0
0
0
0
0
0
0
0
0
0.0176
0.031
0.0172
0
0
0
0
0
0
0
0.03
0
0
0
0
0
0
0
0
0
0.0158
0
0
0
0.0081
0.0231
0.0061
0.0391
0
0
0
0
0
0.0109
0.022
0.0369
0.021
0.041
0.0216
0
0
0
0
0
0
0
0
0
0
0
0
0
0
0
0
0
0
0.0086
0
0
0
0
0
0
0.0106
0.0078
0
0.0416
0
0
0
0
0.0269
0
0.0383
0
0
0
0
0
0
0
0
0.0254
0
0
0
0
0
0
0
0.0144
0
0.0204
0
0
0.0241
0.037
0.0637
0
0.018
0
0
0
0
0
0
0.0146
0.0222
0
0.026
0
0
0
0
0.0081
0
0
0
0
0
0
0
0
0
0
0
0
0
0
0
0
0
0
0
0
0
0
0
0.066
0
0
0.0411
0.0244
0.0074
0.0289
0
0
0
0.0275
0
0
0.0182
0.0063
0
0
0
0
0
0
0
0
0
0
0
0
0
0.0045
0
0
0
0
0
0
0
0
0
0
0
0
0
0
0
0
0
