0
0
0
0
0
0
0
0
0
0
0
0
0
0
0
0
0
0
0
0
0
0
0
0
0
0
0
0
0
0
0
0
0
0
0
0
0
0
0
0
0
0
0
0
0
0
0
0
0
0
0
0
0
0
0
0
0
0
0
0
0
0
0
0
0
0
0
0
0
0
0
0
0
0
0
0
0
0
0
0
0
0
0
0
0
0
0
0
0
0
0
0
0
0
0
0
0
0
0
0
0
0
0
0
0
0
0
0
0
0
0
0
0
0
0
0
0
0
0
0
0
0
0
0
0
0
0
0
0
0
0
0
0
0
0
0
0
0
0
0
0
0
0
0
0
0
0
0
0
0
0
0
0
0
0
0
0
0
0
0
0
0
0
0
0
0
0
0
0
0
0
0
0
0
0
0
0
0
0
0
0
0
0
0
0
0
0
0
0
0
0
0
0
0
0
0
0
0
0
0
0
0
0
0
0
0
0
0
0
0
0
0
0
0
0
0
0
0
0
0
0
0
0
0
0
0
0
0
0
0
0
0
0
0
0
0
0
0
0
0
0
0
0
0
0
0
0
0
0
0
0
0
0
0
0
0
0
0
0
0
0
0
0
0
0
0
0
0
0
0
0
0
0
0
0
0
0
0
0
0
0
0
0
0
0
0
0
0
0
0
0
0
0
0
0
0
0
0
0
0
0
0
0
0
0
0
0
0
0
0
0
0
0
0
0
0
0
0
0
0
0
0
0
0
0
0
0
0
0
0
0
0
0
0
0
0
0
0
0
0
0
0
0
0
0
0
0
0
0
0
0
0
0
0
0
0
0
0
0
0
0
0
0
0
0
0
0
0
0
0
0
0
0
0
0
0
0
0
0
0
0
0
0
0
0
0
0
0
0
0
0
0
0
0
0
0
0
0
0
0
0
0
0
0
0
0
0
0
0
0
0
0
0
0
0
0
0
0
0
0
0
0
0
0
0
0
0
0
0
0
0
0
0
0
0
0
0
0
0
0
0
0
0
0
0
0
0
0
0
0
0
0
0
0
0
0
0
0
0
0
0
0
0
0
0
0
0
0
0
0
0
0
0
0
0
0
0
0
0
0
0
0
0
0
0
0
0
0
0
0
0
0
0
0
0
0
0
0
0
0
0
0
0
0
0
0
0
0
0
0
0
0
0
0
0
0
0
0
0
0
0
0
0
0
0
0
0
0
0
0
0
0
0
0
0
0
0
0
0
0
0
0
0
0
0
0
0
0
0
0
0
0
0
0
0
0
0
0
0
0
0
0
0
0
0
0
0
0
0
0
0
0
0
0
0
0
0
0
0
0
0
0
0
0
0
0
0
0
0
0
0
0
0
0
0
0
0
0
0
0
0
0
0
0
0
0
0
0
0
0
0
0
0
0
0
0
0
0
0
0
0
0
0
0
0
0
0
0
0
0
0
0
0
0
0
0
0
0
0
0
0
0
0
0
0
0
0
0
0
0
0
0
0
0
0
0
0
0
0
0
0
0
0
0
0
0
0
0
0
0
0
0
0
0
0
0
0
0
0
0
0
0
0
0
0
0
0
0
0
0
0
0
0
0
0
0
0
0
0
0
0
0
0
0
0
0
0
0
0
0
0
0
0
0
0
0
0
0
0
0
0
0
0
0
0
0
0
0
0
0
0
0
0
0
0
0
0
0
0
0
0
0
0
0
0
0
0
0
0
0
0
0
0
0
0
0
0
0
0
0
0
0
0
0
0
0
0
0
0
0
0
0
0
0
0
0
0
0
0
0
0
0
0
0
0
0
0
0
0
0
0
0
0
0
0
0
0
0
0
0
0
0
0
0
0
0
0
0
0
0
0
0
0
0
0
0
0
0
0
0
0
0
0
0
0
0
0
0
0
0
0
0
0
0
0
0
0
0
0
0
0
0
0
0
0
0
0
0
0
0
0
0
0
0
0
0
0
0
0
0
0
0
0
0
0
0
0
0
0
0
0
0
0
0
0
0
0
0
0
0
0
0
0
0
0
0
0
0
0
0
0
0
0
0
0
0
0
0
0
0
0
0
0
0
0
0
0
0
0
0
0
0
0
0
0
0
0
0
0
0
0
0
0
0
0
0
0
0
0
0
0
0
0
0
0
0
0
0
0
0
0
0
0
0
0
0
0
0
0
0
0
0
0
0
0
0
0
0
0
0
0
0
0
0
0
0
0
0
0
0
0
0
0
0
0
0
0
0
0
0
0
0
0.1875
0.3652
0
0
0
0
0
0
0
0
0
0
0
0
0
0
0
0
0
0
0
0
0
0
0
0
0
0
0
0
0
0
0
0
0
0
0
0
0
0
0
0
0
0
0
0
0
0
0
0
0
0
0
0
0
0
0
0
0
0
0
0
0
0
0
0
0
0
0
0
0
0
0
0
0
0
0
0
0
0
0
0
0
0
0
0
0
0
0
0
0
0
0.0279
0.0414
0
0.0113
0
0
0
0
0
0
0
0
0
0
0
0
0
0
0
0
0
0
0
0
0
0
0
0
0.0265
0
0
0
0
0
0.0083
0.0941
0
0
0
0
0
0
0
0
0.0171
0
0
0
0
0
0
0
0
0
0
0
0
0
0
0
0
0
0
0
0
0
0
0
0
0
0
0
0
0
0
0
0
0
0
0
0
0
0
0
0
0
0
0
0
0
0
0
0
0
0
0
0
0
0
0
0
0
0
0
0
0
0
0
0
0
0
0
0
0
0
0
0
0
0
0
0
0
0
0
0
0
0
0
0
0
0
0
0
0
0
0
0
0
0
0
0
0
0
0
0
0
0
0
0
0
0
0
0
0
0
0
0
0
0
0
0
0
0
0
0
0
0
0
0
0
0
0
0
0
0
0
0
0
0
0
0
0
0
0
0
0
0
0
0
0
0
0
0
0
0
0
0
0
0
0
0
0
0
0
0
0
0
0
0
0
0
0
0
0
0
0
0
0
0
0
0
0
0
0
0
0
0
0
0
0
0
0
0
0
0
0
0
0
0
0
0
0
0
0
0
0
0
0
0
0
0
0
0
0
0
0
0
0
0
0
0
0
0
0
0
0
0
0
0
0
0
0
0
0
0
0
0
0
0
0
0
0
0
0
0
0
0
0
0
0
0
0
0
0
0
0
0
0
0
0
0
0
0
0
0
0
0
0
0
0
0
0
0
0
0
0
0
0
0
0
0
0
0
0
0
0
0
0
0
0
0
0
0
0
0
0
0
0
0
0
0
0
0
0
0
0
0
0
0
0
0
0
0
0
0
0
0
0
0
0
0
0
0.022
0
0
0
0
0
0
0
0
0
0
0
0
0
0
0
0
0
0
0
0
0
0
0
0
0
0
0
0
0
0
0
0
0
0
0
0
0
0
0
0
0
0
0
0
0
0
0
0
0
0
0
0
0
0
0
0
0
0
0
0
0
0
0
0
0
0
0
0
0
0
0
0
0
0
0
0
0
0
0
0
0
0
0
0
0
0
0
0
0
0
0
0
0
0
0
0.0229
0
0
0
0
0
0.0427
0.0236
0
0
0
0
0
0
0
0
0
0
0
0
0
0.0188
0
0
0
0
0.0281
0
0
0
0
0
0
0
0
0
0
0
0
0
0
0
0
0.0201
0
0
0
0.0066
0
0
0.0245
0.0166
0
0
0
0
0
0
0
0.03
0
0
0
0
0
0.0246
0.023
0
0
0
0
0
0.009
0.02
0
0
0
0
0
0.0181
0.0551
0
0
0
0.0191
0
0
0
0
0
0
0.0788
0.024
0
0
0
0
0
0
0
0
0
0
0
0
0
0
0
0.0238
0
0.0246
0.0762
0
0
0
0
0
0
0
0
0
0
0
0
0
0
0
0
0
0
0
0
0
0
0
0
0
0
0
0
0
0
0
0
0
0
0
0
0
0
0
0
0.0168
0
0
0
0
0
0.0176
0
0
0.0054
0
0
0
0
0
0
0
0
0.0382
0
0
0
0
0
0
0
0.0363
0.0257
0.0276
0.0031
0.0171
0
0
0.0085
0
0
0
0
0
0
0
0
0
0
0
0
0
0
0
0.0218
0
0
0
0
0
0
0
0
0
0
0
0
0
0
0
0
0
0
0
0
0
0
0
0
0
0
0
0
0
0
0
0
0
0
0
0
0
0
0
0
0
0
0
0
0
0
0
0
0
0.0273
0
0
0
0
0
0
0
0
0
0
0
0
0
0
0
0
0
0
0
0
0
0
0
0
0
0
0
0
0
0
0
0
0
0
0
0
0
0
0
0.0223
0
0
0
0
0
0
0
0
0
0
0
0
0.0263
0
0
0
0
0
0
0
0
0
0
0
0
0
0
0
0
0
0.0041
0
0
0
0
0
0
0
0
0
0
0
0
0
0
0
0
0
0
0
0
0
0
0
0
0
0
0
0.0267
0.0253
0
0
0
0
0.046
0
0
0
0
0
0
0
0
0
0.0556
0
0
0
0
0.0072
0.0199
0
0
0
0
0
0
0
0
0
0
0
0
0
0
0.0513
0
0
0
0
0
0.0277
0
0
0
0.0454
0
0
0
0
0
0
0
0
0
0
0
0
0
0
0
0
0
0
0
0
0
0
0
0
0
0
0
0
0.0033
0
0
0
0
0
0
0
0
0
0
0
0
0
0
0
0
0
0
0
0
0
0
0
0.0068
0
0
0.0056
0
0
0
0
0
0
0.0231
0
0
0
0
0
0
0
0
0
0
0
0
0
0.0197
0
0
0.0073
0
0
0
0
0
0
0.0244
0
0
0
0
0
0
0.0238
0
0
0
0.0239
0
0
0
0
0
0
0
0
0
0
0
0
0
0
0
0
0
0.0197
0
0
0
0
0
0
0
0
0
0
0
0
0
0
0
0
0
0
0
0
0
0
0
0
0
0
0
0
0
0
0
0
0.013
0.0108
0
0.0167
0
0
0.0189
0.0052
0.0203
0
0.027
0
0
0.0265
0
0
0.0164
0.0286
0.0177
0.0203
0.0207
0
0
0
0
0
0
0
0
0
0
0
0
0
0
0
0
0
0
0
0
0
0
0
0
0
0
0
0
0
0
0
0
0
0
0
0
0
0
0.0314
0
0
0
0
0
0
0
0
0.0026
0
0
0
0
0.0226
0
0
0
0
0
0
0
0
0
0
0.0157
0.0214
0
0
0
0
0
0
0
0
0
0
0
0
0
0
0
0
0
0
0
0
0
0
0
0
0
0
0
0
0
0
0
0
0.0782
0
0.0056
0
0
0
0
0.0072
0.0168
0
0
0
0
0
0
0
0
0
0
0
0
0
0
0
0
0
0
0
0
0
0
0
0
0
0
0
0
0
0.0041
0
0
0.0134
0
0.0172
0
0
0
0.0176
0
0
0
0
0
0
0
0.0201
0.0318
0.0057
0
0.0073
0.0307
0.0087
0
0
0.0083
0
0
0
0
0
0
0.0169
0
0
0
0
0
0
0
0
0
0
0
0
0
0
0
0
0.0099
0
0
0
0
0
0
0
0
0
0
0
0
0.0044
0
0
0
0
0
0
0
0
0
0
0
0.0073
0
0
0
0
0
0
0
0
0
0
0
0
0
0
0
0
0
0
0
0
0
0
0
0
0
0
0
0
0.0253
0
0
0
0
0
0
0
0
0
0
0
0.0188
0
0.0451
0
0
0
0.0179
0
0
0
0
0
0
0
0
0
0
0
0
0
0
0
0
0
0
0
0
0
0
0
0
0
0
0
0
0
0
0
0
0
0
0
0
0
0.0186
0.0188
0
0
0
0
0
0
0
0
0
0
0
0
0.0169
0
0
0
0
0
0
0
0
0
0
0
0
0
0
0
0
0
0
0
0
0
0
0
0
0
0
0
0
0
0
0
0
0
0
0
0
0
0
0
0
0
0
0
0
0
0
0
0
0
0
0
0
0
0
0
0
0
0
0
0
0
0
0
0
0.005
0
0
0
0
0
0
0
0
0
0
0.0055
0
0
0
0
0
0
0
0
0
0
0
0
0
0
0
0
0
0
0
0
0
0
0
0
0
0
0
0
0
0
0
0
0
0
0
0
0
0
0
0
0
0.0223
0
0
0
0
0
0
0
0
0
0
0
0
0
0
0
0.0354
0
0
0
0
0
0
0
0
0
0
0
0
0
0
0
0
0
0
0
0
0
0
0
0
0
0
0
0
0
0
0
0
0
0
0
0
0
0
0
0
0
0
0
0
0
0
0
0
0
0
0
0
0
0
0
0
0.0178
0
0
0
0.0215
0.0245
0
0
0
0.0471
0
0
0.0043
0
0
0
0
0.0388
0
0
0
0
0
0
0
0
0
0
0
0
0
0
0
0
0
0
0
0
0
0
0
0
0
0
0
0
0
0
0
0
0
0
0
0
0
0
0
0
0
0
0
0
0.0173
0
0
0
0
0
0
0
0
0
0.0222
0.0207
0
0
0
0
0
0
0
0
0
0
0
0.0234
0
0
0
0
0
0.0134
0
0
0
0.0197
0
0
0
0
0
0
0.0634
0
0
0
0
0
0
0
0
0.0657
0
0
0
0
0
0.0047
0.0174
0.0053
0
0
0
0
0
0
0
0
0
0
0
0
0
0
0
0
0
0
0
0
0
0
0
0
0
0
0
0
0
0
0
0
0
0
0
0.0282
0
0
0
0
0
0
0
0
0
0
0
0
0
0
0
0
0
0
0
0
0
0
0.019
0
0
0
0
0
0
0
0
0
0
0
0.0184
0
0
0
0.0053
0
0
0
0
0
0
0
0
0
0
0
0
0
0
0
0
0
0
0.0096
0
0.025
0
0
0
0
0
0
0
0
0
0
0
0
0
0
0
0
0
0
0
0
0
0.0053
0
0
0
0
0
0
0
0
0
0
0
0
0
0
0
0
0
0
0
0
0
0
0
0
0
0
0
0
0
0
0
0
0
0
0
0
0
0
0
0
0
0
0
0
0
0
0
0
0
0
0
0
0
0
0
0
0
0
0
0
0.0053
0
0
0.028
0
0
0
0
0
0
0
0
0
0
0
0
0
0
0
0
0
0
0
0
0
0
0
0
0
0
0
0
0
0
0
0
0.025
0
0
0
0
0
0
0
0
0
0
0
0
0
0
0
0
0
0.0133
0
0
0
0
0
0
0
0
0
0
0
0
0
0
0
0
0
0
0
0
0
0
0
0
0
0
0
0
0
0
0
0
0
0
0
0
0
0
0
0
0
0
0
0
0
0
0
0
0
0.0162
0
0
0
0
0
0
0
0
0
0
0
0.0068
0
0
0
0
0
0
0.0214
0
0
0
0
0.0714
0
0
0
0.0084
0
0
0.0032
0
0
0
0.0166
0
0
0
0
0
0.048
0
0.0181
0.0042
0
0.0065
0
0
0
0
0
0
0
0
0
0
0
0
0.0338
0
0
0
0
0
0
0.0557
0.0195
0
0
0
0.0393
0
0
0
0
0
0
0
0
0
0
0
0
0.0251
0.0228
0
0
0
0.0031
0
0
0
0
0
0
0
0
0.019
0
0.0236
0.0267
0
0
0
0.0145
0
0
0
0
0
0
0
0
0
0
0.0081
0
0
0
0
0.0115
0
0
0
0
0
0
0
0
0
0
0
0
0
0
0
0
0
0
0
0
0
0
0
0
0
0
0
0
0.0215
0
0
0
0
0
0
0
0
0.0118
0
0
0
0
0
0
0
0
0
0
0
0
0
0
0
0
0
0
0
0
0
0
0
0
0
0
0
0
0
0
0
0
0
0
0
0
0
0
0
0
0
0
0
0
0
0
0
0
0
0
0
0
0
0
0
0
0
0
0
0
0
0
0
0
0
0
0
0
0
0
0
0
0
0
0
0
0
0
0
0
0
0
0
0
0
0
0
0
0
0
0
0
0
0
0
0
0.0179
0
0
0
0
0
0
0
0
0
0
0
0
0
0
0
0
0
0
0
0
0
0
0
0
0.0168
0
0
0
0.0199
0.008
0
0
0
0.0089
0.0088
0
0
0
0.0033
0
0.0405
0
0
0.051
0
0.0659
0
0
0.0177
0
0
0
0.0474
0.0203
0
0
0
0
0
0
0
0
0
0
0
0
0
0
0
0
0.0218
0
0.016
0
0
0
0
0
0
0
0
0
0
0
0
0
0.0287
0
0
0
0
0
0
0
0
0
0
0
0
0
0
0
0
0
0.0225
0.0286
0
0
0
0
0
0
0.0593
0.0203
0
0
0
0.0421
0.0589
0
0
0
0.017
0
0
0
0.022
0
0
0
0
0
0
0
0.0389
0
0
0.0438
0.0239
0
0.0488
0
0
0
0
0
0
0
0
0
0
0
0.0538
0
0
0
0.009
0
0
0
0
0
0.0056
0
0
0
0
0
0
0
0
0
0.0176
0
0
0.0099
0.0148
0
0
0
0
0.0436
0
0.0196
0
0
0
0
0
0
0.017
0
0
0
0
0
0
0.0128
0.0208
0
0.0388
0
0.0627
0
0
0.0433
0
0.0091
0
0
0
0.1281
0
0.0193
0
0
0
0
0
0.0177
0.0321
0
0
0.0065
0
0
0
0.0108
0.0738
0.0189
0
0
0
0.0978
0
0
0
0.0072
0.0221
0
0
0.021
0
0.0889
0
0.0301
0
0.0141
0
0
0
0
0
0
0
0
0.007
0
0
0
0.0326
0
0
0
0
0
0
0
0
0
0
0.0238
0.0178
0.0069
0.0244
0
0.0288
0
0.0233
0
0.0319
0.0283
0
0
0
0
0
0
0
0
0.0221
0
0
0.0184
0
0
0
0
0.0055
0.0243
0
0
0
0
0
0
0
0
0
0
0
0
0
0
0.0322
0.0128
0
0
0
0
0
0
0
0
0
0
0
0
0
0
0
0
0
0
0
0
0
0
0
0
0.0427
0
0
0.0379
0
0
0
0
0.0158
0
0
0
0
0
0
0
0
0
0
0
0
0.0227
0
0
0
0.0872
0
0.0226
0.0748
0
0.0064
0
0.0362
0
0
0.0141
0.0061
0
0
0.0035
0
0
0
0.0427
0.0054
0
0
0
0
0
0
0
0
0
0
0
0
0
0.0448
0.051
0
0
0
0
0
0
0
0
0
0
0.0105
0
0
0
0
0
0
0
0
0
0
0
0
0
0.0065
0
0.0202
0.0901
0.0055
0.0237
0
0.0359
0
0
0
0
0.015
0
0
0
0
0
0.0236
0
0
0.0337
0
0
0.001
0.0248
0
0
0
0
0
0
0
0
0
0
0
0
0
0
0
0
0
0
0
0
0
0
0
0
0
0
0
0
0
0
0
0
0.0183
0
0
0.0706
0
0.041
0
0
0
0
0
0
0
0
0
0
0.0386
0
0
0
0
0
0
0
0
0
0
0
0
0.1025
0
0
0
0
0
0
0
0
0
0
0.0491
0
0
0
0
0
0
0
0
0
0
0.0197
0
0
0
0
0.019
0
0
0
0
0
0
0.0217
0
0
0
0
0
0.0343
0
0
0
0
0
0
0
0
0
0
0.0037
0
0
0.0213
0
0
0.0134
0
0.0066
0
0.0287
0
0
0.0693
0.0516
0
0.0327
0
0
0
0.0187
0
0
0.0087
0.0418
0
0
0.0302
0
0
0
0
0
0
0
0
0
0
0.0342
0
0
0
0
0.0464
0.0158
0
0.0048
0
0
0
0
0
0.0167
0.0303
0.0292
0.0214
0
0
0
0.0096
0
0
0
0
0
0
0
0
0
0.0212
0.0044
0.0053
0
0.0053
0
0
0
0
0
0
0
0
0.016
0
0.0377
0
0
0
0
0
0
0
0
0.0065
0
0
0
0
0.0224
0
0
0
0
0
0
0
0
0
0
0
0
0
0
0
0
0
0
0
0
0
0.0336
0
0
0
0
0
0.1217
0
0.0473
0.0332
0
0
0
0
0
0.0477
0
0
0
0
0
0
0
0
0
0
0
0
0
0
0.0403
0
0.0201
0
0
0
0
0.0214
0
0
0
0.032
0
0
0
0
0
0
0
0
0
0
0
0.0189
0
0
0
0.0226
0
0
0
0
0
0.0241
0
0
0
0
0
0
0
0
0
0
0
0
0
0
0
0
0.0201
0
0
0
0
0
0
0
0
0
0
0
0.0209
0
0
0.0669
0
0
0
0
0
0
0
0
0
0.0445
0.023
0
0
0
0
0
0
0
0
0.0733
0
0
0
0
0
0
0
0
0
0
0
0
0.1703
0
0
0
0
0
0
0.025
0
0
0
0
0
0.0529
0
0
0
0
0
0
0
0
0
0
0
0
0
0
0
0
0
0
0
0
0
0.0405
0
0
0
0
0
0
0
0
0
0
0
0.0237
0
0
0
0
0
0.0278
0
0
0
0
0
0.0206
0
0
0
0
0
0
0
0
0
0
0
0.0178
0
0
0
0
0
0
0
0
0
0
0
0
0
0
0
0
0
0
0
0
0
0
0
0
0
0
0
0
0
0
0
0
0
0
0
0
0
0
0
0
0
0
0
0
0
0
0
0
0
0
0
0
0
0
0
0
0
0
0
0
0
0
0
0
0
0
0
0
0
0
0
0
0
0
0
0
0
0
0
0
0
0
0
0
0
0
0
0
0
0
0
0
0
0
0
0
0
0
0
0
0
0
0
0
0
0
0
0.0225
0
0
0
0
0
0
0
0
0
0
0
0
0
0
0
0
0
0
0
0
0
0
0
0
0
0.01
0.0384
0
0
0
0
0.0205
0
0
0
0
0
0
0
0
0
0
0
0
0
0
0
0
0
0
0
0
0
0
0
0
0
0
0
0
0
0
0
0
0
0
0.0353
0
0
0
0
0
0.0326
0
0
0
0
0
0
0
0
0
0.0227
0.0058
0
0
0
0
0
0
0
0
0
0
0
0.114
0
0
0
0.0398
0
0
0
0
0
0
0.0224
0
0.0418
0
0
0
0
0
0
0
0
0
0
0
0
0
0.036
0
0
0
0
0
0
0
0.0044
0.0245
0.0178
0
0.0371
0.0193
0
0
0
0.025
0.0607
0
0
0.0146
0
0
0
0
0.0407
0
0
0.0199
0
0.0248
0
0
0
0.0184
0
0
0.0241
0
0
0
0
0
0
0
0
0
0
0.0254
0
0
0.0249
0
0
0.0152
0
0.0208
0
0.0217
0.0006
0.0657
0
0
0
0
0
0
0.0272
0.0399
0
0.0358
0
0
0
0
0
0
0
0
0
0
0
0
0
0
0
0
0
0
0
0
0
0
0
0
0
0
0
0.0172
0
0
0
0
0
0.0559
0
0
0
0
0
0
0
0
0
0
0
0
0
0
0
0
0
0
0
0
0
0
0
0
0
0
0
0.0183
0
0
0
0
0
0
0
0
0
0.0625
0.0647
0
0.0359
0.0247
0.0203
0.0199
0.0258
0
0
0.0088
0
0
0
0
0.0179
0
0.0467
0
0
0.0194
0
0.0749
0
0
0
0.023
0.0211
0
0
0.0874
0.0166
0
0.0354
0
0
0
0
0
0.0108
0
0
0
0.0345
0
0
0
0
0
0
0
0
0
0
0
0
0
0.0158
0.0912
0
0.0046
0
0.0066
0
0
0
0
0
0
0
0
0
0
0
0.0257
0
0.033
0
0
0
0.0046
0
0
0
0
0
0
0.0269
0.1096
0
0
0
0
0
0.039
0
0
0
0.0191
0
0.0267
0
0
0
0
0.0071
0
0
0
0
0
0
0
0
0.0366
0
0.041
0
0
0
0
0
0.0336
0
0.0227
0
0
0
0
0
0
0
0
0
0
0
0.0209
0
0
0.0479
0
0
0.0099
0.0223
0
0
0.0145
0
0
0
0
0
0
0.0081
0.0307
0.0043
0
0.0203
0.0198
0.0265
0.0047
0
0.009
0
0
0.0266
0
0
0
0.0238
0.054
0
0.0202
0
0
0
0
0
0
0.0162
0.0181
0
0
0.0085
0
0
0
0.0445
0.0077
0
0
0
0
0.011
0
0
0
0
0
0
0
0
0
0
0
0
0
0
0
0
0
0.0271
0
0
0
0.0353
0.0652
0
0
0
0
0
0
0
0
0
0
0.0028
0
0
0
0
0.0177
0.0162
0
0.0478
0
0
0.0182
0
0
0.018
0.0373
0.0212
0.115
0
0
0.0352
0
0
0
0.0407
0.0221
0.0105
0
0
0.0168
0.0482
0.0113
0
0.0053
0.0987
0
0
0
0
0
0
0.0175
0
0
0
0
0
0.1484
0
0
0
0
0
0
0.0217
0
0
0
0
0
0.021
0
0
0
0
0.0318
0
0
0
0
0
0
0
