0
0
0
0
0
0
0
0
0
0
0
0
0
0
0
0
0
0
0
0
0
0
0
0
0
0
0
0
0
0
0
0
0
0
0
0
0
0
0
0
0
0
0
0
0
0
0
0
0
0
0
0
0
0
0
0
0
0
0
0
0
0
0
0
0
0
0
0
0
0
0
0
0
0
0
0
0
0
0
0
0
0
0
0
0
0
0
0
0
0
0
0
0
0
0
0
0
0
0
0
0
0
0
0
0
0
0
0
0
0
0
0
0
0
0
0
0
0
0
0
0
0
0
0
0
0
0
0
0
0
0
0
0
0
0
0
0
0
0
0
0
0
0
0
0
0
0
0
0
0
0
0
0
0
0
0
0
0
0
0
0
0
0
0
0
0
0
0
0
0
0
0
0
0
0
0
0
0
0
0
0
0
0
0
0
0
0
0
0
0
0
0
0
0
0
0
0
0
0
0
0
0
0
0
0
0
0
0
0
0
0
0
0
0
0
0
0
0
0
0
0
0
0
0
0
0
0
0
0
0
0
0
0
0
0
0
0
0
0
0
0
0
0
0
0
0
0
0
0
0
0
0
0
0
0
0
0
0
0
0
0
0
0
0
0
0
0
0
0
0
0
0
0
0
0
0
0
0
0
0
0
0
0
0
0
0
0
0
0
0
0
0
0
0
0
0
0
0
0
0
0
0
0
0
0
0
0
0
0
0
0
0
0
0
0
0
0
0
0
0
0
0
0
0
0
0
0
0
0
0
0
0
0
0
0
0
0
0
0
0
0
0
0
0
0
0
0
0
0
0
0
0
0
0
0
0
0
0
0
0
0
0
0
0
0
0
0
0
0
0
0
0
0
0
0
0
0
0
0
0
0
0
0
0
0
0
0
0
0
0
0
0
0
0
0
0
0
0
0
0
0
0
0
0
0
0
0
0
0
0
0
0
0
0
0
0
0
0
0
0
0
0
0
0
0
0
0
0
0
0
0
0
0
0
0
0
0
0
0
0
0
0
0
0
0
0
0
0
0
0
0
0
0
0
0
0
0
0
0
0
0
0
0
0
0
0
0
0
0
0
0
0
0
0
0
0
0
0
0
0
0
0
0
0
0
0
0
0
0
0
0
0
0
0
0
0
0
0
0
0
0
0
0
0
0
0
0
0
0
0
0
0
0
0
0
0
0
0
0
0
0
0
0
0
0
0
0
0
0
0
0
0
0
0
0
0
0
0
0
0
0
0
0
0
0
0
0
0
0
0
0
0
0
0
0
0
0
0
0
0
0
0
0
0
0
0
0
0
0
0
0
0
0
0
0
0
0
0
0
0
0
0
0
0
0
0
0
0
0
0
0
0
0
0
0
0
0
0
0
0
0
0
0
0
0
0
0
0
0
0
0
0
0
0
0
0
0
0
0
0
0
0
0
0
0
0
0
0
0
0
0
0
0
0
0
0
0
0
0
0
0
0
0
0
0
0
0
0
0
0
0
0
0
0
0
0
0
0
0
0
0
0
0
0
0
0
0
0
0
0
0
0
0
0
0
0
0
0
0
0
0
0
0
0
0
0
0
0
0
0
0
0
0
0
0
0
0
0
0
0
0
0
0
0
0
0
0
0
0
0
0
0
0
0
0
0
0
0
0
0
0
0
0
0
0
0
0
0
0
0
0
0
0
0
0
0
0
0
0
0
0
0
0
0
0
0
0
0
0
0
0
0
0
0
0
0
0
0
0
0
0
0
0
0
0
0
0
0
0
0
0
0
0
0
0
0
0
0
0
0
0
0
0
0
0
0
0
0
0
0
0
0
0
0
0
0
0
0
0
0
0
0
0
0
0
0
0
0
0
0
0
0
0
0
0
0
0
0
0
0
0
0
0
0
0
0
0
0
0
0
0
0
0
0
0
0
0
0
0
0
0
0
0
0
0
0
0
0
0
0
0
0
0
0
0
0
0
0
0
0
0
0
0
0
0
0
0
0
0
0
0
0
0
0
0
0
0
0
0
0
0
0
0
0
0
0
0
0
0
0
0
0
0
0
0
0
0
0
0
0
0
0
0
0
0
0
0
0
0
0
0
0
0
0
0
0
0
0
0
0
0
0
0
0
0
0
0
0
0
0
0
0
0
0
0
0
0
0
0
0
0
0
0
0
0
0
0
0
0
0
0
0
0
0
0
0
0
0
0
0
0
0
0
0
0
0
0
0
0
0
0
0
0
0
0
0
0
0
0
0
0
0
0
0
0
0
0
0
0
0
0
0
0
0
0
0
0
0
0
0
0
0
0
0
0
0
0
0
0
0
0
0
0
0
0
0
0
0
0
0
0
0
0
0
0
0
0
0
0
0
0
0
0
0
0
0
0
0
0
0
0
0
0
0
0
0
0
0
0
0
0
0
0
0
0
0
0
0
0
0
0
0
0
0
0
0
0
0
0
0
0
0
0
0
0
0
0
0
0
0
0
0
0
0
0
0
0
0
0
0
0
0
0
0
0
0
0
0
0
0
0
0
0
0
0
0
0
0
0
0
0
0
0
0
0
0
0
0
0
0
0
0
0
0
0
0
0
0
0
0
0
0
0
0
0
0
0
0
0
0
0
0
0
0
0
0
0
0
0
0
0
0
0
0
0
0
0
0
0
0
0
0
0
0
0
0
0
0
0
0
0
0
0
0
0
0
0
0
0
0
0
0
0
0
0
0
0
0
0
0
0
0
0
0
0
0
0
0
0
0
0
0
0
0
0
0
0
0
0
0
0
0
0
0
0
0
0
0
0
0
0
0
0
0
0
0
0
0
0
0
0
0
0
0
0
0
0
0
0
0
0
0
0
0
0
0
0
0
0
0
0
0
0
0
0
0
0
0
0
0
0
0
0
0
0
0
0
0
0
0
0
0
0
0
0
0
0
0
0
0
0
0
0
0
0
0
0
0
0
0
0
0
0
0
0
0
0
0
0
0
0
0
0
0
0
0
0
0
0
0
0
0
0
0
0
0
0
0
0
0
0
0
0
0
0
0
0
0
0
0
0
0
0
0
0
0
0
0
0
0
0
0
0
0
0
0
0
0
0
0
0
0
0
0
0
0
0
0
0
0
0
0
0
0
0
0
0
0
0
0
0
0
0
0
0
0
0
0
0
0
0
0
0
0
0
0
0
0
0
0
0
0
0
0
0
0
0
0
0
0
0
0
0
0
0
0
0
0
0
0
0
0
0
0
0
0
0
0
0
0
0
0
0
0
0
0
0
0
0
0
0
0
0
0
0
0
0
0
0
0
0
0
0
0
0
0
0
0
0
0
0
0
0
0
0
0
0
0
0
0
0
0
0
0
0
0
0
0
0
0
0
0
0
0
0
0
0
0
0
0
0
0
0
0
0
0
0
0
0
0
0
0
0
0
0
0
0
0
0
0
0
0
0
0
0
0
0
0
0
0
0
0
0
0
0
0
0
0
0
0
0
0
0
0
0
0
0
0
0
0
0
0
0
0
0
0
0
0
0
0
0
0
0
0
0
0
0
0
0
0
0
0
0
0
0
0
0
0
0
0
0
0
0
0
0
0
0
0
0
0
0
0
0
0
0
0
0
0
0
0
0
0
0
0
0
0
0
0
0
0
0
0
0
0
0
0
0
0
0
0
0
0
0
0
0
0
0
0
0
0
0
0
0
0
0
0
0
0
0
0
0
0
0
0
0
0
0
0
0
0
0
0
0
0
0
0
0
0
0
0
0
0
0
0
0
0
0
0
0
0
0
0
0
0
0
0
0
0
0
0
0
0
0
0
0
0
0
0
0
0
0
0
0
0
0
0
0
0
0
0
0
0
0
0
0
0
0
0
0
0
0
0
0
0
0
0
0
0
0
0
0
0
0
0
0.026
0.0161
0.0372
0.0226
0.1654
0
0
0
0.0176
0
0.0324
0
0.0241
0
0
0
0
0
0
0
0
0.0202
0
0
0
0
0
0
0
0
0
0
0
0
0
0
0
0
0
0
0
0
0
0
0
0
0
0.0292
0
0
0
0
0.0173
0
0
0
0
0
0
0
0
0
0
0
0
0.0143
0
0
0
0
0
0
0.026
0
0
0
0
0
0
0.0274
0
0
0
0
0
0
0
0
0
0
0
0
0
0
0
0
0
0
0
0
0
0
0
0
0
0
0
0
0.0434
0
0
0
0
0
0
0
0
0
0
0
0
0
0.0044
0
0
0
0
0.018
0
0
0
0
0
0
0
0.0409
0.0853
0
0
0
0
0
0
0
0
0
0
0
0
0.0228
0
0
0
0
0.0198
0
0
0
0
0
0.0201
0
0
0
0
0
0
0
0
0
0
0
0
0
0
0
0
0
0
0
0
0
0
0
0
0
0
0
0
0
0
0
0.0347
0
0.0166
0
0
0
0.0553
0
0.023
0
0.0107
0
0.0209
0.0655
0
0.0083
0
0.0101
0
0.0396
0.0811
0.0256
0
0.0209
0
0
0.0693
0.0219
0
0
0.0037
0.0414
0
0
0.0159
0
0
0
0
0
0
0
0.0995
0.0077
0.0582
0.0304
0.026
0.0197
0
0
0.0477
0
0
0
0.0161
0
0
0.0179
0.0001
0
0.0217
0.0205
0
0
0
0
0
0.0178
0
0
0
0.0022
0
0
0.0161
0.192
0
0.021
0.0333
0
0.077
0.0402
0.035
0
0
0
0.0179
0
0.0248
0
0
0.0887
0.0661
0.0105
0
0
0
0.018
0.0163
0.0182
0.0302
0
0.0609
0
0.1376
0.0288
0
0
0.0942
0.0168
0.0641
0.0309
0
0
0.1095
0
0.023
0
0
0.0181
0
0
0.0213
0.0475
0.0374
0
0
0.0272
0
0.02
0.0427
0
0.1202
0.0167
0
0
0
0
0
0
0
0
0
0
0
0
0
0
0
0
0
0
0
0
0
0
0
0
0
0
0
0
0
0
0
0
0
0
0
0
0
0
0
0
0
0
0
0
0.089
0
0.0396
0.0629
0
0
0
0.0486
0
0.0576
0.0046
0.0629
0.0468
0
0
0
0
0
0.0251
0.0066
0.0072
0
0.0469
0
0.0811
0.0217
0.0303
0
0
0.0431
0
0.0965
0
0.0563
0.0054
0
0
0.0175
0.0051
0.1844
0
0
0.0166
0.0212
0.0166
0
0.0378
0.0345
0.0709
0
0
0
0
0.0551
0.0177
0.0073
0.015
0.0521
0
0.0567
0.0179
0.1421
0.1487
0
0.0205
0
0
0.0121
0.0171
0.067
0.0069
0.0337
0
0
0
0
0
0
0
0
0
0
0
0
0
0
0
0
0
0
0
0
0
0
0
0
0
0.0161
0
0
0
0
0
0
0
0
0.0386
0.028
0
0
0
0
0
0
0
0
0
0.03
0
0.0273
0
0.0027
0.0432
0
0.0527
0.1096
0.0527
0.1186
0.1512
0.1118
0.0611
0
0.0932
0.0176
0.0087
0.0835
0.0277
0.0178
0.0219
0.0581
0.0131
0.0191
0.0261
0
0
0
0.0043
0.0187
0.0486
0.0066
0
0
0
0
0
0.0176
0
0
0.0076
0
0.017
0
0.0366
0.0197
0
0.0359
0
0
0
0
0
0
0.0191
0
0
0
0
0.0621
0.0177
0
0.0403
0
0.0593
0.0271
0.0207
0.0234
0
0
0
0
0
0.0192
0
0.0271
0
0
0.0187
0
0.0324
0
0
0.0495
0
0
0.0676
0
0
0
0.017
0.0262
0.0229
0.0169
0.028
0.0687
0
0
0.1321
0.005
0
0.0283
0.0051
0.0242
0
0
0
0.0287
0.0157
0.0204
0.0339
0.021
0.0511
0
0.0259
0
0.023
0.0229
0
0.0025
0
0.0366
0.0334
0.0374
0
0
0.0349
0
0
0.019
0.0413
0.0513
0.0163
0.0353
0.021
0
0.0165
0.0533
0.0827
0.0158
0.0798
0.0182
0
0.0493
0.0188
0.0221
0.0348
0
0.0814
0.0312
0.0488
0.122
0.0926
0.1214
0.0035
0.078
0.0993
0.0445
0.0671
0
0.1188
0.0369
0.0161
0.0509
0.1424
0.0236
0.0256
0.0348
0.0351
0.0164
0.1697
0.0208
0
0
0
0
0
0
0
0
0
0.0239
0.0243
0
0
0
0
0
0
0
0
0
0
0
0
0
0
0
0.0311
0
0.0225
0
0.0213
0
0
0
0.0188
0.0052
0
0.0171
0.0367
0
0
0
0
0
0
0.0176
0
0
0
0
0
0
0
0
0.0392
0
0
0
0.0161
0.0481
0.0188
0.0132
0
0
0
0
0
0
0
0
0
0
0
0
0
0
0.035
0
0
0
0
0
0
0
0
0
0
0
0.0195
0
0
0
0.0329
0.0174
0.0196
0
0
0
0
0
0
0
0
0
0
0.0374
0
0
0
0
0
0
0
0
0
0
0
0
0
0
0.0262
0.0635
0.0328
0
0.0215
0
0.0035
0
0
0
0
0.0665
0
0.0222
0
0
0
0
0
0
0
0
0
0
0
0.0196
0
0
0
0
0
0
0
0
0
0
0
0
0
0
0
0
0
0
0
0
0.0174
0.0174
0
0
0.0164
0
0
0
0
0
0
0
0.0163
0
0
0
0
0
0.0219
0
0.0213
0
0
0
0.0235
0
0
0
0
0
0
0
0
0
0
0
0
0
0
0
0
0
0
0
0
0.0407
0
0
0.021
0.0069
0
0
0
0
0
0
0
0
0
0
0
0
0
0
0
0
0
0
0
0
0
0
0
0
0
0
0
0
0
0
0
0
0
0.0603
0.0097
0.034
0
0
0.0212
0
0
0
0
0
0.0258
0
0
0
0
0
0
0
0
0
0
0.0369
0.0214
0
0
0
0
0
0
0
0
0
0
0
0
0
0
0
0
0
0
0
0
0
0
0
0.0066
0
0
0
0
0
0
0
0
0
0
0
0
0
0
0.0293
0
0
0
0
0
0
0
0
0.0116
0
0
0.0664
0
0
0
0
0
0.022
0
0
0
0.0236
0.0508
0.028
0.0057
0
0.0211
0.0184
0.0076
0
0
0
0
0
0
0
0
0
0.0261
0
0
0
0
0
0
0
0
0
0
0
0
0
0
0
0
0
0
0.0399
0
0
0
0
0
0
0
0
0
0
0
0
0
0
0
0
0
0
0
0
0
0
0
0
0
0
0
0
0
0
0
0.0168
0
0.0165
0
0
0.0183
0.0134
0
0
0
0
0
0.0081
0
0
0
0
0.0258
0.0204
0
0
0
0
0
0
0
0
0
0
0
0.0181
0
0
0.0162
0.0104
0
0
0
0
0
0
0.0307
0.0204
0
0
0
0
0
0
0
0
0
0
0
0
0
0
0
0
0
0
0
0
0
0
0.0402
0.0118
0
0
0.0065
0
0
0
0.019
0
0
0
0.025
0
0
0
0
0
0
0
0
0
0
0
0
0
0
0
0
0
0
0
0
0
0
0
0
0.0174
0
0
0
0.0124
0
0
0
0
0
0
0
0
0.0381
0
0
0.0239
0
0
0
0
0
0
0
0
0
0
0
0
0
0
0
0
0
0.0417
0
0
0
0
0
0.0416
0
0
0
0
0
0.0689
0
0
0.0168
0
0
0
0
0
0
0
0
0
0.015
0
0.0235
0
0
0
0.0072
0
0
0
0
0
0
0
0
0
0
0
0
0
0
0
0
0.0206
0
0
0
0
0
0.0362
0
0
0
0
0
0
0
0
0.0165
0
0.0177
0
0
0
0.03
0
0.026
0
0
0
0
0
0.0271
0.0061
0
0
0.0379
0
0
0
0
0.0668
0
0
0
0
0
0
0
0
0.0347
0
0
0
0
0
0.0215
0
0
0
0
0
0
0
0
0
0
0
0
0
0.0482
0.0193
0
0.038
0
0
0
0
0.0157
0
0
0
0
0
0
0
0
0
0
0
0
0.0171
0
0
0
0
0.0043
0.0151
0
0
0
0.0155
0
0
0
0.0185
0
0
0
0.0477
0
0
0.0295
0
0.0194
0.0391
0.0151
0.0035
0
0.0852
0
0
0
0.018
0.0044
0.033
0.0192
0
0
0
0
0
0
0
0
0
0.0309
0
0.0461
0
0
0
0
0
0
0
0
0
0
0
0.0249
0.0186
0
0
0.0188
0
0
0.1263
0
0
0.0222
0.0392
0
0
0
0
0
0.0108
0.027
0
0
0.0372
0
0
0
0
0
0
0
0
0
0.0518
0
0.0238
0
0
0.0391
0
0
0
0
0
0
0
0
0
0
0
0.0375
0
0.0056
0.0177
0.0159
0
0.0039
0
0
0
0
0.016
0
0
0
0
0.0034
0
0
0
0
0
0
0
0.0418
0
0
0
0
0
0
0
0
0
0
0
0
0
0
0
0
0
0
0
0
0
0.0174
0
0
0
0
0
0
0
0
0.0302
0
0.0351
0.0124
0
0.032
0.0232
0
0.0227
0
0
0
0
0
0
0.1423
0
0
0
0
0
0
0
0
0
0
0
0.0076
0
0.0048
0.0686
0
0.0184
0
0
0
0
0
0
0
0
0
0
0
0
0.0189
0
0
0
0
0.0165
0
0
0
0
0
0
0
0
0
0
0
0
0
0
0
0
0
0
0
0
0
0
0
0
0
0
0
0
0
0
0.0212
0
0
0
0
0
0
0.0288
0
0
0
0
0
0
0
0
0.0026
0.0369
0
0.0176
0
0
0.043
0
0
0
0
0
0
0
0
0
0.022
0
0
0
0
0.0244
0.0169
0
0
0
0
0
0
0
0
0.0509
0
0.0172
0
0
0
0
0
0
0
0.0106
0
0
0
0
0
0
0
0
0.0198
0
0
0
0
0
0
0
0
0
0
0
0
0
0
0
0
0
0
0
0
0.0083
0
0.019
0.0042
0.0265
0
0
0
0
0
0
0
0
0
0
0
0
0
0
0
0
0
0
0
0
0
0
0
0
0
0
0
0
0
0
0.0198
0
0
0.0383
0
0
0
0
0
0
0
0
0
0
0
0
0.0206
0
0
0
0
0
0
0
0
0
0
0
0
0
0
0
0
0
0
0
0
0
0
0
0
0
0
0.0289
0
0
0.0169
0
0
0
0
0
0
0.0175
0.0158
0
0
0
0
0
0
0
0
0
0
0
0
0
0
0
0
0
0
0
0
0
0
0
0
0
0
0
0
0
0
0
0
0
0
0
0
0
0
0
0
0
0
0
0
0
0
0
0
0
0
0
0
0.0195
0
0
0
0
0
0
0.02
0
0
0
0
0
0
0
0
0
0
0
0
0
0
0
0
0
0
0
0
0
0
0
0
0
0
0
0
0
0
0.0037
0
0
0
0.0358
0.0156
0
0
0.0063
0
0
0
0
0.0167
0
0.0281
0
0
0
0
0
0
0
0
0
0
0.0208
0.0244
0
0
0
0
0
0
0
0
0
0
0
0
0.0484
0
0
0
0
0
0.0169
0
0.0117
0
0.0041
0
0
0
0
0
0.0057
0
0.0267
0
0
0
0
0
0
0
0.0225
0
0
0
0
0
0
0
0
0
0
0
0
0
0
0
0
0
0
0
0
0
0
0
0
0
0
0
0
0.0319
0
0
0
0.0226
0
0
0
0
0
0
0
0
0
0
0.0189
0
0.0124
0
0
0
0
0
0.0364
0
0
0
0
0
0.0113
0
0.0161
0
0
0.0116
0
0.0524
0
0
0.0035
0
0
0
0.0355
0
0.0067
0
0
0.0221
0
0.0336
0
0
0
0
0
0.0189
0
0
0
0
0
0
0
0
0
0
0
0
0
0
0
0
0
0.0217
0.0185
0
0
0
0
0
0
0
0
0
0
0
0
0
0.0207
0
0
0
0
0
0.0192
0.0334
0
0
0
0.0225
0
0.0214
0.0194
0.0165
0
0
0.0248
0
0
0.04
0
0
0.0254
0
0.0206
0
0.0793
0
0.026
0.0198
0.0058
0
0.0471
0
0.0237
0.0035
0
0.0334
0
0
0
0
0
0
0
0
0.0211
0.0478
0.025
0.0054
0
0
0.028
0
0.0021
0.0158
0
0.0271
0.0099
0
0.0334
0.0214
0.0082
0.0412
0
0.0202
0
0.0367
0
0
0.0276
0
0.0381
0.0169
0.0359
0
0
0
0
0
0
0
0
0
0
0
0
0.0484
0
0
0
0.0312
0
0
0.0053
0
0
0.0201
0
0
0
0.0187
0
0
0
0
0
0
0
0
0.0336
0
0.0308
0
0
0
0
0.0249
0
0
0
0
0
0
0.0253
0
0.0064
0
0
0
0
0
0
0
0.0043
0
0
0
0.0203
0
0
0.02
0
0
0
0.0242
0
0
0
0
0
0
0.0366
0.0486
0
0
0
0.0278
0
0
0
0
0
0.0168
0
0
0
0
0
0.0178
0.004
0
0.0358
0
0
0
0
0.0435
0
0
0
0.0354
0.0226
0
0
0
0
0
0
0
0.0186
0.0037
0.0198
0.0335
0
0
0
0
0
0
0
0
0
0.0157
0
0
0
0
0
0
0.0248
0
0
0.0159
0
0.0043
0
0.0121
0.0062
0
0.0263
0.0217
0
0
0
0
0
0
0
0
0.0121
0.0074
0.0216
0
0.059
0
0
0.0862
0.0424
0
0
0
0
0
0
0
0.0428
0
0.0042
0
0.0183
0.0255
0.0219
0.1233
0.011
0
0.1221
0
0.0164
0.0466
0.0399
0
0.0215
0
0
0
0
0
0
0
0
0
0
0
0
0.0201
0
0
0.0219
0.0061
0
0
0
0
0
0
0
0
0
0.0291
0
0
0
0
0
0
0
0.0193
0.006
0
0
0
0
0
0
0
0.0633
0
0
0
0.0411
0.0308
0
0.0215
0.0183
0
0
0
0
0
0
0.0172
0
0.0195
0.0473
0.0507
0
0
0
0
0
0
0
0
0
0
0
0
0
0.0456
0
0
0
0.0382
0.0083
0
0
0.007
0
0
0
0
0
0
0.0158
0
0
0
0
0
0
0.0537
0
0
0
0
0
0
0
0.0217
0.0301
0.0119
0
0
0
0
0
0.062
0.0174
0
0
0
0
0
0
0
0
0
0.0169
0
0
0
0.0511
0
0
0
0
0
0
0
0
0.0926
0
0
0
0
0
0
0
0
0
0
0.0199
0.0191
0.018
0
0
0
0
0
0
0
0
0
0
0
0
0.0519
0
0
0.0387
0
0.0177
0
0
0.0364
0
0
0
0
0.043
0
0
0.022
0.0762
0
0
0
0
0
0
0.1079
0
0
0
0
0
0
0.0141
0
0.02
0
0
0.0258
0
0.0161
0.0311
0.0013
0.0694
0
0
0
0
0
0.0064
0.052
0
0
0.007
0
0
0.0224
0
0
0.0401
0
0.024
0
0
0.0975
0.0057
0.0184
0
0
0
0
0
0
0
0.0186
0.0251
0
0.0179
0
0.0166
0
0
0
0
0.0248
0
0
0
0.0329
0.0254
0.1446
0
0
0
0
0
0
0
0
0
0
0
0
0
0
0
0
0
0.0309
0
0
0.0679
0.0207
0
0
0
0
0
0
0
0.0118
0.0199
0
0
0
0.0186
0.0154
0.0269
0.0171
0
0
0.02
0.0144
0
0.0184
0
0.0699
0
0
0
0
0
0
0.0468
0
0
0
0.0183
0
0
0
0
0.0192
0
0
0
0
0
0.0369
0.0163
0
0
0
0
0
0
0
0
0
0
0
0
0
0
0
0
0
0.0035
0
0
0
0
0.0043
0.0193
0.0401
0
0.0391
0
0
0
0.0387
0
0
0
0
0.0178
0.008
0
0
0.0495
0.061
0
0
0.034
0
0
0
0.0074
0.02
0
0
0
0
0
0
0
0
0
0
0
0.0502
0
0
0
0
0
0.041
0
0
0
0
0
0
0
0
0
0
0
0
0.0274
0
0
0
0
0
0
0
0
0
0
0
0
0
0
0
0.0457
0
0
0
0
0
0
0
0.0363
0
0
0
0
0
0
0
0
0
0
0
0
0
0
0.0904
0
0
0
0.0196
0.0167
0
0.0187
0
0
0
0
0
0
0
0
0
0
0
0
0
0
0.017
0
0
0
0
0
0
0
0
0.0348
0.0363
0.0369
0.0247
0
0
0
0
0
0
0
0
0
0
0
0
0
0
0
0.03
0
0
0.0386
0.0436
0
0
0
0
0
0
0
0
0
0.0306
0.0679
0.0809
0
0.0205
0
0
0.0045
0.0307
0
0.0025
0
0
0.005
0
0
0
0
0
0
0
0
0
0
0
0
0
0
0
0
0.0037
0
0
0.0042
0.0172
0
0
0
0
0.0226
0
0
0
0.0224
0
0.019
0
0
0
0
0
0
0
0
0
0.0176
0.0065
0
0
0
0
0
0
0
0
0
0
0
0
0
0.0175
0.0126
0
0
0
0.0576
0
0
0
0
0
0
0
0
0
0
0
0
0
0
0
0
0
0
0
0
0
0
0
0
0.0218
0
0.0185
0
0
0
0.0325
0
0.0143
0
0
0.0083
0.0773
0
0
0
0
0
0
0
0
0
0
0
0
0
0
0
0
0
0.0216
0
0
0.0252
0
0
0
0
0
0.0158
0.0207
0.0276
0
0.0066
0
0
0
0
0
0.023
0.0403
0.017
0
0
0.0199
0.0053
0
0
0
0
0
0
0.0143
0
0
0
0
0
0
0.0813
0
0
0
0.0182
0
0.0206
0
0
0
0
0
0.0165
0
0.0222
0
0.0283
0.0446
0
0
0
0.0235
0
0
0
0
0.0199
0.0182
0.0205
0
0
0
0.019
0
0
0
0
0
0
0
0
0
0
0
0
0.0239
0.0514
0
0
0
0
0
0
0.0185
0.038
0
0
0
0
0
0
0
0
0
0
0
0
0
0
0
0
0
0
0
0
0
0
0
0
0.0114
0
0
0
0
0
0
0
0
0
0
0
0
0
0
0
0
0
0.0057
0
0.0246
0
0
0
0
0
0
0
0
0
0
0
0
0
0
0
0
0
0
0
0
0
0
0
0
0
0
0
0
0
0
0.0142
0
0
0
0
0
0
0
0.0375
0
0
0
0
0
0
0
0
0
0
0
0
0
0
0
0
0
0
0
0
0
0
0
0.0234
0
0
0
0
0
0
0
0.02
0.0064
0
0
0
0
0
0
0
0
0
0
0
0
0
0.0158
0
0
0
0
0
0
0
0
0.0129
0
0
0
0
0
0
0
0
0
0
0
0
0
0
0
0
0
0
0
0
0
0
0
0
0
0
0
0
0
0.0045
0
0.0208
0
0
0
0
0
0
0
0
0
0
0
0
0
0
0
0
0
0
0
0
0
0
0.0231
0
0
0
0
0
0
0
0
0
0
0.0435
0
0
0
0
0
0
0
0
0
0
0.0193
0
0
0
0
0
0
0
0
0
0
0
0
0
0
0
0
0
0
0
0
0
0
0
0
0
0.0209
0
0
0.0212
0
0
0
0
0
0
0.0283
0
0.0194
0.0193
0.0115
0
0
0
0
0
0
0
0
0.0247
0.0049
0
0
0
0
0
0
0
0
0
0
0
0
0
0
0.0214
0
0
0
0.019
0
0.0209
0
0
0
0
0
0
0
0
0
0.0076
0
0
0.0152
0
0
0
0.0169
0
0
0.0491
0
0.0681
0
0.0322
0
0
0
0
0
0
0
0
0
0
0
0
0
0
0
0
0
0
0
0.1196
0.0164
0
0
0.0186
0
0
0.0417
0
0
0
0.0162
0.0327
0.0749
0
0.066
0
0.0037
0
0
0
0
0
0
0
0.038
0
0
0
0
0
0
0
0
0
0
0.026
0
0.007
0
0.0258
0.0965
0
0.0188
0
0
0
0.0387
0.0397
0.0179
0
0
0
0
0.0033
0
0.018
0
0
0
0
0
0
0
0
0
0
0
0
0
0
0
0
0
0
0
