0
0
0
0
0
0
0
0
0
0
0
0
0
0
0
0
0
0
0
0
0
0
0
0
0
0
0
0
0
0
0
0
0
0
0
0
0
0
0
0
0
0
0
0
0
0
0
0
0
0
0
0
0
0
0
0
0
0
0
0
0
0
0
0
0
0
0
0
0
0
0
0
0
0
0
0
0
0
0
0
0
0
0
0
0
0
0
0
0
0
0
0
0
0
0
0
0
0
0
0
0
0
0
0
0
0
0
0
0
0
0
0
0
0
0
0
0
0
0
0
0
0
0
0
0
0
0
0
0
0
0
0
0
0
0
0
0
0
0
0
0
0
0
0
0
0
0
0
0
0
0
0
0
0
0
0
0
0
0
0
0
0
0
0
0
0
0
0
0
0
0
0
0
0
0
0
0
0
0
0
0
0
0
0
0
0
0
0
0
0
0
0
0
0
0
0
0
0
0
0
0
0
0
0
0
0
0
0
0
0
0
0
0
0
0
0
0
0
0
0
0
0
0
0
0
0
0
0
0
0
0
0
0
0
0
0
0
0
0
0
0
0
0
0
0
0
0
0
0
0
0
0
0
0
0
0
0
0
0
0
0
0
0
0
0
0
0
0
0
0
0
0
0
0
0
0
0
0
0
0
0
0
0
0
0
0
0
0
0
0
0
0
0
0
0
0
0
0
0
0
0
0
0
0
0
0
0
0
0
0
0
0
0
0
0
0
0
0
0
0
0
0
0
0
0
0
0
0
0
0
0
0
0
0
0
0
0
0
0
0
0
0
0
0
0
0
0
0
0
0
0
0
0
0
0
0
0
0
0
0
0
0
0
0
0
0
0
0
0
0
0
0
0
0
0
0
0
0
0
0
0
0
0
0
0
0
0
0
0
0
0
0
0
0
0
0
0
0
0
0
0
0
0
0
0
0
0
0
0
0
0
0
0
0
0
0
0
0
0
0
0
0
0
0
0
0
0
0
0
0
0
0
0
0
0
0
0
0
0
0
0
0
0
0
0
0
0
0
0
0
0
0
0
0
0
0
0
0
0
0
0
0
0
0
0
0
0
0
0
0
0
0
0
0
0
0
0
0
0
0
0
0
0
0
0
0
0
0
0
0
0
0
0
0
0
0
0
0
0
0
0
0
0
0
0
0
0
0
0
0
0
0
0
0
0
0
0
0
0
0
0
0
0
0
0
0
0
0
0
0
0
0
0
0
0
0
0
0
0
0
0
0
0
0
0
0
0
0
0
0
0
0
0
0
0
0
0
0
0
0
0
0
0
0
0
0
0
0
0
0
0
0
0
0
0
0
0
0
0
0
0
0
0
0
0
0
0
0
0
0
0
0
0
0
0
0
0
0
0
0
0
0
0
0
0
0
0
0
0
0
0
0
0
0
0
0
0
0
0
0
0
0
0
0
0
0
0
0
0
0
0
0
0
0
0
0
0
0
0
0
0
0
0
0
0
0
0
0
0
0
0
0
0
0
0
0
0
0
0
0
0
0
0
0
0
0
0
0
0
0
0
0
0
0
0
0
0
0
0
0
0
0
0
0
0
0
0
0
0
0
0
0
0
0
0
0
0
0
0
0
0
0
0
0
0
0
0
0
0
0
0
0
0
0
0
0
0
0
0
0
0
0
0
0
0
0
0
0
0
0
0
0
0
0
0
0
0
0
0
0
0
0
0
0
0
0
0
0
0
0
0
0
0
0
0
0
0
0
0
0
0
0
0
0
0
0
0
0
0
0
0
0
0
0
0
0
0
0
0
0
0
0
0
0
0
0
0
0
0
0
0
0
0
0
0
0
0
0
0
0
0
0
0
0
0
0
0
0
0
0
0
0
0
0
0
0
0
0
0
0
0
0
0
0
0
0
0
0
0
0
0
0
0
0
0
0
0
0
0
0
0
0
0
0
0
0
0
0
0
0
0
0
0
0
0
0
0
0
0
0
0
0
0
0
0
0
0
0
0
0
0
0
0
0
0
0
0
0
0
0
0
0
0
0
0
0
0
0
0
0
0
0
0
0
0
0
0
0
0
0
0
0
0
0
0
0
0
0
0
0
0
0
0
0
0
0
0
0
0
0
0
0
0
0
0
0
0
0
0
0
0
0
0
0
0
0
0
0
0
0
0
0
0
0
0
0
0
0
0
0
0
0
0
0
0
0
0
0
0
0
0
0
0
0
0.0492
0
0
0
0
0
0
0
0
0
0
0
0
0
0
0
0
0
0.0976
0.594
0.0409
0
0
0
0
0
0
0
0
0
0
0
0
0
0
0
0
0
0
0
0
0
0
0
0
0
0
0
0
0
0
0
0
0
0
0
0
0
0
0
0
0
0
0
0
0
0
0
0
0
0
0
0
0
0
0
0
0
0
0
0
0
0
0
0
0
0
0
0
0
0
0
0
0
0
0
0
0
0
0
0
0
0
0
0
0
0
0
0
0
0.0322
0
0
0
0
0
0
0
0
0
0
0
0
0
0
0
0.0229
0
0
0
0
0.0132
0
0
0
0
0
0
0
0
0
0
0
0
0
0.0941
0
0
0.0072
0
0
0
0
0.0297
0
0
0
0
0
0
0
0
0
0
0
0
0
0
0
0
0
0
0
0
0
0
0
0
0
0
0
0
0
0
0
0
0
0
0
0
0
0
0
0
0
0
0
0
0
0
0
0
0
0
0
0
0
0
0
0
0
0
0
0
0
0
0
0
0
0
0
0
0
0
0
0
0
0
0
0
0
0
0
0
0
0
0
0
0
0
0
0
0
0
0
0
0
0
0
0
0
0
0
0
0
0
0
0
0
0
0
0
0
0
0
0
0
0
0
0
0
0
0
0
0
0
0
0
0
0
0
0
0
0
0
0
0
0
0
0
0
0
0
0
0
0
0
0
0
0
0
0
0
0
0
0
0
0
0
0
0
0
0
0
0
0
0
0
0
0
0
0
0
0
0
0
0
0
0
0
0
0
0
0
0
0
0
0
0
0
0
0
0
0
0
0
0
0
0
0
0
0
0
0
0
0
0
0
0
0
0
0
0
0
0
0
0
0
0
0
0
0
0
0
0
0
0
0
0
0
0
0
0
0
0
0
0
0
0
0
0
0
0
0
0
0
0
0
0
0
0
0
0
0
0
0
0
0
0
0
0
0
0
0
0
0
0
0
0
0
0
0
0
0
0
0
0
0
0
0
0
0
0
0
0
0
0
0
0
0
0
0
0
0
0
0
0
0
0
0
0
0
0
0
0
0
0
0
0
0
0
0
0
0
0
0
0
0
0
0
0
0
0
0
0
0
0
0
0
0
0
0
0
0
0
0
0
0
0
0
0
0
0
0
0
0
0
0
0
0
0
0
0
0
0
0
0
0
0
0
0
0
0
0
0
0
0
0
0
0
0
0
0
0
0
0
0
0
0.0249
0
0
0
0
0
0
0
0
0
0
0
0
0
0
0
0
0
0
0
0
0
0
0
0
0
0
0
0
0
0
0
0
0
0
0
0
0
0
0
0
0
0
0
0
0
0.0227
0.0259
0
0
0
0
0.0197
0
0
0
0
0
0
0
0
0
0
0
0
0
0.039
0
0
0
0
0.0374
0.0262
0.0169
0
0
0
0
0
0
0
0
0
0.0794
0
0
0
0
0
0
0.0256
0
0
0
0.0242
0
0
0
0.0214
0.0451
0
0.0184
0.0236
0.0095
0
0.024
0.0079
0
0
0
0
0
0
0
0
0
0
0.0196
0
0
0.0093
0.0156
0
0
0
0
0.0124
0.0081
0
0
0
0.0078
0
0
0
0.0076
0
0
0
0
0
0
0
0
0
0
0
0
0
0
0
0.1679
0.0186
0
0
0
0
0
0
0.0053
0
0
0
0
0
0
0
0
0
0
0
0
0
0
0
0
0
0
0
0
0
0
0
0.0294
0
0.0198
0
0
0
0
0
0
0
0
0
0
0
0
0
0
0
0
0
0
0
0
0
0.0369
0
0
0
0
0
0
0
0
0
0.035
0.0535
0
0.0222
0
0
0
0
0
0
0
0
0
0
0
0
0
0
0
0
0
0
0
0
0
0
0
0
0
0
0.0245
0
0
0
0
0.0194
0
0
0
0
0
0
0
0
0
0
0
0
0
0
0
0
0
0
0
0.0036
0
0
0
0
0
0
0
0
0
0
0
0
0
0
0
0
0
0
0
0
0
0
0
0
0
0
0
0
0
0
0
0
0
0
0
0
0
0
0
0
0
0
0
0
0
0
0
0
0
0
0
0
0
0
0
0
0
0
0
0
0
0
0
0
0
0
0
0
0
0
0
0
0
0
0
0
0.0067
0
0
0
0
0
0
0
0
0
0
0
0
0
0
0
0
0
0
0
0
0
0
0
0
0
0
0
0
0
0
0
0
0
0
0
0
0
0
0
0
0.0166
0
0
0.0058
0
0
0.0041
0
0
0
0
0
0
0.0045
0
0
0
0
0
0
0
0
0
0
0.0208
0
0
0
0
0
0
0.0064
0.0173
0
0
0
0
0.0394
0
0
0
0
0
0.0166
0
0
0
0
0
0
0
0
0
0
0
0
0
0
0
0
0
0
0
0
0
0
0
0
0
0
0
0
0
0
0
0
0
0
0
0
0
0
0
0
0
0
0
0
0
0
0
0
0.0237
0
0
0
0
0.0224
0
0.0162
0
0
0
0
0
0
0
0
0
0
0
0
0
0
0
0
0
0
0
0
0
0
0
0
0
0
0
0
0
0
0
0
0
0
0
0
0.003
0
0
0
0
0
0
0
0
0
0
0
0
0.0171
0.0199
0
0
0
0
0
0
0
0
0
0
0
0
0
0
0
0
0
0
0
0
0
0
0
0
0
0
0
0.0248
0
0
0
0
0.0206
0.0074
0
0
0
0
0
0
0
0
0
0
0
0
0
0
0.0177
0
0
0
0
0.0432
0
0
0
0
0
0
0
0
0
0
0
0
0
0
0
0
0
0
0
0
0
0.0062
0
0
0
0
0.01
0
0
0
0
0
0
0
0
0.0089
0
0
0
0
0
0
0
0.0078
0
0
0
0
0
0
0.0218
0
0
0
0
0
0
0
0.0501
0
0
0
0
0
0
0
0
0
0
0
0
0
0
0
0
0
0.068
0
0
0
0
0
0
0
0
0
0
0
0
0
0
0
0
0
0
0
0
0
0
0
0
0
0.023
0
0.0175
0
0
0
0
0.0045
0
0
0
0
0
0
0
0
0
0
0
0
0
0
0
0
0
0
0
0.0231
0
0
0
0
0.0229
0
0
0
0.017
0.0131
0
0
0
0
0
0
0.019
0
0
0
0
0
0
0
0
0
0
0
0
0.0284
0
0
0.0208
0
0.0232
0.0395
0.027
0
0.0642
0.0214
0
0
0
0
0
0
0
0
0
0.0229
0
0
0
0
0
0
0
0
0
0
0
0
0
0
0
0
0
0
0
0
0
0
0
0
0
0
0
0
0
0.0426
0
0
0
0
0
0
0
0
0
0
0
0
0
0
0
0
0
0
0
0.0162
0
0
0
0
0
0
0
0
0.0062
0
0
0
0
0
0
0
0
0
0
0
0
0
0
0
0
0
0
0
0
0
0
0
0
0
0
0
0
0
0
0
0
0
0
0
0
0
0
0.0219
0
0
0
0
0
0
0
0.0187
0
0
0
0
0
0
0
0
0
0
0
0
0
0
0
0
0
0
0
0
0
0
0
0
0
0
0
0
0
0
0
0
0
0
0
0
0
0
0
0
0
0
0
0
0
0
0
0
0
0
0
0
0
0.0052
0
0
0
0
0
0
0
0
0
0
0
0
0
0
0
0
0
0
0
0
0
0
0
0
0
0
0
0
0
0
0
0
0
0
0
0
0.0076
0
0
0
0
0
0
0
0
0
0.0253
0
0
0
0
0
0
0
0
0
0
0
0
0
0.0297
0
0
0
0
0
0
0
0
0
0
0
0
0
0
0
0
0
0
0
0
0
0
0
0
0
0
0
0
0
0
0
0
0
0
0
0
0
0
0
0
0
0
0
0
0
0.0246
0
0
0
0
0
0
0
0
0
0
0.0222
0
0
0
0
0
0
0
0
0
0
0
0
0
0
0
0
0
0
0
0
0
0
0
0
0
0
0
0
0
0
0
0
0
0
0
0
0
0.0156
0
0
0
0
0
0
0
0
0
0
0
0
0
0
0
0
0
0
0
0
0
0
0
0
0
0
0
0
0
0
0
0
0
0
0
0
0
0
0
0
0
0
0
0
0
0
0
0.0465
0
0
0
0
0
0
0
0
0
0
0
0
0
0
0
0
0
0
0
0
0
0
0
0
0
0
0
0
0
0
0
0
0
0
0
0
0
0
0
0
0
0
0
0
0
0
0
0
0
0
0
0
0
0
0
0
0
0
0
0
0
0
0
0
0
0
0.0257
0
0
0
0.024
0
0.0099
0
0
0
0
0
0
0.0592
0
0
0
0
0
0
0
0
0
0.024
0
0
0
0
0.0253
0
0
0.0311
0
0
0
0
0
0
0
0
0
0
0
0
0
0
0
0
0
0
0
0
0
0
0.0287
0
0
0
0
0
0.0276
0
0
0
0
0
0
0
0
0
0
0
0
0
0
0
0
0
0
0
0
0
0.0187
0
0
0
0
0
0
0
0
0
0
0
0
0
0
0
0
0
0
0
0
0
0
0
0
0
0
0
0
0
0
0
0
0
0
0
0
0
0
0
0
0
0
0
0
0
0
0
0
0
0
0
0
0
0
0
0
0
0
0
0
0
0
0
0
0
0
0
0
0
0
0
0
0
0
0
0
0
0
0
0
0
0
0
0
0
0
0
0
0
0
0
0
0
0
0
0
0
0
0
0.0258
0
0.0177
0
0
0
0
0
0
0
0
0
0
0
0
0
0
0
0
0
0
0
0
0
0
0
0
0
0
0
0
0
0
0
0
0
0
0
0
0
0
0
0
0
0
0
0
0
0
0
0
0
0
0
0
0
0
0
0
0
0
0
0
0
0
0
0
0
0
0
0
0.0176
0
0
0
0
0
0
0
0
0
0
0
0
0
0
0
0
0
0
0
0
0
0
0
0
0
0
0
0
0
0
0
0
0
0
0
0
0
0
0
0
0.0046
0
0
0
0
0
0
0
0
0
0
0
0
0
0
0
0
0
0
0
0
0
0
0
0
0
0
0
0
0
0
0
0.016
0
0.0087
0.0184
0
0
0
0
0
0
0
0.0176
0
0.1145
0.0503
0
0.0821
0
0
0
0
0
0.0074
0.0404
0
0
0
0
0
0
0.0071
0
0.0267
0
0
0
0
0.0043
0
0
0
0
0
0
0.0775
0
0
0.0159
0
0
0.0266
0
0
0
0
0
0
0.0198
0
0
0
0
0
0
0
0.0074
0
0
0
0
0
0
0
0
0
0
0
0
0.0483
0.0249
0
0
0
0
0.0185
0
0
0
0
0
0
0
0
0
0
0
0
0
0
0
0
0
0.0229
0
0
0
0
0
0
0
0.0174
0
0
0
0
0
0
0
0
0
0.019
0.0383
0
0.0245
0
0
0
0
0
0
0
0
0
0
0
0
0
0.0088
0
0
0
0
0
0
0
0
0
0
0
0
0
0
0
0
0
0
0
0
0
0
0
0
0
0
0
0
0
0
0
0
0
0
0
0
0.0041
0
0
0
0
0
0
0
0.0204
0
0
0
0
0
0
0
0
0
0
0
0
0
0
0.0252
0
0
0
0
0
0
0
0
0
0.0219
0
0
0
0
0
0
0
0
0
0
0
0
0
0
0
0
0
0
0
0
0
0
0
0
0
0
0.019
0
0
0
0
0
0
0
0
0
0
0
0.0027
0
0
0
0
0
0
0
0
0
0
0
0
0
0
0
0.0054
0
0
0
0
0
0
0
0
0
0
0
0
0
0.0148
0
0
0.0209
0
0
0
0
0
0
0
0.0953
0
0
0.0204
0
0
0.0187
0.0501
0
0
0
0
0
0.0169
0
0
0.0145
0
0
0
0
0
0
0
0
0
0
0
0
0
0
0
0
0
0
0
0
0
0
0
0
0
0
0
0
0
0
0
0
0
0
0
0
0
0
0
0
0.0177
0
0
0
0
0
0.0168
0
0
0.0434
0.0366
0
0
0.0268
0
0
0
0
0
0
0
0.0042
0
0
0.0284
0
0
0.032
0.0034
0
0
0.0481
0.0305
0
0.017
0
0
0
0
0.0099
0.0305
0
0.0135
0.0418
0
0
0
0.0106
0
0
0
0
0.0217
0
0
0
0
0
0
0
0.0188
0
0
0
0.0181
0
0
0
0
0
0
0
0
0
0
0
0
0
0
0
0
0.0217
0.0161
0
0
0
0
0
0
0
0
0.0195
0
0.0346
0
0
0
0.0193
0
0.0171
0.0054
0
0.0567
0.0159
0
0
0
0
0.0208
0
0.027
0
0
0
0
0
0
0
0.1076
0
0
0
0.0185
0.0174
0.1553
0
0
0
0
0.0355
0.0208
0
0
0
0.0672
0.0192
0
0
0
0
0
0
0
0
0
0
0
0
0
0.036
0
0
0
0
0
0
0
0.0241
0
0.0762
0
0.0403
0.025
0
0.0338
0.0037
0
0.0718
0
0
0
0
0
0
0.0157
0.0251
0.0131
0.0714
0
0
0
0.0293
0
0.0225
0
0
0
0
0
0
0
0
0
0
0
0
0
0
0
0
0.0383
0
0.0064
0
0
0
0
0.0195
0
0
0
0
0
0
0
0
0
0
0
0
0
0
0.0194
0
0
0
0
0
0
0
0
0.005
0
0
0
0
0
0.0066
0
0
0.0101
0
0
0.0423
0
0
0
0
0
0
0
0
0
0
0
0
0
0
0
0.0316
0
0.0074
0
0
0
0
0
0.0246
0.0051
0.0378
0
0
0.0036
0
0
0
0
0
0
0
0
0
0
0.0287
0
0
0
0
0
0
0.019
0
0.0208
0
0
0
0
0
0
0
0
0
0
0
0
0
0
0.0266
0.0012
0
0
0.0165
0
0
0
0
0
0.0579
0.0394
0
0
0
0
0
0
0
0
0
0
0
0
0
0
0
0
0
0
0
0
0
0
0
0.0291
0
0
0
0
0
0
0
0
0
0.033
0
0
0
0
0.0357
0
0
0
0
0.0128
0
0
0
0
0
0.017
0
0
0
0
0.025
0
0
0.0359
0
0
0
0.0113
0
0
0
0
0
0
0
0.0453
0
0.0185
0.0573
0.019
0
0
0
0
0
0
0
0
0
0.0143
0
0
0
0.0197
0
0
0
0
0
0
0.0532
0.0193
0.0211
0
0
0.0206
0.0099
0
0
0
0
0
0
0
0
0
0.007
0
0
0
0
0.0262
0
0
0
0
0
0.0419
0
0
0
0.0154
0
0
0
0
0
0
0
0
0
0
0
0.004
0
0
0
0
0
0
0.063
0
0
0
0.0619
0.0169
0.0315
0
0
0
0
0
0
0
0.0821
0
0
0
0
0
0
0
0
0
0
0
0
0
0.0158
0
0
0
0
0.0312
0.1341
0
0
0
0
0.0178
0
0
0
0.0893
0.0026
0.026
0
0
0
0.0085
0
0
0
0
0
0
0
0
0
0
0
0
0
0
0.0186
0
0
0
0
0
0
0
0
0.0095
0
0
0
0
0
0
0
0
0
0
0
0
0
0
0
0
0
0
0
0.0214
0
0
0
0.0295
0
0
0
0
0
0
0
0
0
0
0.0169
0
0
0
0
0
0
0.0253
0
0.0206
0.0608
0.0168
0
0
0
0
0
0.0055
0
0
0
0.0173
0
0
0
0
0
0
0
0
0.0278
0.0054
0
0
0.0207
0
0
0
0
0
0
0
0
0
0
0
0.0263
0
0
0
0
0
0
0
0
0
0
0
0
0
0
0
0
0
0
0
0
0
0
0
0
0
0
0.0464
0
0.0053
0
0
0
0.0436
0
0
0
0
0.0523
0.0239
0
0
0
0
0
0.0066
0
0
0
0.0169
0
0.0142
0
0.0279
0
0
0
0.0207
0.0259
0
0
0
0
0.024
0
0.0181
0
0
0.02
0
0
0.0943
0
0
0
0
0
0
0
0
0
0.0181
0
0.016
0.0579
0.022
0
0
0.0107
0.0196
0
0.0159
0.0268
0
0
0.0084
0.0304
0.0801
0
0
0
0
0
0.0161
0
0
0.0362
0
0
0.0057
0
0
0
0
0
0
0
0
0
0.0107
0
0
0
0
0
0
0
0
0
0
0
0
0
0
0
0
0
0
0
0
0
0
0
0
0
0
0
0
0
0
0
0
0
0
0.0033
0
0
0
0
0
0
0
0
0
0
0
0
0
0
0
0
0
0
0
0
0
0
0
0
0
0
0
0
0
0
0
0
0
0
0
0
0
0
0
0
0
0
0
0
0
0
0.0422
0
0
0
0
0
0
0
0
0
0
0
0
0
0
0
0
0
0
0
0
0
0
0
0
0
0
0
0
0.0402
0
0
0
0
0
0
0
0
0
0
0
0
0
0
0
0
0
0.0089
0.0167
0
0
0
0
0
0
0
0
0
0
0.0172
0
0
0
0
0
0
0.0191
0
0
0
0
0
0
0
0
0
0
0
0
0
0
0
0
0
0
0
0
0
0
0
0
0
0
0
0
0
0
0
0
0
0.0172
0
0
0
0
0
0
0
0
0
0
0
0
0
0
0
0
0
0.0077
0
0
0
0
0
0
0
0
0
0
0.0045
0
0
0
0
0
0.0062
0
0
0
0
0
0
0
0.0203
0
0
0.0198
0.0219
0
0
0
0
0.024
0
0
0
0
0.0124
0.0664
0
0
0
0
0
0
0.0457
0.0226
0.0534
0.0421
0.0396
0
0
0
0.022
0.0425
0
0
0
0
0.0069
0
0
0
0
0
0
0
0
0
0
0
0.0057
0
0
0
0
0
0
0
0
0.0176
0
0
0.055
0
0
0.0529
0.0228
0
0
0
0.0366
0
0
0
0
0
0
0
0
0
0
0
0.0545
0.0247
0
0
0
0
0.0213
0.0256
0
0
0
0.0232
0
0
0.0174
0
0
0.079
0
0.0117
0
0
0
0.0889
0
0.0765
0
0
0
0
0.0158
0.139
0.0206
0
0
0
0.0248
0
0
0
0
0
0
0
0
0
0
0
0
0
0
0
0
0.0215
0
0
0
0
0
0
0
0
0
0
0
0
0
0
0
0.0196
0
0.0187
0
0
0
0
0
0
0
0
0
0
0
0
0
0
0
0
0
0
0
0.0378
0
0
0.0272
0
0
0
0.0099
0.0211
0
0
0
0
0
0.0433
0.0371
0.0124
0
0
0.0346
0
0.0176
0
0.0393
0.0084
0
0
0
0.0314
0
0
0.0701
0
0
0
0.0094
0.0596
0
0
0
0.022
0.0218
0
0
0.0202
0.0156
0
0
0
0
0
0
0
0
0
0
0
0
0
0
0
0
0
0
0
0
0
0
0
0
0
0
0
0.019
0
0.0415
0.0309
0
0
0
0
0
0
0
0
0
0
0
0
0.0233
0.0406
0
0.0268
0
0.0349
0
0
0
0
0
0.0181
0
0.0372
0
0
0
0.0371
0
0
0.0347
0
0.0175
0
0
0
0
0
0
0
0.0031
0
0
0
0.0036
0
0
0
0
0.0119
0.0114
0
0
0.0104
0
0.0195
0
0
0.0116
0.0066
0.0418
0
0
0
0
0
0
0.0007
0.0162
0
0.0373
0.0098
0
0
0
0
0
0
0.0033
0
0
0
0
0
0
0
0
0
0
0.0054
0.0161
0
0.0122
0.0707
0.1177
0
0.0213
0
0
0.0386
0.017
0
0.0617
0
0.012
0.074
0.0356
0
0
0
0
0
0
0
0
0.0279
0
0
0
0
0
0
0
0.053
0
0
0
0
0
0
0
0
0
0
0
0.0196
0
0
0
0
0
0
0
0
0.0174
0
0
0
0
0
0
0
0
0
0
0
0
0
0
0
0
0.1047
0.003
0
0
0
0
0
0.0829
0
0
0
0
0
0
0
0
0
0.1033
0.0163
0
0
0.0552
0
0
0
0
0.0038
0
0.0119
0
0
0.0208
0.0289
0.0097
0
0.0765
0
0
0
0
0
0
0
0
0
0
0
0
0.0522
0
0
0
0
0
0
0
0
0
0
0
0
0
0.0253
0
0
0.0222
0.0387
0
0
0
0
0
0
0
