0
0
0
0
0
0
0
0
0
0
0
0
0
0
0
0
0
0
0
0
0
0
0
0
0
0
0
0
0
0
0
0
0
0
0
0
0
0
0
0
0
0
0
0
0
0
0
0
0
0
0
0
0
0
0
0
0
0
0
0
0
0
0
0
0
0
0
0
0
0
0
0
0
0
0
0
0
0
0
0
0
0
0
0
0
0
0
0
0
0
0
0
0
0
0
0
0
0
0
0
0
0
0
0
0
0
0
0
0
0
0
0
0
0
0
0
0
0
0
0
0
0
0
0
0
0
0
0
0
0
0
0
0
0
0
0
0
0
0
0
0
0
0
0
0
0
0
0
0
0
0
0
0
0
0
0
0
0
0
0
0
0
0
0
0
0
0
0
0
0
0
0
0
0
0
0
0
0
0
0
0
0
0
0
0
0
0
0
0
0
0
0
0
0
0
0
0
0
0
0
0
0
0
0
0
0
0
0
0
0
0
0
0
0
0
0
0
0
0
0
0
0
0
0
0
0
0
0
0
0
0
0
0
0
0
0
0
0
0
0
0
0
0
0
0
0
0
0
0
0
0
0
0
0
0
0
0
0
0
0
0
0
0
0
0
0
0
0
0
0
0
0
0
0
0
0
0
0
0
0
0
0
0
0
0
0
0
0
0
0
0
0
0
0
0
0
0
0
0
0
0
0
0
0
0
0
0
0
0
0
0
0
0
0
0
0
0
0
0
0
0
0
0
0
0
0
0
0
0
0
0
0
0
0
0
0
0
0
0
0
0
0
0
0
0
0
0
0
0
0
0
0
0
0
0
0
0
0
0
0
0
0
0
0
0
0
0
0
0
0
0
0
0
0
0
0
0
0
0
0
0
0
0
0
0
0
0
0
0
0
0
0
0
0
0
0
0
0
0
0
0
0
0
0
0
0
0
0
0
0
0
0
0
0
0
0
0
0
0
0
0
0
0
0
0
0
0
0
0
0
0
0
0
0
0
0
0
0
0
0
0
0
0
0
0
0
0
0
0
0
0
0
0
0
0
0
0
0
0
0
0
0
0
0
0
0
0
0
0
0
0
0
0
0
0
0
0
0
0
0
0
0
0
0
0
0
0
0
0
0
0
0
0
0
0
0
0
0
0
0
0
0
0
0
0
0
0
0
0
0
0
0
0
0
0
0
0
0
0
0
0
0
0
0
0
0
0
0
0
0
0
0
0
0
0
0
0
0
0
0
0
0
0
0
0
0
0
0
0
0
0
0
0
0
0
0
0
0
0
0
0
0
0
0
0
0
0
0
0
0
0
0
0
0
0
0
0
0
0
0
0
0
0
0
0
0
0
0
0
0
0
0
0
0
0
0
0
0
0
0
0
0
0
0
0
0
0
0
0
0
0
0
0
0
0
0
0
0
0
0
0
0
0
0
0
0
0
0
0
0
0
0
0
0
0
0
0
0
0
0
0
0
0
0
0
0
0
0
0
0
0
0
0
0
0
0
0
0
0
0
0
0
0
0
0
0
0
0
0
0
0
0
0
0
0
0
0
0
0
0
0
0
0
0
0
0
0
0
0
0
0
0
0
0
0
0
0
0
0
0
0
0
0
0
0
0
0
0
0
0
0
0
0
0
0
0
0
0
0
0
0
0
0
0
0
0
0
0
0
0
0
0
0
0
0
0
0
0
0
0
0
0
0
0
0
0
0
0
0
0
0
0
0
0
0
0
0
0
0
0
0
0
0
0
0
0
0
0
0
0
0
0
0
0
0
0
0
0
0
0
0
0
0
0
0
0
0
0
0
0
0
0
0
0
0
0
0
0
0
0
0
0
0
0
0
0
0
0
0
0
0
0
0
0
0
0
0
0
0
0
0
0
0
0
0
0
0
0
0
0
0
0
0
0
0
0
0
0
0
0
0
0
0
0
0
0
0
0
0
0
0
0
0
0
0
0
0
0
0
0
0
0
0
0
0
0
0
0
0
0
0
0
0
0
0
0
0
0
0
0
0
0
0
0
0
0
0
0
0
0
0
0
0
0
0
0
0
0
0
0
0
0
0
0
0
0
0
0
0
0
0
0
0
0
0
0
0
0
0
0
0
0
0
0
0
0
0
0
0
0
0
0
0
0
0
0
0
0
0
0
0
0
0
0
0
0
0
0
0
0
0
0
0
0
0
0
0
0
0
0
0
0
0
0
0
0
0
0
0
0
0
0
0
0
0
0
0
0
0
0
0
0
0.2072
0.254
0.016
0
0
0
0
0
0
0
0
0
0
0
0
0
0
0
0
0
0
0
0
0
0
0
0
0
0
0
0
0
0
0
0
0
0
0
0
0
0
0
0
0
0
0
0
0
0
0
0
0
0
0
0
0
0.0151
0.0187
0
0
0
0
0
0
0
0
0
0
0
0
0
0
0
0
0
0
0
0
0
0
0
0
0
0
0
0
0
0
0
0
0
0
0
0
0
0
0
0.0197
0
0
0.018
0
0
0
0
0
0
0
0
0
0
0.0147
0.0026
0
0
0
0
0
0
0
0
0
0
0
0
0
0
0.033
0
0
0.0239
0
0
0
0
0
0
0
0
0
0
0
0
0
0
0
0
0
0
0
0
0
0
0
0
0
0
0
0
0
0
0
0
0
0
0
0
0
0
0
0
0
0
0
0
0
0
0
0
0
0
0
0
0
0
0
0
0
0
0
0
0
0
0
0
0
0
0
0
0
0
0
0
0
0
0
0
0
0
0
0
0
0
0
0
0
0
0
0
0
0
0
0
0
0
0
0
0
0
0
0
0
0
0
0
0
0
0
0
0
0
0
0
0
0
0
0
0
0
0
0
0
0
0
0
0
0
0
0
0
0
0
0
0
0
0
0
0
0
0
0
0
0
0
0
0
0
0
0
0
0
0
0
0
0
0
0
0
0
0
0
0
0
0
0
0
0
0
0
0
0
0
0
0
0
0
0
0
0
0
0
0
0
0
0
0
0
0
0
0
0
0
0
0
0
0
0
0
0
0
0
0
0
0
0
0
0
0
0
0
0
0
0
0
0
0
0
0
0
0
0
0
0
0
0
0
0
0
0
0
0
0
0
0
0
0
0
0
0
0
0
0
0
0
0
0
0
0
0
0
0
0
0
0
0
0
0
0
0
0
0
0
0
0
0
0
0
0
0
0
0
0
0
0
0
0
0
0
0
0
0
0
0
0
0
0
0
0
0
0
0
0
0
0
0
0
0
0
0
0
0
0
0
0
0
0
0
0
0
0
0
0
0
0
0
0
0
0
0
0
0
0
0
0
0
0
0
0
0
0
0
0
0
0
0
0
0
0
0
0
0
0
0
0
0
0
0
0
0
0
0
0
0
0
0
0
0
0
0
0
0
0
0
0
0
0
0
0
0
0
0
0
0
0
0
0
0
0
0
0
0
0
0
0
0
0
0
0
0
0
0
0
0
0
0
0
0
0
0
0
0
0
0
0
0
0
0
0
0
0
0
0
0
0
0
0
0
0
0
0
0
0
0.0096
0.0074
0
0
0
0.004
0
0
0
0
0.0299
0.0272
0.0232
0.0291
0.0098
0.0035
0
0
0
0
0
0.0065
0
0
0
0
0
0
0
0
0
0
0
0
0
0
0
0
0
0
0.0189
0.0617
0
0.0095
0
0
0
0
0.0401
0
0
0
0.0028
0
0
0
0.0184
0.0454
0
0
0
0.0605
0.011
0
0
0
0.0244
0
0
0
0
0
0
0
0
0
0
0
0
0.0274
0
0
0.0185
0
0
0
0.0186
0
0
0
0
0
0
0
0
0
0
0
0
0
0
0
0
0
0
0
0
0
0
0.0547
0
0
0
0
0
0
0
0
0
0.0266
0
0
0
0.0226
0
0
0
0.0166
0
0
0
0
0.0169
0
0
0
0
0
0
0
0
0
0
0.0178
0
0.0172
0
0
0
0
0
0
0
0
0
0
0
0
0
0
0
0
0.0029
0
0
0
0
0.0438
0.0002
0
0
0
0.0193
0
0
0
0.0649
0
0.0315
0
0
0
0
0
0
0
0
0
0
0
0
0
0.0063
0
0
0
0.0387
0
0
0
0
0
0.0182
0
0
0
0
0
0
0
0
0
0
0
0
0
0
0
0
0
0
0
0
0
0
0
0
0
0
0
0
0
0
0
0
0
0
0
0
0
0
0
0
0
0
0
0
0
0
0
0
0
0
0
0
0
0
0
0
0
0
0
0
0
0
0
0
0
0
0
0
0
0
0
0
0
0
0.0214
0.0152
0
0
0
0
0
0
0
0
0
0
0
0
0
0
0
0
0
0
0
0
0
0
0
0
0
0
0
0
0
0
0
0
0
0.0195
0
0
0
0
0
0
0
0
0
0
0
0
0
0
0
0
0
0
0
0
0
0
0
0
0
0
0
0
0
0
0
0
0
0
0
0
0
0
0
0
0
0
0
0
0
0
0
0
0
0
0
0.0396
0
0
0
0.0334
0
0
0
0
0
0
0
0
0
0
0
0
0
0
0.0173
0
0.0033
0
0
0
0
0
0
0
0
0
0
0
0
0
0
0
0
0.0187
0
0.0226
0
0
0
0
0
0
0
0
0
0
0
0
0
0
0
0
0
0.0159
0
0
0
0
0
0
0
0
0
0
0.0215
0
0
0
0
0.0357
0
0
0
0
0
0
0
0
0
0
0
0
0
0
0
0
0
0
0
0.0056
0
0
0
0
0
0
0
0
0
0
0
0
0
0.0048
0
0.017
0.0191
0
0
0
0
0
0
0
0.0246
0
0
0
0
0
0
0
0
0
0
0.0321
0
0
0
0
0
0
0
0.0242
0
0
0
0
0
0
0
0.0227
0
0
0
0
0
0
0
0
0
0
0.0172
0.0189
0
0.0427
0.0078
0
0.0322
0
0.0337
0
0
0
0
0
0
0
0
0
0
0
0
0
0
0
0
0.0396
0
0.0256
0
0
0
0
0
0.021
0
0
0
0
0
0
0
0
0
0
0
0
0
0
0
0
0
0
0
0
0
0
0
0
0
0
0
0
0
0
0
0
0
0
0
0
0
0
0
0.0185
0
0
0
0.0167
0
0
0
0
0.0369
0
0
0
0
0
0
0
0
0
0
0
0
0
0
0
0
0
0
0
0
0
0
0
0
0.0398
0.0066
0
0
0
0
0
0
0
0
0
0
0
0
0.0043
0
0
0
0
0
0
0
0
0.0207
0
0
0
0
0
0
0
0
0
0.0182
0
0
0
0
0
0
0
0
0
0
0
0
0
0.024
0
0
0
0
0
0.0181
0
0
0
0
0
0
0
0.0175
0
0
0
0
0
0
0.0098
0
0
0
0
0
0.0068
0.0137
0
0
0
0
0
0
0
0
0
0
0
0
0
0.0278
0.0075
0.009
0
0.0408
0
0
0
0
0
0
0
0
0
0
0
0
0
0
0.0121
0
0
0
0
0
0
0
0
0
0
0
0
0.0062
0
0
0
0
0.0174
0
0
0
0
0
0
0
0
0
0
0.0224
0
0
0
0
0
0
0.027
0
0
0
0.0182
0
0
0
0
0
0
0
0
0
0
0
0
0
0
0
0
0
0
0
0
0
0
0
0
0
0
0
0
0
0
0
0
0
0.036
0
0
0
0
0.0215
0
0
0
0.0215
0
0
0
0
0
0
0
0.0201
0
0
0
0
0
0
0
0
0
0
0
0
0
0
0.0229
0
0
0
0
0
0
0
0
0
0
0
0
0
0
0
0
0
0
0
0
0
0
0
0
0
0
0
0
0
0
0
0
0
0
0
0
0
0
0
0
0
0
0
0
0
0
0
0
0
0.0188
0
0
0
0
0
0
0
0
0
0
0
0
0
0
0
0
0
0
0
0
0
0
0
0
0
0.0171
0
0
0
0
0
0
0
0.017
0
0
0
0
0
0
0
0
0
0
0
0
0
0
0
0
0
0
0
0
0
0
0
0
0
0
0
0
0
0
0
0.0305
0
0
0
0
0
0
0
0
0
0
0
0
0
0
0
0
0
0
0
0
0
0
0
0
0
0
0
0
0
0
0
0
0
0
0
0
0
0
0
0
0
0
0
0
0
0
0
0
0
0
0
0
0
0
0
0
0
0
0.0378
0
0
0
0
0
0
0
0.0237
0
0
0
0
0
0
0
0
0
0
0
0
0
0
0
0
0
0
0
0
0
0
0.0248
0
0
0
0
0
0
0
0
0
0
0.0205
0
0
0
0
0
0
0
0
0
0
0
0
0
0
0
0
0
0
0
0
0
0
0
0
0
0
0
0
0
0
0
0
0
0
0
0
0
0
0
0
0
0
0
0
0
0
0
0
0
0.0082
0
0
0
0
0
0
0
0
0
0
0.0207
0
0
0
0
0
0
0
0
0
0
0
0
0
0
0
0
0
0
0
0.018
0
0
0
0
0
0
0
0
0
0
0
0
0
0
0
0
0
0
0
0
0
0
0
0
0
0
0
0
0
0
0
0
0
0.0235
0.0024
0.0336
0
0
0
0
0
0.0447
0.0178
0
0
0
0
0
0
0
0
0
0
0
0
0
0
0
0
0
0
0
0
0
0
0
0
0
0
0
0
0
0
0.0188
0
0
0
0
0
0
0
0
0
0
0
0
0
0
0
0
0
0
0.0242
0
0
0
0
0
0
0
0
0
0.0364
0
0
0
0
0.0225
0
0
0
0
0
0
0
0
0
0
0
0
0
0
0
0
0
0
0
0
0
0
0
0
0
0
0
0
0
0
0
0
0
0
0
0
0.0187
0
0
0
0
0
0
0
0
0
0
0
0
0
0
0
0
0.02
0
0
0
0
0
0
0
0
0
0
0
0
0
0
0
0
0
0
0
0
0
0
0
0
0
0
0
0
0
0
0
0
0
0
0
0
0
0
0
0
0
0
0
0
0
0
0
0
0
0
0
0
0
0
0
0
0
0
0
0
0
0
0
0
0
0
0
0
0
0
0
0
0
0
0
0
0
0
0
0
0
0
0
0
0
0
0
0
0
0
0
0
0
0
0
0
0
0
0
0
0
0
0
0
0
0
0
0
0
0
0
0
0
0
0
0
0
0
0
0
0
0
0
0
0
0
0
0
0
0
0
0
0
0
0
0
0
0
0
0
0
0
0
0
0
0
0
0
0
0
0
0
0
0
0
0
0
0
0
0
0
0
0
0
0
0
0
0
0
0
0
0
0
0
0
0
0
0
0
0
0
0
0
0
0
0
0.021
0
0.0113
0
0
0
0
0
0
0
0
0.0458
0
0.0677
0
0
0.0442
0
0
0
0
0.0149
0
0
0
0
0
0.0069
0.0109
0
0
0
0
0
0
0
0
0
0
0
0
0
0
0
0.0349
0
0
0
0
0
0
0
0
0
0
0
0
0
0
0
0
0
0
0.038
0
0
0
0
0
0
0
0
0
0
0
0.0093
0
0
0.0335
0
0
0
0
0.0155
0.0184
0
0
0
0
0
0
0.0054
0
0
0
0
0
0
0
0.0275
0
0
0
0
0
0
0
0
0.0051
0
0.0047
0
0
0
0
0
0
0
0
0
0
0
0
0
0
0
0
0
0
0
0
0
0
0
0
0
0
0.0046
0
0
0
0
0
0
0
0
0
0
0
0
0
0
0
0
0
0
0
0
0
0
0
0
0
0
0
0
0
0
0
0
0
0
0
0
0
0
0
0
0
0
0
0
0
0
0
0
0
0
0
0
0
0
0
0
0
0
0
0
0
0
0
0
0
0
0
0
0
0
0
0
0
0
0
0
0
0
0
0
0
0
0
0
0
0
0.0246
0
0
0
0
0
0
0
0
0
0
0
0
0
0
0
0
0
0
0
0
0
0
0
0
0.0243
0
0
0
0
0
0
0
0
0
0
0
0
0
0.0024
0
0
0
0
0
0.0206
0
0
0
0.0233
0
0
0
0
0.0217
0.0196
0
0
0
0
0
0.0298
0.0352
0.0334
0
0
0
0
0
0
0.0159
0.009
0
0
0
0
0
0
0
0.0255
0
0
0
0
0
0
0
0
0.0397
0
0
0
0
0
0
0
0
0
0
0
0
0
0
0
0
0
0
0
0
0
0
0
0
0
0
0
0
0.0167
0.0187
0
0.0158
0.0239
0
0
0
0
0
0.016
0
0.0812
0
0
0
0
0
0
0.0165
0
0
0
0
0
0
0
0
0
0
0
0
0
0
0.0353
0
0
0
0
0
0
0
0
0
0
0
0.0175
0
0
0
0.0415
0
0
0
0
0.0335
0
0
0
0
0
0
0
0
0
0
0.0594
0
0
0.0042
0
0
0
0
0
0.0213
0
0
0.0233
0
0.002
0.0575
0
0
0
0
0
0
0.0396
0
0.0191
0
0
0.0027
0
0.0246
0
0.0208
0.0167
0.0207
0
0
0
0
0
0
0.0262
0
0
0
0
0.0045
0
0
0
0
0
0
0
0
0
0.0034
0.0221
0
0
0
0
0
0
0
0
0.026
0.0175
0
0
0
0
0.0951
0
0
0.0202
0
0
0
0
0
0
0.0189
0
0
0
0
0
0
0
0
0
0
0
0
0
0
0
0
0.0084
0.0163
0
0
0.0701
0
0.0212
0
0
0
0
0
0
0
0.0174
0
0.0532
0
0
0
0
0
0.0035
0
0
0
0
0.068
0.0143
0.0046
0
0
0
0
0
0
0
0
0
0
0
0
0
0
0.0317
0
0
0
0
0
0
0
0
0
0
0
0
0
0
0
0
0
0
0
0.0209
0
0
0.0384
0
0
0.0215
0.0039
0
0
0
0.0349
0.0391
0
0
0
0
0
0
0.0057
0
0
0
0
0
0
0
0
0
0
0
0
0
0.0113
0
0
0.0539
0.0255
0
0
0
0
0
0
0
0
0
0.0162
0
0
0
0
0
0
0
0
0
0
0
0
0.0171
0
0
0
0
0.0161
0
0
0
0
0
0
0
0
0
0
0
0
0
0
0
0
0
0
0
0
0
0
0
0
0
0
0.0125
0.0204
0
0
0
0
0.0218
0
0.0224
0
0
0
0
0.0233
0
0
0
0
0
0
0
0
0
0
0
0
0
0
0
0
0
0
0
0
0
0
0
0
0
0
0
0
0
0
0
0
0
0
0
0
0
0
0
0
0
0
0.0064
0
0
0.0178
0
0.0311
0
0
0
0
0
0.0037
0.0458
0
0
0
0
0
0
0
0
0
0
0
0
0
0
0.022
0
0.0335
0
0
0
0
0
0.0027
0
0
0.0206
0
0.0213
0
0
0
0
0.0139
0.0497
0
0
0
0
0
0.0103
0
0
0
0
0
0
0
0
0
0
0
0
0
0
0
0.0176
0
0
0.0077
0
0
0
0
0
0
0
0
0
0
0
0
0
0
0.0041
0
0
0
0
0
0
0.0042
0
0
0.0188
0
0.0096
0
0
0.037
0
0
0.0157
0
0
0
0
0
0
0
0
0
0
0.0382
0
0
0
0.0205
0
0
0
0.0332
0
0.024
0
0
0
0
0
0
0.025
0.0464
0
0
0
0
0
0
0.0056
0
0.0382
0
0
0
0
0
0
0
0.0088
0
0
0.0182
0
0
0
0
0
0
0
0
0.0214
0
0
0
0
0
0
0
0
0
0
0
0
0
0
0
0
0
0
0
0
0
0
0.0062
0
0
0
0
0
0
0
0
0
0
0
0
0
0
0
0
0
0
0
0.0205
0.0724
0
0.012
0
0
0
0
0
0
0
0
0
0
0.0113
0.0198
0
0
0
0
0
0
0
0.0196
0
0
0.0217
0
0
0
0
0
0
0
0
0
0.0431
0
0
0
0
0
0
0
0
0
0
0
0
0
0
0
0.0216
0
0
0
0
0
0
0
0
0
0
0.0189
0
0
0.0166
0
0
0
0
0
0.0424
0
0
0
0
0
0
0
0
0
0.0201
0
0
0
0
0
0.0257
0
0
0
0
0
0
0
0.0169
0
0
0.0198
0.0186
0
0.0068
0
0
0
0
0
0.0173
0
0.0316
0
0
0
0
0
0
0
0
0
0
0
0
0.0418
0
0
0
0.0202
0
0.0413
0.0386
0.0309
0
0
0
0
0.0257
0
0
0
0
0
0
0
0
0
0
0
0.0563
0
0.0363
0
0
0
0
0
0
0.0066
0
0
0
0
0
0
0
0
0
0
0.0206
0
0
0.0193
0
0
0
0
0
0
0
0
0
0
0.0168
0
0
0
0.0041
0
0
0
0
0
0
0
0
0
0
0
0
0
0
0
0.0168
0
0
0
0
0
0
0
0
0
0
0
0
0
0
0
0
0
0
0
0
0
0
0.0409
0.0182
0
0
0
0
0.0256
0
0
0
0.0277
0
0
0
0
0
0
0
0
0
0
0
0
0
0
0
0
0
0.0046
0
0
0
0
0
0
0
0
0
0
0
0
0
0
0
0
0
0
0
0
0
0
0
0
0
0
0
0
0
0
0
0
0
0
0
0
0
0
0
0
0
0
0
0
0
0
0
0
0
0
0
0
0.0399
0
0.0231
0
0
0
0
0
0.0179
0
0.0172
0
0
0
0
0
0
0
0
0
0
0
0
0
0.0214
0
0
0
0
0
0
0
0
0
0
0.0297
0.0067
0.0244
0
0
0
0
0
0
0
0
0
0
0
0
0
0.0392
0
0
0
0
0.0172
0
0
0
0
0
0
0
0
0
0
0
0.0627
0.0178
0
0
0
0
0
0
0.0177
0
0
0
0
0
0
0
0.0315
0
0.0979
0.0647
0
0
0
0.0189
0.0296
0.0159
0
0
0
0
0
0
0
0
0
0
0
0
0
0
0
0
0
0.0055
0
0.0535
0
0
0.0204
0
0
0
0.0429
0
0
0
0
0
0.0177
0.0625
0.0053
0
0
0.0402
0
0
0.0149
0
0.0059
0.0183
0
0
0.0089
0.0056
0
0
0
0
0
0
0
0
0.0067
0
0.0364
0
0
0
0
0
0
0
0.0178
0
0
0
0
0
0
0.0182
0
0.0248
0.0359
0
0
0
0
0
0.0405
0
0.0552
0.0012
0.0567
0
0
0.0142
0
0
0
0
0.0057
0
0
0
0
0
0
0
0
0
0
0
0
0
0
0
0
0
0
0
0
0
0
0
0
0
0
0
0
0
0.0357
0
0
0
0
0
0
0.0234
0
0.0067
0
0
0
0
0
0
0
0
0
0
0
0
0
0
0
0
0
0
0
0
0
0
0
0
0
0
0
0
0.0368
0
0
0
0.0323
0
0
0.0042
0
0
0
0
0
0.0229
0
0.0221
0
0
0
0
0
0
0
0
0
0
0
0
0
0.0074
0
0
0
0
0
0.0376
0.0691
0.0132
0
0
0
0
0
0
0
0
0
0
0
0
0
0
0
0
0
0
0
0
0
0
0
0.018
0
0
0
0
0
0
0.0377
0
0
0.0351
0
0
0
0
0
0.0446
0.0029
0
0
0.024
0
0.0414
0.0167
0
0.0261
0
0
0
0
0
0
0.0315
0
0
0
0.0214
0
0
0
0
0
0.0197
0
0
0.0383
0
0
0
0
0
0
0
0
0
0
0
0
0.0116
0.0246
0
0
0
0
0
0
0.0475
0.0039
0
0
0
0
0
0
0.0237
0
0.0203
0
0
0
0.0234
0.0101
0
0
0
0
0.0213
0
0
0
0
0
0
0
0
0
0
0
0
0.0088
0
0
0.0081
0.0173
0.0223
0
0
0
0
0
0.0224
0
0
0
0
0.0385
0
0
0
0
0
0.0159
0
0
0
0
0
0.0152
0
0
0
0
0.0247
0.0217
0
0
0
0
0
0
0
0
0
0
0
0
0.0054
0.0168
0
0
0
0
0
0
0
0
0
0
0
0.0229
0.0399
0
0
0
0.0398
0
0
0.0203
0.0393
0.0184
0
0.02
0.0167
0
0.0201
0
0.0402
0
0
0
0
0
0
0
0
0
0.0237
0
0
0.0561
0
0
0.0225
0
0
0
0.0067
0
0
0.009
0
0
0.0202
0
0
0
0.0891
0
0.0171
0
0
0
0
0
0
0
0
0
0
0
0
0.0595
0
0
0
0.0227
0
0
0.018
0
0.0218
0
0
0
0
0
0
0
0
0.0036
0
0.0194
0
0
0
