0
0
0
0
0
0
0
0
0
0
0
0
0
0
0
0
0
0
0
0
0
0
0
0
0
0
0
0
0
0
0
0
0
0
0
0
0
0
0
0
0
0
0
0
0
0
0
0
0
0
0
0
0
0
0
0
0
0
0
0
0
0
0
0
0
0
0
0
0
0
0
0
0
0
0
0
0
0
0
0
0
0
0
0
0
0
0
0
0
0
0
0
0
0
0
0
0
0
0
0
0
0
0
0
0
0
0
0
0
0
0
0
0
0
0
0
0
0
0
0
0
0
0
0
0
0
0
0
0
0
0
0
0
0
0
0
0
0
0
0
0
0
0
0
0
0
0
0
0
0
0
0
0
0
0
0
0
0
0
0
0
0
0
0
0
0
0
0
0
0
0
0
0
0
0
0
0
0
0
0
0
0
0
0
0
0
0
0
0
0
0
0
0
0
0
0
0
0
0
0
0
0
0
0
0
0
0
0
0
0
0
0
0
0
0
0
0
0
0
0
0
0
0
0
0
0
0
0
0
0
0
0
0
0
0
0
0
0
0
0
0
0
0
0
0
0
0
0
0
0
0
0
0
0
0
0
0
0
0
0
0
0
0
0
0
0
0
0
0
0
0
0
0
0
0
0
0
0
0
0
0
0
0
0
0
0
0
0
0
0
0
0
0
0
0
0
0
0
0
0
0
0
0
0
0
0
0
0
0
0
0
0
0
0
0
0
0
0
0
0
0
0
0
0
0
0
0
0
0
0
0
0
0
0
0
0
0
0
0
0
0
0
0
0
0
0
0
0
0
0
0
0
0
0
0
0
0
0
0
0
0
0
0
0
0
0
0
0
0
0
0
0
0
0
0
0
0
0
0
0
0
0
0
0
0
0
0
0
0
0
0
0
0
0
0
0
0
0
0
0
0
0
0
0
0
0
0
0
0
0
0
0
0
0
0
0
0
0
0
0
0
0
0
0
0
0
0
0
0
0
0
0
0
0
0
0
0
0
0
0
0
0
0
0
0
0
0
0
0
0
0
0
0
0
0
0
0
0
0
0
0
0
0
0
0
0
0
0
0
0
0
0
0
0
0
0
0
0
0
0
0
0
0
0
0
0
0
0
0
0
0
0
0
0
0
0
0
0
0
0
0
0
0
0
0
0
0
0
0
0
0
0
0
0
0
0
0
0
0
0
0
0
0
0
0
0
0
0
0
0
0
0
0
0
0
0
0
0
0
0
0
0
0
0
0
0
0
0
0
0
0
0
0
0
0
0
0
0
0
0
0
0
0
0
0
0
0
0
0
0
0
0
0
0
0
0
0
0
0
0
0
0
0
0
0
0
0
0
0
0
0
0
0
0
0
0
0
0
0
0
0
0
0
0
0
0
0
0
0
0
0
0
0
0
0
0
0
0
0
0
0
0
0
0
0
0
0
0
0
0
0
0
0
0
0
0
0
0
0
0
0
0
0
0
0
0
0
0
0
0
0
0
0
0
0
0
0
0
0
0
0
0
0
0
0
0
0
0
0
0
0
0
0
0
0
0
0
0
0
0
0
0
0
0
0
0
0
0
0
0
0
0
0
0
0
0
0
0
0
0
0
0
0
0
0
0
0
0
0
0
0
0
0
0
0
0
0
0
0
0
0
0
0
0
0
0
0
0
0
0
0
0
0
0
0
0
0
0
0
0
0
0
0
0
0
0
0
0
0
0
0
0
0
0
0
0
0
0
0
0
0
0
0
0
0
0
0
0
0
0
0
0
0
0
0
0
0
0
0
0
0
0
0
0
0
0
0
0
0
0
0
0
0
0
0
0
0
0
0
0
0
0
0
0
0
0
0
0
0
0
0
0
0
0
0
0
0
0
0
0
0
0
0
0
0
0
0
0
0
0
0
0
0
0
0
0
0
0
0
0
0
0
0
0
0
0
0
0
0
0
0
0
0
0
0
0
0
0
0
0
0
0
0
0
0
0
0
0
0
0
0
0
0
0
0
0
0
0
0
0
0
0
0
0
0
0
0
0
0
0
0
0
0
0
0
0
0
0
0
0
0
0
0
0
0
0
0
0
0
0
0
0
0
0
0
0
0
0
0
0
0
0
0
0
0
0
0
0
0
0
0
0
0
0
0
0
0
0
0
0
0
0
0
0
0
0
0
0
0
0
0
0
0
0
0
0
0
0
0
0
0
0
0
0
0.0189
0
0
0
0
0
0
0
0
0
0
0
0
0
0
0
0
0
0.4151
0.8
0
0.0366
0
0
0
0
0
0
0
0
0
0
0
0
0
0
0
0
0
0
0
0
0
0
0.0478
0
0
0
0
0
0
0
0
0
0
0
0
0
0
0
0
0
0
0
0
0
0
0
0
0
0
0
0
0
0
0
0
0
0
0
0
0.0189
0
0
0
0
0
0
0
0
0
0
0
0
0
0
0
0
0
0
0
0
0
0
0
0
0
0
0
0
0
0
0
0
0
0.0216
0.0158
0
0
0
0
0.0229
0
0
0
0
0
0.0168
0
0
0
0
0
0
0
0
0
0
0
0
0
0
0
0
0
0
0
0
0
0
0
0
0
0
0.0253
0
0
0
0
0
0
0
0
0
0
0
0
0
0
0
0
0
0
0
0
0
0
0
0
0
0
0
0
0
0
0
0
0
0
0
0
0
0
0
0
0
0
0
0
0
0
0
0
0
0
0
0
0
0
0
0
0
0
0
0
0
0
0
0
0
0
0
0
0
0
0
0
0
0
0
0
0
0
0
0
0
0
0
0
0
0
0
0
0
0
0
0
0
0
0
0
0
0
0
0
0
0
0
0
0
0
0
0
0
0
0
0
0
0
0
0
0
0
0
0
0
0
0
0
0
0
0
0
0
0
0
0
0
0
0
0
0
0
0
0
0
0
0
0
0
0
0
0
0
0
0
0
0
0
0
0
0
0
0
0
0
0
0
0
0
0
0
0
0
0
0
0
0
0
0
0
0
0
0
0
0
0
0
0
0
0
0
0
0
0
0
0
0
0
0
0
0
0
0
0
0
0
0
0
0
0
0
0
0
0
0
0
0
0
0
0
0
0
0
0
0
0
0
0
0
0
0
0
0
0
0
0
0
0
0
0
0
0
0
0
0
0
0
0
0
0
0
0
0
0
0
0
0
0
0
0
0
0
0
0
0
0
0
0
0
0
0
0
0
0
0
0
0
0
0
0
0
0
0
0
0
0
0
0
0
0
0
0
0
0
0
0
0
0
0
0
0
0
0
0
0
0
0
0
0
0
0
0
0
0
0
0
0
0
0
0
0
0
0
0
0
0
0
0
0
0
0
0
0
0
0
0
0
0
0
0
0
0
0
0
0
0
0
0
0
0
0
0
0
0
0
0.0194
0
0
0
0
0
0
0
0
0
0
0
0
0
0
0
0
0
0
0
0
0
0
0
0
0
0
0
0
0
0
0
0
0
0
0
0
0
0
0
0
0
0
0
0
0
0
0
0
0
0
0.0203
0.0247
0.0071
0
0.0139
0
0
0
0
0
0
0
0
0
0.0178
0
0
0
0.0044
0
0.0167
0
0
0.0054
0.0067
0
0
0
0.0181
0
0
0
0.0096
0
0
0
0
0
0
0
0
0
0
0
0
0
0
0
0
0
0
0
0
0
0.0941
0
0
0
0
0
0
0.0786
0.0166
0
0.0264
0
0
0
0
0.0137
0.0705
0
0.0459
0
0.0428
0.0413
0.0221
0
0
0.0534
0.0263
0
0
0.0461
0
0
0
0
0
0
0
0.0447
0.0227
0
0
0.0208
0
0
0
0
0
0.0374
0
0.0032
0
0
0
0.0437
0
0
0
0
0
0
0
0
0
0
0
0
0
0.0221
0.0975
0
0
0
0
0
0
0
0
0
0
0
0
0
0.0032
0.0375
0
0
0
0
0
0
0
0
0
0
0
0
0
0
0
0
0
0
0
0
0
0
0
0
0
0
0
0
0
0.0103
0
0
0
0
0.0095
0
0
0
0
0
0
0
0
0
0
0.0407
0
0
0
0
0
0.0418
0
0.02
0
0
0.0116
0.0401
0
0
0
0
0
0
0.0597
0.0186
0
0
0
0.0116
0.0067
0
0
0
0
0
0
0
0
0
0
0
0
0
0
0
0
0
0
0
0
0
0
0
0
0
0
0
0
0
0
0
0
0.0035
0.02
0
0
0
0
0
0
0
0
0
0
0.0175
0
0
0
0
0
0
0
0
0
0
0
0
0
0
0
0
0
0
0
0
0
0
0
0
0
0
0
0
0
0
0
0
0
0
0
0
0
0
0
0
0
0
0
0
0
0
0
0
0
0
0
0
0
0
0
0
0
0
0
0
0
0
0
0
0
0
0
0
0
0
0
0
0
0
0
0
0
0
0
0
0
0
0
0
0
0
0
0
0
0
0
0
0
0
0
0
0
0
0
0
0.0346
0
0
0
0
0
0.004
0.0333
0
0
0
0
0
0.0627
0
0
0
0
0
0
0.0294
0.0138
0.0175
0.035
0
0
0
0
0
0
0
0
0
0
0.0268
0
0
0.009
0
0
0
0
0
0
0.1104
0
0
0
0
0
0
0
0
0
0
0
0
0
0
0
0
0
0
0
0
0
0
0
0
0
0
0
0
0
0
0
0
0
0
0
0
0
0
0
0.0148
0.019
0
0.0231
0
0
0
0
0
0
0
0
0
0
0
0
0.0221
0
0
0
0
0
0.0361
0
0
0
0
0
0
0.0064
0
0
0
0
0
0
0
0
0
0
0
0
0
0
0
0
0
0
0
0.0047
0
0
0
0
0.0252
0.021
0
0
0
0
0.0262
0.0149
0
0
0
0
0
0
0.0235
0
0
0
0.0265
0
0
0
0
0.0204
0
0
0
0
0
0
0.0209
0
0.0125
0
0
0
0
0
0
0
0
0.0307
0
0
0
0
0
0
0
0
0
0
0
0
0
0
0
0
0
0
0
0
0
0
0
0
0
0
0
0
0
0
0
0.0055
0
0
0
0
0
0
0
0
0
0
0
0
0
0
0.0166
0
0.0369
0.0053
0
0
0
0
0
0
0
0
0
0
0
0
0
0
0
0
0
0
0
0
0
0
0
0
0
0
0
0
0
0
0
0
0
0
0
0
0
0
0
0
0
0.0057
0
0
0
0
0
0
0
0
0
0
0
0.0237
0
0
0
0
0
0
0
0
0
0
0
0.0189
0
0
0
0
0
0
0
0
0
0
0
0.0226
0
0
0
0.0195
0
0.0177
0
0
0
0
0
0
0
0.0329
0
0
0
0
0
0
0
0.0223
0.017
0
0
0
0
0
0
0
0
0
0
0
0
0
0
0.0059
0
0.0736
0
0
0
0
0
0
0
0
0.0182
0
0
0
0
0.0198
0.0479
0
0
0
0
0
0.0163
0
0
0
0
0
0
0
0
0.0785
0.0596
0
0
0.0149
0.0384
0
0
0
0
0
0.0163
0.0168
0
0
0.0179
0
0.0199
0.0067
0
0
0
0
0
0
0.0192
0
0
0
0
0
0
0
0
0
0.0151
0
0
0
0
0
0
0
0
0
0
0
0
0
0
0
0.0286
0
0
0
0
0
0
0
0
0
0
0
0
0
0.0057
0
0
0
0
0
0
0
0
0
0
0
0
0
0
0
0
0.0055
0
0
0
0
0
0
0
0.0163
0
0
0
0
0
0.0235
0
0
0
0
0
0
0
0.021
0
0
0
0
0
0
0
0
0
0
0
0
0
0.0371
0
0
0
0
0.0188
0
0.0119
0
0
0
0
0
0
0
0
0
0
0
0
0
0
0
0
0
0
0
0
0
0
0
0
0
0
0
0
0
0
0
0
0
0
0
0
0
0
0
0
0
0
0
0
0.0167
0
0
0
0
0
0
0.0159
0
0
0
0
0
0
0
0.0412
0
0
0
0
0
0
0
0
0
0
0
0
0
0
0
0
0
0
0
0
0
0
0
0
0
0
0
0
0
0
0
0
0
0
0
0
0
0
0
0
0
0
0
0
0
0
0
0
0
0
0
0.0229
0
0
0
0
0
0
0
0
0
0
0
0
0
0
0.0205
0
0
0.0244
0
0
0
0
0
0
0
0
0
0.0188
0
0
0
0
0
0
0
0.0338
0
0.0174
0
0
0
0
0
0
0
0
0
0
0
0
0
0
0
0
0
0
0
0
0
0
0
0
0
0
0
0
0
0
0
0
0
0
0
0
0
0
0
0
0
0
0
0
0
0
0.0129
0
0
0
0
0
0
0
0
0
0
0
0
0
0
0
0
0
0
0
0
0
0
0.0261
0
0
0
0
0
0
0
0
0.0211
0
0.0448
0
0
0.0088
0
0
0
0
0
0
0.0238
0
0
0
0
0
0
0
0
0
0
0
0
0
0
0
0
0
0
0
0
0
0
0
0
0
0
0
0
0
0
0
0
0
0
0
0
0
0
0
0
0
0
0
0
0
0
0
0
0
0
0
0
0
0
0
0
0
0
0
0
0
0
0
0
0
0
0
0
0
0
0
0
0
0
0
0
0
0
0
0.0729
0
0
0
0
0
0
0
0.0241
0
0
0.0467
0.0299
0
0
0
0
0
0
0.0056
0
0
0
0.0229
0
0
0
0
0
0
0.0177
0
0
0
0
0
0
0.013
0.0168
0
0
0
0
0
0
0
0
0
0
0
0
0
0
0
0
0
0
0
0
0.0189
0
0
0.038
0
0
0
0
0
0
0
0
0
0
0
0
0
0
0
0
0
0
0
0
0
0
0
0
0
0
0
0
0
0
0
0
0
0
0
0
0
0
0
0
0
0
0
0
0
0
0
0
0
0
0
0
0
0
0
0
0
0
0
0
0
0
0
0
0
0
0
0
0
0
0
0
0.0206
0
0
0
0
0
0.0228
0
0
0
0
0
0
0
0
0
0
0
0
0
0
0
0
0
0
0
0
0
0
0
0
0
0
0
0
0
0
0
0
0
0
0
0
0
0
0
0
0
0
0
0
0
0
0
0
0
0
0
0
0
0.0162
0
0
0
0
0
0
0
0
0
0
0
0
0
0.0198
0
0
0
0.0349
0
0
0
0
0
0
0
0
0
0
0
0
0
0
0
0
0
0
0
0
0
0
0
0
0
0
0
0
0
0
0
0
0
0.0258
0
0
0
0
0
0
0
0
0.0086
0
0
0
0.0201
0
0
0
0
0
0
0
0
0
0
0
0.0183
0
0
0
0
0.0242
0
0
0
0
0
0
0
0
0
0
0
0.0209
0
0
0
0
0
0
0
0
0
0
0
0
0.0197
0
0
0
0
0
0
0
0
0.0055
0
0
0
0
0
0
0
0.0177
0
0
0
0
0
0
0
0
0
0.0108
0.0207
0.0384
0
0
0
0
0
0.0169
0.0809
0.0865
0
0.1313
0
0
0.0243
0
0.0601
0.0585
0.0202
0.0156
0
0.0154
0.0253
0
0
0
0
0.0115
0.0161
0
0.0184
0.0037
0
0
0
0
0
0
0
0.0971
0.0183
0
0
0
0
0
0
0
0
0
0
0
0.0367
0
0
0
0
0
0
0.0198
0
0
0.0225
0
0
0.0303
0
0.0065
0
0
0.0184
0
0
0.0467
0.0057
0
0.0085
0
0
0.0166
0
0.0663
0
0
0
0.0205
0
0.0258
0
0
0
0.0195
0
0
0.0205
0
0
0
0
0
0
0
0
0.0407
0
0
0
0
0
0
0.0211
0
0.0201
0
0
0
0
0
0
0.0196
0
0
0
0.0214
0
0
0
0
0
0
0
0
0.039
0
0
0
0
0.0176
0
0
0
0
0
0
0
0
0.0247
0
0
0
0
0
0
0
0
0
0
0
0
0
0
0
0
0
0
0
0
0
0
0
0
0
0
0
0
0
0
0
0
0
0
0
0
0
0
0
0
0
0
0
0
0
0
0
0
0
0
0
0.0215
0.0222
0
0
0
0
0
0
0.0068
0
0.0037
0
0
0.0395
0
0
0
0
0.0248
0
0
0.0601
0
0
0
0.0245
0
0
0
0
0
0
0.0181
0
0
0
0.0047
0
0
0.0213
0
0
0.0251
0
0
0
0.0234
0
0
0
0
0
0
0
0
0
0.0381
0
0.0281
0
0
0
0
0
0
0
0
0.0187
0
0
0
0
0
0
0.0217
0
0.0407
0.0492
0.0574
0.0083
0
0
0.04
0.0241
0.0426
0
0
0
0
0.0065
0
0
0
0
0
0
0.0197
0.0162
0
0
0.0221
0
0
0
0
0
0
0
0
0
0
0
0.0036
0
0
0
0
0
0
0
0
0
0
0
0
0
0
0
0
0.0224
0
0.0209
0
0
0
0
0.0041
0.0588
0
0
0
0
0.021
0.0221
0
0
0.0157
0.0194
0
0
0.0325
0
0
0
0
0
0
0
0
0
0
0
0
0.0171
0.0215
0.0904
0.02
0.0423
0.0233
0.016
0
0
0.0599
0.0151
0.0344
0.0259
0
0
0
0
0
0
0
0
0.0479
0
0.0212
0
0.1157
0
0
0.0176
0
0
0
0
0
0
0
0
0
0.0186
0
0
0.0075
0
0
0
0
0
0
0
0
0
0
0
0.0154
0
0
0
0
0
0
0
0.0165
0
0
0
0.0175
0.0202
0.0193
0.02
0.0138
0
0.0273
0
0
0.0729
0
0
0
0
0
0.0341
0.0182
0
0
0.0483
0.0175
0.0504
0
0
0
0.0216
0
0.0167
0.0007
0.0477
0
0.0771
0.0517
0
0.0052
0.0345
0.0191
0.0799
0.0183
0
0
0.0051
0.016
0
0
0
0
0.1644
0.0136
0
0
0
0.0246
0
0
0
0
0
0
0.0054
0
0
0
0
0
0
0
0.0072
0
0
0
0.0207
0.0152
0
0.1294
0.0187
0.049
0
0.0313
0.0651
0.0194
0.0656
0
0
0
0
0.0149
0.0169
0
0
0.0383
0
0
0
0.0186
0
0
0
0
0
0
0.0098
0.0299
0.0085
0
0
0
0
0
0
0
0
0
0
0
0.0331
0.0199
0.0035
0.0588
0.0414
0.0064
0
0
0
0
0
0
0
0
0
0
0
0
0
0
0.025
0
0
0
0
0
0
0
0
0.0605
0
0
0
0
0
0.0192
0
0
0.0544
0.0159
0
0
0.0054
0.0067
0
0.0335
0
0
0.0199
0.0326
0.0582
0.0223
0
0.0283
0.0047
0
0.0161
0.1102
0.018
0.0864
0
0
0
0
0
0
0.0777
0.0401
0
0
0.0692
0.016
0.0043
0.032
0
0
0
0
0.0242
0
0.0219
0
0.0514
0
0
0
0
0
0.0492
0
0
0.0324
0
0.0097
0
0
0
0
0
0
0
0.0053
0.009
0
0
0.0055
0
0
0.0256
0
0
0
0
0.017
0
0
0
0
0
0.009
0
0
0
0
0
0
0
0
0
0.0271
0.0241
0
0
0
0
0
0
0
0
0
0
0
0
0
0
0
0
0.0147
0
0
0
0
0
0
0
0
0
0
0
0
0
0
0.0389
0
0
0
0
0
0
0
0
0.0539
0
0
0.0304
0.0076
0
0
0
0
0
0.0317
0.02
0.0867
0
0.0171
0
0
0.0105
0
0
0
0.0167
0
0
0
0
0
0.0599
0
0.0382
0.0297
0
0
0
0
0.0383
0.0191
0
0
0.0594
0.0502
0
0
0.0456
0
0
0
0.0558
0
0
0
0
0
0
0
0
0
0
0
0
0.013
0
0
0
0.0248
0
0
0
0.0183
0
0
0.0015
0.0031
0
0
0
0.0044
0.0167
0
0
0
0
0
0.0035
0.0125
0
0.0174
0
0
0.0418
0
0.033
0
0.0891
0.0406
0
0.0381
0
0.0205
0
0
0.0209
0
0
0.0529
0.0189
0
0
0
0
0
0
0
0
0.0198
0
0
0
0.0531
0
0
0
0.0363
0.0464
0.0571
0
0
0
0.0062
0
0
0.047
0.0174
0.1152
0.1045
0
0.0198
0
0.0435
0.0178
0.0205
0
0
0
0
0.0378
0.0182
0
0
0
0.0121
0
0.0189
0.1042
0.024
0.0156
0
0
0
0
0
0.0584
0
0
0
0
0
0
0.0218
0
0
0
0
0
0
0
0
0
0
0
0.016
0
0
0
0
0
0
0.0209
0.0178
0
0
0
0
0
0
0
0
0
0
0
0
0
0.0193
0
0
0
0
0
0
0
0
0
0
0
0.0096
0.0229
0
0
0
0
0.0307
0.0172
0
0
0.0068
0
0
0
0.0437
0
0
0
0.0028
0
0
0
0
0
0
0
0.0188
0
0
0
0
0
0
0
0
0
0
0
0
0
0
0.0078
0
0
0.0168
0
0
0
0
0
0
0
0
0
0.0293
0.0179
0.0394
0
0
0
0.0201
0
0
0.0938
0
0
0.0283
0
0
0
0.025
0
0
0
0.0177
0
0
0
0.0519
0.0234
0
0.0976
0.0084
0.0426
0
0
0
0
0
0
0.0217
0.038
0.075
0
0
0.02
0
0
0.0029
0
0.0226
0.1441
0
0
0
0
0
0
0.0194
0
0
0
0.0188
0.0154
0.0822
0.0142
0
0
0.1006
0.0045
0.0346
0.0577
0.0246
0
0.0178
0
0
0.0045
0
0
0
0
0
0
0
0.0253
0
0
0
0
0
0
0
0.038
0
0
0
0.0165
0.0196
0.0168
0.017
0
0
0
0
0.0364
0
0
0
0
0.0071
0
0
0
0
0
0
0
0
0
0
0.0223
0
0
0
0
0
0
0
0
0
0
0
0
0
0
0
0
0
0
0.0193
0
0
0
0
0
0
0
0
0
0
0
0
0
0
0
0
0
0
0
0
0
0
0
0
0
0
0
0
0
0
0
0
0
0
0
0
0
0
0
0
0
0
0
0
0
0
0.0159
0
0
0
0
0
0
0
0
0
0
0
0
0
0
0
0
0
0
0
0
0
0.0165
0
0.0224
0.0086
0
0
0
0
0
0
0
0
0
0
0
0
0
0
0
0
0.014
0
0
0.0211
0
0
0
0
0
0
0
0
0
0
0
0
0
0
0
0
0.0179
0
0
0.0159
0
0
0
0
0
0
0
0
0
0
0
0
0
0
0
0
0
0.0031
0
0
0
0
0
0
0
0
0
0
0.0181
0
0
0
0
0
0
0.0045
0
0
0
0
0
0
0
0
0
0.0514
0.0461
0
0
0
0
0
0
0
0
0
0
0
0.0358
0
0
0
0.0391
0.0189
0
0
0
0.0211
0
0.0207
0
0.0185
0
0
0.0588
0
0.017
0
0.016
0
0.1241
0
0
0
0.0209
0.0518
0.0617
0.0115
0
0.0192
0.0518
0.0215
0
0.0669
0.0026
0.1332
0
0
0
0
0
0
0
0
0.017
0.0036
0.0213
0
0
0
0.0264
0
0
0
0
0
0
0
0
0
0
0.0246
0.0367
0.0385
0
0.0673
0
0
0.0701
0.0184
0.0436
0.0422
0
0
0.0092
0.0202
0
0
0
0.1595
0
0
0
0
0.0564
0
0.0145
0.0263
0
0
0.0024
0
0.0237
0
0
0.0248
0.0295
0
0
0
0
0.0122
0
0.0211
0.0464
0
0
0
0.1512
0
0
0.0068
0.059
0
0.1073
0
0.0151
0
0
0
0
0
0.0855
0.0075
0.018
0
0
0.0314
0.0044
0
0
0
0
0
0
0
0
0
0
0
0
0
0
0
0.0249
0
0
0
0
0
0
0
0
0
0
0.013
0.0168
0
0
0.02
0
0.0209
0
0
0
0
0
0
0
0
0
0
0
0
0
0
0
0
0
0
0
0
0
0
0
0
0
0
0
0.0044
0.0197
0
0
0.0014
0.043
0.0032
0.0471
0.0251
0
0
0
0.0251
0.0278
0.022
0
0.0539
0
0.0157
0
0.0202
0.0254
0
0.0177
0.0452
0.0171
0.0189
0
0.0889
0.0619
0
0.0206
0
0.0155
0.0632
0
0
0.0408
0.0208
0.0335
0
0.0362
0
0
0
0
0.013
0
0
0
0
0
0
0
0
0
0
0
0
0
0
0
0
0.0161
0
0.0172
0.0036
0
0.1141
0.0498
0
0
0.0358
0
0
0
0
0
0
0.0218
0
0.0208
0
0
0
0
0
0
0
0
0
0
0
0
0.0082
0
0
0
0
0
0
0
0
0
0.0201
0
0
0
0
0
0
0
0.0248
0
0
0.0152
0.0562
0.0346
0
0.0231
0.0058
0.0394
0.0064
0.1127
0
0.0206
0
0.0301
0.0563
0.0506
0
0
0
0.0095
0
0
0
0
0.0461
0
0
0.0141
0.0861
0.073
0.0176
0
0
0
0
0.0231
0
0
0.0479
0.038
0.0039
0
0
0
0.0311
0
0
0
0
0
0.011
0.0065
0.0202
0.0053
0
0
0
0
0.0132
0.0458
0
0.0024
0.0454
0.0287
0
0.0424
0
0
0
0.0193
0
0.0161
0.0185
0.0671
0
0
0.0261
0.0561
0
0.0192
0.0496
0.1115
0
0.0074
0.021
0
0
0
0
0
0
0
0
0
0
0
0
0
0
0
0
0
0.0185
0
0.0214
0
0
0
0.039
0
0.0245
0.0242
0
0
0
0
0
0
0
0.0057
0.0652
0
0
0
0
0
0.0404
0
0.0031
0
0
0.0247
0
0.0063
0.0366
0
0.0202
0
0
0
0.1185
0
0
0
0.0154
0
0.024
0.0291
0.032
0
0.0314
0.0327
0
0.0257
0.0547
0
0
0
0.0415
0.0352
0
0
0
0.0623
0
0
0
0.0346
0
0
0
0
0
0
0.0765
0
0.0624
0
0
0
0
0
0
0
0
0.0086
0
0
0
0
0
0
0
