0.000000
0.000000
1.000000
1.000000
1.000000
1.000000
1.000000
1.000000
1.000000
2.000000
2.000000
2.000000
2.000000
2.000000
3.000000
3.000000
3.000000
3.000000
3.000000
3.000000
3.000000
4.000000
4.000000
4.000000
5.000000
5.000000
5.000000
5.000000
5.000000
5.000000
5.000000
5.000000
6.000000
6.000000
6.000000
6.000000
6.000000
7.000000
7.000000
7.000000
7.000000
7.000000
7.000000
7.000000
8.000000
8.000000
8.000000
8.000000
8.000000
8.000000
8.000000
8.000000
8.000000
8.000000
8.000000
9.000000
9.000000
9.000000
9.000000
9.000000
9.000000
10.000000
10.000000
10.000000
10.000000
11.000000
11.000000
11.000000
11.000000
11.000000
11.000000
11.000000
12.000000
12.000000
12.000000
12.000000
12.000000
12.000000
12.000000
12.000000
12.000000
12.000000
13.000000
13.000000
13.000000
13.000000
13.000000
13.000000
14.000000
14.000000
14.000000
14.000000
15.000000
15.000000
15.000000
16.000000
16.000000
17.000000
17.000000
17.000000
17.000000
18.000000
18.000000
19.000000
19.000000
19.000000
19.000000
20.000000
20.000000
20.000000
21.000000
22.000000
22.000000
22.000000
22.000000
23.000000
24.000000
24.000000
24.000000
25.000000
25.000000
25.000000
26.000000
26.000000
26.000000
27.000000
29.000000
29.000000
30.000000
30.000000
30.000000
31.000000
31.000000
33.000000
33.000000
36.000000
37.000000
38.000000
39.000000
40.000000
41.000000
41.000000
41.000000
43.000000
44.000000
44.000000
48.000000
53.000000
57.000000
77.000000
88.000000
117.000000
142.000000
166.000000
177.000000
187.000000
211.000000
215.000000
227.000000
231.000000
241.000000
250.000000
282.000000
317.000000
358.000000
386.000000
415.000000
450.000000
494.000000
521.000000
968.000000
992.000000
1419.000000
1538.000000
1567.000000
1722.000000
1762.000000
1782.000000
1815.000000
1850.000000
1899.000000
