0.000000
1.000000
1.000000
1.000000
1.000000
1.000000
1.000000
1.000000
1.000000
2.000000
2.000000
2.000000
2.000000
2.000000
2.000000
2.000000
3.000000
3.000000
3.000000
3.000000
4.000000
4.000000
4.000000
4.000000
4.000000
5.000000
5.000000
5.000000
5.000000
5.000000
5.000000
5.000000
6.000000
6.000000
7.000000
7.000000
7.000000
7.000000
7.000000
7.000000
8.000000
8.000000
8.000000
8.000000
8.000000
8.000000
8.000000
9.000000
9.000000
9.000000
9.000000
9.000000
9.000000
9.000000
10.000000
10.000000
10.000000
10.000000
10.000000
10.000000
11.000000
11.000000
11.000000
11.000000
11.000000
11.000000
11.000000
12.000000
12.000000
13.000000
13.000000
14.000000
14.000000
14.000000
14.000000
14.000000
14.000000
15.000000
15.000000
15.000000
16.000000
17.000000
17.000000
17.000000
17.000000
18.000000
18.000000
18.000000
19.000000
19.000000
20.000000
20.000000
20.000000
20.000000
20.000000
20.000000
21.000000
23.000000
24.000000
25.000000
26.000000
26.000000
26.000000
26.000000
27.000000
28.000000
30.000000
32.000000
33.000000
34.000000
34.000000
35.000000
36.000000
37.000000
38.000000
40.000000
43.000000
44.000000
46.000000
47.000000
47.000000
50.000000
51.000000
59.000000
59.000000
61.000000
64.000000
68.000000
72.000000
80.000000
80.000000
90.000000
106.000000
107.000000
117.000000
123.000000
130.000000
148.000000
167.000000
196.000000
214.000000
223.000000
233.000000
250.000000
271.000000
275.000000
294.000000
577.000000
597.000000
668.000000
700.000000
729.000000
748.000000
807.000000
831.000000
861.000000
879.000000
907.000000
938.000000
964.000000
985.000000
1008.000000
1041.000000
1093.000000
1129.000000
1151.000000
1195.000000
1219.000000
1248.000000
1269.000000
1537.000000
1558.000000
1580.000000
1607.000000
1664.000000
1700.000000
1748.000000
1803.000000
1843.000000
1884.000000
1898.000000
