0.000000
0.000000
0.000000
1.000000
1.000000
1.000000
1.000000
1.000000
2.000000
2.000000
2.000000
2.000000
2.000000
2.000000
2.000000
2.000000
3.000000
3.000000
3.000000
3.000000
3.000000
3.000000
3.000000
3.000000
3.000000
4.000000
4.000000
4.000000
4.000000
4.000000
4.000000
5.000000
5.000000
5.000000
5.000000
5.000000
5.000000
6.000000
6.000000
6.000000
6.000000
6.000000
6.000000
6.000000
6.000000
6.000000
7.000000
7.000000
7.000000
7.000000
7.000000
7.000000
8.000000
8.000000
8.000000
8.000000
8.000000
8.000000
8.000000
8.000000
8.000000
9.000000
9.000000
9.000000
9.000000
9.000000
10.000000
10.000000
10.000000
10.000000
11.000000
11.000000
11.000000
11.000000
11.000000
12.000000
12.000000
12.000000
12.000000
12.000000
13.000000
13.000000
13.000000
13.000000
13.000000
13.000000
14.000000
14.000000
14.000000
15.000000
15.000000
15.000000
15.000000
15.000000
15.000000
16.000000
16.000000
17.000000
17.000000
17.000000
17.000000
17.000000
17.000000
17.000000
18.000000
18.000000
18.000000
19.000000
19.000000
19.000000
20.000000
21.000000
22.000000
22.000000
22.000000
22.000000
23.000000
24.000000
27.000000
27.000000
28.000000
29.000000
30.000000
31.000000
31.000000
31.000000
32.000000
35.000000
36.000000
39.000000
39.000000
42.000000
44.000000
46.000000
51.000000
54.000000
59.000000
71.000000
82.000000
84.000000
91.000000
219.000000
243.000000
398.000000
424.000000
446.000000
684.000000
710.000000
749.000000
803.000000
838.000000
863.000000
903.000000
927.000000
947.000000
958.000000
984.000000
1014.000000
1035.000000
1053.000000
1092.000000
1112.000000
1166.000000
1193.000000
1251.000000
1282.000000
1367.000000
1409.000000
1428.000000
1461.000000
1482.000000
1518.000000
1565.000000
1602.000000
1626.000000
1664.000000
1712.000000
1772.000000
1788.000000
1818.000000
1891.000000
