0.000000
0.000000
1.000000
1.000000
1.000000
1.000000
1.000000
1.000000
1.000000
1.000000
2.000000
2.000000
2.000000
2.000000
2.000000
2.000000
2.000000
2.000000
3.000000
3.000000
4.000000
4.000000
4.000000
4.000000
4.000000
5.000000
5.000000
5.000000
5.000000
5.000000
5.000000
5.000000
5.000000
6.000000
6.000000
6.000000
6.000000
6.000000
6.000000
6.000000
6.000000
7.000000
7.000000
7.000000
7.000000
7.000000
7.000000
7.000000
7.000000
7.000000
8.000000
8.000000
8.000000
8.000000
8.000000
8.000000
8.000000
9.000000
9.000000
9.000000
10.000000
10.000000
10.000000
10.000000
10.000000
10.000000
11.000000
11.000000
11.000000
11.000000
11.000000
11.000000
12.000000
12.000000
12.000000
12.000000
13.000000
13.000000
13.000000
13.000000
13.000000
13.000000
14.000000
14.000000
14.000000
15.000000
15.000000
15.000000
15.000000
15.000000
15.000000
16.000000
17.000000
17.000000
17.000000
18.000000
18.000000
19.000000
19.000000
20.000000
20.000000
20.000000
20.000000
20.000000
20.000000
21.000000
21.000000
22.000000
22.000000
22.000000
24.000000
24.000000
25.000000
26.000000
26.000000
27.000000
28.000000
29.000000
29.000000
30.000000
30.000000
30.000000
30.000000
31.000000
32.000000
34.000000
34.000000
34.000000
39.000000
41.000000
41.000000
41.000000
45.000000
45.000000
48.000000
51.000000
51.000000
54.000000
65.000000
75.000000
79.000000
80.000000
82.000000
83.000000
96.000000
105.000000
106.000000
114.000000
119.000000
153.000000
168.000000
173.000000
199.000000
227.000000
254.000000
498.000000
522.000000
949.000000
1068.000000
1097.000000
1252.000000
1292.000000
1312.000000
1345.000000
1380.000000
1429.000000
1458.000000
1475.000000
1499.000000
1524.000000
1557.000000
1605.000000
1630.000000
1676.000000
1778.000000
1804.000000
1821.000000
1854.000000
1869.000000
1891.000000
1908.000000
