0.000000
0.000000
1.000000
1.000000
1.000000
1.000000
2.000000
2.000000
2.000000
2.000000
2.000000
2.000000
2.000000
3.000000
3.000000
3.000000
3.000000
3.000000
3.000000
4.000000
4.000000
4.000000
4.000000
5.000000
5.000000
5.000000
5.000000
5.000000
5.000000
5.000000
6.000000
6.000000
6.000000
6.000000
7.000000
7.000000
7.000000
7.000000
8.000000
8.000000
9.000000
9.000000
9.000000
9.000000
9.000000
9.000000
9.000000
10.000000
10.000000
10.000000
10.000000
11.000000
11.000000
11.000000
11.000000
12.000000
12.000000
12.000000
12.000000
12.000000
13.000000
13.000000
13.000000
13.000000
14.000000
14.000000
14.000000
14.000000
15.000000
15.000000
16.000000
17.000000
17.000000
17.000000
17.000000
18.000000
19.000000
20.000000
22.000000
23.000000
23.000000
24.000000
25.000000
25.000000
25.000000
27.000000
27.000000
27.000000
27.000000
28.000000
29.000000
30.000000
30.000000
31.000000
33.000000
34.000000
35.000000
36.000000
38.000000
41.000000
42.000000
46.000000
47.000000
47.000000
49.000000
49.000000
51.000000
53.000000
62.000000
65.000000
69.000000
79.000000
80.000000
81.000000
92.000000
101.000000
101.000000
115.000000
122.000000
124.000000
131.000000
134.000000
156.000000
157.000000
164.000000
167.000000
178.000000
182.000000
182.000000
185.000000
193.000000
198.000000
204.000000
204.000000
205.000000
210.000000
222.000000
234.000000
235.000000
240.000000
246.000000
259.000000
263.000000
263.000000
281.000000
287.000000
292.000000
340.000000
365.000000
411.000000
513.000000
539.000000
556.000000
589.000000
604.000000
626.000000
643.000000
659.000000
684.000000
718.000000
754.000000
781.000000
870.000000
962.000000
1062.000000
1247.000000
1278.000000
1303.000000
1322.000000
1350.000000
1390.000000
1415.000000
1490.000000
1513.000000
1599.000000
1649.000000
1680.000000
1701.000000
1729.000000
1800.000000
1828.000000
