0.000000
0.000000
1.000000
1.000000
1.000000
1.000000
1.000000
2.000000
2.000000
2.000000
3.000000
3.000000
3.000000
3.000000
3.000000
4.000000
4.000000
4.000000
4.000000
4.000000
4.000000
4.000000
5.000000
5.000000
5.000000
5.000000
5.000000
6.000000
6.000000
6.000000
6.000000
7.000000
7.000000
7.000000
7.000000
7.000000
7.000000
7.000000
8.000000
8.000000
8.000000
9.000000
9.000000
9.000000
9.000000
9.000000
9.000000
10.000000
10.000000
10.000000
10.000000
10.000000
10.000000
11.000000
11.000000
11.000000
11.000000
12.000000
12.000000
13.000000
13.000000
13.000000
13.000000
15.000000
15.000000
15.000000
15.000000
15.000000
16.000000
16.000000
16.000000
16.000000
17.000000
20.000000
20.000000
20.000000
21.000000
22.000000
22.000000
22.000000
23.000000
23.000000
23.000000
23.000000
24.000000
25.000000
25.000000
26.000000
28.000000
28.000000
28.000000
29.000000
30.000000
30.000000
33.000000
34.000000
35.000000
35.000000
35.000000
36.000000
39.000000
39.000000
40.000000
41.000000
42.000000
42.000000
44.000000
45.000000
51.000000
54.000000
55.000000
58.000000
60.000000
71.000000
74.000000
78.000000
79.000000
82.000000
82.000000
84.000000
87.000000
90.000000
93.000000
99.000000
106.000000
108.000000
112.000000
113.000000
117.000000
124.000000
128.000000
130.000000
135.000000
152.000000
158.000000
160.000000
184.000000
189.000000
193.000000
196.000000
206.000000
208.000000
214.000000
215.000000
218.000000
236.000000
243.000000
254.000000
259.000000
292.000000
308.000000
334.000000
351.000000
384.000000
399.000000
421.000000
438.000000
454.000000
479.000000
513.000000
549.000000
576.000000
665.000000
757.000000
857.000000
1042.000000
1073.000000
1098.000000
1117.000000
1145.000000
1185.000000
1210.000000
1285.000000
1308.000000
1394.000000
1444.000000
1475.000000
1496.000000
1524.000000
1595.000000
1623.000000
