0.000000
0.000000
1.000000
1.000000
1.000000
1.000000
1.000000
1.000000
1.000000
1.000000
2.000000
2.000000
2.000000
3.000000
3.000000
3.000000
4.000000
4.000000
4.000000
5.000000
5.000000
5.000000
6.000000
6.000000
6.000000
6.000000
6.000000
6.000000
6.000000
7.000000
7.000000
8.000000
8.000000
8.000000
8.000000
8.000000
8.000000
9.000000
9.000000
10.000000
10.000000
10.000000
10.000000
11.000000
11.000000
11.000000
11.000000
11.000000
11.000000
11.000000
11.000000
11.000000
11.000000
12.000000
12.000000
12.000000
12.000000
12.000000
12.000000
13.000000
13.000000
13.000000
13.000000
14.000000
14.000000
14.000000
15.000000
15.000000
16.000000
16.000000
17.000000
17.000000
17.000000
17.000000
17.000000
18.000000
18.000000
18.000000
19.000000
19.000000
21.000000
23.000000
23.000000
24.000000
24.000000
24.000000
26.000000
27.000000
27.000000
29.000000
30.000000
30.000000
31.000000
31.000000
34.000000
34.000000
36.000000
36.000000
39.000000
39.000000
46.000000
50.000000
57.000000
59.000000
59.000000
61.000000
76.000000
79.000000
83.000000
85.000000
86.000000
90.000000
96.000000
98.000000
102.000000
112.000000
115.000000
123.000000
127.000000
132.000000
144.000000
159.000000
160.000000
163.000000
188.000000
193.000000
196.000000
196.000000
209.000000
217.000000
218.000000
231.000000
234.000000
234.000000
251.000000
253.000000
253.000000
260.000000
273.000000
277.000000
288.000000
300.000000
337.000000
361.000000
399.000000
447.000000
507.000000
523.000000
553.000000
626.000000
735.000000
767.000000
789.000000
826.000000
843.000000
891.000000
922.000000
967.000000
1106.000000
1121.000000
1144.000000
1179.000000
1204.000000
1228.000000
1252.000000
1268.000000
1328.000000
1358.000000
1412.000000
1447.000000
1462.000000
1538.000000
1576.000000
1619.000000
1664.000000
1696.000000
1719.000000
1766.000000
1787.000000
1800.000000
1839.000000
