0.000000
1.000000
1.000000
1.000000
1.000000
1.000000
1.000000
1.000000
2.000000
2.000000
2.000000
2.000000
2.000000
2.000000
3.000000
3.000000
3.000000
3.000000
3.000000
3.000000
3.000000
3.000000
3.000000
4.000000
4.000000
5.000000
5.000000
6.000000
6.000000
6.000000
6.000000
6.000000
6.000000
6.000000
6.000000
6.000000
6.000000
7.000000
7.000000
7.000000
7.000000
7.000000
7.000000
7.000000
7.000000
8.000000
8.000000
8.000000
8.000000
8.000000
8.000000
8.000000
8.000000
8.000000
8.000000
8.000000
9.000000
9.000000
10.000000
11.000000
11.000000
11.000000
11.000000
11.000000
11.000000
11.000000
12.000000
12.000000
12.000000
12.000000
13.000000
13.000000
13.000000
13.000000
13.000000
13.000000
14.000000
14.000000
14.000000
15.000000
15.000000
16.000000
16.000000
16.000000
16.000000
16.000000
17.000000
17.000000
18.000000
18.000000
18.000000
19.000000
19.000000
20.000000
20.000000
20.000000
21.000000
24.000000
25.000000
25.000000
25.000000
27.000000
28.000000
28.000000
29.000000
33.000000
35.000000
35.000000
35.000000
39.000000
40.000000
41.000000
44.000000
46.000000
49.000000
49.000000
50.000000
51.000000
54.000000
54.000000
56.000000
65.000000
71.000000
73.000000
73.000000
76.000000
82.000000
83.000000
86.000000
89.000000
90.000000
93.000000
96.000000
103.000000
114.000000
116.000000
122.000000
126.000000
141.000000
154.000000
154.000000
157.000000
174.000000
178.000000
181.000000
196.000000
198.000000
209.000000
211.000000
224.000000
235.000000
235.000000
244.000000
250.000000
255.000000
265.000000
286.000000
294.000000
962.000000
982.000000
1053.000000
1085.000000
1114.000000
1133.000000
1192.000000
1216.000000
1246.000000
1264.000000
1292.000000
1323.000000
1349.000000
1370.000000
1393.000000
1426.000000
1478.000000
1514.000000
1536.000000
1580.000000
1604.000000
1633.000000
1654.000000
