0.000000
0.000000
0.000000
0.000000
1.000000
1.000000
1.000000
1.000000
1.000000
1.000000
1.000000
1.000000
1.000000
1.000000
1.000000
1.000000
1.000000
2.000000
2.000000
2.000000
2.000000
2.000000
2.000000
3.000000
3.000000
3.000000
3.000000
3.000000
3.000000
4.000000
4.000000
4.000000
4.000000
5.000000
5.000000
5.000000
5.000000
6.000000
6.000000
6.000000
7.000000
7.000000
7.000000
7.000000
7.000000
7.000000
8.000000
8.000000
8.000000
9.000000
9.000000
9.000000
9.000000
9.000000
9.000000
9.000000
9.000000
9.000000
10.000000
10.000000
10.000000
10.000000
10.000000
10.000000
10.000000
11.000000
11.000000
11.000000
11.000000
11.000000
11.000000
11.000000
12.000000
12.000000
12.000000
12.000000
12.000000
12.000000
12.000000
13.000000
13.000000
13.000000
13.000000
13.000000
13.000000
14.000000
14.000000
14.000000
14.000000
15.000000
15.000000
16.000000
16.000000
16.000000
17.000000
17.000000
17.000000
17.000000
19.000000
20.000000
20.000000
20.000000
20.000000
21.000000
21.000000
21.000000
22.000000
22.000000
23.000000
23.000000
24.000000
24.000000
25.000000
26.000000
26.000000
26.000000
26.000000
26.000000
27.000000
27.000000
29.000000
30.000000
30.000000
33.000000
34.000000
35.000000
36.000000
36.000000
38.000000
40.000000
42.000000
42.000000
47.000000
48.000000
50.000000
64.000000
66.000000
70.000000
72.000000
72.000000
82.000000
90.000000
96.000000
97.000000
105.000000
111.000000
119.000000
119.000000
135.000000
137.000000
141.000000
167.000000
172.000000
178.000000
189.000000
198.000000
213.000000
222.000000
224.000000
241.000000
249.000000
270.000000
305.000000
349.000000
376.000000
823.000000
847.000000
1274.000000
1393.000000
1422.000000
1577.000000
1617.000000
1637.000000
1670.000000
1705.000000
1754.000000
1783.000000
1800.000000
1824.000000
1849.000000
1882.000000
