0.000000
1.000000
1.000000
1.000000
1.000000
1.000000
1.000000
1.000000
2.000000
2.000000
2.000000
2.000000
2.000000
2.000000
3.000000
3.000000
3.000000
4.000000
4.000000
5.000000
5.000000
5.000000
6.000000
6.000000
6.000000
6.000000
6.000000
6.000000
7.000000
7.000000
7.000000
7.000000
7.000000
7.000000
8.000000
8.000000
8.000000
8.000000
8.000000
8.000000
9.000000
9.000000
9.000000
9.000000
9.000000
9.000000
9.000000
10.000000
10.000000
10.000000
10.000000
10.000000
10.000000
11.000000
11.000000
11.000000
11.000000
11.000000
11.000000
11.000000
12.000000
12.000000
12.000000
12.000000
12.000000
12.000000
12.000000
12.000000
12.000000
12.000000
13.000000
13.000000
13.000000
13.000000
13.000000
14.000000
14.000000
14.000000
14.000000
15.000000
15.000000
15.000000
15.000000
15.000000
16.000000
16.000000
16.000000
16.000000
17.000000
17.000000
18.000000
18.000000
18.000000
18.000000
19.000000
19.000000
19.000000
19.000000
19.000000
20.000000
20.000000
20.000000
21.000000
22.000000
23.000000
23.000000
23.000000
24.000000
24.000000
24.000000
29.000000
29.000000
29.000000
32.000000
35.000000
35.000000
36.000000
36.000000
38.000000
39.000000
44.000000
46.000000
46.000000
47.000000
50.000000
50.000000
52.000000
54.000000
68.000000
69.000000
72.000000
73.000000
74.000000
74.000000
75.000000
77.000000
88.000000
92.000000
99.000000
103.000000
104.000000
107.000000
115.000000
124.000000
130.000000
150.000000
165.000000
165.000000
190.000000
200.000000
214.000000
238.000000
254.000000
254.000000
284.000000
392.000000
413.000000
435.000000
462.000000
519.000000
555.000000
603.000000
658.000000
698.000000
739.000000
753.000000
793.000000
860.000000
888.000000
930.000000
965.000000
989.000000
1033.000000
1076.000000
1102.000000
1130.000000
1155.000000
1192.000000
1216.000000
1233.000000
1272.000000
