0.000000
0.000000
0.000000
1.000000
1.000000
1.000000
2.000000
2.000000
2.000000
2.000000
2.000000
2.000000
2.000000
2.000000
2.000000
3.000000
3.000000
4.000000
4.000000
4.000000
4.000000
4.000000
4.000000
4.000000
5.000000
5.000000
5.000000
5.000000
5.000000
5.000000
6.000000
6.000000
6.000000
6.000000
6.000000
6.000000
6.000000
7.000000
7.000000
7.000000
7.000000
7.000000
7.000000
7.000000
7.000000
7.000000
7.000000
8.000000
8.000000
8.000000
8.000000
8.000000
8.000000
9.000000
9.000000
9.000000
9.000000
9.000000
9.000000
10.000000
10.000000
10.000000
10.000000
10.000000
10.000000
10.000000
11.000000
11.000000
11.000000
11.000000
12.000000
12.000000
12.000000
12.000000
13.000000
13.000000
13.000000
13.000000
14.000000
14.000000
14.000000
15.000000
15.000000
15.000000
15.000000
15.000000
16.000000
16.000000
16.000000
16.000000
16.000000
17.000000
17.000000
18.000000
18.000000
19.000000
19.000000
19.000000
19.000000
20.000000
20.000000
22.000000
23.000000
23.000000
24.000000
25.000000
25.000000
27.000000
27.000000
27.000000
28.000000
28.000000
28.000000
29.000000
29.000000
32.000000
33.000000
33.000000
34.000000
34.000000
34.000000
37.000000
38.000000
38.000000
38.000000
40.000000
44.000000
44.000000
47.000000
54.000000
56.000000
56.000000
75.000000
77.000000
92.000000
93.000000
102.000000
110.000000
113.000000
134.000000
137.000000
151.000000
153.000000
176.000000
178.000000
178.000000
208.000000
221.000000
222.000000
243.000000
247.000000
257.000000
275.000000
284.000000
286.000000
300.000000
337.000000
361.000000
378.000000
417.000000
1073.000000
1099.000000
1121.000000
1359.000000
1385.000000
1424.000000
1478.000000
1513.000000
1538.000000
1578.000000
1602.000000
1622.000000
1633.000000
1659.000000
1689.000000
1710.000000
1728.000000
1767.000000
1787.000000
1841.000000
1868.000000
