0.000000
0.000000
0.000000
0.000000
0.000000
1.000000
1.000000
1.000000
1.000000
1.000000
1.000000
2.000000
2.000000
2.000000
2.000000
2.000000
3.000000
3.000000
3.000000
4.000000
4.000000
5.000000
5.000000
5.000000
5.000000
6.000000
6.000000
6.000000
6.000000
6.000000
6.000000
6.000000
7.000000
7.000000
7.000000
8.000000
8.000000
8.000000
8.000000
8.000000
9.000000
9.000000
9.000000
9.000000
9.000000
9.000000
9.000000
10.000000
10.000000
10.000000
10.000000
10.000000
10.000000
11.000000
11.000000
11.000000
11.000000
11.000000
11.000000
11.000000
11.000000
12.000000
12.000000
12.000000
13.000000
13.000000
13.000000
13.000000
13.000000
13.000000
13.000000
13.000000
13.000000
14.000000
14.000000
14.000000
14.000000
14.000000
15.000000
15.000000
15.000000
15.000000
15.000000
16.000000
16.000000
16.000000
17.000000
18.000000
19.000000
19.000000
19.000000
19.000000
20.000000
21.000000
21.000000
21.000000
22.000000
25.000000
25.000000
27.000000
27.000000
28.000000
28.000000
29.000000
29.000000
29.000000
29.000000
30.000000
33.000000
36.000000
40.000000
42.000000
44.000000
44.000000
45.000000
47.000000
54.000000
54.000000
58.000000
59.000000
62.000000
66.000000
68.000000
69.000000
79.000000
85.000000
85.000000
94.000000
95.000000
101.000000
106.000000
114.000000
118.000000
125.000000
138.000000
142.000000
149.000000
156.000000
164.000000
175.000000
176.000000
190.000000
201.000000
205.000000
207.000000
214.000000
217.000000
226.000000
234.000000
240.000000
241.000000
244.000000
255.000000
283.000000
295.000000
902.000000
922.000000
993.000000
1025.000000
1054.000000
1073.000000
1132.000000
1156.000000
1186.000000
1204.000000
1232.000000
1263.000000
1289.000000
1310.000000
1333.000000
1366.000000
1418.000000
1454.000000
1476.000000
1520.000000
1544.000000
1573.000000
1594.000000
1862.000000
1883.000000
1905.000000
