0.000000
0.000000
0.000000
0.000000
1.000000
1.000000
1.000000
1.000000
1.000000
1.000000
1.000000
1.000000
1.000000
2.000000
2.000000
2.000000
2.000000
2.000000
2.000000
2.000000
2.000000
3.000000
3.000000
4.000000
4.000000
4.000000
4.000000
4.000000
4.000000
4.000000
4.000000
5.000000
5.000000
5.000000
5.000000
5.000000
5.000000
5.000000
5.000000
5.000000
5.000000
6.000000
6.000000
6.000000
6.000000
6.000000
6.000000
6.000000
6.000000
7.000000
7.000000
7.000000
7.000000
8.000000
8.000000
8.000000
8.000000
9.000000
9.000000
9.000000
9.000000
9.000000
9.000000
10.000000
10.000000
10.000000
10.000000
10.000000
10.000000
10.000000
11.000000
13.000000
13.000000
14.000000
14.000000
15.000000
15.000000
15.000000
15.000000
16.000000
16.000000
16.000000
16.000000
16.000000
17.000000
17.000000
17.000000
19.000000
19.000000
20.000000
20.000000
20.000000
20.000000
20.000000
21.000000
21.000000
21.000000
25.000000
26.000000
27.000000
27.000000
27.000000
28.000000
29.000000
32.000000
34.000000
34.000000
35.000000
35.000000
37.000000
39.000000
41.000000
41.000000
42.000000
46.000000
47.000000
50.000000
51.000000
58.000000
58.000000
59.000000
59.000000
78.000000
79.000000
79.000000
89.000000
90.000000
97.000000
100.000000
104.000000
104.000000
115.000000
119.000000
128.000000
130.000000
139.000000
145.000000
147.000000
166.000000
166.000000
180.000000
184.000000
185.000000
195.000000
202.000000
216.000000
217.000000
223.000000
234.000000
236.000000
243.000000
250.000000
274.000000
297.000000
842.000000
862.000000
933.000000
965.000000
994.000000
1013.000000
1072.000000
1096.000000
1126.000000
1144.000000
1172.000000
1203.000000
1229.000000
1250.000000
1273.000000
1306.000000
1358.000000
1394.000000
1416.000000
1460.000000
1484.000000
1513.000000
1534.000000
1802.000000
1823.000000
1845.000000
1872.000000
