0.000000
0.000000
0.000000
0.000000
0.000000
0.000000
1.000000
1.000000
1.000000
1.000000
1.000000
1.000000
2.000000
2.000000
2.000000
2.000000
2.000000
2.000000
2.000000
2.000000
3.000000
3.000000
3.000000
3.000000
3.000000
4.000000
4.000000
4.000000
5.000000
5.000000
5.000000
5.000000
5.000000
5.000000
5.000000
6.000000
6.000000
6.000000
6.000000
6.000000
6.000000
7.000000
7.000000
7.000000
7.000000
7.000000
7.000000
7.000000
7.000000
7.000000
8.000000
8.000000
8.000000
8.000000
8.000000
8.000000
8.000000
9.000000
9.000000
9.000000
10.000000
10.000000
10.000000
10.000000
10.000000
11.000000
11.000000
11.000000
11.000000
11.000000
11.000000
12.000000
12.000000
12.000000
12.000000
12.000000
12.000000
12.000000
12.000000
13.000000
13.000000
13.000000
13.000000
13.000000
14.000000
14.000000
14.000000
14.000000
15.000000
15.000000
15.000000
15.000000
16.000000
16.000000
16.000000
16.000000
16.000000
17.000000
17.000000
17.000000
17.000000
18.000000
19.000000
19.000000
19.000000
20.000000
21.000000
21.000000
21.000000
22.000000
22.000000
23.000000
23.000000
23.000000
24.000000
25.000000
27.000000
28.000000
29.000000
29.000000
29.000000
29.000000
29.000000
29.000000
30.000000
30.000000
32.000000
32.000000
32.000000
32.000000
34.000000
36.000000
36.000000
42.000000
48.000000
51.000000
53.000000
64.000000
69.000000
77.000000
98.000000
99.000000
279.000000
295.000000
458.000000
484.000000
506.000000
744.000000
770.000000
809.000000
863.000000
898.000000
923.000000
963.000000
987.000000
1007.000000
1018.000000
1044.000000
1074.000000
1095.000000
1113.000000
1152.000000
1172.000000
1226.000000
1253.000000
1311.000000
1342.000000
1427.000000
1469.000000
1488.000000
1521.000000
1542.000000
1578.000000
1625.000000
1662.000000
1686.000000
1724.000000
1772.000000
1832.000000
1848.000000
1878.000000
