1.000000
1.000000
2.000000
2.000000
2.000000
2.000000
2.000000
3.000000
3.000000
3.000000
3.000000
3.000000
4.000000
4.000000
4.000000
4.000000
5.000000
5.000000
5.000000
5.000000
5.000000
6.000000
6.000000
6.000000
6.000000
6.000000
6.000000
7.000000
7.000000
7.000000
7.000000
7.000000
7.000000
7.000000
7.000000
8.000000
8.000000
8.000000
8.000000
8.000000
8.000000
8.000000
8.000000
9.000000
9.000000
9.000000
9.000000
9.000000
10.000000
10.000000
10.000000
10.000000
11.000000
11.000000
11.000000
12.000000
12.000000
12.000000
13.000000
13.000000
13.000000
14.000000
14.000000
14.000000
14.000000
14.000000
15.000000
15.000000
15.000000
15.000000
16.000000
17.000000
17.000000
18.000000
19.000000
19.000000
20.000000
21.000000
21.000000
22.000000
23.000000
25.000000
25.000000
26.000000
27.000000
27.000000
27.000000
29.000000
29.000000
29.000000
30.000000
32.000000
32.000000
32.000000
34.000000
39.000000
41.000000
44.000000
46.000000
46.000000
48.000000
51.000000
51.000000
52.000000
52.000000
55.000000
57.000000
61.000000
65.000000
68.000000
70.000000
75.000000
75.000000
80.000000
83.000000
88.000000
90.000000
97.000000
98.000000
98.000000
104.000000
106.000000
109.000000
116.000000
118.000000
119.000000
125.000000
129.000000
133.000000
133.000000
136.000000
159.000000
160.000000
185.000000
191.000000
218.000000
222.000000
261.000000
266.000000
291.000000
307.000000
349.000000
368.000000
401.000000
422.000000
458.000000
505.000000
542.000000
566.000000
604.000000
652.000000
712.000000
728.000000
758.000000
831.000000
940.000000
972.000000
994.000000
1031.000000
1048.000000
1096.000000
1127.000000
1172.000000
1311.000000
1326.000000
1349.000000
1384.000000
1409.000000
1433.000000
1457.000000
1473.000000
1533.000000
1563.000000
1617.000000
1652.000000
1667.000000
1743.000000
1781.000000
1824.000000
1869.000000
1901.000000
