0.000000
0.000000
1.000000
1.000000
1.000000
1.000000
1.000000
1.000000
1.000000
2.000000
2.000000
2.000000
3.000000
3.000000
3.000000
3.000000
3.000000
4.000000
4.000000
4.000000
5.000000
5.000000
5.000000
5.000000
5.000000
5.000000
5.000000
5.000000
5.000000
6.000000
6.000000
6.000000
6.000000
6.000000
6.000000
6.000000
6.000000
7.000000
7.000000
7.000000
8.000000
8.000000
8.000000
8.000000
8.000000
8.000000
9.000000
9.000000
9.000000
9.000000
10.000000
10.000000
10.000000
10.000000
10.000000
11.000000
11.000000
11.000000
11.000000
11.000000
11.000000
12.000000
12.000000
12.000000
12.000000
12.000000
12.000000
13.000000
13.000000
13.000000
13.000000
14.000000
14.000000
14.000000
14.000000
15.000000
15.000000
15.000000
16.000000
16.000000
16.000000
17.000000
17.000000
17.000000
17.000000
17.000000
18.000000
18.000000
18.000000
19.000000
19.000000
19.000000
19.000000
20.000000
21.000000
21.000000
22.000000
22.000000
22.000000
23.000000
24.000000
24.000000
24.000000
25.000000
26.000000
27.000000
27.000000
29.000000
30.000000
30.000000
30.000000
31.000000
33.000000
33.000000
36.000000
36.000000
37.000000
37.000000
39.000000
40.000000
42.000000
47.000000
48.000000
50.000000
51.000000
51.000000
54.000000
56.000000
57.000000
65.000000
74.000000
79.000000
80.000000
82.000000
83.000000
89.000000
95.000000
107.000000
109.000000
126.000000
128.000000
140.000000
150.000000
158.000000
166.000000
175.000000
184.000000
184.000000
195.000000
205.000000
208.000000
215.000000
230.000000
239.000000
255.000000
259.000000
279.000000
294.000000
1167.000000
1187.000000
1258.000000
1290.000000
1319.000000
1338.000000
1397.000000
1421.000000
1451.000000
1469.000000
1497.000000
1528.000000
1554.000000
1575.000000
1598.000000
1631.000000
1683.000000
1719.000000
1741.000000
1785.000000
1809.000000
1838.000000
1859.000000
