0.000000
0.000000
0.000000
1.000000
1.000000
1.000000
1.000000
1.000000
1.000000
1.000000
2.000000
2.000000
2.000000
2.000000
3.000000
3.000000
3.000000
3.000000
4.000000
4.000000
4.000000
4.000000
4.000000
4.000000
5.000000
5.000000
5.000000
6.000000
6.000000
6.000000
6.000000
6.000000
6.000000
6.000000
6.000000
7.000000
7.000000
7.000000
8.000000
8.000000
8.000000
8.000000
9.000000
9.000000
9.000000
10.000000
10.000000
10.000000
10.000000
10.000000
10.000000
11.000000
11.000000
11.000000
11.000000
11.000000
12.000000
12.000000
12.000000
12.000000
13.000000
13.000000
15.000000
15.000000
15.000000
15.000000
15.000000
18.000000
18.000000
18.000000
18.000000
19.000000
19.000000
19.000000
20.000000
21.000000
22.000000
23.000000
26.000000
27.000000
28.000000
29.000000
32.000000
33.000000
33.000000
33.000000
34.000000
40.000000
42.000000
42.000000
43.000000
43.000000
46.000000
46.000000
49.000000
50.000000
52.000000
53.000000
59.000000
60.000000
67.000000
68.000000
68.000000
79.000000
82.000000
85.000000
85.000000
86.000000
97.000000
99.000000
106.000000
108.000000
108.000000
115.000000
121.000000
124.000000
129.000000
132.000000
142.000000
148.000000
152.000000
162.000000
163.000000
171.000000
173.000000
178.000000
189.000000
195.000000
197.000000
214.000000
214.000000
218.000000
219.000000
238.000000
239.000000
240.000000
243.000000
250.000000
258.000000
271.000000
292.000000
297.000000
317.000000
371.000000
398.000000
456.000000
487.000000
572.000000
614.000000
633.000000
666.000000
687.000000
723.000000
770.000000
807.000000
831.000000
869.000000
917.000000
977.000000
993.000000
1023.000000
1096.000000
1205.000000
1237.000000
1259.000000
1296.000000
1313.000000
1361.000000
1392.000000
1437.000000
1576.000000
1591.000000
1614.000000
1649.000000
1674.000000
1698.000000
1722.000000
1738.000000
1798.000000
1828.000000
1882.000000
