0.000000
0.000000
1.000000
1.000000
1.000000
1.000000
1.000000
1.000000
1.000000
2.000000
2.000000
2.000000
2.000000
2.000000
2.000000
2.000000
2.000000
2.000000
2.000000
2.000000
2.000000
2.000000
3.000000
3.000000
3.000000
3.000000
3.000000
3.000000
4.000000
4.000000
4.000000
4.000000
4.000000
4.000000
4.000000
5.000000
5.000000
5.000000
5.000000
5.000000
5.000000
5.000000
5.000000
5.000000
5.000000
6.000000
6.000000
6.000000
6.000000
6.000000
6.000000
6.000000
6.000000
6.000000
7.000000
7.000000
7.000000
7.000000
8.000000
8.000000
8.000000
8.000000
9.000000
9.000000
9.000000
10.000000
10.000000
10.000000
10.000000
10.000000
11.000000
11.000000
12.000000
12.000000
12.000000
12.000000
12.000000
12.000000
12.000000
12.000000
12.000000
13.000000
13.000000
13.000000
13.000000
14.000000
15.000000
15.000000
15.000000
15.000000
16.000000
17.000000
17.000000
18.000000
18.000000
19.000000
19.000000
19.000000
19.000000
20.000000
20.000000
21.000000
21.000000
21.000000
21.000000
23.000000
23.000000
25.000000
25.000000
26.000000
26.000000
26.000000
28.000000
32.000000
33.000000
35.000000
35.000000
35.000000
37.000000
37.000000
39.000000
40.000000
41.000000
41.000000
43.000000
44.000000
46.000000
48.000000
49.000000
54.000000
55.000000
58.000000
58.000000
60.000000
68.000000
79.000000
85.000000
90.000000
92.000000
108.000000
115.000000
125.000000
149.000000
157.000000
162.000000
163.000000
180.000000
183.000000
196.000000
196.000000
203.000000
220.000000
235.000000
241.000000
270.000000
298.000000
340.000000
375.000000
399.000000
443.000000
486.000000
512.000000
540.000000
565.000000
602.000000
626.000000
643.000000
682.000000
1338.000000
1364.000000
1386.000000
1624.000000
1650.000000
1689.000000
1743.000000
1778.000000
1803.000000
1843.000000
1867.000000
1887.000000
1898.000000
