0.000000
0.000000
0.000000
0.000000
0.000000
1.000000
1.000000
1.000000
1.000000
1.000000
1.000000
2.000000
2.000000
2.000000
2.000000
2.000000
3.000000
3.000000
3.000000
3.000000
3.000000
3.000000
3.000000
3.000000
3.000000
3.000000
3.000000
4.000000
4.000000
4.000000
4.000000
4.000000
5.000000
5.000000
5.000000
5.000000
5.000000
5.000000
5.000000
6.000000
6.000000
6.000000
7.000000
7.000000
8.000000
8.000000
8.000000
9.000000
9.000000
9.000000
10.000000
10.000000
10.000000
10.000000
10.000000
11.000000
11.000000
11.000000
11.000000
11.000000
11.000000
11.000000
11.000000
11.000000
12.000000
12.000000
12.000000
12.000000
13.000000
13.000000
13.000000
13.000000
13.000000
14.000000
14.000000
14.000000
14.000000
14.000000
15.000000
16.000000
16.000000
16.000000
16.000000
16.000000
17.000000
18.000000
19.000000
20.000000
20.000000
20.000000
20.000000
20.000000
20.000000
21.000000
21.000000
21.000000
21.000000
22.000000
23.000000
23.000000
23.000000
24.000000
25.000000
25.000000
25.000000
25.000000
26.000000
27.000000
27.000000
27.000000
28.000000
28.000000
29.000000
29.000000
29.000000
30.000000
30.000000
33.000000
35.000000
38.000000
40.000000
42.000000
45.000000
48.000000
49.000000
51.000000
53.000000
53.000000
55.000000
62.000000
66.000000
66.000000
68.000000
69.000000
69.000000
74.000000
77.000000
79.000000
79.000000
90.000000
100.000000
102.000000
111.000000
127.000000
133.000000
148.000000
158.000000
168.000000
170.000000
181.000000
183.000000
197.000000
213.000000
254.000000
258.000000
259.000000
290.000000
297.000000
338.000000
393.000000
433.000000
474.000000
488.000000
528.000000
595.000000
623.000000
665.000000
700.000000
724.000000
768.000000
811.000000
837.000000
865.000000
890.000000
927.000000
951.000000
968.000000
1007.000000
1663.000000
1689.000000
1711.000000
