0.000000
0.000000
0.000000
1.000000
1.000000
1.000000
2.000000
2.000000
2.000000
2.000000
3.000000
3.000000
3.000000
3.000000
3.000000
4.000000
4.000000
4.000000
4.000000
4.000000
4.000000
4.000000
5.000000
5.000000
5.000000
5.000000
5.000000
6.000000
6.000000
6.000000
6.000000
6.000000
6.000000
6.000000
6.000000
6.000000
7.000000
7.000000
7.000000
7.000000
7.000000
7.000000
7.000000
8.000000
8.000000
8.000000
8.000000
8.000000
8.000000
8.000000
9.000000
9.000000
9.000000
9.000000
10.000000
10.000000
11.000000
11.000000
11.000000
11.000000
11.000000
12.000000
12.000000
13.000000
13.000000
13.000000
13.000000
13.000000
14.000000
15.000000
15.000000
15.000000
16.000000
16.000000
16.000000
16.000000
17.000000
17.000000
18.000000
18.000000
19.000000
19.000000
19.000000
19.000000
20.000000
20.000000
21.000000
21.000000
21.000000
21.000000
22.000000
22.000000
22.000000
23.000000
23.000000
23.000000
24.000000
24.000000
25.000000
25.000000
26.000000
27.000000
27.000000
28.000000
29.000000
29.000000
31.000000
31.000000
32.000000
32.000000
32.000000
32.000000
32.000000
33.000000
34.000000
35.000000
36.000000
37.000000
38.000000
39.000000
40.000000
42.000000
43.000000
44.000000
49.000000
49.000000
53.000000
58.000000
61.000000
65.000000
69.000000
74.000000
74.000000
75.000000
77.000000
78.000000
82.000000
82.000000
86.000000
89.000000
93.000000
96.000000
101.000000
103.000000
112.000000
120.000000
122.000000
123.000000
127.000000
143.000000
144.000000
145.000000
166.000000
180.000000
180.000000
184.000000
198.000000
198.000000
209.000000
216.000000
233.000000
237.000000
239.000000
264.000000
279.000000
307.000000
338.000000
363.000000
382.000000
410.000000
450.000000
475.000000
550.000000
573.000000
659.000000
709.000000
740.000000
761.000000
789.000000
860.000000
888.000000
