0.000000
1.000000
1.000000
1.000000
1.000000
1.000000
1.000000
2.000000
2.000000
2.000000
3.000000
3.000000
3.000000
3.000000
3.000000
3.000000
3.000000
4.000000
4.000000
4.000000
4.000000
4.000000
5.000000
5.000000
5.000000
5.000000
5.000000
5.000000
5.000000
5.000000
6.000000
6.000000
6.000000
6.000000
6.000000
6.000000
6.000000
6.000000
7.000000
7.000000
7.000000
7.000000
8.000000
8.000000
8.000000
8.000000
8.000000
9.000000
9.000000
10.000000
10.000000
10.000000
10.000000
10.000000
10.000000
10.000000
10.000000
11.000000
11.000000
11.000000
11.000000
11.000000
12.000000
12.000000
12.000000
12.000000
13.000000
13.000000
13.000000
13.000000
13.000000
13.000000
13.000000
13.000000
14.000000
14.000000
14.000000
14.000000
15.000000
15.000000
15.000000
17.000000
17.000000
18.000000
18.000000
18.000000
18.000000
19.000000
20.000000
20.000000
20.000000
20.000000
21.000000
21.000000
21.000000
22.000000
22.000000
26.000000
26.000000
26.000000
27.000000
28.000000
28.000000
29.000000
31.000000
31.000000
34.000000
35.000000
36.000000
37.000000
38.000000
41.000000
42.000000
43.000000
45.000000
47.000000
48.000000
50.000000
53.000000
54.000000
54.000000
55.000000
60.000000
63.000000
73.000000
74.000000
74.000000
78.000000
87.000000
92.000000
94.000000
96.000000
98.000000
99.000000
103.000000
107.000000
113.000000
129.000000
130.000000
139.000000
141.000000
146.000000
164.000000
175.000000
179.000000
189.000000
194.000000
196.000000
197.000000
216.000000
227.000000
233.000000
241.000000
241.000000
249.000000
265.000000
274.000000
283.000000
294.000000
308.000000
344.000000
371.000000
460.000000
552.000000
652.000000
837.000000
868.000000
893.000000
912.000000
940.000000
980.000000
1005.000000
1080.000000
1103.000000
1189.000000
1239.000000
1270.000000
1291.000000
1319.000000
1390.000000
1418.000000
