1.000000
1.000000
1.000000
1.000000
2.000000
2.000000
2.000000
2.000000
2.000000
2.000000
3.000000
3.000000
3.000000
3.000000
3.000000
3.000000
4.000000
4.000000
4.000000
4.000000
4.000000
4.000000
4.000000
5.000000
5.000000
5.000000
5.000000
6.000000
6.000000
6.000000
6.000000
6.000000
7.000000
7.000000
7.000000
8.000000
8.000000
8.000000
8.000000
8.000000
8.000000
8.000000
9.000000
9.000000
9.000000
9.000000
9.000000
9.000000
10.000000
10.000000
10.000000
10.000000
10.000000
10.000000
10.000000
10.000000
11.000000
11.000000
11.000000
12.000000
12.000000
12.000000
12.000000
12.000000
12.000000
13.000000
13.000000
13.000000
14.000000
15.000000
15.000000
15.000000
15.000000
15.000000
15.000000
15.000000
16.000000
16.000000
16.000000
16.000000
17.000000
17.000000
17.000000
18.000000
18.000000
18.000000
18.000000
19.000000
19.000000
19.000000
20.000000
20.000000
20.000000
21.000000
22.000000
22.000000
22.000000
22.000000
22.000000
23.000000
24.000000
24.000000
24.000000
24.000000
25.000000
25.000000
25.000000
26.000000
26.000000
26.000000
26.000000
27.000000
28.000000
30.000000
33.000000
33.000000
34.000000
34.000000
35.000000
36.000000
36.000000
37.000000
38.000000
39.000000
43.000000
43.000000
43.000000
44.000000
45.000000
46.000000
52.000000
55.000000
55.000000
56.000000
59.000000
60.000000
73.000000
75.000000
76.000000
77.000000
77.000000
85.000000
93.000000
104.000000
107.000000
112.000000
129.000000
132.000000
150.000000
153.000000
164.000000
171.000000
181.000000
189.000000
201.000000
210.000000
227.000000
229.000000
238.000000
245.000000
253.000000
289.000000
316.000000
763.000000
787.000000
1214.000000
1333.000000
1362.000000
1517.000000
1557.000000
1577.000000
1610.000000
1645.000000
1694.000000
1723.000000
1740.000000
1764.000000
1789.000000
1822.000000
1870.000000
1895.000000
