0.000000
0.000000
0.000000
1.000000
1.000000
1.000000
1.000000
1.000000
1.000000
1.000000
1.000000
1.000000
1.000000
2.000000
2.000000
2.000000
2.000000
2.000000
2.000000
2.000000
2.000000
3.000000
3.000000
3.000000
3.000000
3.000000
3.000000
3.000000
3.000000
3.000000
4.000000
4.000000
4.000000
4.000000
4.000000
4.000000
4.000000
4.000000
4.000000
4.000000
4.000000
5.000000
5.000000
5.000000
5.000000
6.000000
6.000000
6.000000
6.000000
6.000000
6.000000
6.000000
7.000000
7.000000
7.000000
7.000000
7.000000
9.000000
9.000000
9.000000
9.000000
9.000000
9.000000
9.000000
9.000000
9.000000
10.000000
10.000000
11.000000
11.000000
11.000000
11.000000
11.000000
11.000000
11.000000
12.000000
12.000000
12.000000
13.000000
14.000000
14.000000
15.000000
15.000000
15.000000
15.000000
16.000000
16.000000
16.000000
16.000000
16.000000
17.000000
17.000000
17.000000
17.000000
18.000000
18.000000
18.000000
18.000000
18.000000
18.000000
19.000000
20.000000
20.000000
20.000000
20.000000
20.000000
21.000000
21.000000
21.000000
22.000000
22.000000
22.000000
22.000000
23.000000
23.000000
23.000000
25.000000
26.000000
28.000000
28.000000
28.000000
30.000000
31.000000
31.000000
32.000000
32.000000
32.000000
36.000000
38.000000
42.000000
49.000000
51.000000
53.000000
54.000000
58.000000
60.000000
61.000000
70.000000
78.000000
78.000000
104.000000
159.000000
183.000000
338.000000
364.000000
386.000000
624.000000
650.000000
689.000000
743.000000
778.000000
803.000000
843.000000
867.000000
887.000000
898.000000
924.000000
954.000000
975.000000
993.000000
1032.000000
1052.000000
1106.000000
1133.000000
1191.000000
1222.000000
1307.000000
1349.000000
1368.000000
1401.000000
1422.000000
1458.000000
1505.000000
1542.000000
1566.000000
1604.000000
1652.000000
1712.000000
1728.000000
1758.000000
1831.000000
