0.000000
0.000000
0.000000
0.000000
1.000000
1.000000
1.000000
1.000000
1.000000
2.000000
2.000000
2.000000
2.000000
2.000000
2.000000
2.000000
2.000000
3.000000
3.000000
3.000000
3.000000
3.000000
4.000000
4.000000
4.000000
4.000000
4.000000
4.000000
5.000000
5.000000
5.000000
5.000000
5.000000
6.000000
6.000000
6.000000
6.000000
6.000000
6.000000
6.000000
7.000000
7.000000
7.000000
7.000000
7.000000
8.000000
8.000000
8.000000
8.000000
8.000000
8.000000
8.000000
9.000000
9.000000
9.000000
9.000000
9.000000
9.000000
10.000000
10.000000
10.000000
10.000000
11.000000
11.000000
11.000000
11.000000
12.000000
12.000000
12.000000
12.000000
12.000000
12.000000
13.000000
13.000000
13.000000
13.000000
14.000000
14.000000
15.000000
15.000000
15.000000
15.000000
16.000000
16.000000
17.000000
17.000000
17.000000
17.000000
18.000000
19.000000
19.000000
20.000000
20.000000
21.000000
22.000000
23.000000
24.000000
25.000000
25.000000
26.000000
29.000000
29.000000
29.000000
30.000000
31.000000
31.000000
32.000000
33.000000
33.000000
35.000000
36.000000
36.000000
40.000000
45.000000
45.000000
46.000000
46.000000
46.000000
50.000000
52.000000
53.000000
57.000000
66.000000
70.000000
71.000000
74.000000
85.000000
93.000000
98.000000
101.000000
112.000000
131.000000
133.000000
159.000000
160.000000
181.000000
192.000000
193.000000
228.000000
248.000000
419.000000
445.000000
484.000000
538.000000
573.000000
598.000000
638.000000
662.000000
682.000000
693.000000
719.000000
749.000000
770.000000
788.000000
827.000000
847.000000
901.000000
928.000000
986.000000
1017.000000
1102.000000
1144.000000
1163.000000
1196.000000
1217.000000
1253.000000
1300.000000
1337.000000
1361.000000
1399.000000
1447.000000
1507.000000
1523.000000
1553.000000
1626.000000
1735.000000
1767.000000
1789.000000
1826.000000
1843.000000
1891.000000
