0.000000
0.000000
1.000000
1.000000
1.000000
1.000000
1.000000
1.000000
1.000000
2.000000
2.000000
2.000000
2.000000
2.000000
2.000000
3.000000
3.000000
3.000000
4.000000
4.000000
4.000000
4.000000
4.000000
4.000000
4.000000
5.000000
6.000000
6.000000
6.000000
6.000000
6.000000
6.000000
7.000000
7.000000
7.000000
7.000000
8.000000
8.000000
8.000000
9.000000
9.000000
9.000000
9.000000
9.000000
9.000000
9.000000
10.000000
10.000000
10.000000
10.000000
10.000000
10.000000
11.000000
11.000000
11.000000
11.000000
11.000000
12.000000
12.000000
12.000000
12.000000
13.000000
13.000000
14.000000
14.000000
15.000000
15.000000
15.000000
15.000000
15.000000
15.000000
15.000000
16.000000
16.000000
16.000000
16.000000
17.000000
18.000000
18.000000
18.000000
19.000000
21.000000
21.000000
23.000000
24.000000
24.000000
25.000000
26.000000
26.000000
26.000000
28.000000
28.000000
28.000000
29.000000
30.000000
31.000000
31.000000
32.000000
32.000000
33.000000
34.000000
34.000000
34.000000
35.000000
39.000000
39.000000
40.000000
41.000000
45.000000
45.000000
46.000000
48.000000
49.000000
50.000000
56.000000
57.000000
61.000000
68.000000
70.000000
73.000000
75.000000
77.000000
89.000000
89.000000
96.000000
103.000000
103.000000
127.000000
129.000000
131.000000
156.000000
159.000000
172.000000
173.000000
182.000000
193.000000
204.000000
217.000000
229.000000
234.000000
238.000000
248.000000
257.000000
276.000000
282.000000
311.000000
326.000000
349.000000
384.000000
409.000000
433.000000
457.000000
473.000000
533.000000
563.000000
617.000000
652.000000
667.000000
743.000000
781.000000
824.000000
869.000000
901.000000
924.000000
971.000000
992.000000
1005.000000
1044.000000
1166.000000
1187.000000
1211.000000
1227.000000
1250.000000
1282.000000
1317.000000
1358.000000
1386.000000
1415.000000
1450.000000
1494.000000
1521.000000
