0.000000
0.000000
0.000000
1.000000
1.000000
1.000000
1.000000
2.000000
2.000000
2.000000
2.000000
2.000000
3.000000
3.000000
3.000000
3.000000
4.000000
4.000000
4.000000
4.000000
4.000000
5.000000
5.000000
5.000000
5.000000
5.000000
5.000000
5.000000
5.000000
6.000000
6.000000
6.000000
6.000000
6.000000
6.000000
6.000000
6.000000
7.000000
7.000000
7.000000
7.000000
8.000000
8.000000
8.000000
8.000000
9.000000
9.000000
9.000000
10.000000
10.000000
10.000000
10.000000
10.000000
11.000000
11.000000
11.000000
11.000000
11.000000
12.000000
12.000000
12.000000
12.000000
12.000000
12.000000
12.000000
12.000000
13.000000
13.000000
13.000000
13.000000
13.000000
13.000000
13.000000
13.000000
13.000000
14.000000
14.000000
14.000000
15.000000
15.000000
15.000000
15.000000
15.000000
16.000000
16.000000
16.000000
17.000000
18.000000
18.000000
19.000000
19.000000
19.000000
19.000000
19.000000
19.000000
19.000000
19.000000
20.000000
20.000000
20.000000
21.000000
21.000000
21.000000
22.000000
23.000000
23.000000
24.000000
24.000000
24.000000
24.000000
25.000000
25.000000
25.000000
26.000000
26.000000
28.000000
28.000000
28.000000
29.000000
29.000000
30.000000
30.000000
31.000000
32.000000
32.000000
33.000000
40.000000
42.000000
44.000000
45.000000
46.000000
47.000000
47.000000
48.000000
49.000000
50.000000
50.000000
52.000000
59.000000
65.000000
67.000000
68.000000
68.000000
70.000000
79.000000
84.000000
98.000000
105.000000
108.000000
111.000000
124.000000
135.000000
139.000000
156.000000
174.000000
197.000000
213.000000
224.000000
233.000000
558.000000
582.000000
1009.000000
1128.000000
1157.000000
1312.000000
1352.000000
1372.000000
1405.000000
1440.000000
1489.000000
1518.000000
1535.000000
1559.000000
1584.000000
1617.000000
1665.000000
1690.000000
1736.000000
1838.000000
1864.000000
1881.000000
