0.000000
0.000000
1.000000
2.000000
2.000000
3.000000
3.000000
3.000000
3.000000
4.000000
4.000000
4.000000
4.000000
4.000000
4.000000
4.000000
4.000000
4.000000
5.000000
5.000000
5.000000
5.000000
6.000000
6.000000
6.000000
6.000000
6.000000
6.000000
6.000000
6.000000
7.000000
7.000000
7.000000
7.000000
7.000000
8.000000
8.000000
8.000000
9.000000
9.000000
9.000000
9.000000
9.000000
10.000000
10.000000
10.000000
11.000000
11.000000
11.000000
11.000000
11.000000
12.000000
12.000000
12.000000
12.000000
12.000000
12.000000
12.000000
12.000000
13.000000
13.000000
13.000000
13.000000
13.000000
13.000000
13.000000
15.000000
15.000000
15.000000
15.000000
16.000000
16.000000
18.000000
19.000000
19.000000
19.000000
19.000000
20.000000
20.000000
21.000000
21.000000
22.000000
23.000000
25.000000
26.000000
27.000000
27.000000
31.000000
31.000000
32.000000
34.000000
35.000000
36.000000
36.000000
36.000000
37.000000
38.000000
39.000000
39.000000
44.000000
44.000000
45.000000
45.000000
48.000000
50.000000
50.000000
54.000000
56.000000
60.000000
60.000000
61.000000
72.000000
79.000000
80.000000
80.000000
82.000000
82.000000
86.000000
92.000000
96.000000
96.000000
99.000000
115.000000
120.000000
134.000000
134.000000
140.000000
174.000000
180.000000
182.000000
187.000000
189.000000
210.000000
227.000000
229.000000
237.000000
241.000000
242.000000
258.000000
272.000000
288.000000
361.000000
470.000000
502.000000
524.000000
561.000000
578.000000
626.000000
657.000000
702.000000
841.000000
856.000000
879.000000
914.000000
939.000000
963.000000
987.000000
1003.000000
1063.000000
1093.000000
1147.000000
1182.000000
1197.000000
1273.000000
1311.000000
1354.000000
1399.000000
1431.000000
1454.000000
1501.000000
1522.000000
1535.000000
1574.000000
1696.000000
1717.000000
1741.000000
1757.000000
1780.000000
1812.000000
1847.000000
1888.000000
