0.000000
1.000000
1.000000
1.000000
1.000000
1.000000
2.000000
2.000000
2.000000
2.000000
2.000000
3.000000
3.000000
3.000000
3.000000
4.000000
4.000000
4.000000
4.000000
4.000000
5.000000
5.000000
5.000000
5.000000
5.000000
5.000000
5.000000
5.000000
5.000000
6.000000
6.000000
6.000000
6.000000
6.000000
6.000000
6.000000
7.000000
7.000000
7.000000
8.000000
8.000000
8.000000
8.000000
8.000000
9.000000
9.000000
9.000000
9.000000
9.000000
9.000000
9.000000
10.000000
10.000000
10.000000
11.000000
11.000000
11.000000
11.000000
11.000000
11.000000
12.000000
12.000000
12.000000
13.000000
13.000000
13.000000
14.000000
15.000000
15.000000
15.000000
16.000000
17.000000
18.000000
18.000000
18.000000
19.000000
20.000000
21.000000
21.000000
21.000000
21.000000
22.000000
22.000000
24.000000
25.000000
26.000000
27.000000
27.000000
29.000000
30.000000
30.000000
30.000000
32.000000
34.000000
35.000000
36.000000
37.000000
37.000000
37.000000
41.000000
41.000000
41.000000
43.000000
47.000000
51.000000
57.000000
59.000000
62.000000
66.000000
69.000000
73.000000
74.000000
82.000000
87.000000
87.000000
88.000000
93.000000
97.000000
107.000000
113.000000
118.000000
122.000000
138.000000
140.000000
144.000000
162.000000
175.000000
175.000000
184.000000
186.000000
203.000000
211.000000
216.000000
221.000000
224.000000
227.000000
242.000000
245.000000
246.000000
251.000000
253.000000
264.000000
270.000000
275.000000
294.000000
319.000000
352.000000
400.000000
425.000000
471.000000
573.000000
599.000000
616.000000
649.000000
664.000000
686.000000
703.000000
719.000000
744.000000
778.000000
814.000000
841.000000
930.000000
1022.000000
1122.000000
1307.000000
1338.000000
1363.000000
1382.000000
1410.000000
1450.000000
1475.000000
1550.000000
1573.000000
1659.000000
1709.000000
1740.000000
1761.000000
1789.000000
1860.000000
1888.000000
