0.000000
0.000000
0.000000
1.000000
1.000000
1.000000
1.000000
1.000000
1.000000
2.000000
2.000000
2.000000
2.000000
2.000000
2.000000
3.000000
3.000000
3.000000
3.000000
3.000000
3.000000
3.000000
3.000000
4.000000
5.000000
5.000000
5.000000
5.000000
5.000000
5.000000
5.000000
5.000000
6.000000
7.000000
7.000000
7.000000
7.000000
7.000000
7.000000
8.000000
8.000000
8.000000
8.000000
8.000000
8.000000
8.000000
9.000000
9.000000
9.000000
10.000000
10.000000
10.000000
10.000000
10.000000
10.000000
10.000000
11.000000
11.000000
11.000000
12.000000
12.000000
12.000000
12.000000
12.000000
13.000000
13.000000
13.000000
13.000000
13.000000
13.000000
14.000000
14.000000
14.000000
15.000000
15.000000
15.000000
15.000000
15.000000
16.000000
16.000000
16.000000
16.000000
16.000000
16.000000
17.000000
17.000000
17.000000
17.000000
18.000000
19.000000
19.000000
19.000000
20.000000
20.000000
20.000000
20.000000
21.000000
21.000000
22.000000
24.000000
24.000000
25.000000
26.000000
26.000000
27.000000
27.000000
27.000000
28.000000
29.000000
29.000000
32.000000
32.000000
32.000000
34.000000
38.000000
38.000000
38.000000
39.000000
39.000000
40.000000
41.000000
42.000000
44.000000
48.000000
50.000000
52.000000
52.000000
52.000000
54.000000
55.000000
56.000000
60.000000
65.000000
73.000000
74.000000
76.000000
79.000000
87.000000
92.000000
102.000000
109.000000
119.000000
132.000000
148.000000
156.000000
193.000000
208.000000
217.000000
255.000000
479.000000
598.000000
627.000000
782.000000
822.000000
842.000000
875.000000
910.000000
959.000000
988.000000
1005.000000
1029.000000
1054.000000
1087.000000
1135.000000
1160.000000
1206.000000
1308.000000
1334.000000
1351.000000
1384.000000
1399.000000
1421.000000
1438.000000
1454.000000
1479.000000
1513.000000
1549.000000
1576.000000
1665.000000
1757.000000
1857.000000
