0.000000
0.000000
0.000000
0.000000
1.000000
1.000000
1.000000
1.000000
1.000000
1.000000
1.000000
1.000000
1.000000
2.000000
2.000000
2.000000
2.000000
2.000000
3.000000
3.000000
3.000000
3.000000
4.000000
4.000000
4.000000
4.000000
4.000000
4.000000
4.000000
5.000000
5.000000
5.000000
5.000000
5.000000
5.000000
5.000000
6.000000
6.000000
6.000000
6.000000
6.000000
6.000000
6.000000
7.000000
7.000000
7.000000
7.000000
7.000000
7.000000
7.000000
8.000000
8.000000
8.000000
8.000000
8.000000
8.000000
8.000000
8.000000
9.000000
9.000000
10.000000
10.000000
10.000000
10.000000
10.000000
11.000000
11.000000
11.000000
11.000000
11.000000
11.000000
11.000000
12.000000
12.000000
12.000000
13.000000
13.000000
14.000000
14.000000
14.000000
15.000000
15.000000
16.000000
16.000000
16.000000
17.000000
17.000000
17.000000
18.000000
18.000000
19.000000
19.000000
20.000000
21.000000
22.000000
23.000000
23.000000
23.000000
23.000000
23.000000
24.000000
24.000000
25.000000
25.000000
25.000000
28.000000
28.000000
28.000000
29.000000
29.000000
30.000000
31.000000
33.000000
34.000000
35.000000
35.000000
36.000000
36.000000
36.000000
37.000000
37.000000
37.000000
39.000000
40.000000
41.000000
43.000000
44.000000
49.000000
49.000000
51.000000
53.000000
54.000000
54.000000
60.000000
60.000000
63.000000
70.000000
72.000000
76.000000
85.000000
92.000000
97.000000
99.000000
100.000000
121.000000
133.000000
135.000000
180.000000
188.000000
212.000000
228.000000
235.000000
243.000000
269.000000
282.000000
282.000000
283.000000
295.000000
323.000000
390.000000
418.000000
460.000000
495.000000
519.000000
563.000000
606.000000
632.000000
660.000000
685.000000
722.000000
746.000000
763.000000
802.000000
1458.000000
1484.000000
1506.000000
1744.000000
1770.000000
1809.000000
1863.000000
1898.000000
