0.000000
0.000000
0.000000
0.000000
0.000000
1.000000
1.000000
1.000000
1.000000
1.000000
1.000000
1.000000
1.000000
1.000000
2.000000
2.000000
2.000000
2.000000
2.000000
2.000000
3.000000
3.000000
3.000000
3.000000
3.000000
3.000000
3.000000
3.000000
3.000000
3.000000
3.000000
4.000000
4.000000
4.000000
4.000000
5.000000
5.000000
5.000000
5.000000
5.000000
6.000000
6.000000
6.000000
6.000000
6.000000
6.000000
6.000000
6.000000
7.000000
7.000000
7.000000
7.000000
7.000000
8.000000
8.000000
8.000000
8.000000
8.000000
8.000000
9.000000
9.000000
9.000000
9.000000
9.000000
9.000000
9.000000
10.000000
10.000000
10.000000
11.000000
11.000000
11.000000
11.000000
11.000000
11.000000
12.000000
12.000000
12.000000
12.000000
13.000000
13.000000
13.000000
13.000000
13.000000
14.000000
15.000000
15.000000
16.000000
16.000000
16.000000
16.000000
16.000000
17.000000
18.000000
19.000000
19.000000
20.000000
20.000000
20.000000
21.000000
21.000000
21.000000
21.000000
21.000000
22.000000
22.000000
22.000000
22.000000
22.000000
23.000000
23.000000
23.000000
23.000000
24.000000
25.000000
25.000000
26.000000
26.000000
27.000000
30.000000
31.000000
33.000000
34.000000
35.000000
35.000000
35.000000
36.000000
40.000000
40.000000
41.000000
43.000000
43.000000
43.000000
44.000000
44.000000
46.000000
46.000000
48.000000
51.000000
52.000000
54.000000
55.000000
60.000000
62.000000
67.000000
68.000000
71.000000
71.000000
73.000000
79.000000
105.000000
106.000000
149.000000
194.000000
209.000000
226.000000
231.000000
249.000000
254.000000
296.000000
317.000000
330.000000
369.000000
491.000000
512.000000
536.000000
552.000000
575.000000
607.000000
642.000000
683.000000
711.000000
740.000000
775.000000
819.000000
846.000000
1293.000000
1317.000000
1744.000000
1863.000000
1892.000000
