0.000000
0.000000
1.000000
1.000000
1.000000
1.000000
2.000000
2.000000
2.000000
2.000000
2.000000
2.000000
2.000000
2.000000
2.000000
3.000000
3.000000
3.000000
4.000000
4.000000
4.000000
5.000000
5.000000
5.000000
5.000000
6.000000
6.000000
6.000000
7.000000
7.000000
7.000000
8.000000
8.000000
8.000000
8.000000
8.000000
9.000000
9.000000
9.000000
10.000000
10.000000
10.000000
10.000000
11.000000
11.000000
11.000000
11.000000
11.000000
12.000000
12.000000
12.000000
13.000000
14.000000
14.000000
15.000000
15.000000
15.000000
15.000000
15.000000
15.000000
16.000000
16.000000
17.000000
17.000000
17.000000
18.000000
18.000000
18.000000
19.000000
19.000000
19.000000
19.000000
19.000000
19.000000
20.000000
20.000000
20.000000
20.000000
20.000000
20.000000
21.000000
21.000000
22.000000
23.000000
23.000000
23.000000
24.000000
24.000000
27.000000
27.000000
29.000000
30.000000
31.000000
34.000000
35.000000
35.000000
35.000000
36.000000
36.000000
36.000000
37.000000
39.000000
40.000000
40.000000
42.000000
48.000000
53.000000
53.000000
55.000000
57.000000
59.000000
60.000000
61.000000
62.000000
63.000000
66.000000
82.000000
85.000000
90.000000
92.000000
96.000000
104.000000
108.000000
115.000000
120.000000
126.000000
129.000000
143.000000
153.000000
154.000000
160.000000
169.000000
196.000000
205.000000
212.000000
231.000000
237.000000
253.000000
255.000000
259.000000
296.000000
313.000000
361.000000
392.000000
437.000000
576.000000
591.000000
614.000000
649.000000
674.000000
698.000000
722.000000
738.000000
798.000000
828.000000
882.000000
917.000000
932.000000
1008.000000
1046.000000
1089.000000
1134.000000
1166.000000
1189.000000
1236.000000
1257.000000
1270.000000
1309.000000
1431.000000
1452.000000
1476.000000
1492.000000
1515.000000
1547.000000
1582.000000
1623.000000
1651.000000
1680.000000
1715.000000
1759.000000
1786.000000
