0.000000
1.000000
1.000000
1.000000
2.000000
2.000000
2.000000
2.000000
2.000000
3.000000
3.000000
3.000000
3.000000
3.000000
3.000000
4.000000
4.000000
4.000000
4.000000
5.000000
5.000000
5.000000
5.000000
5.000000
5.000000
5.000000
6.000000
6.000000
7.000000
7.000000
7.000000
8.000000
8.000000
8.000000
8.000000
8.000000
8.000000
9.000000
9.000000
9.000000
9.000000
9.000000
9.000000
9.000000
10.000000
10.000000
10.000000
10.000000
10.000000
10.000000
10.000000
11.000000
11.000000
11.000000
11.000000
11.000000
11.000000
11.000000
11.000000
11.000000
12.000000
12.000000
12.000000
12.000000
13.000000
13.000000
13.000000
13.000000
14.000000
14.000000
14.000000
14.000000
14.000000
14.000000
15.000000
15.000000
16.000000
16.000000
16.000000
17.000000
17.000000
18.000000
18.000000
18.000000
19.000000
19.000000
20.000000
21.000000
21.000000
23.000000
23.000000
24.000000
24.000000
24.000000
25.000000
26.000000
27.000000
30.000000
30.000000
30.000000
31.000000
31.000000
31.000000
32.000000
33.000000
33.000000
34.000000
34.000000
35.000000
38.000000
43.000000
45.000000
45.000000
46.000000
46.000000
47.000000
48.000000
49.000000
53.000000
54.000000
58.000000
66.000000
68.000000
69.000000
71.000000
76.000000
79.000000
82.000000
87.000000
92.000000
97.000000
97.000000
101.000000
111.000000
113.000000
115.000000
128.000000
139.000000
153.000000
155.000000
158.000000
179.000000
186.000000
189.000000
203.000000
211.000000
214.000000
228.000000
255.000000
263.000000
279.000000
286.000000
297.000000
308.000000
329.000000
597.000000
618.000000
640.000000
667.000000
724.000000
760.000000
808.000000
863.000000
903.000000
944.000000
958.000000
998.000000
1065.000000
1093.000000
1135.000000
1170.000000
1194.000000
1238.000000
1281.000000
1307.000000
1335.000000
1360.000000
1397.000000
1421.000000
1438.000000
1477.000000
