0.000000
0.000000
1.000000
2.000000
2.000000
2.000000
2.000000
2.000000
2.000000
2.000000
3.000000
3.000000
3.000000
3.000000
3.000000
3.000000
3.000000
4.000000
4.000000
4.000000
4.000000
5.000000
5.000000
5.000000
5.000000
5.000000
5.000000
6.000000
6.000000
6.000000
6.000000
6.000000
6.000000
7.000000
7.000000
7.000000
7.000000
8.000000
8.000000
8.000000
8.000000
9.000000
9.000000
9.000000
10.000000
10.000000
11.000000
11.000000
11.000000
11.000000
12.000000
12.000000
13.000000
13.000000
13.000000
13.000000
13.000000
14.000000
14.000000
14.000000
14.000000
14.000000
14.000000
15.000000
15.000000
15.000000
15.000000
16.000000
16.000000
17.000000
17.000000
17.000000
17.000000
17.000000
18.000000
19.000000
20.000000
21.000000
22.000000
22.000000
23.000000
25.000000
25.000000
26.000000
26.000000
27.000000
27.000000
28.000000
28.000000
28.000000
28.000000
30.000000
30.000000
32.000000
34.000000
34.000000
35.000000
35.000000
35.000000
39.000000
41.000000
43.000000
46.000000
47.000000
49.000000
49.000000
51.000000
55.000000
56.000000
57.000000
59.000000
60.000000
61.000000
62.000000
69.000000
77.000000
82.000000
86.000000
92.000000
108.000000
110.000000
110.000000
114.000000
114.000000
118.000000
137.000000
151.000000
154.000000
157.000000
162.000000
168.000000
174.000000
197.000000
198.000000
202.000000
216.000000
223.000000
230.000000
235.000000
247.000000
249.000000
251.000000
274.000000
292.000000
293.000000
431.000000
446.000000
469.000000
504.000000
529.000000
553.000000
577.000000
593.000000
653.000000
683.000000
737.000000
772.000000
787.000000
863.000000
901.000000
944.000000
989.000000
1021.000000
1044.000000
1091.000000
1112.000000
1125.000000
1164.000000
1286.000000
1307.000000
1331.000000
1347.000000
1370.000000
1402.000000
1437.000000
1478.000000
1506.000000
1535.000000
1570.000000
1614.000000
1641.000000
