0.000000
0.000000
1.000000
1.000000
1.000000
1.000000
1.000000
1.000000
2.000000
2.000000
2.000000
2.000000
3.000000
3.000000
3.000000
3.000000
4.000000
4.000000
4.000000
4.000000
5.000000
5.000000
5.000000
5.000000
5.000000
5.000000
5.000000
5.000000
6.000000
6.000000
6.000000
6.000000
6.000000
6.000000
6.000000
7.000000
7.000000
7.000000
7.000000
7.000000
8.000000
8.000000
8.000000
8.000000
8.000000
9.000000
9.000000
9.000000
10.000000
10.000000
10.000000
10.000000
10.000000
10.000000
10.000000
10.000000
11.000000
11.000000
11.000000
11.000000
11.000000
11.000000
11.000000
12.000000
12.000000
12.000000
13.000000
13.000000
13.000000
14.000000
14.000000
14.000000
15.000000
15.000000
15.000000
15.000000
15.000000
15.000000
16.000000
16.000000
16.000000
16.000000
16.000000
17.000000
17.000000
17.000000
18.000000
18.000000
19.000000
19.000000
20.000000
20.000000
20.000000
21.000000
21.000000
22.000000
22.000000
22.000000
22.000000
24.000000
25.000000
27.000000
27.000000
27.000000
28.000000
28.000000
29.000000
29.000000
30.000000
30.000000
31.000000
32.000000
32.000000
32.000000
32.000000
34.000000
34.000000
35.000000
36.000000
39.000000
40.000000
43.000000
43.000000
43.000000
43.000000
46.000000
48.000000
49.000000
49.000000
50.000000
50.000000
51.000000
51.000000
52.000000
66.000000
69.000000
75.000000
79.000000
79.000000
80.000000
81.000000
82.000000
88.000000
88.000000
96.000000
103.000000
105.000000
106.000000
117.000000
119.000000
131.000000
143.000000
152.000000
153.000000
164.000000
173.000000
186.000000
195.000000
210.000000
225.000000
237.000000
259.000000
280.000000
287.000000
387.000000
572.000000
603.000000
628.000000
647.000000
675.000000
715.000000
740.000000
815.000000
838.000000
924.000000
974.000000
1005.000000
1026.000000
1054.000000
1125.000000
1153.000000
