0.000000
0.000000
1.000000
1.000000
1.000000
1.000000
1.000000
1.000000
1.000000
1.000000
1.000000
1.000000
2.000000
2.000000
2.000000
2.000000
2.000000
2.000000
2.000000
3.000000
3.000000
4.000000
4.000000
4.000000
5.000000
5.000000
5.000000
5.000000
5.000000
6.000000
6.000000
6.000000
6.000000
6.000000
7.000000
7.000000
7.000000
7.000000
7.000000
8.000000
8.000000
8.000000
8.000000
8.000000
8.000000
8.000000
9.000000
9.000000
9.000000
9.000000
9.000000
9.000000
9.000000
9.000000
9.000000
9.000000
9.000000
10.000000
10.000000
10.000000
10.000000
11.000000
11.000000
11.000000
11.000000
11.000000
11.000000
11.000000
11.000000
11.000000
12.000000
12.000000
12.000000
12.000000
12.000000
12.000000
12.000000
13.000000
13.000000
13.000000
13.000000
13.000000
14.000000
14.000000
15.000000
16.000000
16.000000
16.000000
16.000000
16.000000
17.000000
17.000000
18.000000
18.000000
18.000000
19.000000
19.000000
20.000000
20.000000
21.000000
22.000000
22.000000
22.000000
22.000000
26.000000
26.000000
26.000000
27.000000
28.000000
28.000000
29.000000
31.000000
32.000000
32.000000
32.000000
33.000000
34.000000
34.000000
34.000000
35.000000
35.000000
37.000000
37.000000
42.000000
43.000000
45.000000
46.000000
46.000000
48.000000
49.000000
50.000000
58.000000
59.000000
67.000000
70.000000
70.000000
81.000000
89.000000
90.000000
96.000000
116.000000
117.000000
133.000000
157.000000
162.000000
192.000000
195.000000
208.000000
243.000000
419.000000
538.000000
567.000000
722.000000
762.000000
782.000000
815.000000
850.000000
899.000000
928.000000
945.000000
969.000000
994.000000
1027.000000
1075.000000
1100.000000
1146.000000
1248.000000
1274.000000
1291.000000
1324.000000
1339.000000
1361.000000
1378.000000
1394.000000
1419.000000
1453.000000
1489.000000
1516.000000
1605.000000
1697.000000
1797.000000
