0.000000
0.000000
1.000000
1.000000
1.000000
1.000000
1.000000
1.000000
2.000000
2.000000
2.000000
2.000000
2.000000
3.000000
3.000000
3.000000
3.000000
3.000000
3.000000
4.000000
4.000000
4.000000
4.000000
4.000000
4.000000
4.000000
5.000000
6.000000
6.000000
6.000000
7.000000
7.000000
7.000000
7.000000
7.000000
7.000000
7.000000
7.000000
7.000000
8.000000
8.000000
8.000000
8.000000
8.000000
9.000000
9.000000
9.000000
9.000000
9.000000
10.000000
10.000000
11.000000
11.000000
11.000000
11.000000
11.000000
11.000000
11.000000
11.000000
11.000000
12.000000
12.000000
12.000000
12.000000
12.000000
13.000000
13.000000
13.000000
13.000000
13.000000
13.000000
13.000000
14.000000
14.000000
14.000000
15.000000
15.000000
17.000000
17.000000
17.000000
18.000000
19.000000
20.000000
21.000000
21.000000
24.000000
24.000000
25.000000
27.000000
27.000000
29.000000
29.000000
30.000000
31.000000
32.000000
33.000000
34.000000
37.000000
39.000000
40.000000
41.000000
44.000000
46.000000
46.000000
54.000000
59.000000
66.000000
69.000000
73.000000
74.000000
74.000000
74.000000
75.000000
92.000000
93.000000
95.000000
102.000000
105.000000
113.000000
118.000000
122.000000
126.000000
127.000000
141.000000
152.000000
161.000000
171.000000
172.000000
187.000000
195.000000
210.000000
212.000000
224.000000
226.000000
239.000000
245.000000
253.000000
256.000000
260.000000
280.000000
293.000000
311.000000
342.000000
427.000000
469.000000
488.000000
521.000000
542.000000
578.000000
625.000000
662.000000
686.000000
724.000000
772.000000
832.000000
848.000000
878.000000
951.000000
1060.000000
1092.000000
1114.000000
1151.000000
1168.000000
1216.000000
1247.000000
1292.000000
1431.000000
1446.000000
1469.000000
1504.000000
1529.000000
1553.000000
1577.000000
1593.000000
1653.000000
1683.000000
1737.000000
1772.000000
1787.000000
1863.000000
1901.000000
