0.000000
0.000000
1.000000
1.000000
1.000000
1.000000
1.000000
1.000000
1.000000
1.000000
2.000000
2.000000
2.000000
2.000000
3.000000
3.000000
3.000000
3.000000
3.000000
3.000000
3.000000
4.000000
4.000000
4.000000
4.000000
4.000000
4.000000
4.000000
4.000000
4.000000
5.000000
5.000000
6.000000
6.000000
6.000000
7.000000
7.000000
7.000000
7.000000
7.000000
7.000000
7.000000
7.000000
7.000000
7.000000
8.000000
8.000000
8.000000
8.000000
8.000000
8.000000
8.000000
9.000000
9.000000
9.000000
9.000000
10.000000
10.000000
10.000000
10.000000
10.000000
10.000000
11.000000
11.000000
11.000000
12.000000
12.000000
12.000000
12.000000
12.000000
12.000000
13.000000
13.000000
13.000000
13.000000
14.000000
14.000000
15.000000
15.000000
15.000000
16.000000
16.000000
16.000000
16.000000
17.000000
17.000000
17.000000
18.000000
18.000000
18.000000
19.000000
19.000000
19.000000
19.000000
20.000000
20.000000
20.000000
21.000000
21.000000
22.000000
27.000000
28.000000
28.000000
30.000000
31.000000
31.000000
31.000000
32.000000
32.000000
33.000000
33.000000
34.000000
36.000000
38.000000
39.000000
40.000000
41.000000
42.000000
42.000000
43.000000
44.000000
46.000000
47.000000
47.000000
51.000000
53.000000
56.000000
57.000000
58.000000
65.000000
66.000000
78.000000
78.000000
78.000000
80.000000
85.000000
89.000000
89.000000
98.000000
113.000000
115.000000
119.000000
150.000000
163.000000
197.000000
205.000000
224.000000
233.000000
233.000000
254.000000
257.000000
684.000000
803.000000
832.000000
987.000000
1027.000000
1047.000000
1080.000000
1115.000000
1164.000000
1193.000000
1210.000000
1234.000000
1259.000000
1292.000000
1340.000000
1365.000000
1411.000000
1513.000000
1539.000000
1556.000000
1589.000000
1604.000000
1626.000000
1643.000000
1659.000000
1684.000000
1718.000000
1754.000000
1781.000000
1870.000000
