0.000000
1.000000
1.000000
1.000000
1.000000
1.000000
1.000000
1.000000
2.000000
2.000000
2.000000
2.000000
2.000000
2.000000
2.000000
2.000000
3.000000
3.000000
3.000000
3.000000
3.000000
3.000000
4.000000
4.000000
4.000000
4.000000
4.000000
4.000000
4.000000
5.000000
5.000000
5.000000
5.000000
5.000000
5.000000
6.000000
6.000000
6.000000
6.000000
6.000000
7.000000
7.000000
7.000000
8.000000
8.000000
8.000000
8.000000
8.000000
8.000000
9.000000
9.000000
9.000000
10.000000
10.000000
10.000000
10.000000
10.000000
10.000000
10.000000
10.000000
11.000000
11.000000
11.000000
11.000000
11.000000
11.000000
12.000000
12.000000
12.000000
12.000000
12.000000
12.000000
12.000000
13.000000
13.000000
13.000000
13.000000
14.000000
15.000000
16.000000
16.000000
16.000000
16.000000
17.000000
18.000000
18.000000
18.000000
18.000000
19.000000
19.000000
19.000000
20.000000
20.000000
20.000000
20.000000
21.000000
21.000000
21.000000
22.000000
25.000000
25.000000
27.000000
27.000000
27.000000
28.000000
28.000000
29.000000
29.000000
30.000000
30.000000
31.000000
32.000000
32.000000
32.000000
33.000000
34.000000
34.000000
36.000000
39.000000
42.000000
42.000000
42.000000
44.000000
45.000000
46.000000
50.000000
55.000000
56.000000
56.000000
60.000000
66.000000
67.000000
72.000000
78.000000
79.000000
79.000000
85.000000
88.000000
88.000000
98.000000
112.000000
112.000000
112.000000
133.000000
148.000000
169.000000
196.000000
216.000000
234.000000
253.000000
539.000000
658.000000
687.000000
842.000000
882.000000
902.000000
935.000000
970.000000
1019.000000
1048.000000
1065.000000
1089.000000
1114.000000
1147.000000
1195.000000
1220.000000
1266.000000
1368.000000
1394.000000
1411.000000
1444.000000
1459.000000
1481.000000
1498.000000
1514.000000
1539.000000
1573.000000
1609.000000
1636.000000
1725.000000
1817.000000
