0.000000
1.000000
1.000000
1.000000
1.000000
2.000000
2.000000
2.000000
2.000000
2.000000
2.000000
2.000000
2.000000
2.000000
2.000000
3.000000
3.000000
4.000000
4.000000
4.000000
4.000000
4.000000
4.000000
4.000000
5.000000
5.000000
5.000000
5.000000
6.000000
6.000000
6.000000
6.000000
6.000000
6.000000
6.000000
6.000000
7.000000
7.000000
7.000000
7.000000
7.000000
7.000000
8.000000
8.000000
8.000000
8.000000
8.000000
8.000000
8.000000
8.000000
8.000000
8.000000
9.000000
9.000000
9.000000
9.000000
9.000000
9.000000
9.000000
9.000000
9.000000
9.000000
10.000000
10.000000
10.000000
10.000000
10.000000
11.000000
11.000000
11.000000
11.000000
11.000000
11.000000
11.000000
12.000000
12.000000
12.000000
12.000000
12.000000
12.000000
12.000000
13.000000
13.000000
13.000000
13.000000
14.000000
14.000000
14.000000
15.000000
15.000000
15.000000
16.000000
16.000000
16.000000
17.000000
17.000000
17.000000
17.000000
18.000000
18.000000
18.000000
19.000000
20.000000
20.000000
20.000000
20.000000
21.000000
21.000000
21.000000
22.000000
22.000000
24.000000
24.000000
24.000000
25.000000
27.000000
27.000000
28.000000
30.000000
31.000000
31.000000
32.000000
32.000000
32.000000
32.000000
33.000000
35.000000
36.000000
36.000000
37.000000
38.000000
38.000000
39.000000
39.000000
41.000000
41.000000
41.000000
41.000000
41.000000
43.000000
44.000000
45.000000
46.000000
51.000000
52.000000
53.000000
57.000000
61.000000
63.000000
66.000000
68.000000
73.000000
78.000000
79.000000
80.000000
89.000000
92.000000
97.000000
97.000000
98.000000
103.000000
121.000000
125.000000
135.000000
156.000000
174.000000
180.000000
189.000000
191.000000
215.000000
224.000000
239.000000
252.000000
267.000000
270.000000
277.000000
291.000000
293.000000
319.000000
390.000000
418.000000
