0.000000
0.000000
0.000000
0.000000
1.000000
1.000000
1.000000
2.000000
2.000000
2.000000
2.000000
2.000000
2.000000
2.000000
3.000000
3.000000
3.000000
3.000000
3.000000
3.000000
3.000000
3.000000
3.000000
4.000000
4.000000
4.000000
4.000000
5.000000
5.000000
5.000000
5.000000
5.000000
5.000000
5.000000
5.000000
5.000000
5.000000
5.000000
6.000000
6.000000
6.000000
6.000000
6.000000
7.000000
7.000000
7.000000
7.000000
7.000000
7.000000
7.000000
7.000000
8.000000
8.000000
8.000000
8.000000
8.000000
8.000000
8.000000
8.000000
8.000000
8.000000
8.000000
8.000000
8.000000
8.000000
9.000000
9.000000
9.000000
9.000000
9.000000
10.000000
10.000000
10.000000
10.000000
10.000000
10.000000
10.000000
10.000000
11.000000
11.000000
11.000000
11.000000
12.000000
12.000000
12.000000
12.000000
12.000000
13.000000
13.000000
13.000000
13.000000
13.000000
13.000000
14.000000
14.000000
14.000000
15.000000
15.000000
15.000000
16.000000
16.000000
16.000000
16.000000
17.000000
17.000000
17.000000
17.000000
17.000000
18.000000
18.000000
18.000000
18.000000
19.000000
19.000000
19.000000
19.000000
19.000000
22.000000
22.000000
23.000000
23.000000
23.000000
24.000000
24.000000
28.000000
28.000000
29.000000
30.000000
31.000000
31.000000
31.000000
32.000000
33.000000
34.000000
37.000000
37.000000
38.000000
38.000000
38.000000
39.000000
39.000000
40.000000
40.000000
42.000000
45.000000
45.000000
46.000000
46.000000
56.000000
67.000000
81.000000
89.000000
104.000000
134.000000
166.000000
189.000000
194.000000
220.000000
236.000000
242.000000
257.000000
270.000000
309.000000
431.000000
452.000000
476.000000
492.000000
515.000000
547.000000
582.000000
623.000000
651.000000
680.000000
715.000000
759.000000
786.000000
1233.000000
1257.000000
1684.000000
1803.000000
1832.000000
