0.000000
0.000000
1.000000
1.000000
1.000000
1.000000
1.000000
1.000000
1.000000
1.000000
2.000000
2.000000
2.000000
3.000000
3.000000
3.000000
3.000000
4.000000
4.000000
4.000000
4.000000
4.000000
5.000000
5.000000
5.000000
5.000000
6.000000
6.000000
6.000000
6.000000
6.000000
6.000000
6.000000
6.000000
7.000000
7.000000
8.000000
8.000000
8.000000
8.000000
9.000000
9.000000
9.000000
10.000000
10.000000
10.000000
10.000000
11.000000
11.000000
11.000000
11.000000
11.000000
11.000000
11.000000
11.000000
11.000000
12.000000
12.000000
12.000000
12.000000
12.000000
12.000000
12.000000
12.000000
13.000000
13.000000
13.000000
13.000000
13.000000
14.000000
14.000000
15.000000
16.000000
16.000000
16.000000
17.000000
17.000000
18.000000
18.000000
18.000000
18.000000
19.000000
19.000000
19.000000
19.000000
20.000000
20.000000
20.000000
21.000000
21.000000
22.000000
22.000000
23.000000
25.000000
25.000000
26.000000
28.000000
29.000000
30.000000
30.000000
31.000000
32.000000
32.000000
33.000000
34.000000
35.000000
36.000000
37.000000
40.000000
41.000000
43.000000
47.000000
48.000000
52.000000
54.000000
60.000000
66.000000
73.000000
76.000000
82.000000
82.000000
86.000000
88.000000
131.000000
132.000000
141.000000
156.000000
159.000000
164.000000
175.000000
180.000000
186.000000
191.000000
204.000000
211.000000
220.000000
223.000000
232.000000
245.000000
250.000000
251.000000
263.000000
282.000000
289.000000
299.000000
310.000000
333.000000
366.000000
418.000000
454.000000
476.000000
520.000000
544.000000
573.000000
594.000000
862.000000
883.000000
905.000000
932.000000
989.000000
1025.000000
1073.000000
1128.000000
1168.000000
1209.000000
1223.000000
1263.000000
1330.000000
1358.000000
1400.000000
1435.000000
1459.000000
1503.000000
1546.000000
1572.000000
1600.000000
1625.000000
1662.000000
1686.000000
1703.000000
1742.000000
