0.000000
0.000000
1.000000
1.000000
3.000000
3.000000
3.000000
3.000000
4.000000
4.000000
4.000000
4.000000
4.000000
4.000000
4.000000
5.000000
5.000000
5.000000
5.000000
5.000000
6.000000
6.000000
6.000000
6.000000
6.000000
6.000000
7.000000
7.000000
7.000000
7.000000
8.000000
8.000000
8.000000
8.000000
8.000000
8.000000
9.000000
9.000000
9.000000
9.000000
9.000000
10.000000
10.000000
11.000000
11.000000
11.000000
11.000000
11.000000
12.000000
12.000000
12.000000
12.000000
12.000000
12.000000
12.000000
13.000000
13.000000
13.000000
13.000000
15.000000
15.000000
15.000000
15.000000
16.000000
16.000000
16.000000
17.000000
17.000000
17.000000
18.000000
18.000000
19.000000
19.000000
20.000000
21.000000
21.000000
22.000000
23.000000
24.000000
24.000000
24.000000
24.000000
26.000000
26.000000
27.000000
27.000000
29.000000
29.000000
29.000000
29.000000
30.000000
31.000000
32.000000
34.000000
35.000000
36.000000
39.000000
40.000000
42.000000
43.000000
45.000000
48.000000
48.000000
50.000000
53.000000
55.000000
60.000000
64.000000
65.000000
68.000000
72.000000
73.000000
76.000000
83.000000
95.000000
96.000000
105.000000
110.000000
120.000000
120.000000
127.000000
132.000000
142.000000
146.000000
156.000000
159.000000
167.000000
175.000000
181.000000
194.000000
194.000000
200.000000
212.000000
222.000000
234.000000
242.000000
249.000000
270.000000
297.000000
302.000000
318.000000
348.000000
421.000000
530.000000
562.000000
584.000000
621.000000
638.000000
686.000000
717.000000
762.000000
901.000000
916.000000
939.000000
974.000000
999.000000
1023.000000
1047.000000
1063.000000
1123.000000
1153.000000
1207.000000
1242.000000
1257.000000
1333.000000
1371.000000
1414.000000
1459.000000
1491.000000
1514.000000
1561.000000
1582.000000
1595.000000
1634.000000
1756.000000
1777.000000
1801.000000
1817.000000
1840.000000
1872.000000
1907.000000
