0.000000
0.000000
0.000000
1.000000
1.000000
1.000000
1.000000
1.000000
2.000000
2.000000
2.000000
2.000000
2.000000
2.000000
2.000000
2.000000
3.000000
3.000000
3.000000
3.000000
3.000000
3.000000
3.000000
3.000000
4.000000
4.000000
4.000000
5.000000
5.000000
6.000000
6.000000
6.000000
6.000000
6.000000
6.000000
6.000000
6.000000
7.000000
7.000000
7.000000
8.000000
8.000000
8.000000
8.000000
8.000000
9.000000
9.000000
9.000000
10.000000
11.000000
11.000000
11.000000
11.000000
11.000000
11.000000
12.000000
12.000000
12.000000
13.000000
14.000000
14.000000
15.000000
16.000000
16.000000
17.000000
17.000000
18.000000
18.000000
18.000000
18.000000
19.000000
19.000000
19.000000
20.000000
21.000000
21.000000
22.000000
22.000000
22.000000
22.000000
23.000000
23.000000
24.000000
24.000000
24.000000
24.000000
24.000000
25.000000
25.000000
25.000000
26.000000
26.000000
27.000000
28.000000
28.000000
30.000000
34.000000
34.000000
34.000000
34.000000
35.000000
37.000000
37.000000
40.000000
41.000000
43.000000
44.000000
45.000000
46.000000
46.000000
52.000000
54.000000
55.000000
57.000000
68.000000
77.000000
80.000000
80.000000
83.000000
84.000000
94.000000
95.000000
101.000000
104.000000
114.000000
127.000000
146.000000
158.000000
175.000000
186.000000
194.000000
200.000000
204.000000
214.000000
234.000000
240.000000
250.000000
253.000000
279.000000
279.000000
333.000000
368.000000
393.000000
433.000000
457.000000
477.000000
488.000000
514.000000
544.000000
565.000000
583.000000
622.000000
642.000000
696.000000
723.000000
781.000000
812.000000
897.000000
939.000000
958.000000
991.000000
1012.000000
1048.000000
1095.000000
1132.000000
1156.000000
1194.000000
1242.000000
1302.000000
1318.000000
1348.000000
1421.000000
1530.000000
1562.000000
1584.000000
1621.000000
1638.000000
1686.000000
1717.000000
1762.000000
1901.000000
