0.000000
0.000000
0.000000
0.000000
1.000000
1.000000
1.000000
1.000000
1.000000
1.000000
1.000000
1.000000
2.000000
2.000000
2.000000
2.000000
2.000000
2.000000
3.000000
3.000000
3.000000
3.000000
3.000000
4.000000
4.000000
4.000000
4.000000
4.000000
5.000000
5.000000
5.000000
5.000000
5.000000
5.000000
6.000000
6.000000
6.000000
6.000000
6.000000
7.000000
7.000000
7.000000
8.000000
8.000000
8.000000
8.000000
8.000000
8.000000
8.000000
9.000000
9.000000
9.000000
9.000000
9.000000
10.000000
10.000000
10.000000
10.000000
10.000000
10.000000
10.000000
11.000000
11.000000
11.000000
11.000000
11.000000
11.000000
11.000000
11.000000
12.000000
12.000000
12.000000
13.000000
13.000000
13.000000
13.000000
13.000000
13.000000
14.000000
14.000000
14.000000
15.000000
15.000000
16.000000
16.000000
16.000000
17.000000
17.000000
18.000000
18.000000
18.000000
19.000000
19.000000
20.000000
20.000000
21.000000
22.000000
23.000000
23.000000
24.000000
25.000000
25.000000
26.000000
26.000000
29.000000
29.000000
30.000000
32.000000
33.000000
34.000000
35.000000
37.000000
38.000000
38.000000
39.000000
39.000000
40.000000
45.000000
45.000000
46.000000
46.000000
48.000000
50.000000
51.000000
61.000000
63.000000
69.000000
70.000000
70.000000
80.000000
85.000000
86.000000
92.000000
104.000000
107.000000
119.000000
132.000000
140.000000
154.000000
163.000000
167.000000
177.000000
190.000000
208.000000
211.000000
244.000000
255.000000
263.000000
293.000000
637.000000
657.000000
728.000000
760.000000
789.000000
808.000000
867.000000
891.000000
921.000000
939.000000
967.000000
998.000000
1024.000000
1045.000000
1068.000000
1101.000000
1153.000000
1189.000000
1211.000000
1255.000000
1279.000000
1308.000000
1329.000000
1597.000000
1618.000000
1640.000000
1667.000000
1724.000000
1760.000000
1808.000000
1863.000000
1903.000000
