0.000000
0.000000
0.000000
0.000000
0.000000
1.000000
1.000000
1.000000
2.000000
2.000000
2.000000
2.000000
2.000000
4.000000
4.000000
4.000000
4.000000
4.000000
4.000000
5.000000
5.000000
5.000000
5.000000
5.000000
5.000000
5.000000
5.000000
6.000000
6.000000
6.000000
6.000000
7.000000
7.000000
7.000000
7.000000
7.000000
7.000000
7.000000
8.000000
8.000000
8.000000
8.000000
8.000000
9.000000
9.000000
9.000000
9.000000
9.000000
9.000000
9.000000
10.000000
10.000000
10.000000
10.000000
10.000000
11.000000
11.000000
11.000000
12.000000
12.000000
12.000000
12.000000
12.000000
13.000000
13.000000
13.000000
13.000000
13.000000
14.000000
14.000000
15.000000
15.000000
15.000000
16.000000
16.000000
17.000000
17.000000
17.000000
17.000000
18.000000
18.000000
18.000000
19.000000
19.000000
19.000000
20.000000
20.000000
20.000000
20.000000
21.000000
22.000000
22.000000
23.000000
25.000000
25.000000
27.000000
28.000000
28.000000
32.000000
32.000000
32.000000
33.000000
36.000000
36.000000
37.000000
40.000000
44.000000
45.000000
49.000000
49.000000
50.000000
55.000000
58.000000
59.000000
68.000000
69.000000
75.000000
76.000000
77.000000
79.000000
80.000000
84.000000
84.000000
91.000000
93.000000
94.000000
95.000000
95.000000
103.000000
105.000000
106.000000
119.000000
126.000000
128.000000
131.000000
142.000000
143.000000
147.000000
161.000000
168.000000
173.000000
175.000000
203.000000
213.000000
218.000000
226.000000
237.000000
241.000000
246.000000
249.000000
271.000000
315.000000
339.000000
368.000000
389.000000
657.000000
678.000000
700.000000
727.000000
784.000000
820.000000
868.000000
923.000000
963.000000
1004.000000
1018.000000
1058.000000
1125.000000
1153.000000
1195.000000
1230.000000
1254.000000
1298.000000
1341.000000
1367.000000
1395.000000
1420.000000
1457.000000
1481.000000
1498.000000
1537.000000
