0.000000
0.000000
0.000000
1.000000
1.000000
1.000000
1.000000
2.000000
2.000000
2.000000
2.000000
2.000000
3.000000
3.000000
3.000000
3.000000
3.000000
4.000000
4.000000
4.000000
4.000000
4.000000
4.000000
5.000000
5.000000
5.000000
5.000000
6.000000
6.000000
6.000000
6.000000
6.000000
6.000000
6.000000
6.000000
6.000000
7.000000
7.000000
7.000000
7.000000
8.000000
8.000000
8.000000
8.000000
8.000000
9.000000
9.000000
9.000000
9.000000
10.000000
10.000000
10.000000
10.000000
10.000000
10.000000
10.000000
10.000000
10.000000
11.000000
11.000000
11.000000
11.000000
12.000000
12.000000
12.000000
13.000000
14.000000
14.000000
14.000000
15.000000
15.000000
16.000000
16.000000
16.000000
18.000000
18.000000
18.000000
19.000000
21.000000
21.000000
21.000000
21.000000
22.000000
23.000000
23.000000
23.000000
24.000000
25.000000
25.000000
27.000000
29.000000
30.000000
30.000000
30.000000
31.000000
32.000000
32.000000
32.000000
33.000000
34.000000
37.000000
38.000000
42.000000
43.000000
43.000000
45.000000
50.000000
51.000000
51.000000
51.000000
58.000000
60.000000
60.000000
65.000000
75.000000
76.000000
82.000000
82.000000
88.000000
105.000000
110.000000
120.000000
121.000000
142.000000
163.000000
167.000000
168.000000
180.000000
187.000000
194.000000
205.000000
219.000000
228.000000
238.000000
244.000000
245.000000
251.000000
258.000000
274.000000
290.000000
319.000000
338.000000
397.000000
421.000000
451.000000
469.000000
497.000000
528.000000
554.000000
575.000000
598.000000
631.000000
683.000000
719.000000
741.000000
785.000000
809.000000
838.000000
859.000000
1127.000000
1148.000000
1170.000000
1197.000000
1254.000000
1290.000000
1338.000000
1393.000000
1433.000000
1474.000000
1488.000000
1528.000000
1595.000000
1623.000000
1665.000000
1700.000000
1724.000000
1768.000000
1811.000000
1837.000000
1865.000000
1890.000000
