0.000000
0.000000
0.000000
0.000000
1.000000
1.000000
2.000000
2.000000
2.000000
2.000000
2.000000
3.000000
3.000000
3.000000
3.000000
3.000000
3.000000
3.000000
4.000000
4.000000
4.000000
4.000000
4.000000
4.000000
4.000000
4.000000
4.000000
5.000000
5.000000
5.000000
5.000000
6.000000
6.000000
6.000000
6.000000
6.000000
6.000000
6.000000
6.000000
6.000000
6.000000
6.000000
7.000000
7.000000
7.000000
7.000000
7.000000
7.000000
8.000000
8.000000
8.000000
8.000000
8.000000
9.000000
9.000000
9.000000
9.000000
9.000000
9.000000
9.000000
10.000000
10.000000
10.000000
11.000000
11.000000
11.000000
12.000000
12.000000
12.000000
12.000000
12.000000
12.000000
12.000000
13.000000
13.000000
13.000000
14.000000
14.000000
14.000000
14.000000
14.000000
15.000000
15.000000
15.000000
15.000000
15.000000
15.000000
16.000000
16.000000
16.000000
16.000000
17.000000
17.000000
19.000000
19.000000
19.000000
19.000000
20.000000
21.000000
22.000000
22.000000
23.000000
23.000000
23.000000
24.000000
25.000000
26.000000
27.000000
27.000000
28.000000
29.000000
29.000000
29.000000
30.000000
31.000000
32.000000
33.000000
35.000000
37.000000
37.000000
38.000000
40.000000
40.000000
40.000000
41.000000
47.000000
48.000000
50.000000
54.000000
58.000000
60.000000
67.000000
67.000000
73.000000
74.000000
75.000000
78.000000
80.000000
88.000000
88.000000
97.000000
98.000000
108.000000
110.000000
123.000000
137.000000
137.000000
150.000000
171.000000
194.000000
199.000000
218.000000
230.000000
237.000000
241.000000
273.000000
278.000000
280.000000
333.000000
373.000000
414.000000
428.000000
468.000000
535.000000
563.000000
605.000000
640.000000
664.000000
708.000000
751.000000
777.000000
805.000000
830.000000
867.000000
891.000000
908.000000
947.000000
1603.000000
1629.000000
1651.000000
1889.000000
