0
0
0
0
0
0
0
0
0
0
0
0
0
0
0
0.0546
0
0.0061
0
0
0
0
0.0373
0
0
0
0
0
0
0
0
0.0043
0
0.0207
0
0
0.0268
0
0
0
0
0
0
0
0
0
0
0
0
0
0
0
0
0
0
0
0
0
0
0
0
0
0
0
0
0.0451
0
0
0
0.013
0
0
0
0
0
0
0
0
0
0.0244
0.0217
0.0042
0
0.0333
0.0157
0
0
0
0
0.0261
0
0
0
0
0
0
0.0153
0
0
0
0.0212
0
0
0
0
0
0
0
0
0
0
0
0
0
0
0
0
0
0
0
0.0008
0.0169
0
0
0
0
0
0
0
0
0
0
0
0
0
0
0
0
0
0
0
0
0
0
0
0
0
0
0
0
0.0251
0.0156
0
0
0
0
0
0
0
0
0
0
0
0.0231
0
0
0
0
0
0
0
0
0
0
0
0
0
0
0
0
0
0
0
0
0
0
0
0
0
0
0
0
0
0
0
0
0
0
0
0
0.0359
0
0
0
0
0
0
0
0
0
0
0
0
0
0
0
0
0
0
0
0.0068
0
0
0
0
0
0
0
0
0
0.035
0
0
0
0
0
0
0
0
0
0
0.0316
0
0
0
0
0
0
0
0
0
0
0
0
0
0
0
0.0273
0
0
0
0
0.0205
0
0
0.0722
0
0
0
0
0.0249
0.0305
0
0.0179
0
0
0
0
0
0
0
0
0
0
0.0075
0
0
0
0
0
0.0162
0
0
0.0181
0
0
0
0
0.018
0
0.0189
0
0
0.0429
0
0.0237
0
0
0
0
0
0
0
0
0.0455
0.0239
0
0
0
0
0
0
0
0.026
0.0762
0
0.0172
0
0
0.0281
0
0
0
0.015
0.0365
0
0
0
0
0.0349
0.0165
0
0
0
0.0569
0.0833
0
0
0.0217
0.017
0
0
0.0303
0
0
0
0
0
0
0.0491
0.0806
0.0055
0.0628
0.0128
0
0.0247
0
0.035
0
0
0
0
0
0.0194
0
0.0267
0
0
0
0
0
0
0
0.0127
0
0
0
0
0
0
0
0
0
0
0
0
0
0
0
0
0
0
0
0
0
0
0
0
0
0
0
0
0
0
0
0
0
0
0
0
0
0
0
0
0
0
0
0
0
0
0
0
0
0
0
0
0
0
0
0
0
0
0
0
0
0
0
0
0
0
0
0
0
0
0
0
0
0
0
0
0
0
0
0
0
0
0
0
0
0
0
0
0
0
0
0
0
0
0
0
0
0
0
0
0
0
0
0.0204
0
0
0
0
0
0
0
0
0
0
0
0
0
0
0
0
0
0
0
0.009
0
0
0
0
0
0
0
0
0
0
0
0
0.0226
0
0
0.1503
0
0
0
0.0052
0.0221
0.047
0
0
0
0
0
0
0.0168
0.0033
0
0
0
0.0226
0
0
0
0
0
0
0
0
0
0
0
0
0.0338
0
0
0
0
0.0171
0
0
0
0.0244
0
0
0
0
0
0
0
0
0
0.0214
0
0
0
0
0
0
0
0.0181
0
0
0
0
0
0
0
0
0
0
0
0
0
0
0
0
0
0
0.0156
0
0.0372
0
0
0.0421
0
0
0
0
0
0
0
0
0
0
0
0
0
0
0
0
0
0
0
0
0
0
0.0215
0
0
0
0
0
0
0
0
0
0
0
0
0
0
0
0
0
0
0
0.0374
0.0227
0
0
0.0438
0
0
0
0
0
0
0
0.0169
0
0
0
0
0
0
0
0
0
0
0
0.0177
0
0
0
0
0
0
0
0
0
0
0
0
0
0
0
0
0
0
0
0
0
0
0
0
0
0
0
0
0
0
0
0
0
0
0
0
0
0
0
0
0
0
0
0
0
0
0
0
0
0
0
0
0
0
0
0
0
0
0
0
0
0
0
0
0
0
0
0
0
0
0.0158
0
0
0
0
0
0
0.0235
0
0
0
0
0
0.0181
0
0
0
0
0
0.0272
0.0312
0
0
0
0
0
0
0
0
0
0
0
0
0
0
0
0
0
0
0
0
0
0
0
0
0
0
0
0
0
0
0
0
0
0
0
0
0
0
0
0
0
0
0
0
0
0
0
0
0
0
0
0
0
0
0
0
0
0
0
0
0
0
0
0
0
0
0
0
0
0
0
0
0
0
0
0
0
0
0
0
0
0
0
0
0
0
0
0
0.0257
0
0
0.0186
0
0
0
0
0.0825
0.0207
0.017
0.0208
0
0
0
0
0
0
0.0467
0
0
0
0
0
0
0
0
0
0.0403
0
0
0
0
0
0.0216
0
0.026
0
0
0
0
0
0.068
0
0
0
0
0
0
0.0231
0
0
0
0
0
0
0
0
0.0068
0.0151
0
0.0366
0
0
0
0
0
0
0
0
0
0
0
0
0
0
0
0
0
0
0.018
0
0
0
0.0042
0
0
0
0.0133
0
0.0453
0.015
0.0033
0.0166
0
0.0082
0
0
0
0.0192
0
0.0029
0
0.0499
0.0256
0.0246
0
0
0.0223
0
0
0
0
0
0
0
0.0371
0.0188
0
0
0
0.0182
0
0
0.0066
0
0
0
0.0559
0
0.0145
0
0
0
0
0.0372
0.0244
0.0169
0.0062
0.0501
0
0
0
0.0198
0
0
0
0
0
0
0
0
0
0
0
0
0
0.0441
0
0
0
0
0
0
0
0
0
0
0
0
0
0
0
0
0
0
0
0
0
0
0
0.0167
0
0
0
0
0
0
0
0
0
0
0
0
0.0174
0
0
0
0
0
0
0
0.0346
0
0
0
0
0
0
0
0
0.0206
0
0.0209
0
0
0
0
0
0.0166
0
0
0
0
0
0
0
0
0
0
0
0
0
0
0
0
0
0
0
0
0.0206
0
0
0
0
0
0
0
0
0.0048
0.0168
0
0
0
0
0
0
0
0
0
0
0.0201
0
0.0086
0
0
0
0
0
0
0
0
0
0
0
0
0
0
0
0
0.0229
0
0
0
0
0
0
0
0
0
0
0
0
0
0
0
0
0
0
0
0
0
0
0
0
0
0
0
0
0
0
0
0
0
0
0.0104
0
0
0
0
0
0
0
0.0154
0.038
0
0
0
0.0047
0
0
0
0
0
0
0.0217
0.0168
0
0.0117
0
0
0
0.016
0.0102
0
0.0179
0.1089
0.0419
0
0
0
0.0042
0.0404
0
0
0
0.0187
0
0
0
0.0196
0
0
0
0
0.0366
0
0
0
0
0
0.0353
0
0
0
0.0342
0.044
0
0.0656
0
0
0
0
0
0
0.061
0.0251
0.0027
0.0037
0
0
0
0
0
0.0086
0.003
0
0.0167
0
0
0
0.0248
0
0
0.0217
0
0
0
0.0256
0
0
0
0
0
0
0.0227
0
0
0.097
0
0
0
0
0
0.0298
0
0
0
0
0
0
0.0192
0
0
0
0.037
0.0265
0
0.0583
0
0
0.0091
0.0869
0
0.0037
0
0
0.0559
0
0
0
0
0
0
0.021
0
0.0056
0
0
0
0
0.0357
0
0.0516
0
0
0
0
0
0.0252
0.0686
0
0
0
0
0
0
0
0
0
0
0
0
0
0
0
0
0
0
0
0.0358
0
0
0
0
0
0
0
0
0
0
0
0.0202
0
0
0
0
0
0
0
0
0
0
0.0234
0
0
0
0
0
0
0
0
0
0.0447
0
0
0
0
0
0
0.0181
0
0
0
0
0
0.0416
0
0
0
0
0
0
0
0
0
0
0
0
0.0096
0.0115
0
0
0
0
0
0
0
0.0195
0
0
0.0137
0
0
0
0
0.0272
0
0
0
0
0
0
0
0
0
0
0
0
0
0
0
0
0
0
0
0
0
0
0
0
0
0
0
0.0195
0
0
0
0
0
0
0
0
0
0
0
0
0
0
0
0
0
0
0
0
0
0
0
0
0
0
0
0
0
0
0
0
0
0
0
0
0
0
0
0
0
0
0
0
0
0
0
0
0
0
0
0
0
0
0
0
0
0
0
0
0
0
0
0
0
0
0
0
0
0
0
0
0
0
0
0
0
0
0
0
0
0
0
0
0
0
0
0
0
0
0
0
0
0
0
0
0
0
0
0
0
0
0
0
0
0
0
0
0
0
0
0
0
0
0
0
0
0
0
0
0
0
0
0
0
0
0
0
0
0
0
0
0
0
0
0
0
0
0
0
0
0
0
0
0
0
0
0
0
0
0
0
0
0
0
0
0
0
0
0
0
0
0
0
0
0
0
0
0
0
0
0
0
0
0
0
0
0
0
0
0
0
0
0
0
0
0
0
0
0
0
0
0
0
0
0
0
0
0
0
0
0
0
0
0
0
0
0
0
0
0
0
0
0
0
0
0
0
0
0
0
0
0
0
0
0
0
0
0
0
0
0
0
0
0
0
0
0
0
0
0
0
0
0
0
0
0
0
0
0
0
0
0
0
0
0
0
0
0
0
0
0
0
0
0
0
0
0
0
0
0
0
0
0
0
0
0
0
0
0
0
0
0
0
0
0
0
0
0
0
0
0
0
0
0
0
0
0
0
0
0
0
0
0
0
0
0
0
0
0
0
0
0
0
0
0
0
0
0
0
0
0
0
0
0
0
0
0
0
0
0
0
0
0
0
0
0
0
0
0
0
0
0
0
0
0
0
0
0
0
0
0
0
0
0
0
0
0
0
0
0
0
0
0
0
0
0
0
0
0
0
0
0
0
0
0
0
0
0
0
0
0
0
0
0
0
0
0
0
0
0
0
0
0
0
0
0
0
0
0
0
0
0
0
0
0
0
0
0
0
0
0
0
0
0
0
0
0
0
0
0
0
0
0
0
0
0
0
0
0
0
0
0
0
0
0
0
0.0048
0
0
0
0
0
0
0
0
0
0
0
0.0446
0
0.0176
0
0
0
0
0
0
0.0228
0
0
0
0
0
0
0
0
0
0
0
0.0196
0.0991
0
0
0
0
0
0
0
0
0
0.0641
0
0
0.0031
0.0458
0
0
0
0
0
0
0
0
0
0
0.0294
0
0
0
0
0.0285
0
0.0231
0
0
0
0
0
0
0
0
0
0
0
0
0
0
0
0
0.0442
0
0
0
0
0.0227
0
0
0
0.0171
0.0331
0
0
0
0
0.0193
0
0
0
0
0
0.0133
0
0
0
0.0048
0
0
0
0
0
0
0
0
0
0
0.0074
0
0
0
0
0
0
0
0
0
0
0
0
0
0
0
0
0
0
0
0
0
0
0
0
0
0
0
0
0
0
0
0
0
0
0
0
0
0
0
0
0
0
0
0
0
0
0
0.0639
0.0251
0
0
0
0
0
0.0196
0
0
0
0
0
0
0
0
0.0217
0
0
0
0.0188
0.0576
0
0
0
0
0
0
0
0
0
0
0
0
0
0
0
0
0
0
0
0
0
0
0
0
0
0
0
0.06
0.0166
0
0.0557
0
0
0.0207
0.0357
0.0602
0
0
0
0
0
0
0
0.0159
0.022
0.0358
0
0
0
0
0
0
0
0
0
0
0
0
0.018
0
0
0
0
0
0
0
0
0
0
0
0
0
0
0
0
0
0
0
0
0
0
0
0.0113
0
0
0
0
0
0
0
0
0
0.0035
0
0
0
0
0.0179
0
0
0
0
0
0
0
0
0
0
0
0
0
0
0
0
0
0
0
0
0
0
0
0
0
0
0
0
0
0
0
0
0.0237
0.0166
0
0
0
0.0062
0
0
0
0
0.0188
0
0
0
0
0.017
0.0187
0.0157
0
0
0
0
0
0
0
0
0
0
0
0
0
0
0
0
0
0
0
0
0.0205
0
0
0
0.0056
0
0
0
0
0
0
0
0.0142
0
0
0.0072
0
0
0.0194
0
0
0
0
0
0
0
0
0
0
0
0
0
0
0
0
0.0201
0
0
0.017
0.0128
0.0357
0.0207
0
0
0
0
0
0.0186
0
0
0
0
0
0
0
0
0
0
0
0
0
0.008
0
0
0
0
0
0.0037
0
0
0
0
0
0
0
0.007
0
0
0
0
0
0
0
0
0
0
0
0
0
0
0
0.0204
0
0
0
0.0253
0
0
0
0
0.02
0
0.021
0
0
0
0
0
0
0
0
0
0
0
0.0125
0
0
0
0
0
0
0
0
0
0.0195
0
0.0251
0
0
0
0
0
0
0
0
0
0
0
0
0.0375
0
0
0.0678
0
0
0
0
0
0
0
0
0
0
0
0
0
0
0
0
0
0.017
0
0
0
0
0.0217
0
0
0
0
0
0
0
0
0
0
0
0
0
0
0
0
0
0
0
0
0
0
0
0
0.0204
0
0
0
0
0
0
0
0
0.0204
0
0
0
0
0
0.0221
0
0
0
0
0
0
0
0
0
0
0
0
0
0
0
0
0
0
0
0
0
0.0204
0
0
0
0
0
0
0
0
0
0
0.017
0
0
0
0
0
0
0
0
0
0.0169
0
0
0
0
0
0.0428
0
0
0
0
0
0.0178
0
0
0
0
0.0158
0
0
0
0
0
0
0
0
0
0
0.0385
0
0
0
0
0
0
0
0
0
0
0
0
0
0
0
0
0
0
0
0
0
0
0
0
0
0.0365
0
0
0
0
0
0
0
0.0096
0.0277
0
0
0
0
0
0
0
0
0
0
0
0
0
0
0
0
0
0
0
0
0.0168
0
0
0
0
0
0
0
0
0
0
0
0
0
0
0
0
0
0
0
0
0
0
0
0
0
0
0
0
0
0
0
0
0
0
0
0
0.0074
0
0
0
0
0
0
0
0
0
0
0
0
0
0
0.0584
0
0
0
0
0
0
0
0
0
0
0
0
0
0
0
0
0
0
0
0
0
0
0
0
0
0
0
0
0
0
0
0
0
0
0
0
0
0
0
0
0
0
0
0
0
0
0
0
0
0
0
0
0
0
0
0
0
0
0
0
0
0
0
0
0
0
0
0
0
0
0
0
0
0
0
0
0
0
0
0
0
0
0
0
0
0
0
0
0
0
0
0
0
0
0
0
0
0.0223
0
0
0
0
0
0
0.038
0
0
0.0151
0
0
0
0
0
0
0
0
0
0
0
0
0
0
0
0
0
0
0
0
0
0
0
0
0
0
0
0
0
0
0
0
0
0
0
0
0
0
0
0
0.0167
0
0
0
0
0
0
0
0
0
0
0
0.0617
0
0
0
0
0.0179
0
0
0
0
0.0088
0
0.035
0
0
0
0
0
0
0
0
0
0
0
0
0
0
0.0203
0.0198
0
0
0
0
0.0276
0
0
0
0
0
0.0484
0
0
0.0292
0
0
0
0.0165
0
0
0
0
0
0
0.0103
0
0
0
0
0
0.0183
0
0
0
0.0202
0
0
0
0
0
0
0
0
0
0
0
0
0
0
0
0
0
0
0
0
0
0
0
0
0
0
0
0
0
0
0
0
0
0
0
0
0
0
0
0
0
0
0.0518
0
0
0.0183
0
0
0
0.0153
0.0099
0.016
0
0
0.0233
0
0
0
0
0.0061
0
0
0
0
0
0
0
0
0
0
0
0
0
0
0
0
0.0228
0
0.0835
0.0209
0
0.0701
0
0
0
0
0
0
0
0
0.0031
0.0236
0
0
0.0043
0.0277
0
0
0
0
0
0.0034
0.0112
0.0186
0
0.0096
0
0
0
0.0278
0
0.0193
0.0385
0
0.02
0
0.0308
0.0855
0.0162
0
0
0.005
0
0
0
0.0517
0
0
0
0
0
0
0
0
0
0
0
0
0
0
0
0
0
0.0206
0
0.0593
0
0
0
0
0
0
0
0
0
0.0231
0
0
0
0.0516
0
0
0
0
0
0
0
0
0
0
0
0
0.0177
0
0
0
0
0
0
0
0
0
0
0
0.0183
0.018
0
0
0
0
0
0
0
0
0
0
0
0
0
0
0
0
0
0
0
0
0
0
0
0
0
0
0
0
0
0.0201
0.0217
0
0
0
0
0
0
0
0.0206
0
0
0
0
0
0.0166
0
0
0.0169
0
0
0
0
0
0
0
0
0
0
0
0
0
0
0
0
0
0
0.0181
0
0.0128
0
0
0
0
0
0
0
0
0
0
0
0
0
0
0
0
0
0
0
0
0
0
0
0
0
0
0
0
0
0
0
0
0
0
0
0
0
0
0
0
0
0
0
0
0.0253
0
0
0
0
0
0
0
0.0072
0
0
0
0
0
0
0
0
0
0.0168
0
0
0.0329
0
0
0
0
0
0
0
0
0
0
0
0
0
0
0
0
0
0
0
0
0
0
0
0
0
0
0.0061
0
0
0
0
0
0
0
0
0
0
0
0
0
0
0
0
0
0.0062
0
0
0
0
0
0
0
0
0
0
0
0
0
0
0
0
0
0
0
0
0
0
0
0
0
0
0
0.0177
0
0
0
0
0
0
0
0.0184
0
0
0
0
0
0.0208
0
0
0
0
0.1222
0
0
0
0
0
0
0.0559
0
0.0081
0
0
0.0596
0.0107
0
0
0
0
0
0.0057
0.025
0
0.0216
0
0
0.0179
0.0046
0.0063
0
0
0.0336
0
0.0203
0
0
0.0167
0
0
0
0
0
0.0177
0
0
0.0185
0.0605
0.0205
0.0066
0
0
0
0.013
0
0
0.0194
0
0
0
0
0
0.0202
0
0
0
0
0
0
0
0
0.037
0.0236
0
0
0.0196
0
0.0257
0.0257
0
0.0116
0
0
0.0346
0
0.0194
0
0
0
0
0
0
0
0
0.0099
0.0434
0.0206
0
0
0
0
0
0
0.023
0.0241
0
0
0
0
0
0.0384
0
0.0177
0
0
0
0.0194
0
0.0253
0
0
0
0
0
0
0.0062
0
0
0
0.0252
0
0
0
0
0
0
0
0
0
0
0
0
0
0.0167
0
0
0
0
0
0
0
0.0299
0.0156
0
0
0
0
0
0
0
0.0229
0
0
0
0
0
0.0064
0
0
0
0
0
0
0
0.015
0
0
0.0203
0
0
0.1068
0
0
0
0
0
0.0226
0.0224
0
0
0
0.0567
0
0.0197
0
0.0237
0
0.0421
0
0.0222
0
0
0
0
0
0
0
0
0
0
0
0
0
0
0
0
0
0
0
0
0
0
0
0
0
0
0
0
0
0
0
0
0
0
0
0.0149
0.0043
0.0096
0
0
0
0
0
0
0
0
0
0
0
0
0.008
0
0
0.0194
0
0
0
0
0
0
0
0
0
0
0
0
0
0
0
0
0
0
0
0
0
0.0188
0
0
0
0
0
0
0
0
0
0
0
0
0
0
0
0
0
0
0
0
0
0
0
0
0
0
0
0
0
0
0
0
0
0
0
0
0
0
0
0
0
0
0
0
0
0.0238
0
0
0
0
0
0
0
0
0
0
0
0
0
0
0
0
0
0
0
0
0
0
0
0
0
0
0
0
0
0
0
0
0
0
0
0
0
0
0
0
0
0
0
0
0
0
0
0
0
0
0
0
0
0
0
0
0
0
0
0
0
0
0
0.0103
0
0
0
0
0
0
0
0
0
0
0
0
0
0
0
0
0
0
0
0
0
0
0
0
0
0.0057
0
0
0
0
0
0
0
0
0
0
0
0
0
0.017
0
0
0
0
0
0
0
0
0
0
0
0
0
0
0
0
0
0
0
0
0.0056
0
0
0
0
0
0
0
0
0
0
0
0
0
0
0
0
0
0
0
0
0
0
0
0
0
0
0
0
0
0
0
0
0
0
0
0
0
0
0
0
0
0
0
0
0
0
0
0
0
0
0
0
0
0.0149
0
0
0
0
0
0
0
0
0
0
0
0
0
0
0
0
0
0
0
0
0.0075
0
0
0
0
0
0
0
0
0
0
0
0
0
0
0
0
0
0.0451
0
0
0
0
0
0
0
0
0
0
0
0
0
0
0
0
0
0.0392
0
0.0058
0
0
0
0
0
0.0119
0
0
0
0
0
0
0
0
0
0
0.0211
0
0
0
0
0
0
0
0
0
0
0
0
0
0
0
0.0492
0
0
0
0
0
0
0
0
0
0
0
0
0
0
0
0
0
0
0
0
0
0
0
0
0
0
0
0.0043
0
0
0
0
0
0
0
0
0
0
0
0.0194
0
0
0
0
0
0.0175
0
0
0
0
0
0
0
0
0
0
0
0
0
0
0
0
0
0
0
0
0
0
0
0
0
0
0
0
0
0
0
0
0
0
0
0
0
0
0
0
0
0
0
0
0.0181
0
0
0
0
0.0063
0
0
0
0
0
0
0.0235
0
0.0142
0.0198
0
0.0205
0
0
0
0
0
0
0
0
0
0
0
0
0
0
0
0
0
0
0
0
0
0
0
0
0
0
0
0
0
0
0
0
0
0
0
0
0
0
0
0
0
0
0
0
0
0
0
0
0
0
0
0
0
0
0
0
0
0
0
0
0
0.0243
0
0
0
0
0
0
0
0
0
0
0
0
0
0
0
0
0
0
0
0
0
0
0
0
0
0
0
0
0
0
0
0
0
0
0
0
0
0
0
0
0
0
0
0
0
0
0
0
0
0
0
0
0
0
0
0
0
0
0
0
0
0
0
0.0081
0
0
0.025
0
0
0
0
0
0
0
0
0
0
0
0
0
0
0
0
0
0
0
0
0
0
0
0
0
0
0
0
0
0
0
0
0
0
0
0
0
0
0
0
0
0
0
0
0
0
0
0
0
0
0
0
0
0
0
0
0
0
0
0
0
0
0
0
0
0
0
0
0
0
0
0
0
0
0
0
0
0
0
0
0
0
0
0
0
0
0
0
0
0
0
0
0
0
0
0
0
0
0
0
0
0
0
0
0
0
0
0
0
0
0
0
0
0
0
0
0
0.021
0
0
0
0
0
0
0
0
0
0
0
0
0
0
0
0
0
0
0.0372
0
0
0
0
0
0
0
0.021
0
0
0
0
0
0
0
0
0.0435
0
0
0
0
0
0
0
0
0
0
0
0
0
0
0
0
0
0
0
0
0
0
0
0
0
0
0
0
0
0
0
0
0
0
0.0201
0
0.0055
0
0
0
0
0
0
0
0.0183
0
0
0.0157
0
0
0
0
0
0
0
0
0
0
0
0
0
0
0
0
0
0
0
0
0
0
0
0.0209
0
0
0
0
0
0
0
0
0.0183
0
0.0043
0
0.0345
0
0.0057
0
0.0369
0
0
0
0
0
0
0
0.0349
0
0
0.0048
0
0
0
0
0.0076
0.0198
0
0
0
0
0
0
0
0
0
0
0
0
0
0
0
0.0263
0.0052
0.0916
0.0256
0.0119
0
0
0
0.0417
0
0.0196
0
0
0
0.0205
0
0
0
0
0
0
0
0.0174
0
0
0
0
0
0
0.0076
0.0449
0
0
0
0
0
0
0
0
0
0
0
0
0
0.019
0
0
0
0
0
0
0
0
0
0
0
0
0
0
0.0207
0
0
0
0.0266
0.0041
0.0194
0
0
0
0
0
0
0
0
0
0
0
0
0
0.0257
0.0205
0
0
0
0
0
0
0
0
0
0
0.0036
0
0
0
0
0
0.0284
0
0
0
0
0.0571
0
0
0
0.036
0
0
0
0
0
0
0
0
0
0
0
0
0
0
0
0
0
0
0
0
0
0
0
0
0
0.0166
0
0
0
0
0
0
0
0
0.0061
0
0
0
0.0085
0
0
0
0
0
0
0
0
0
0
0
0
0.021
0
0
0
0.018
0
0
0
0
0
0
0
0
0
0
0
0
0
0
0
0
0.0333
0.0537
0.0201
0
0
0
0
0
0.0044
0
0
0.0065
0
0
0
0
0
0
0
0
0
0
0
0
0
0
0.029
0
0
0
0
0
0
0
0
0
0
0
0
0
0.0148
0
0
0
0
0
0
0
0
0
0
0
0
0
0
0
0
0
0
0
0
0
0.0212
0
0
0.0129
0
0.0375
0
0.0243
0
0
0
0
0
0
0
0
0
0
0
0.0093
0
0
0
0
0.0691
0
0.0134
0
0.0064
0.0111
0.0163
0.0394
0
0
0.0797
0
0.0305
0
0.0541
0
0.0168
0.0275
0
0
0
0.0159
0
0
0
0
0
0
0.0251
0.0061
0.0199
0
0
0
0
0
0
0
0
0
0
0
0
0
0
0
0
0
0
0
0
0
0
0
0
0
0
0
0
0
0
0
0
0
0
0
0
0
0
0
0
0.0569
0.0203
0
0
0
0
0
0
0
0
0
0
0
0
0
0
0
0
0
0
0
0
0
0
0
0
0
0
0
0
0
0
0
0.0357
0
0
0
0
0
0.0263
0
0
0
0.008
0
0
0
0
0
0
0
0
0
0
0
0
0
0
0
0
0
0
0
0
0
0
0
0
0
0
0
0
0
0
0
0
0
0
0
0.0387
0.0881
0.056
0.013
0.0184
0
0
0
0.0031
0
0.0305
0
0.025
0
0
0.0304
0
0
0
0
0
0
0
0
0
0
0
0
0.0186
0
0
0
0
0
0
0
0
0
0
0
0
0
0.0268
0.0088
0
0
0
0
0
0
0
0
0
0.034
0.0048
0
0.0439
0
0.0159
0
0.0502
0
0
0.0319
0
0
0
0
0
0.0161
0
0
0
0.0443
0.034
0.1432
0
0
0.0192
0
0
0.0444
0
0
0
0
0.02
0
0
0
0
0
0.0418
0.0139
0
0
0
0
0
0
0
0
0
0
0
0
0
0
0
0
0
0
0.0321
0
0
0
0
0
0
0.0217
0
0
0
0
0
0
0
0
0
0
0
0
0
0
0
0
0
0
0
0
0
0
0
0
0
0
0
0
0
0
0
0
0
0
0
0
0
0
0
0
0
0
0
0
0
0
0
0.019
0
0
0
0
0
0
0
0
0
0
0
0
0
0
0
0
0
0
0
0
0
0
0
0
0
0
0
0
0
0
0
0
0
0.0205
0
0
0
0
0
0
0
0
0
0
0
0
0
0
0
0.0201
0
0
0
0
0
0
0
0
0
0
0
0
0
0
0
0
0.0191
0
0
0
0
0
0
0
0
0
0
0
0
0
0
0
0
0
0
0
0
0
0
0
0
0
0
0
0
0
0
0
0
0
0
0
0
0
0
0
0
0
0
0
0
0
0
0
0
0
0
0
0
0
0
0
0
0
0
0
0
0
0
0
0
0
0
0
0
0
0
0
0
0
0
0
0
0
0
0
0
0
0
0
0
0
0
0
0
0
0
0
0
0
0
0
0
0
0
0
0
0
0
0
0
0
0
0
0
0
0
0
0
0
0
0
0
0
0
0
0
0
0
0
0
0
0
0
0
0
0.0033
0
0.0044
0
0
0
0
0
0
0
0
0
0
0
0
0
0
0
0
0
0
0
0.0345
0
0.0259
0
0
0
0
0
0
0.0902
0.0294
0
0
0
0
0
0
0
0
0
0
0
0.0439
0
0
0
0
0
0
0
0
0
0
0
0
0
0
0
0
0
0
0
0
0
0
0
0
0
0
0
0
0
0
0
0
0
0
0
0
0
0
0
0
0
0
0
0
0
0
0
0
0.0215
0
0
0
0
0
0
0
0.0164
0
0
0
0
0
0
0
0
0
0
0
0
0
0
0
0.0262
0.0211
0
0
0
0
0
0
0
0
0
0
0
0
0
0
0
0
0
0
0
0
0
0
0
0.0256
0.0206
0
0
0
0.018
0
0
0
0
0
0.0199
0
0
0
0
0
0
0.0205
0
0
0
0
0
0
0
0
0
0
0
0
0
0
0
0
0
0
0
0
0.0219
0
0
0
0
0.0219
0
0
0
0
0
0
0
0
0.0342
0.0822
0.0648
0.0156
0
0
0.0103
0
0
0
0
0
0
0
0
0
0
0
0
0
0
0
0
0
0
0
0.037
0
0
0
0
0
0
0
0
0
0
0
0
0
0
0
0
0
0
0
0
0
0
0
0
0
0
0
0
0
0
0.0345
0
0
0
0
0
0.014
0
0
0
0
0
0
0
0
0
0
0
0
0
0
0
0
0
0
0
0
0
0
0
0
0
0
0.0223
0.0482
0.0282
0
0
0
0
0
0
0
0
0
0
0
0
0
0
0
0
0
0
0
0
0.0163
0
0
0
0
0
0
0
0
0
0
0.019
0.0208
0
0
0
0
0
0
0.018
0
0.0037
0
0
0.0191
0
0.0158
0
0.0262
0
0
0
0
0
0.0189
0
0
0
0
0
0
0
0
0
0
0
0.0088
0
0
0
0
0.0217
0
0
0
0
0
0
0.0151
0.0052
0
0
0
0
0
0
0
0
0
0
0
0
0.0225
0
0.0047
0
0.0351
0.018
0
0
0
0
0
0
0
0
0
0
0.0302
0
0
0
0
0.0413
0
0.0024
0.0114
0
0
0
0
0
0
0
0
0
0.0477
0.0057
0
0
0
0
0
0
0
0
0
0
0.0159
0
0
0
0.0028
0
0
0
0
0
0
0
0
0
0
0
0
0
0
0.0208
0
0
0.0175
0
0
0
0
0
0
0
0
0
0
0
0
0
0
0
0
0
0
0
0
0
0
0
0
0
0
0
0
0
0
0
0
0
0.0185
0
0
0
0
0
0
0.0198
0
0
0
0
0
0.0205
0
0.0229
0
0
0
0.0409
0
0
0
0
0
0
0
0
0
0
0
0
0
0
0
0.0207
0
0
0
0
0
0
0
0
0
0
0
0
0
0
0
0.0207
0
0
0.04
0
0
0
0
0
0
0
0
0
0
0
0
0
0
0
0.0397
0
0
0.0058
0
0
0.0293
0
0
0
0
0
0
0
0
0
0
0
0
0
0
0
0
0
0
0
0
0
0.0158
0
0
0
0
0
0
0
0
0
0
0
0.0085
0
0
0
0
0
0
0
0
0
0
0
0
0
0.0107
0
0.0409
0
0
0
0.0683
0.0415
0.0049
0.0651
0
0
0
0.0269
0.0246
0
0
0
0
0
0
0
0
0
0
0
0
0
0
0
0
0
0
0
0
0
0
0
0
0
0
0
0.0043
0
0
0
0
0
0
0
0
0
0
0
0
0
0
0
0
0
0
0
0
0
0
0
0
0
0
0
0
0
0
0
0
0
0
0
0.0246
0
0
0
0
0.0189
0
0
0.0208
0
0
0
0
0
0
0
0
0
0
0
0
0
0
0
0
0
0
0
0
0
0
0
0
0
0
0
0
0
0
0
0
0
0
0
0
0
0
0
0
0
0
0
0
0
0
0
0
0
0
0
0
0
0
0
0
0
0
0
0
0
0
0
0
0
0
0
0
0
0
0
0
0
0
0
0
0
0
0
0
0
0
0
0
0
0
0
0
0
0
0
0
0
0
0
0
0
0
0
0
0
0
0
0
0
0
0
0
0
0
0
0
0
0
0
0
0
0
0
0.0361
0
0
0
0
0
0
0
0
0
0
0
0
0
0
0
0.0188
0
0
0.0246
0.0113
0
0
0
0
0
0
0
0
0.0437
0
0
0
0
0
0
0
0
0
0
0
0
0
0
0
0
0
0
0
0
0
0
0
0
0
0.0167
0
0
0
0
0
0
0.0527
0.0315
0.0186
0
0
0
0
0.0079
0
0.0074
0
0
0
0
0
0
0
0
0
0
0.0692
0
0.0157
0
0
0
0
0
0
0
0
0
0
0.033
0.0344
0
0
0
0
0
0
0
0
0
0
0
0
0
0
0
0
0
0
0.0074
0
0
0
0
0
0
0
0
0
0.0177
0.0234
0
0
0
0.0399
0
0.0265
0.0101
0.0101
0
0
0
0
0
0
0.0177
0.0125
0
0
0
0
0.0397
0
0
0
0
0.0254
0.005
0.0086
0
0
0.0058
0
0
0
0.0296
0
0
0.0216
0
0.0043
0
0
0
0
0
0
0
0
0
0
0
0
0
0
0
0
0
0
0
0
0
0
0
0
0
0
0
0
0
0
0
0
0
0
0
0
0.0266
0
0
0
0
0
0
0
0
0
0
0
0
0
0
0
0
0
0.017
0
0
0
0
0
0
0
0
0
0
0
0
0
0
0
0
0
0
0
0
0
0
0
0
0
0
0
0
0
0
0
0
0
0
0
0
0
0
0
0
0
0
0
0
0
0
0
0
0
0
0
0
0
0
0
0
0
0
0
0
0
0
0
0
0
0
0
0
0
0
0
0
0
0
0
0
0
0
0
0
0
0
0
0
0
0
0
0
0.0352
0
0
0
0
0
0.0093
0
0
0
0
0
0
0
0
0
0
0
0
0
0
0
0
0.0192
0
0.0204
0
0
0
0
0
0
0
0
0
0.015
0
0
0
0
0
0
0
0
0
0
0
0
0
0
0
0
0
0
0
0
0
0
0
0
0
0
0
0
0
0
0
0
0
0
0
0
0
0
0
0
0
0
0
0
0
0
0
0
0
0
0
0
0
0
0
0
0
0
0
0
0
0
0
0
0
0
0
0.0228
0
0
0
0
0
0
0
0
0
0
0
0
0.0064
0
0.0082
0
0
0
0
0
0
0
0.06
0
0
0
0
0
0
0
0
0
0.0147
0
0
0
0
0
0
0
0
0
0
0
0
0
0
0
0
0
0
0
0
0
0
0
0
0
0
0
0
0
0
0
0
0
0.0363
0
0
0
0
0
0
0
0
0
0
0
0
0
0
0
0
0
0
0
0
0
0
0
0
0
0
0
0
0
0
0
0
0
0
0
0.0058
0
0
0
0.0143
0.0317
0
0
0
0
0
0
0
0
0
0
0
0
0
0
0
0
0
0
0
0
0
0
0
0
0
0
0
0
0
0
0
0
0
0
0
0
0
0
0
0
0.0748
0
0
0
0
0
0
0
0.0207
0
0
0
0
0
0
0
0
0
0
0
0
0
0
0
0
0
0
0
0
0
0
0
0
0
0
0
0
0
0
0
0
0
0
0
0
0
0
0
0
0
0
0
0
0
0
0
0
0
0
0
0
0
0
0
0
0
0
0
0
0
0
0
0
0
0
0
0
0
0
0
0
0
0
0
0
0
0
0
0
0
0
0
0
0
0
0
0
0
0
0
0
0
0
0
0
0
0
0
0
0
0
0
0
0
0
0
0
0
0
0
0.0355
0
0
0
0
0
0
0
0
0
0
0
0
0
0
0
0
0
0
0
0
0
0
0.0029
0
0
0
0
0
0
0
0
0
0
0
0
0
0
0
0
0
0
0
0
0
0
0
0
0
0
0
0
0
0
0
0
0
0
0
0
0
0
0
0
0
0
0
0
0
0
0
0
0
0
0
0
0
0
0
0
0
0
0
0
0
0
0
0
0
0
0
0
0
0
0
0
0
0
0
0
0
0
0
0
0
0
0
0
0
0
0
0
0
0
0
0
0.0205
0
0
0
0
0
0
0
0
0
0
0
0
0
0
0
0
0
0.0373
0
0
0
0
0
0
0
0
0
0
0
0
0.0177
0
0.0188
0
0
0
0.0028
0
0.0305
0.0059
0.0206
0
0
0
0
0.0105
0
0
0
0
0.0168
0
0
0
0
0
0
0.0359
0
0
0.0168
0
0.0044
0
0
0
0
0
0
0
0
0
0
0.0176
0
0
0
0
0
0
0.0183
0
0
0
0
0.0158
0
0
0
0
0.0281
0
0.0041
0
0
0
0
0
0
0
0
0
0
0
0
0
0
0
0
0
0
0
0.0063
0
0
0
0
0
0
0
0
0
0
0
0
0
0
0
0
0
0
0
0
0
0
0.0185
0
0
0
0
0
0
0
0
0
0.0318
0
0
0
0
0
0
0
0
0.0164
0
0
0
0.0177
0
0.0565
0.025
0
0
0
0
0
0
0
0
0
0
0
0
0
0
0
0
0
0.0167
0
0
0
0
0
0
0
0
0
0
0
0
0
0
0
0
0
0
0
0
0
0
0
0
0
0
0
0
0
0
0
0
0
0
0
0
0
0
0
0
0
0
0
0
0
0
0
0
0
0
0
0
0
0
0
0
0
0
0
0
0
0
0
0
0
0
0
0
0
0
0
0
0
0.0221
0
0
0
0
0
0
0
0
0
0
0
0.0375
0
0
0
0
0
0
0
0
0
0.0172
0
0.0279
0
0.0207
0.0187
0
0
0
0
0
0
0
0
0
0
0
0
0
0
0
0
0
0
0
0
0
0
0
0
0
0
0
0
0.0187
0
0
0
0
0
0
0
0
0
0
0
0
0
0
0
0
0
0
0
0
0
0
0
0
0
0
0
0
0.0231
0
0
0
0
0
0
0
0
0
0
0
0
0
0
0
0
0
0
0
0
0
0
0
0
0
0
0
0
0
0
0
0
0
0
0
0
0
0
0
0
0
0
0
0
0
0
0.0057
0
0
0
0
0
0
0
0
0
0
0
0
0
0
0
0
0
0
0
0
0
0
0
0
0.0045
0
0.0183
0
0
0
0
0
0
0
0
0
0
0
0
0
0.0239
0
0
0
0
0
0
0
0
0.0407
0.0115
0.016
0
0
0.0203
0.0241
0
0
0
0
0
0
0.0239
0
0
0
0
0
0.0172
0
0
0
0
0.0458
0
0.0064
0
0
0
0
0
0
0
0
0.0206
0.0183
0
0
0
0
0
0
0.0146
0.0012
0
0
0
0
0
0
0
0
0
0
0
0
0
0
0.0037
0
0
0
0
0
0
0
0
0
0
0
0
0
0
0
0
0
0
0
0
0
0
0
0
0
0
0
0
0.0183
0
0
0
0
0
0.016
0
0
0
0
0
0
0.0387
0.1325
0
0
0
0
0
0
0
0
0
0.0318
0
0.0402
0
0
0
0
0
0
0
0
0
0
0.0209
0
0
0
0.0216
0
0
0
0
0
0
0
0
0
0
0
0
0
0
0
0
0
0
0
0
0
0
0.0331
0
0
0.0179
0
0
0
0
0
0
0
0
0
0
0
0
0
0
0
0
0
0
0
0
0
0
0
0
0
0
0
0
0
0
0
0
0
0
0
0
0
0
0
0
0
0.0043
0
0
0
0
0
0
0
0
0
0
0
0
0
0
0
0
0
0
0
0
0
0
0
0
0
0.0056
0
0
0
0.0064
0
0
0.0315
0
0
0
0
0
0
0.0197
0
0
0
0
0
0
0
0
0.0184
0
0
0
0
0
0
0
0
0
0
0.0174
0
0.0069
0.0087
0
0
0
0.0171
0
0
0
0
0
0.0384
0
0
0
0
0
0
0
0
0
0
0
0.0156
0
0
0
0
0
0
0
0.0156
0
0
0
0
0
0
0.0033
0
0
0
0
0
0
0
0
0
0
0
0
0
0
0
0
0
0
0
0
0
0
0
0
0
0
0
0
0
0
0
0
0
0
0
0
0
0
0
0
0
0
0.0073
0
0
0
0
0
0
0
0
0
0
0
0
0
0
0.0157
0
0.0372
0
0
0
0
0
0
0
0
0
0
0
0
0
0
0
0
0
0
0
0
0
0
0
0
0
0
0
0
0
0
0.0058
0
0
0
0
0
0
0
0
0
0
0
0
0
0
0
0
0
0
0
0.0165
0
0
0
0
0
0
0
0
0
0
0
0
0.0165
0
0
0
0
0
0
0
0
0
0
0
0
0
0
0.0222
0
0
0
0
0
0
0
0
0
0
0
0
0
0
0
0
0
0
0
0
0
0
0
0
0
0
0
0
0
0
0
0
0
0
0
0
0
0
0
0.0234
0
0
0
0
0
0
0
0
0
0
0
0
0
0
0
0.0114
0
0
0
0
0
0.0155
0
0
0
0
0
0
0.017
0
0
0
0
0
0
0
0
0
0
0
0
0
0
0
0
0
0.0378
0
0.022
0
0
0
0.0595
0
0
0
0
0
0.0074
0.0132
0
0
0
0
0
0
0.0042
0
0
0.0114
0
0
0
0
0
0
0.0057
0.0209
0
0
0
0
0
0
0
0
0.021
0.0362
0.0247
0
0
0
0
0
0
0
0
0.0053
0
0
0
0
0
0
0
0.023
0
0.0428
0
0
0
0
0.0354
0
0
0.0389
0.0275
0
0
0.0537
0
0
0
0
0
0
0
0
0
0
0
0
0
0.0438
0.0072
0
0
0
0
0
0
