0
0
0
0
0
0
0
0
0
0
0
0
0
0
0
0
0
0
0
0
0
0
0
0
0
0
0
0
0
0
0
0
0
0
0
0
0
0
0
0
0
0
0
0
0
0
0
0
0
0
0
0
0
0
0
0
0
0
0
0
0
0
0
0
0
0
0
0
0
0
0
0
0
0
0
0
0
0
0
0
0
0
0
0
0
0
0
0
0
0
0
0
0
0
0
0
0
0
0
0
0
0
0
0
0
0
0
0
0
0
0
0
0
0
0
0
0
0
0
0
0
0
0
0
0
0
0
0
0
0
0
0
0
0
0
0
0
0
0
0
0
0
0
0
0
0
0
0
0
0
0
0
0
0
0
0
0
0
0
0
0
0
0
0
0
0
0
0
0
0
0
0
0
0
0
0
0
0
0
0
0
0
0
0
0
0
0
0
0
0
0
0
0
0
0
0
0
0
0
0
0
0
0
0
0
0
0
0
0
0
0
0
0
0
0
0
0
0
0
0
0
0
0
0
0
0
0
0
0
0
0
0
0
0
0
0
0
0
0
0
0
0
0
0
0
0
0
0
0
0
0
0
0
0
0
0
0
0
0
0
0
0
0
0
0
0
0
0
0
0
0
0
0
0
0
0
0
0
0
0
0
0
0
0
0
0
0
0
0
0
0
0
0
0
0
0
0
0
0
0
0
0
0
0
0
0
0
0
0
0
0
0
0
0
0
0
0
0
0
0
0
0
0
0
0
0
0
0
0
0
0
0
0
0
0
0
0
0
0
0
0
0
0
0
0
0
0
0
0
0
0
0
0
0
0
0
0
0
0
0
0
0
0
0
0
0
0
0
0
0
0
0
0
0
0
0
0
0
0
0
0
0
0
0
0
0
0
0
0
0
0
0
0
0
0
0
0
0
0
0
0
0
0
0
0
0
0
0
0
0
0
0
0
0
0
0
0
0
0
0
0
0
0
0
0
0
0
0
0
0
0
0
0
0
0
0
0
0
0
0
0
0
0
0
0
0
0
0
0
0
0
0
0
0
0
0
0
0
0
0
0
0
0
0
0
0
0
0
0
0
0
0
0
0
0
0
0
0
0
0
0
0
0
0
0
0
0
0
0
0
0
0
0
0
0
0
0
0
0
0
0
0
0
0
0
0
0
0
0
0
0
0
0
0
0
0
0
0
0
0
0
0
0
0
0
0
0
0
0
0
0
0
0
0
0
0
0
0
0
0
0
0
0
0
0
0
0
0
0
0
0
0
0
0
0
0
0
0
0
0
0
0
0
0
0
0
0
0
0
0
0
0
0
0
0
0
0
0
0
0
0
0
0
0
0
0
0
0
0
0
0
0
0
0
0
0
0
0
0
0
0
0
0
0
0
0
0
0
0
0
0
0
0
0
0
0
0
0
0
0
0
0
0
0
0
0
0
0
0
0
0
0
0
0
0
0
0
0
0
0
0
0
0
0
0
0
0
0
0
0
0
0
0
0
0
0
0
0
0
0
0
0
0
0
0
0
0
0
0
0
0
0
0
0
0
0
0
0
0
0
0
0
0
0
0
0
0
0
0
0
0
0
0
0
0
0
0
0
0
0
0
0
0
0
0
0
0
0
0
0
0
0
0
0
0
0
0
0
0
0
0
0
0
0
0
0
0
0
0
0
0
0
0
0
0
0
0
0
0
0
0
0
0
0
0
0
0
0
0
0
0
0
0
0
0
0
0
0
0
0
0
0
0
0
0
0
0
0
0
0
0
0
0
0
0
0
0
0
0
0
0
0
0
0
0
0
0
0
0
0
0
0
0
0
0
0
0
0
0
0
0
0
0
0
0
0
0
0
0
0
0
0
0
0
0
0
0
0
0
0
0
0
0
0
0
0
0
0
0
0
0
0
0
0
0
0
0
0
0
0
0
0
0
0
0
0
0
0
0
0
0
0
0
0
0
0
0
0
0
0
0
0
0
0
0
0
0
0
0
0
0
0
0
0
0
0
0
0
0
0
0
0
0
0
0
0
0
0
0
0
0
0
0
0
0
0
0
0
0
0
0
0
0
0
0
0
0
0
0
0
0
0
0
0
0
0
0
0
0
0
0
0
0
0
0
0
0
0
0
0
0
0
0
0
0
0
0
0
0
0
0
0
0
0
0
0
0
0
0
0
0
0
0
0
0
0
0
0
0
0
0
0
0
0
0.0531
0
0.0167
0
0
0
0
0
0
0
0
0
0
0
0
0
0
0
0.219
0.2746
0
0
0
0
0
0
0
0
0
0
0
0
0
0
0
0
0
0
0
0
0
0
0
0
0.007
0
0
0
0
0
0
0
0
0
0
0
0
0
0
0
0
0
0
0
0
0
0
0
0
0
0
0
0
0
0
0
0
0
0
0
0
0
0
0
0
0
0
0
0
0
0
0
0
0
0
0
0
0
0
0
0
0
0
0
0
0
0
0
0.0196
0
0
0
0
0
0
0
0
0
0
0
0
0
0.0366
0
0
0
0.0358
0
0
0.0128
0
0
0
0
0
0
0
0
0
0
0
0.0407
0.0175
0
0.0213
0
0
0
0
0
0
0
0
0
0
0
0
0
0
0
0
0
0
0
0
0
0
0
0
0
0
0
0
0
0
0
0
0
0
0
0
0
0
0
0
0
0
0
0
0
0
0
0
0
0
0
0
0
0
0
0
0
0
0
0
0
0
0
0
0
0
0
0
0
0
0
0
0
0
0
0
0
0
0
0
0
0
0
0
0
0
0
0
0
0
0
0
0
0
0
0
0
0
0
0
0
0
0
0
0
0
0
0
0
0
0
0
0
0
0
0
0
0
0
0
0
0
0
0
0
0
0
0
0
0
0
0
0
0
0
0
0
0
0
0
0
0
0
0
0
0
0
0
0
0
0
0
0
0
0
0
0
0
0
0
0
0
0
0
0
0
0
0
0
0
0
0
0
0
0
0
0
0
0
0
0
0
0
0
0
0
0
0
0
0
0
0
0
0
0
0
0
0
0
0
0
0
0
0
0
0
0
0
0
0
0
0
0
0
0
0
0
0
0
0
0
0
0
0
0
0
0
0
0
0
0
0
0
0
0
0
0
0
0
0
0
0
0
0
0
0
0
0
0
0
0
0
0
0
0
0
0
0
0
0
0
0
0
0
0
0
0
0
0
0
0
0
0
0
0
0
0
0
0
0
0
0
0
0
0
0
0
0
0
0
0
0
0
0
0
0
0
0
0
0
0
0
0
0
0
0
0
0
0
0
0
0
0
0
0
0
0
0
0
0
0
0
0
0
0
0
0.02
0.0179
0
0
0
0
0
0
0
0
0
0
0
0
0
0
0
0
0
0
0
0
0
0
0
0
0.0205
0.0167
0
0
0
0
0
0
0.0214
0
0
0
0
0
0
0
0
0
0
0
0
0
0
0
0
0
0
0
0
0
0
0
0
0
0
0
0
0
0
0
0
0
0
0
0
0
0
0
0
0
0
0
0
0
0
0
0
0
0
0
0
0
0
0
0
0
0
0
0
0
0
0
0
0
0
0
0
0.0336
0
0
0
0
0
0.0193
0
0
0
0
0.0061
0
0
0
0
0.0438
0
0
0.0066
0.0411
0
0
0
0
0
0.0153
0
0
0.0043
0
0
0
0
0
0
0.0176
0.022
0
0
0
0
0
0
0.0246
0
0
0.0165
0
0
0
0
0.0192
0.0076
0.0232
0
0
0
0
0
0
0
0
0
0
0.0078
0
0
0
0
0
0
0
0
0.0279
0.0185
0
0
0
0
0
0
0
0
0
0
0
0
0
0
0
0
0
0
0
0
0
0
0
0
0
0
0
0
0
0.0356
0
0
0
0
0
0
0
0
0
0
0.025
0
0
0.0062
0
0
0
0
0
0
0
0
0
0.0187
0
0
0
0
0
0
0
0
0
0
0
0
0
0
0
0
0
0
0
0.0215
0
0
0
0
0
0
0
0
0
0
0.0174
0
0
0.0229
0
0
0
0
0
0
0
0
0.025
0
0
0
0
0
0
0.0108
0
0.0073
0
0
0
0
0
0
0
0.0165
0
0
0.0031
0
0
0
0.0424
0
0
0
0
0
0
0
0
0
0
0
0
0
0.016
0
0
0
0
0
0
0
0.0208
0
0
0
0
0
0
0
0
0.0071
0
0
0
0
0.0036
0
0
0
0
0
0
0
0
0
0
0
0
0
0
0.0046
0
0
0
0
0.0188
0.0222
0
0
0
0
0
0
0
0
0
0
0
0
0
0
0
0
0
0
0
0
0
0
0
0
0
0
0
0
0
0
0
0
0
0
0
0
0
0
0
0
0
0
0
0
0
0
0
0
0
0
0
0
0
0
0
0
0
0
0
0
0
0
0
0
0
0
0
0
0
0
0
0
0
0
0
0
0
0
0
0.0113
0.0079
0
0
0
0.0212
0
0
0
0
0.0189
0.0541
0
0.022
0
0
0
0
0
0
0
0
0
0
0
0.0295
0
0.0614
0.0179
0
0
0
0
0
0
0
0
0
0
0
0
0
0
0
0
0
0
0.0155
0.047
0
0
0
0
0
0
0
0
0
0
0
0
0
0
0
0
0
0
0
0
0
0
0
0
0
0
0
0
0
0
0
0
0
0
0
0
0
0
0.0356
0
0
0
0
0
0
0
0.0312
0
0
0
0
0
0
0
0
0
0
0.0165
0
0
0
0
0
0
0
0
0.0181
0
0
0
0
0
0.0364
0
0
0
0
0
0.0254
0
0
0
0
0
0
0
0
0
0
0
0
0
0
0.0158
0
0
0
0
0
0
0
0
0.0391
0
0
0
0
0
0
0
0
0
0
0
0
0
0
0.0253
0
0
0
0.0046
0
0
0
0
0
0
0
0
0
0
0
0
0
0
0.0175
0
0
0
0
0
0
0
0
0
0
0
0
0
0
0
0
0
0
0
0
0
0
0
0
0
0
0
0
0
0
0
0.0426
0
0
0
0
0
0
0
0
0
0.0502
0
0
0
0
0
0
0
0
0
0
0
0
0
0.0075
0
0
0.0216
0
0
0
0
0
0
0
0
0
0
0
0.0257
0
0
0
0
0
0
0
0
0
0
0
0
0
0
0
0
0
0
0
0
0
0
0
0
0
0
0
0
0
0
0
0
0
0
0
0.0601
0
0
0.0221
0.0227
0
0.0119
0.0068
0
0
0.0236
0
0
0
0
0
0
0
0
0
0
0
0
0
0
0
0
0
0
0
0
0
0
0
0
0
0
0
0.0188
0
0
0
0
0
0
0
0
0
0
0
0
0
0
0
0
0
0
0.0188
0
0.0049
0
0
0
0
0
0
0
0
0
0
0
0
0
0.0354
0.0216
0
0
0
0
0
0
0
0
0
0.0615
0
0.0256
0
0.0165
0.0045
0
0
0.0497
0.0424
0
0
0
0
0
0
0.0212
0
0
0
0
0
0
0.032
0
0
0.0158
0
0
0
0
0
0
0
0
0
0
0
0
0
0
0
0
0
0
0
0
0
0
0
0
0.0058
0
0
0
0
0
0
0
0
0
0
0
0
0
0
0
0
0
0
0
0
0
0
0
0
0
0.0139
0
0.0236
0
0
0
0
0
0
0
0
0
0
0
0
0
0
0
0
0
0
0
0
0
0
0
0
0
0
0.0063
0
0
0.0093
0
0
0
0
0
0
0
0
0
0
0
0.0087
0
0
0
0.0206
0
0
0.0189
0
0
0
0
0
0
0
0
0
0
0
0
0
0
0
0
0
0
0
0
0
0
0
0
0
0
0.0154
0
0
0
0
0
0
0
0
0
0
0
0
0
0.0273
0.0239
0
0
0
0
0
0
0
0
0
0
0
0
0
0
0
0
0
0
0
0
0
0
0
0
0
0
0
0
0
0
0
0
0
0
0
0
0
0
0
0
0
0
0
0
0
0
0
0
0
0
0
0
0
0
0
0
0
0
0
0
0
0
0
0
0
0
0
0
0
0
0
0
0
0
0
0
0
0
0
0
0
0
0
0
0
0
0
0
0
0.0217
0
0
0
0
0
0
0
0
0
0
0
0
0
0
0
0
0
0
0
0.0211
0
0
0
0
0
0
0
0
0
0
0
0
0
0
0
0.0097
0
0
0
0
0
0
0
0
0
0
0
0
0
0
0
0
0
0
0
0
0
0
0
0
0
0
0
0
0
0
0
0
0
0
0
0
0
0
0
0
0
0
0
0
0
0
0
0
0
0
0
0.0389
0
0
0
0
0
0
0
0
0
0
0
0
0
0
0
0
0
0
0.0067
0
0.0053
0
0
0
0
0
0
0
0
0
0
0
0
0
0
0
0
0
0
0
0
0
0
0
0
0
0
0
0
0
0
0
0
0
0
0
0
0
0.0185
0
0
0
0
0
0.0106
0
0
0
0
0
0
0
0
0
0
0
0
0
0
0
0
0
0
0
0
0
0
0.013
0
0
0
0
0
0
0
0
0
0
0
0
0
0.0187
0.09
0
0
0
0
0
0
0
0
0
0.0189
0.0207
0.0709
0.0225
0.0269
0
0
0
0
0
0
0
0
0
0
0.0052
0
0
0.018
0
0
0
0.022
0
0.0182
0
0
0
0
0
0.0236
0
0
0
0
0
0
0
0
0
0
0
0
0
0
0.0183
0
0
0
0
0
0
0.0062
0
0
0
0
0
0
0
0
0
0
0
0
0
0
0
0
0.0175
0
0
0
0
0
0
0
0
0
0
0
0
0
0
0
0
0
0
0
0
0
0
0
0
0
0
0.0193
0
0
0
0
0
0
0
0
0
0
0
0
0
0
0
0
0.0214
0.0129
0
0
0
0
0.0384
0
0
0
0
0
0
0
0
0
0
0
0
0
0
0
0
0
0
0
0
0
0
0
0
0.0351
0
0
0
0
0
0
0
0
0
0
0
0
0
0
0
0
0.0216
0
0
0.0251
0
0
0
0
0
0
0
0
0
0
0
0
0
0
0
0
0
0
0
0
0
0
0
0
0
0
0
0
0
0
0
0
0
0
0
0
0
0
0
0
0
0
0
0
0
0
0.0419
0
0
0
0
0
0
0
0
0
0
0
0
0
0
0
0
0
0
0
0
0
0
0
0
0
0
0
0
0
0
0
0
0
0
0.0159
0
0
0
0
0.0188
0
0
0
0
0
0
0
0
0
0
0
0
0
0
0
0
0
0
0.0071
0
0.016
0
0
0
0
0
0
0.014
0
0
0
0
0
0
0.0198
0
0
0
0
0
0
0
0
0
0
0
0
0
0
0
0
0
0
0
0
0
0
0
0
0.017
0
0
0.0064
0
0
0
0
0
0
0
0
0
0
0
0
0
0.0725
0.0757
0
0
0.0171
0
0.0078
0
0.033
0
0
0
0
0
0
0
0
0
0
0
0
0
0
0
0
0
0
0
0
0.0047
0
0.0386
0.0186
0
0.0181
0
0.0189
0
0
0
0
0
0.018
0.0227
0
0
0
0
0
0
0.0443
0
0
0
0
0
0
0
0
0
0
0
0
0
0.039
0.0093
0.0229
0
0
0
0
0.0183
0
0
0
0
0.0129
0
0
0
0
0
0.0351
0
0
0.0328
0.0369
0
0.0156
0.022
0
0
0.0204
0
0
0
0
0.0375
0
0.0239
0.0158
0
0
0
0
0
0
0
0
0
0
0
0
0
0
0
0
0
0
0
0
0
0
0
0
0
0
0
0
0
0.0063
0
0
0
0
0
0
0
0
0
0
0
0
0
0
0
0
0
0
0
0
0
0
0
0
0
0
0
0
0
0
0
0
0
0
0
0
0
0.0179
0
0
0
0
0
0
0
0
0
0
0
0
0.0392
0
0
0
0
0
0
0
0
0
0
0
0
0
0.0082
0
0
0
0
0
0
0
0
0
0
0
0
0
0.0063
0
0
0.0088
0
0
0
0
0
0
0
0
0
0
0
0
0
0.0214
0.0198
0
0
0
0
0
0
0
0.0407
0
0
0
0
0
0
0
0
0.0162
0
0
0.0267
0.0254
0
0
0
0
0
0
0.0244
0
0
0
0
0
0
0
0
0
0
0
0
0
0
0
0
0.0039
0
0.0339
0.0092
0
0
0
0
0
0.0363
0
0
0
0
0
0
0.021
0
0.0066
0
0
0
0
0
0
0.0041
0
0
0
0
0
0
0
0
0
0
0
0
0
0.0371
0
0
0
0
0
0.0304
0.0194
0.0033
0
0.0163
0
0
0
0
0.0219
0
0
0.0058
0
0.0173
0
0.0199
0.038
0
0
0.0634
0
0
0.0524
0
0.0071
0
0
0
0
0
0.0036
0
0
0.0258
0.0301
0
0
0.0319
0
0.0262
0.0574
0.0185
0
0.0089
0.0305
0
0
0.0237
0
0
0
0
0
0
0
0
0.0366
0
0
0.0488
0.054
0.0096
0
0
0.0075
0.0027
0
0.0178
0
0
0.0104
0
0
0.0396
0
0.0038
0
0.0254
0
0
0.0364
0
0
0
0
0.0237
0.0034
0
0
0
0
0
0.0237
0
0
0
0
0
0
0.0063
0
0
0
0.0335
0.0188
0
0
0
0
0
0
0.0221
0
0
0
0.0391
0.0166
0
0
0.0472
0
0
0.0322
0
0.0214
0
0
0
0
0
0
0.0051
0.0249
0
0.0226
0
0
0.0846
0
0
0
0
0
0
0
0
0
0.1018
0.0202
0.0165
0.0137
0
0
0
0
0
0
0
0.0519
0
0
0
0
0
0
0
0
0
0
0
0
0
0.0227
0.018
0
0
0.0227
0
0.0157
0
0.0471
0
0
0
0
0.0291
0.0378
0
0.0172
0.0203
0.0243
0.0085
0
0
0
0
0.0223
0
0
0
0
0
0.0297
0.0517
0
0
0.0372
0
0
0
0
0
0
0
0
0
0
0
0
0.0174
0
0
0
0
0
0
0
0
0
0
0
0
0
0
0
0
0
0.0165
0
0
0
0
0
0.0233
0.0341
0
0.0228
0
0.0187
0
0
0
0
0.01
0.0378
0
0
0.0095
0
0
0
0
0
0.036
0
0
0
0
0
0
0
0
0.0211
0.006
0
0
0
0
0.0281
0
0
0
0
0
0.0167
0.1035
0
0
0.0108
0
0
0
0.0068
0.0093
0
0
0.0387
0
0
0.0339
0.0208
0
0
0
0
0
0.0067
0
0.028
0
0
0
0
0
0
0
0.0394
0
0
0
0
0
0
0
0
0.0192
0
0.0819
0
0
0
0.0829
0
0
0.0043
0.0271
0
0
0.0185
0
0
0
0
0.0421
0
0
0
0
0.0198
0
0
0
0
0
0
0
0
0
0
0.0182
0
0
0
0
0.0467
0
0
0
0
0.0245
0
0
0
0
0
0
0
0
0
0.0255
0
0
0.0229
0
0
0
0.0145
0
0
0.0589
0
0
0.0339
0
0.0199
0.0067
0.0241
0
0.0386
0
0
0
0
0.0194
0.0236
0
0
0.026
0
0
0
0
0
0.0297
0
0.0328
0.0198
0.0412
0.0157
0
0
0
0
0
0
0.028
0.0143
0.01
0
0
0
0
0
0.0563
0
0
0
0
0
0
0
0
0
0
0.0078
0
0
0
0
0.0567
0.021
0
0
0
0
0
0.0164
0
0
0
0
0
0.0332
0
0.0172
0
0
0.0205
0
0
0
0
0
0
0.0177
0
0
0
0
0.0349
0
0.035
0.0043
0
0.0264
0
0
0.0203
0
0
0.021
0
0
0
0
0
0
0
0
0
0
0
0
0
0
0
0
0
0
0.0221
0.0047
0
0
0
0
0.0076
0
0
0.0444
0.0584
0
0.0373
0.0383
0
0
0.0625
0
0
0
0
0
0.0266
0
0
0
0
0
0
0
0.0254
0
0
0.0175
0
0
0.0194
0.0182
0.0072
0
0
0
0
0
0
0
0
0
0
0.0625
0
0
0
0
0
0
0
0
0
0
0
0
0.0349
0.0159
0
0
0
0
0
0
0
0
0
0
0
0
0
0
0
0
0
0
0
0.0926
0
0.0202
0.059
0
0
0
0
0
0.0058
0
0
0
0.0281
0
0
0
0
0
0.0034
0
0
0
0
0
0
0
0
0
0
0
0
0
0.0232
0
0.0102
0
0
0
0
0.0072
0
0
0
0.0073
0.0601
0
0
0
0
0
0
0
0
0
0.0086
0
0
0
0
0
0
0
0
0
0.0257
0
0
0
0.0216
0.0265
0.0293
0
0
0
0.0039
0.0421
0
0
0
0
0.023
0
0.0208
0
0
0.018
0
0
0
0
0
0
0.0192
0
0
0
0
0
0
0
0.0049
0
0
0
0.0044
0
0
0
0.0481
0
0
0
0
0
0
0
0
0
0
0
0
0.0456
0
0.0195
0
0.1052
0.0202
0.0074
0
0
0
0.0215
0
0
0
0
0
0.0048
0
0
0
0
0.0046
0.0225
0
0
0
0
0
0
0
0
0
0.0222
0
0
0
0
0
0
0
0
0
0.0223
0
0
0
0
0
0
0
0
0
0
0
0
0
0
0
0
0
0.019
0
0
0
0
0
0
0
0
0
0
0
0
0.0173
0
0
0
0
0.038
0
0
0
0
0
0
0
0
0
0
0
0
0
0
0
0
0.0169
0
0.0139
0
0
0
0.0202
0
0
0
0
0.021
0
0
0
0
0
0
0
0
0
0
0
0
0
0
0
0
0
0
0
0
0
0
0
0
0
0
0
0
0
0
0
0
0
0
0
0
0
0
0
0
0.0167
0
0
0
0
0
0
0
0
0
0
0
0
0
0
0.0034
0
0
0
0
0
0
0
0
0
0
0
0
0
0
0
0
0
0
0
0.0169
0
0
0
0
0
0
0
0
0
0
0.0174
0.0178
0.0397
0
0
0
0
0
0
0
0.0049
0
0
0
0
0.0395
0
0
0
0
0
0
0
0
0.0211
0.0212
0
0
0
0
0
0
0
0
0
0
0
0
0
0.0153
0.0196
0
0
0
0
0.0383
0.0037
0
0
0
0
0
0
0
0.0411
0.014
0.0377
0
0
0
0
0
0
0
0
0
0
0
0
0
0.0194
0.0196
0
0
0
0
0.0287
0.016
0
0
0
0.0304
0.0362
0
0
0
0.0207
0.0227
0.02
0.0346
0
0
0
0
0
0
0
0
0
0
0
0
0
0
0
0
0
0
0
0
0
0
0
0.023
0
0
0
0
0
0.0179
0
0.0376
0
0
0.006
0
0.0074
0.0165
0.0234
0
0.0089
0
0
0
0.0142
0.059
0
0.0053
0
0.0228
0.0449
0
0.0535
0.023
0
0
0
0.0221
0.0503
0
0
0
0
0
0
0
0
0
0.0765
0
0.0035
0
0
0
0.0191
0
0.0466
0
0.0046
0.035
0.036
0
0
0
0
0
0
0.004
0.053
0.0455
0.0094
0
0.0191
0
0
0
0
0
0
0
0
0
0
0
0
0
0
0
0
0
0.0321
0.0042
0
0
0
0
0
0
0
0.0128
0
0.0238
0
0.0512
0
0
0
0.024
0
0
0
0
0
0
0
0
0
0
0
0
0
0
0
0
0
0
0
0
0.0189
0
0
0
0
0
0
0
0.0184
0.0178
0
0
0
0
0
0.0179
0
0.0633
0
0.0068
0.0054
0
0.0162
0.0207
0.0215
0
0.0034
0
0
0.021
0
0
0
0
0.0479
0.0433
0.0389
0
0
0
0.0187
0
0
0
0.0068
0.0099
0
0
0.0187
0
0
0.0698
0
0
0
0
0
0
0
0
0
0
0
0
0
0
0
0
0
0.0421
0
0
0.0032
0
0.0191
0.0524
0.1412
0
0.022
0
0
0
0
0
0.021
0
0
0
0.0088
0
0
0
0
0
0.0572
0
0.023
0
0
0
0
0
0.023
0
0.0203
0
0
0.0309
0
0
0
0
0
0
0
0
0
0
0
0
0
0
0
0.0252
0
0
0.0243
0.0346
0.1096
0.0035
0.0442
0
0.0298
0
0
0
0.0343
0.041
0
0
0
0
0.0143
0
0.0043
0.0172
0.0205
0.0156
0.0391
0.0065
0.0028
0
0
0
0.015
0.0196
0
0
0
0
0
0
0
0
0
0
0
0
0.0057
0
0.0161
0
0.0396
0.0175
0
0
0
0
0.0078
0.0314
0.038
0.0239
0
0.0179
0.1021
0
0.0569
0
0
0.0201
0
0
0
0
0
0.0062
0
0
0.0167
0
0.0216
0
0.0368
0.0196
0
0
0
0
0
0
0
0
0
0
0
0
0
0
0
0
0
0
0
0.0371
0
0.0278
0
0
0
0
0.0205
0.0174
0.0044
0
0
0
0
0.0456
0
0
0.0264
0
0.0346
0.007
0
0
0
0
0
0.0042
0
0
0.0159
0.0074
0
0
0.0237
0.0466
0
0.0256
0
0.0088
0
0
0.0198
0
0
0.0397
0.0565
0
0
0.0529
0
0
0.0002
0.0534
0
0
0
0
0
0
0.0121
0
0.0056
0.0342
0.0357
0
0.0377
0
0.0206
0.0232
0
0
0
0
0
0
0
0.0265
0
0
0
0
0
0
0.0581
0
0
0
0
0
0
0
