0
0
0
0
0
0
0
0
0
0
0
0
0
0
0
0
0
0
0
0
0
0
0
0
0
0
0
0
0
0
0
0
0
0
0
0
0
0
0
0
0
0
0
0
0
0
0
0
0
0
0
0
0
0
0
0
0
0
0
0
0
0
0
0
0
0
0
0
0
0
0
0
0
0
0
0
0
0
0
0
0
0
0
0
0
0
0
0
0
0
0
0
0
0
0
0
0
0
0
0
0
0
0
0
0
0
0
0
0
0
0
0
0
0
0
0
0
0
0
0
0
0
0
0
0
0
0
0
0
0
0
0
0
0
0
0
0
0
0
0
0
0
0
0
0
0
0
0
0
0
0
0
0
0
0
0
0
0
0
0
0
0
0
0
0
0
0
0
0
0
0
0
0
0
0
0
0
0
0
0
0
0
0
0
0
0
0
0
0
0
0
0
0
0
0
0
0
0
0
0
0
0
0
0
0
0
0
0
0
0
0
0
0
0
0
0
0
0
0
0
0
0
0
0
0
0
0
0
0
0
0
0
0
0
0
0
0
0
0
0
0
0
0
0
0
0
0
0
0
0
0
0
0
0
0
0
0
0
0
0
0
0
0
0
0
0
0
0
0
0
0
0
0
0
0
0
0
0
0
0
0
0
0
0
0
0
0
0
0
0
0
0
0
0
0
0
0
0
0
0
0
0
0
0
0
0
0
0
0
0
0
0
0
0
0
0
0
0
0
0
0
0
0
0
0
0
0
0
0
0
0
0
0
0
0
0
0
0
0
0
0
0
0
0
0
0
0
0
0
0
0
0
0
0
0
0
0
0
0
0
0
0
0
0
0
0
0
0
0
0
0
0
0
0
0
0
0
0
0
0
0
0
0
0
0
0
0
0
0
0
0
0
0
0
0
0
0
0
0
0
0
0
0
0
0
0
0
0
0
0
0
0
0
0
0
0
0
0
0
0
0
0
0
0
0
0
0
0
0
0
0
0
0
0
0
0
0
0
0
0
0
0
0
0
0
0
0
0
0
0
0
0
0
0
0
0
0
0
0
0
0
0
0
0
0
0
0
0
0
0
0
0
0
0
0
0
0
0
0
0
0
0
0
0
0
0
0
0
0
0
0
0
0
0
0
0
0
0
0
0
0
0
0
0
0
0
0
0
0
0
0
0
0
0
0
0
0
0
0
0
0
0
0
0
0
0
0
0
0
0
0
0
0
0
0
0
0
0
0
0
0
0
0
0
0
0
0
0
0
0
0
0
0
0
0
0
0
0
0
0
0
0
0
0
0
0
0
0
0
0
0
0
0
0
0
0
0
0
0
0
0
0
0
0
0
0
0
0
0
0
0
0
0
0
0
0
0
0
0
0
0
0
0
0
0
0
0
0
0
0
0
0
0
0
0
0
0
0
0
0
0
0
0
0
0
0
0
0
0
0
0
0
0
0
0
0
0
0
0
0
0
0
0
0
0
0
0
0
0
0
0
0
0
0
0
0
0
0
0
0
0
0
0
0
0
0
0
0
0
0
0
0
0
0
0
0
0
0
0
0
0
0
0
0
0
0
0
0
0
0
0
0
0
0
0
0
0
0
0
0
0
0
0
0
0
0
0
0
0
0
0
0
0
0
0
0
0
0
0
0
0
0
0
0
0
0
0
0
0
0
0
0
0
0
0
0
0
0
0
0
0
0
0
0
0
0
0
0
0
0
0
0
0
0
0
0
0
0
0
0
0
0
0
0
0
0
0
0
0
0
0
0
0
0
0
0
0
0
0
0
0
0
0
0
0
0
0
0
0
0
0
0
0
0
0
0
0
0
0
0
0
0
0
0
0
0
0
0
0
0
0
0
0
0
0
0
0
0
0
0
0
0
0
0
0
0
0
0
0
0
0
0
0
0
0
0
0
0
0
0
0
0
0
0
0
0
0
0
0
0
0
0
0
0
0
0
0
0
0
0
0
0
0
0
0
0
0
0
0
0
0
0
0
0
0
0
0
0
0
0
0
0
0
0
0
0
0
0
0
0
0
0
0
0
0
0
0
0
0
0
0
0
0
0
0
0
0
0
0
0
0
0
0
0
0
0
0
0
0
0
0
0
0
0
0
0
0
0
0
0
0
0
0
0
0
0
0
0
0
0
0
0
0
0
0
0
0
0
0
0
0
0
0
0
0
0
0
0
0
0
0
0
0
0
0
0
0
0
0
0
0
0
0
0
0
0
0
0
0
0
0
0
0.1677
0.2176
0
0
0
0
0
0
0
0
0
0
0
0
0
0
0
0
0
0
0
0
0
0
0
0
0
0
0
0
0
0
0
0
0
0
0
0
0
0
0
0
0
0
0
0
0
0
0
0
0
0
0
0
0
0
0
0
0
0
0
0
0
0
0
0
0
0
0
0
0
0
0
0
0
0
0
0
0
0
0
0
0
0
0
0
0
0
0
0
0
0
0
0
0
0
0
0
0
0
0
0.0385
0
0
0
0
0.0138
0
0
0
0
0
0
0
0
0
0
0
0
0
0
0
0
0
0
0
0.1184
0.0431
0
0
0
0
0
0
0.0028
0.0346
0
0
0
0
0
0
0
0
0
0
0
0
0
0
0
0
0
0
0
0
0
0
0
0
0
0
0
0
0
0
0
0
0
0
0
0
0
0
0
0
0
0
0
0
0
0
0
0
0
0
0
0
0
0
0
0
0
0
0
0
0
0
0
0
0
0
0
0
0
0
0
0
0
0
0
0
0
0
0
0
0
0
0
0
0
0
0
0
0
0
0
0
0
0
0
0
0
0
0
0
0
0
0
0
0
0
0
0
0
0
0
0
0
0
0
0
0
0
0
0
0
0
0
0
0
0
0
0
0
0
0
0
0
0
0
0
0
0
0
0
0
0
0
0
0
0
0
0
0
0
0
0
0
0
0
0
0
0
0
0
0
0
0
0
0
0
0
0
0
0
0
0
0
0
0
0
0
0
0
0
0
0
0
0
0
0
0
0
0
0
0
0
0
0
0
0
0
0
0
0
0
0
0
0
0
0
0
0
0
0
0
0
0
0
0
0
0
0
0
0
0
0
0
0
0
0
0
0
0
0
0
0
0
0
0
0
0
0
0
0
0
0
0
0
0
0
0
0
0
0
0
0
0
0
0
0
0
0
0
0
0
0
0
0
0
0
0
0
0
0
0
0
0
0
0
0
0
0
0
0
0
0
0
0
0
0
0
0
0
0
0
0
0
0
0
0
0
0
0
0
0
0
0
0
0
0
0
0
0
0
0
0
0
0
0
0
0
0
0
0
0
0
0
0
0
0
0
0
0
0
0
0
0
0
0
0
0
0
0
0
0
0
0
0
0
0
0
0
0
0
0
0
0
0
0
0
0
0
0
0
0
0
0
0
0
0
0
0
0
0
0
0
0
0
0
0
0
0
0
0
0
0
0
0
0
0
0
0
0
0
0
0
0
0
0
0
0
0
0
0
0
0
0
0
0
0
0
0
0
0
0
0
0
0
0
0
0.0222
0.0029
0
0
0.0217
0
0
0
0
0
0
0
0
0.0696
0.0709
0.0819
0
0
0
0
0
0
0
0
0
0
0
0
0
0
0
0
0
0
0
0
0
0
0
0
0
0.059
0
0
0
0
0
0
0.0565
0
0.0253
0
0
0.0113
0
0
0
0.0064
0
0
0
0.0404
0
0.0068
0
0
0.019
0
0
0
0
0
0
0
0
0
0
0
0.0212
0.016
0
0
0
0
0
0.0193
0
0
0
0
0
0
0
0
0
0
0
0
0.0238
0.0048
0
0
0.0189
0
0.0205
0
0
0
0
0.1322
0.0195
0
0
0
0
0
0
0
0.0285
0
0
0
0
0
0
0
0
0
0
0
0
0
0
0
0
0
0
0
0
0
0
0
0
0
0
0
0
0.0169
0
0
0
0
0
0.0278
0
0
0.02
0
0.0217
0
0
0
0
0
0
0
0
0
0
0
0
0
0
0
0
0
0.0206
0.0536
0.0304
0
0
0
0
0
0
0
0
0
0
0
0
0
0
0
0
0
0
0
0
0
0
0
0
0
0
0.0215
0
0
0
0
0
0
0
0.0054
0
0
0
0
0
0
0
0
0
0
0
0
0
0
0
0
0
0
0
0
0
0
0
0
0
0
0
0
0
0
0
0
0
0
0
0
0
0
0
0
0
0
0
0
0
0
0
0
0
0
0
0
0
0
0
0
0
0
0
0
0
0
0
0
0
0
0
0
0
0
0
0
0
0
0
0
0
0
0
0
0
0
0
0
0
0.0211
0.0058
0
0
0
0
0
0
0
0
0
0.0186
0
0
0
0
0
0
0
0
0
0
0
0
0
0
0
0
0
0
0
0
0
0
0
0
0.0353
0
0
0
0
0
0
0.0189
0
0
0
0
0
0.0251
0
0
0
0
0
0
0
0
0
0
0
0
0
0
0
0.0429
0
0
0
0
0
0
0
0
0
0
0
0
0
0
0
0
0
0
0
0
0.0395
0
0.006
0
0
0
0
0
0
0.0187
0
0
0
0
0
0
0
0
0
0
0
0
0
0
0
0
0
0
0
0
0
0
0
0
0
0
0
0
0
0
0
0
0
0
0
0
0
0
0
0
0
0
0
0
0
0
0
0
0
0
0
0
0
0
0
0
0
0
0
0
0
0
0
0
0
0
0
0
0
0
0
0
0
0
0
0
0
0
0
0
0
0
0
0
0
0
0
0
0
0.0066
0
0
0
0
0
0
0
0
0
0
0
0
0
0.0231
0
0
0
0
0
0
0
0
0
0
0
0
0
0
0
0
0
0
0
0
0
0
0
0
0
0
0
0
0
0
0
0
0
0
0
0
0
0
0
0
0
0
0
0
0
0
0
0
0
0
0
0
0
0
0
0
0
0
0
0
0
0
0
0
0.0201
0.0039
0
0
0
0
0
0
0
0
0
0
0
0
0
0
0
0
0
0
0
0
0
0
0
0
0
0
0
0
0
0
0
0
0
0
0
0
0
0
0
0
0
0
0.0519
0
0
0
0
0
0
0
0
0
0
0
0
0
0
0
0
0
0
0
0
0
0
0
0
0
0
0
0
0
0
0
0
0
0
0
0
0
0
0
0
0
0.0123
0
0
0
0
0
0
0
0
0
0
0.0077
0
0
0
0
0
0
0
0.0254
0
0
0
0
0
0
0
0
0
0
0
0.0264
0
0
0
0
0
0
0.0193
0.0289
0
0
0
0
0
0
0
0
0
0
0
0
0
0
0.027
0
0
0
0
0
0
0.0166
0.0416
0
0
0
0
0
0
0.0468
0
0.0203
0.0184
0
0.0174
0
0
0
0
0
0
0
0
0
0
0
0
0
0
0
0
0
0
0
0
0
0
0
0
0
0
0
0
0
0.0064
0
0
0
0
0
0
0
0
0
0
0
0
0
0
0
0
0
0
0
0
0
0
0
0
0
0
0
0
0
0.0343
0.0216
0
0
0
0
0
0
0
0
0
0
0
0
0
0
0
0
0
0.0225
0
0
0
0
0
0
0
0
0
0
0
0
0.0186
0
0
0
0.0203
0
0
0
0
0
0
0
0
0
0
0
0
0
0
0
0
0
0
0
0
0
0
0
0
0
0
0
0
0
0
0.0051
0
0
0
0
0
0
0
0
0
0
0
0
0
0.0172
0
0
0
0
0
0
0
0
0
0
0
0
0
0
0
0
0
0.0068
0
0
0
0
0
0
0
0
0
0
0
0
0
0
0
0
0
0
0
0
0
0
0
0
0
0
0
0
0.0241
0
0
0
0
0
0
0
0
0
0
0
0
0
0
0
0
0
0
0
0
0
0
0
0
0
0
0
0
0
0
0
0
0
0
0
0
0
0
0
0
0
0
0
0
0
0
0
0
0
0
0
0.0177
0
0
0
0
0
0
0
0
0
0
0
0
0
0
0
0
0
0
0
0
0
0
0
0
0
0
0
0
0
0
0
0
0
0
0
0
0
0
0
0
0
0
0
0
0
0
0
0
0
0
0
0
0
0
0
0
0
0
0
0
0
0
0
0
0
0
0
0
0
0
0
0
0
0
0
0
0
0
0
0
0
0
0
0
0
0
0
0
0
0
0
0
0
0
0
0
0
0
0
0
0
0
0
0
0
0
0
0
0
0
0.0182
0
0
0
0
0
0.0033
0
0
0
0
0
0
0
0
0
0
0
0.0208
0
0
0
0
0
0
0
0
0
0
0
0
0
0
0
0
0
0
0
0
0
0
0
0
0
0
0
0
0
0
0
0
0
0
0
0
0
0
0
0
0
0
0
0
0
0
0
0
0
0
0
0
0
0
0
0
0
0
0
0
0
0
0
0
0
0
0.0203
0.0176
0
0.0073
0
0
0
0
0.0377
0
0
0
0
0
0
0
0
0.0521
0
0.0142
0
0
0
0
0
0.0174
0
0
0
0
0
0
0
0.0062
0
0
0
0
0
0
0.0175
0
0
0
0
0
0
0
0
0
0
0
0
0
0
0
0
0
0
0
0
0
0
0
0.0142
0
0
0
0
0
0
0
0
0
0
0
0.0363
0
0
0
0
0
0
0
0
0
0
0
0
0.0207
0
0
0
0
0
0
0
0
0
0
0
0
0
0
0
0
0
0
0
0
0.0367
0
0
0
0
0.016
0
0
0
0
0
0
0
0
0
0
0
0
0
0.021
0
0
0
0
0
0
0
0
0
0
0
0
0
0
0
0
0
0
0
0
0
0
0
0
0
0
0
0.0197
0
0
0
0
0
0
0
0
0
0
0
0
0
0
0
0
0
0
0
0
0
0
0
0
0
0
0
0
0
0
0
0
0
0
0
0
0
0
0
0
0
0
0
0
0
0
0
0
0
0
0
0
0
0
0
0
0
0
0
0
0
0
0
0
0
0
0
0
0
0
0
0
0
0
0
0
0
0.0073
0
0
0
0
0
0
0
0
0
0
0
0
0
0
0
0
0
0
0
0
0
0
0.0212
0.0168
0
0
0
0.0178
0
0
0
0
0.0069
0
0
0
0
0
0
0
0.0224
0
0
0
0
0
0
0
0
0
0
0
0
0
0
0
0
0
0
0
0
0
0
0
0
0
0
0
0
0
0
0
0
0
0
0
0
0
0
0
0
0
0.0076
0
0
0
0
0
0
0
0
0
0
0
0.0168
0.0097
0
0
0
0
0.0332
0
0
0
0
0
0
0.0325
0.0287
0
0.0661
0
0
0
0
0.0084
0
0
0
0
0
0
0
0.0084
0.0217
0
0
0.0107
0
0
0.008
0.0232
0.025
0
0
0
0
0
0.023
0
0
0.0151
0
0
0
0
0
0
0
0
0
0
0
0
0.0175
0
0
0
0
0
0
0
0
0
0
0
0
0
0
0
0
0.0187
0.0355
0.0124
0
0.0243
0
0
0
0
0
0
0
0
0.0215
0
0
0
0
0
0
0
0
0
0
0
0
0
0
0
0
0
0
0
0
0
0
0
0
0
0
0
0
0
0
0
0
0
0
0
0
0
0
0
0
0
0
0
0
0
0
0
0
0
0
0
0
0
0
0
0
0
0.0267
0
0
0
0
0
0
0
0
0
0
0
0
0
0
0
0
0
0
0
0
0
0
0
0
0
0
0
0.026
0
0
0
0
0
0
0
0
0
0.038
0
0
0
0
0
0
0
0
0
0
0
0
0
0
0
0
0
0
0
0
0
0
0
0
0
0
0
0
0
0
0
0
0
0
0
0
0
0
0
0
0
0
0
0
0
0
0
0
0
0
0
0
0
0
0
0
0
0
0
0
0
0
0
0
0
0
0
0
0
0
0
0
0.0273
0.0192
0
0
0
0
0.0157
0
0
0
0
0
0
0
0
0.0206
0
0
0
0
0
0.0029
0
0
0
0
0.0617
0.0074
0.0509
0
0
0.0204
0
0
0
0
0
0
0
0
0
0
0.042
0
0.0151
0
0
0
0
0
0
0
0
0
0
0
0
0
0.0193
0
0
0
0
0
0
0
0
0
0.0173
0
0
0
0
0
0
0
0
0
0
0
0.02
0
0
0.0066
0
0.0244
0
0
0
0
0
0
0
0.0213
0.0327
0
0.0369
0
0.0218
0
0
0.0195
0
0
0
0
0.0037
0.0116
0
0.0193
0.0081
0
0
0.0255
0
0
0.0714
0.0237
0
0.0024
0.0238
0.0034
0
0
0
0
0
0.0163
0
0
0
0.0043
0.0988
0
0
0
0
0
0
0
0.0068
0
0
0
0
0
0
0
0
0
0.034
0.0274
0
0
0
0
0
0
0
0
0
0
0
0.0043
0
0
0
0.0263
0.0288
0
0
0
0
0
0.0208
0.0378
0.0252
0
0
0
0
0.0811
0
0
0
0.0269
0
0.0628
0.0692
0
0
0.0054
0.0293
0.021
0.0404
0.0904
0
0
0.0393
0
0
0
0
0.0395
0.0042
0.0245
0.0036
0
0
0.0639
0
0
0
0.0704
0.0264
0
0
0
0.0167
0.0296
0
0.0078
0.0209
0
0
0
0
0
0
0
0
0.0076
0
0
0
0
0
0
0
0
0
0
0.0199
0
0
0
0.0213
0.0067
0
0.0302
0.0352
0
0.0912
0
0
0
0
0
0.0096
0
0
0.0187
0.0522
0
0
0
0
0
0.0213
0
0
0
0
0
0.0379
0.0168
0
0.0187
0
0
0
0
0
0
0
0
0
0
0
0
0
0
0
0
0
0
0
0
0
0
0
0
0
0
0
0
0.0196
0
0
0
0
0
0
0.022
0.0051
0.0521
0.0151
0
0
0
0
0
0
0
0
0
0
0.0126
0
0
0.0224
0
0.0159
0
0
0
0
0
0
0
0
0
0
0.0341
0.0656
0
0.0466
0
0
0
0
0.0198
0
0
0.0087
0
0
0.031
0
0
0.0219
0
0
0
0
0.0045
0.0193
0
0
0
0
0
0
0
0.0188
0.0223
0
0
0.0036
0
0.0078
0
0
0
0
0
0
0
0.0211
0
0
0.0243
0
0
0
0
0
0
0
0
0
0
0
0
0
0.0233
0
0
0.0375
0
0
0
0.0202
0
0
0
0
0
0.0422
0
0
0
0
0
0
0
0
0
0
0
0
0
0
0
0
0
0
0
0
0
0
0
0
0
0
0
0
0
0
0
0
0
0
0
0.0117
0
0
0.0083
0.0085
0.0167
0
0.0467
0.0242
0
0
0
0
0
0
0
0.0093
0.0374
0
0
0
0
0.0349
0
0
0.0042
0
0
0
0.0226
0
0.0037
0
0.0282
0
0
0
0.0232
0
0
0
0
0.0176
0.0477
0
0
0
0.0181
0.0041
0
0
0
0
0
0
0
0
0
0
0
0
0.0043
0.0203
0
0
0
0
0.0207
0
0
0
0
0
0
0
0
0.0027
0
0
0
0
0.0204
0
0
0
0.0224
0
0
0
0
0
0
0
0
0
0
0
0
0.0132
0
0.0445
0
0
0
0
0
0
0.0302
0
0
0
0
0
0
0
0.0474
0
0
0
0
0
0
0
0
0
0
0
0.0774
0.0216
0
0
0
0
0
0.0104
0
0
0.0298
0.018
0.0217
0
0.0218
0.0044
0.02
0
0.0204
0.0252
0.0072
0
0
0.022
0
0.064
0.028
0
0
0.0232
0
0.0425
0
0
0
0
0
0
0
0
0
0
0
0
0
0
0
0
0.029
0
0
0
0
0
0
0
0
0.0085
0
0
0
0
0
0
0
0
0
0
0
0.0215
0
0
0
0.021
0
0
0
0
0
0
0
0
0
0
0.0221
0.0453
0.0727
0
0
0
0
0.0199
0
0
0
0
0.0413
0.0238
0
0
0
0.0284
0
0
0
0
0
0
0
0
0.0239
0
0
0
0
0
0
0
0
0
0
0
0
0
0
0
0.0428
0
0
0
0
0
0
0
0
0
0
0
0
0
0
0
0
0
0
0
0
0
0
0
0.0067
0
0.0056
0
0.0174
0
0
0.0055
0
0.0419
0
0
0
0
0
0.11
0
0
0
0.0031
0
0
0
0
0
0
0
0
0
0
0
0
0
0
0
0
0
0
0
0
0
0
0.0356
0
0
0
0
0
0
0
0
0
0
0
0
0.0043
0
0
0
0.0646
0
0
0.0133
0
0
0
0
0.0126
0.0243
0
0
0
0
0
0
0
0
0
0
0
0
0
0.0439
0
0
0
0
0.0231
0
0
0.0212
0
0.0193
0
0
0
0
0
0
0
0
0
0
0
0
0
0
0
0
0
0
0
0
0
0
0
0
0
0
0
0
0
0
0
0
0
0
0
0
0
0
0
0
0
0
0
0
0
0
0
0
0
0
0
0
0
0
0.0187
0
0
0
0
0
0
0
0
0.0086
0
0
0
0
0
0
0
0
0
0
0
0.01
0
0
0
0
0
0
0
0
0
0
0
0
0
0
0
0
0
0
0
0
0
0
0
0
0
0
0
0
0
0
0
0
0
0
0
0
0.0292
0
0
0
0
0
0
0
0
0
0
0
0
0
0
0
0
0
0.0118
0
0
0
0
0
0
0
0
0
0
0
0
0
0
0
0
0
0
0
0
0
0.0194
0
0
0
0
0
0
0
0
0
0
0
0
0
0
0
0
0
0
0
0
0.0244
0
0
0
0
0
0
0
0
0
0
0.0429
0
0
0
0
0
0
0
0
0
0
0
0
0.0048
0
0
0.0086
0.0072
0.0036
0.0075
0
0
0
0
0
0
0.0361
0
0.0363
0.0328
0
0
0
0
0
0.0052
0
0
0.0318
0
0
0
0
0.018
0
0.0061
0
0.073
0
0
0
0
0
0.0438
0.0042
0
0
0.0052
0
0.0175
0
0.0366
0
0.0265
0.0489
0
0
0
0
0
0
0
0
0
0.0069
0
0
0
0
0
0
0.0175
0
0
0
0
0
0
0
0.0047
0.0234
0.0046
0
0
0
0.0107
0
0
0.1014
0
0
0.0116
0
0.036
0
0
0.0587
0.0205
0.0043
0
0
0
0
0.0093
0
0.0096
0.0105
0
0
0
0.0043
0
0
0
0
0
0
0
0.04
0
0
0
0
0
0
0
0
0
0.0088
0.0396
0
0.02
0
0.0035
0.0312
0.0217
0
0.0155
0.0179
0.1065
0.0228
0.0107
0
0
0
0
0
0
0
0
0
0
0
0
0
0
0
0
0
0
0
0
0
0
0
0
0
0
0
0
0
0
0.0747
0.0416
0
0
0
0.0062
0
0
0
0
0
0
0
0
0
0
0
0
0
0
0
0
0
0
0
0
0
0
0
0
0
0
0
0
0.0382
0
0
0
0
0
0
0
0
0.0035
0
0
0.0401
0
0
0
0
0.0035
0.0104
0
0
0.0465
0
0
0
0.0223
0
0.0071
0.0256
0.0118
0
0
0.0452
0.0482
0
0
0
0
0.0505
0
0
0
0
0
0.0192
0
0
0
0
0
0
0
0
0
0
0
0
0
0
0
0
0
0
0.0207
0
0.0484
0.0163
0
0.0365
0.0164
0
0
0
0
0
0
0
0
0.0187
0
0
0
0
0
0
0
0
0.0552
0.0032
0.0202
0
0
0
0
0.0284
0.0185
0
0
0
0
0
0
0
0
0
0
0
0
0
0.0207
0
0
0.0071
0
0
0
0
0.021
0.0158
0.0201
0.0304
0.0171
0
0.0557
0.0394
0.0152
0
0.0033
0
0
0.0177
0
0.0259
0.0135
0
0.0348
0.0373
0
0
0.0207
0
0
0.0106
0.0414
0
0
0.0217
0
0
0
0
0
0
0
0
0
0
0.0045
0
0
0
0.0183
0
0
0
0.0361
0.0405
0.0043
0.0239
0
0
0.0166
0.085
0.0217
0
0
0
0.0209
0.0052
0
0
0
0.0297
0
0
0
0
0
0
0
0.0539
0.0263
0
0
0.0281
0.0168
0
0.0203
0
0
0.0158
0
0
0
0
0
0
0
0
0
0
0
0
0
0
0
0
0
0
0
0
0
0
0.0045
0
0
0
0
0
0
0
0
0
0.0205
0.0195
0.0033
0.037
0
0
0
0
0
0
0
0
0.0072
0.0085
0.019
0
0
0
0.003
0
0
0.0196
0
0
0
0.0064
0.0017
0.0276
0.0112
0
0
0.0383
0
0
0
0.0082
0
0
0
0
0.0033
0
0.0108
0
0.0176
0.0181
0
0
0.0764
0
0
0
0
0
0
0
0.0418
0
0
0
0
0
0.0361
0.0053
0
0
0.0479
0
0
0
0
0
0
0
