0.000000e+00
2.038505e+00
3.071676e+00
3.847312e+00
4.423575e+00
4.907976e+00
5.307940e+00
5.628632e+00
5.890292e+00
6.180773e+00
6.495558e+00
6.714754e+00
7.032810e+00
7.261052e+00
7.434991e+00
7.679101e+00
7.931542e+00
8.184857e+00
8.349880e+00
8.463947e+00
8.496355e+00
8.671212e+00
8.786983e+00
8.947452e+00
9.094620e+00
9.605819e+00
9.681670e+00
9.693871e+00
9.844957e+00
1.005116e+01
1.042494e+01
1.048984e+01
1.051845e+01
1.070194e+01
1.138426e+01
1.149945e+01
1.167587e+01
1.179210e+01
1.183479e+01
1.198429e+01
1.216778e+01
1.219071e+01
1.214764e+01
1.219388e+01
1.258760e+01
1.269862e+01
1.271062e+01
1.292322e+01
1.307444e+01
1.318281e+01
1.324199e+01
1.329843e+01
1.334788e+01
1.338327e+01
1.348517e+01
1.378345e+01
1.383732e+01
1.388548e+01
1.391457e+01
1.397635e+01
1.407629e+01
1.413405e+01
1.419071e+01
1.413595e+01
1.422235e+01
2.038505e+00
0.000000e+00
1.998672e+00
3.070228e+00
3.817324e+00
4.429517e+00
4.920913e+00
5.320759e+00
5.615926e+00
5.932963e+00
6.292624e+00
6.533112e+00
6.849348e+00
7.101317e+00
7.273067e+00
7.526808e+00
7.791944e+00
8.031220e+00
8.185080e+00
8.278032e+00
8.298214e+00
8.480745e+00
8.592402e+00
8.755164e+00
8.901667e+00
9.391281e+00
9.492838e+00
9.527015e+00
9.694851e+00
9.910505e+00
1.029034e+01
1.034043e+01
1.036218e+01
1.058559e+01
1.126036e+01
1.138123e+01
1.158056e+01
1.169904e+01
1.176482e+01
1.193909e+01
1.213417e+01
1.214078e+01
1.209432e+01
1.214628e+01
1.257337e+01
1.268653e+01
1.272504e+01
1.294432e+01
1.309713e+01
1.319908e+01
1.324617e+01
1.330129e+01
1.335669e+01
1.339616e+01
1.348968e+01
1.377723e+01
1.381485e+01
1.386327e+01
1.389040e+01
1.395691e+01
1.406156e+01
1.412006e+01
1.418895e+01
1.414781e+01
1.424346e+01
3.071676e+00
1.998672e+00
0.000000e+00
2.016829e+00
3.055445e+00
3.804397e+00
4.409465e+00
4.903829e+00
5.243047e+00
5.603094e+00
6.029254e+00
6.308629e+00
6.649993e+00
6.929641e+00
7.110257e+00
7.396934e+00
7.661890e+00
7.890278e+00
8.053292e+00
8.119394e+00
8.131841e+00
8.320911e+00
8.435186e+00
8.590645e+00
8.763137e+00
9.274915e+00
9.384521e+00
9.411221e+00
9.581927e+00
9.794304e+00
1.016636e+01
1.019778e+01
1.022338e+01
1.046848e+01
1.116747e+01
1.129553e+01
1.153287e+01
1.165656e+01
1.172686e+01
1.189538e+01
1.208465e+01
1.208381e+01
1.203669e+01
1.207152e+01
1.250687e+01
1.262557e+01
1.268003e+01
1.290261e+01
1.305216e+01
1.313682e+01
1.318178e+01
1.323113e+01
1.328908e+01
1.333891e+01
1.343168e+01
1.371764e+01
1.375179e+01
1.380113e+01
1.383083e+01
1.389743e+01
1.400434e+01
1.406552e+01
1.412971e+01
1.409277e+01
1.419904e+01
3.847312e+00
3.070228e+00
2.016829e+00
0.000000e+00
1.980240e+00
3.015874e+00
3.738379e+00
4.345418e+00
4.767800e+00
5.201469e+00
5.679538e+00
6.003308e+00
6.374210e+00
6.683035e+00
6.901031e+00
7.214940e+00
7.474442e+00
7.691081e+00
7.873410e+00
7.932478e+00
7.947868e+00
8.119515e+00
8.223886e+00
8.372167e+00
8.551542e+00
9.123837e+00
9.225653e+00
9.237132e+00
9.385725e+00
9.600560e+00
9.943843e+00
9.972714e+00
1.001802e+01
1.031634e+01
1.109159e+01
1.123675e+01
1.147896e+01
1.159774e+01
1.168392e+01
1.184116e+01
1.202776e+01
1.202606e+01
1.198809e+01
1.202336e+01
1.246373e+01
1.256475e+01
1.261453e+01
1.283464e+01
1.298002e+01
1.305692e+01
1.311773e+01
1.317281e+01
1.322252e+01
1.326571e+01
1.334592e+01
1.363087e+01
1.365689e+01
1.369474e+01
1.373173e+01
1.380034e+01
1.390974e+01
1.397267e+01
1.403778e+01
1.400898e+01
1.412804e+01
4.423575e+00
3.817324e+00
3.055445e+00
1.980240e+00
0.000000e+00
1.983941e+00
2.996667e+00
3.755765e+00
4.289600e+00
4.800798e+00
5.325277e+00
5.687803e+00
6.097657e+00
6.414719e+00
6.626280e+00
6.928563e+00
7.195271e+00
7.414535e+00
7.625652e+00
7.690833e+00
7.726225e+00
7.901926e+00
8.021582e+00
8.174389e+00
8.343688e+00
8.932630e+00
9.021797e+00
9.044192e+00
9.200440e+00
9.417355e+00
9.758599e+00
9.814342e+00
9.890345e+00
1.023251e+01
1.103912e+01
1.119268e+01
1.144668e+01
1.154963e+01
1.165269e+01
1.179441e+01
1.200170e+01
1.199537e+01
1.194921e+01
1.195572e+01
1.239214e+01
1.249567e+01
1.255327e+01
1.277759e+01
1.290811e+01
1.297832e+01
1.304756e+01
1.310270e+01
1.315576e+01
1.318234e+01
1.325141e+01
1.354571e+01
1.357903e+01
1.362357e+01
1.366758e+01
1.373796e+01
1.385598e+01
1.391580e+01
1.397038e+01
1.393977e+01
1.406968e+01
4.907976e+00
4.429517e+00
3.804397e+00
3.015874e+00
1.983941e+00
0.000000e+00
1.982012e+00
3.012350e+00
3.710697e+00
4.319557e+00
4.910126e+00
5.329107e+00
5.797389e+00
6.130085e+00
6.365922e+00
6.668174e+00
6.944207e+00
7.169794e+00
7.403353e+00
7.485460e+00
7.536275e+00
7.723275e+00
7.830970e+00
7.977283e+00
8.174252e+00
8.806550e+00
8.884427e+00
8.925324e+00
9.086188e+00
9.299419e+00
9.666790e+00
9.738850e+00
9.822941e+00
1.016550e+01
1.100566e+01
1.117098e+01
1.144577e+01
1.154418e+01
1.164603e+01
1.178274e+01
1.198725e+01
1.196644e+01
1.192006e+01
1.194164e+01
1.240317e+01
1.250505e+01
1.256854e+01
1.280850e+01
1.293043e+01
1.297584e+01
1.304469e+01
1.309055e+01
1.314560e+01
1.316573e+01
1.323958e+01
1.353971e+01
1.356838e+01
1.361026e+01
1.366361e+01
1.372758e+01
1.384914e+01
1.390705e+01
1.397129e+01
1.394130e+01
1.406974e+01
5.307940e+00
4.920913e+00
4.409465e+00
3.738379e+00
2.996667e+00
1.982012e+00
0.000000e+00
1.996848e+00
3.039928e+00
3.801303e+00
4.484406e+00
4.987600e+00
5.500677e+00
5.890896e+00
6.160874e+00
6.454770e+00
6.723419e+00
6.942684e+00
7.203368e+00
7.294938e+00
7.361268e+00
7.562869e+00
7.677045e+00
7.818083e+00
8.011250e+00
8.649884e+00
8.711961e+00
8.757322e+00
8.962932e+00
9.177385e+00
9.552340e+00
9.647421e+00
9.735161e+00
1.004335e+01
1.092384e+01
1.110991e+01
1.140077e+01
1.149652e+01
1.159831e+01
1.176049e+01
1.195369e+01
1.191904e+01
1.187721e+01
1.192317e+01
1.237219e+01
1.247026e+01
1.252731e+01
1.277916e+01
1.290697e+01
1.296293e+01
1.303735e+01
1.308299e+01
1.313241e+01
1.314376e+01
1.321785e+01
1.352198e+01
1.355357e+01
1.358342e+01
1.363140e+01
1.368134e+01
1.380158e+01
1.386382e+01
1.393246e+01
1.389078e+01
1.401618e+01
5.628632e+00
5.320759e+00
4.903829e+00
4.345418e+00
3.755765e+00
3.012350e+00
1.996848e+00
0.000000e+00
1.991339e+00
3.052847e+00
3.881497e+00
4.511764e+00
5.073153e+00
5.510917e+00
5.814447e+00
6.130524e+00
6.434422e+00
6.680031e+00
6.977098e+00
7.102315e+00
7.174568e+00
7.407984e+00
7.518105e+00
7.667853e+00
7.861875e+00
8.570384e+00
8.635800e+00
8.681293e+00
8.891747e+00
9.107443e+00
9.482328e+00
9.578475e+00
9.664688e+00
1.000777e+01
1.087948e+01
1.107336e+01
1.137515e+01
1.147832e+01
1.156895e+01
1.171432e+01
1.189504e+01
1.187204e+01
1.183199e+01
1.188207e+01
1.232277e+01
1.242104e+01
1.247144e+01
1.271220e+01
1.282382e+01
1.287053e+01
1.292515e+01
1.297235e+01
1.303609e+01
1.304185e+01
1.311238e+01
1.340383e+01
1.343008e+01
1.347030e+01
1.351952e+01
1.355847e+01
1.368151e+01
1.375396e+01
1.384870e+01
1.380166e+01
1.391219e+01
5.890292e+00
5.615926e+00
5.243047e+00
4.767800e+00
4.289600e+00
3.710697e+00
3.039928e+00
1.991339e+00
0.000000e+00
2.005916e+00
3.121558e+00
3.859282e+00
4.475193e+00
4.993215e+00
5.358317e+00
5.724419e+00
6.067288e+00
6.354585e+00
6.667747e+00
6.819950e+00
6.895216e+00
7.151364e+00
7.274002e+00
7.453180e+00
7.679082e+00
8.414022e+00
8.491273e+00
8.539377e+00
8.726787e+00
8.950363e+00
9.353459e+00
9.454352e+00
9.544592e+00
9.921814e+00
1.080743e+01
1.100452e+01
1.132014e+01
1.143892e+01
1.151639e+01
1.164097e+01
1.182148e+01
1.180801e+01
1.176730e+01
1.183187e+01
1.228190e+01
1.239170e+01
1.244350e+01
1.268796e+01
1.280084e+01
1.285112e+01
1.289184e+01
1.293129e+01
1.299638e+01
1.299442e+01
1.304266e+01
1.333116e+01
1.335206e+01
1.340368e+01
1.346702e+01
1.351491e+01
1.364462e+01
1.372354e+01
1.381283e+01
1.376264e+01
1.386061e+01
6.180773e+00
5.932963e+00
5.603094e+00
5.201469e+00
4.800798e+00
4.319557e+00
3.801303e+00
3.052847e+00
2.005916e+00
0.000000e+00
2.035636e+00
3.058746e+00
3.797495e+00
4.421992e+00
4.876085e+00
5.298717e+00
5.673870e+00
5.985958e+00
6.308863e+00
6.479464e+00
6.567245e+00
6.826910e+00
6.975873e+00
7.194482e+00
7.440324e+00
8.170601e+00
8.287480e+00
8.352406e+00
8.538930e+00
8.749591e+00
9.215457e+00
9.339560e+00
9.422854e+00
9.816952e+00
1.070675e+01
1.089579e+01
1.123131e+01
1.135527e+01
1.143308e+01
1.156213e+01
1.175137e+01
1.172320e+01
1.169204e+01
1.175642e+01
1.221221e+01
1.231687e+01
1.235750e+01
1.259068e+01
1.270119e+01
1.275398e+01
1.282042e+01
1.287134e+01
1.294339e+01
1.294310e+01
1.298651e+01
1.324435e+01
1.327899e+01
1.333965e+01
1.341691e+01
1.346982e+01
1.358611e+01
1.366777e+01
1.376918e+01
1.373096e+01
1.381708e+01
6.495558e+00
6.292624e+00
6.029254e+00
5.679538e+00
5.325277e+00
4.910126e+00
4.484406e+00
3.881497e+00
3.121558e+00
2.035636e+00
0.000000e+00
1.997851e+00
3.039827e+00
3.806671e+00
4.372718e+00
4.875512e+00
5.310831e+00
5.669958e+00
6.026850e+00
6.247294e+00
6.360664e+00
6.637208e+00
6.831854e+00
7.067973e+00
7.301727e+00
8.072084e+00
8.189771e+00
8.248848e+00
8.410040e+00
8.646152e+00
9.143506e+00
9.263841e+00
9.339297e+00
9.721639e+00
1.064398e+01
1.083930e+01
1.119053e+01
1.131273e+01
1.139433e+01
1.150564e+01
1.169276e+01
1.164714e+01
1.161661e+01
1.165657e+01
1.212220e+01
1.222418e+01
1.227012e+01
1.251001e+01
1.263323e+01
1.269638e+01
1.276941e+01
1.281966e+01
1.289391e+01
1.289712e+01
1.294185e+01
1.318788e+01
1.322100e+01
1.328183e+01
1.337656e+01
1.344304e+01
1.355282e+01
1.362151e+01
1.372235e+01
1.371119e+01
1.379778e+01
6.714754e+00
6.533112e+00
6.308629e+00
6.003308e+00
5.687803e+00
5.329107e+00
4.987600e+00
4.511764e+00
3.859282e+00
3.058746e+00
1.997851e+00
0.000000e+00
2.006307e+00
3.061941e+00
3.780500e+00
4.383023e+00
4.927356e+00
5.344397e+00
5.726183e+00
5.990881e+00
6.154059e+00
6.434634e+00
6.675130e+00
6.937567e+00
7.180648e+00
7.970049e+00
8.079493e+00
8.161113e+00
8.331446e+00
8.587189e+00
9.090764e+00
9.221821e+00
9.303874e+00
9.712456e+00
1.062345e+01
1.083311e+01
1.120759e+01
1.133161e+01
1.143835e+01
1.154875e+01
1.172609e+01
1.168856e+01
1.164933e+01
1.165180e+01
1.208613e+01
1.218046e+01
1.222736e+01
1.248650e+01
1.261260e+01
1.268631e+01
1.276006e+01
1.279820e+01
1.286299e+01
1.287955e+01
1.293018e+01
1.317102e+01
1.319531e+01
1.325324e+01
1.335363e+01
1.343386e+01
1.355361e+01
1.361445e+01
1.369341e+01
1.369633e+01
1.378783e+01
7.032810e+00
6.849348e+00
6.649993e+00
6.374210e+00
6.097657e+00
5.797389e+00
5.500677e+00
5.073153e+00
4.475193e+00
3.797495e+00
3.039827e+00
2.006307e+00
0.000000e+00
2.015922e+00
3.034834e+00
3.768248e+00
4.391134e+00
4.874131e+00
5.288982e+00
5.605061e+00
5.818697e+00
6.121036e+00
6.411158e+00
6.708662e+00
6.997337e+00
7.903158e+00
8.030352e+00
8.117123e+00
8.267251e+00
8.514460e+00
9.015686e+00
9.168580e+00
9.290287e+00
9.735835e+00
1.065479e+01
1.086576e+01
1.119010e+01
1.132882e+01
1.146361e+01
1.158768e+01
1.176590e+01
1.174427e+01
1.171937e+01
1.170651e+01
1.212801e+01
1.225856e+01
1.231316e+01
1.257003e+01
1.267791e+01
1.275352e+01
1.283705e+01
1.285027e+01
1.289276e+01
1.291255e+01
1.297759e+01
1.322725e+01
1.324945e+01
1.330578e+01
1.338981e+01
1.346353e+01
1.360474e+01
1.367526e+01
1.374142e+01
1.373701e+01
1.381847e+01
7.261052e+00
7.101317e+00
6.929641e+00
6.683035e+00
6.414719e+00
6.130085e+00
5.890896e+00
5.510917e+00
4.993215e+00
4.421992e+00
3.806671e+00
3.061941e+00
2.015922e+00
0.000000e+00
1.982610e+00
3.027801e+00
3.798198e+00
4.399562e+00
4.887395e+00
5.268413e+00
5.534800e+00
5.862785e+00
6.192854e+00
6.527810e+00
6.863058e+00
7.823697e+00
7.956189e+00
8.065597e+00
8.215240e+00
8.457238e+00
8.947714e+00
9.098648e+00
9.241835e+00
9.716955e+00
1.062311e+01
1.084129e+01
1.114666e+01
1.129611e+01
1.141864e+01
1.151754e+01
1.171874e+01
1.169435e+01
1.167829e+01
1.168355e+01
1.210905e+01
1.226735e+01
1.233472e+01
1.260023e+01
1.270661e+01
1.279631e+01
1.289679e+01
1.290550e+01
1.294186e+01
1.296457e+01
1.301848e+01
1.328433e+01
1.330834e+01
1.336563e+01
1.344245e+01
1.352337e+01
1.367014e+01
1.374343e+01
1.380144e+01
1.378308e+01
1.387778e+01
7.434991e+00
7.273067e+00
7.110257e+00
6.901031e+00
6.626280e+00
6.365922e+00
6.160874e+00
5.814447e+00
5.358317e+00
4.876085e+00
4.372718e+00
3.780500e+00
3.034834e+00
1.982610e+00
0.000000e+00
1.988530e+00
3.030225e+00
3.800421e+00
4.396572e+00
4.875104e+00
5.227310e+00
5.593776e+00
5.940844e+00
6.288364e+00
6.652192e+00
7.655894e+00
7.800242e+00
7.915289e+00
8.100378e+00
8.360474e+00
8.882132e+00
9.034783e+00
9.174369e+00
9.635237e+00
1.053022e+01
1.075333e+01
1.107363e+01
1.122939e+01
1.133305e+01
1.143498e+01
1.166792e+01
1.164462e+01
1.162272e+01
1.164525e+01
1.207659e+01
1.226183e+01
1.233091e+01
1.258501e+01
1.269830e+01
1.278223e+01
1.288135e+01
1.289091e+01
1.293471e+01
1.295517e+01
1.301340e+01
1.329145e+01
1.332455e+01
1.338957e+01
1.346597e+01
1.355561e+01
1.370629e+01
1.378142e+01
1.384180e+01
1.381531e+01
1.391007e+01
7.679101e+00
7.526808e+00
7.396934e+00
7.214940e+00
6.928563e+00
6.668174e+00
6.454770e+00
6.130524e+00
5.724419e+00
5.298717e+00
4.875512e+00
4.383023e+00
3.768248e+00
3.027801e+00
1.988530e+00
0.000000e+00
2.003245e+00
3.080165e+00
3.811990e+00
4.368246e+00
4.800423e+00
5.214289e+00
5.598851e+00
5.962069e+00
6.384713e+00
7.471814e+00
7.654850e+00
7.799827e+00
8.002257e+00
8.288761e+00
8.866110e+00
9.003368e+00
9.146872e+00
9.627124e+00
1.052613e+01
1.075672e+01
1.105288e+01
1.120446e+01
1.131972e+01
1.144054e+01
1.170831e+01
1.168157e+01
1.166452e+01
1.170381e+01
1.213397e+01
1.231868e+01
1.239227e+01
1.264256e+01
1.275937e+01
1.285517e+01
1.295934e+01
1.297273e+01
1.300703e+01
1.303460e+01
1.310182e+01
1.337672e+01
1.340442e+01
1.344482e+01
1.350813e+01
1.359523e+01
1.373733e+01
1.382665e+01
1.390222e+01
1.386651e+01
1.395277e+01
7.931542e+00
7.791944e+00
7.661890e+00
7.474442e+00
7.195271e+00
6.944207e+00
6.723419e+00
6.434422e+00
6.067288e+00
5.673870e+00
5.310831e+00
4.927356e+00
4.391134e+00
3.798198e+00
3.030225e+00
2.003245e+00
0.000000e+00
2.012353e+00
3.040212e+00
3.765091e+00
4.348225e+00
4.835202e+00
5.277059e+00
5.674024e+00
6.136357e+00
7.318706e+00
7.510262e+00
7.667671e+00
7.892715e+00
8.215236e+00
8.826395e+00
8.980766e+00
9.130556e+00
9.622372e+00
1.054456e+01
1.079813e+01
1.108076e+01
1.122790e+01
1.132830e+01
1.145780e+01
1.175095e+01
1.172990e+01
1.171974e+01
1.176266e+01
1.219303e+01
1.238401e+01
1.246303e+01
1.269280e+01
1.281248e+01
1.290771e+01
1.300309e+01
1.302544e+01
1.306599e+01
1.308704e+01
1.315188e+01
1.340638e+01
1.340858e+01
1.343832e+01
1.350017e+01
1.358827e+01
1.372802e+01
1.382077e+01
1.389103e+01
1.385354e+01
1.393311e+01
8.184857e+00
8.031220e+00
7.890278e+00
7.691081e+00
7.414535e+00
7.169794e+00
6.942684e+00
6.680031e+00
6.354585e+00
5.985958e+00
5.669958e+00
5.344397e+00
4.874131e+00
4.399562e+00
3.800421e+00
3.080165e+00
2.012353e+00
0.000000e+00
1.987265e+00
3.023965e+00
3.772625e+00
4.347682e+00
4.860575e+00
5.323633e+00
5.833035e+00
7.062546e+00
7.260488e+00
7.435020e+00
7.695133e+00
8.024719e+00
8.643706e+00
8.811832e+00
8.967618e+00
9.505809e+00
1.045099e+01
1.069230e+01
1.100331e+01
1.114170e+01
1.124513e+01
1.138630e+01
1.168193e+01
1.166040e+01
1.166022e+01
1.171068e+01
1.215604e+01
1.236352e+01
1.245356e+01
1.267585e+01
1.278811e+01
1.287020e+01
1.295398e+01
1.297669e+01
1.301009e+01
1.301489e+01
1.307574e+01
1.330653e+01
1.329485e+01
1.332334e+01
1.339635e+01
1.348808e+01
1.363030e+01
1.371406e+01
1.378115e+01
1.374793e+01
1.382451e+01
8.349880e+00
8.185080e+00
8.053292e+00
7.873410e+00
7.625652e+00
7.403353e+00
7.203368e+00
6.977098e+00
6.667747e+00
6.308863e+00
6.026850e+00
5.726183e+00
5.288982e+00
4.887395e+00
4.396572e+00
3.811990e+00
3.040212e+00
1.987265e+00
0.000000e+00
2.010125e+00
3.053924e+00
3.802139e+00
4.392956e+00
4.907711e+00
5.485442e+00
6.882925e+00
7.105678e+00
7.301838e+00
7.574907e+00
7.916827e+00
8.556865e+00
8.706662e+00
8.850347e+00
9.414006e+00
1.040460e+01
1.064945e+01
1.096755e+01
1.110611e+01
1.122502e+01
1.137358e+01
1.165357e+01
1.164045e+01
1.164473e+01
1.169475e+01
1.214956e+01
1.235431e+01
1.242572e+01
1.263023e+01
1.274142e+01
1.281690e+01
1.290000e+01
1.290818e+01
1.294116e+01
1.295613e+01
1.301132e+01
1.325911e+01
1.325931e+01
1.328662e+01
1.336152e+01
1.345663e+01
1.359537e+01
1.367481e+01
1.374180e+01
1.370988e+01
1.378480e+01
8.463947e+00
8.278032e+00
8.119394e+00
7.932478e+00
7.690833e+00
7.485460e+00
7.294938e+00
7.102315e+00
6.819950e+00
6.479464e+00
6.247294e+00
5.990881e+00
5.605061e+00
5.268413e+00
4.875104e+00
4.368246e+00
3.765091e+00
3.023965e+00
2.010125e+00
0.000000e+00
1.994266e+00
3.047167e+00
3.765739e+00
4.380103e+00
5.080137e+00
6.679336e+00
6.934202e+00
7.160270e+00
7.440184e+00
7.790073e+00
8.453666e+00
8.619170e+00
8.765178e+00
9.360194e+00
1.035124e+01
1.058688e+01
1.090067e+01
1.103389e+01
1.118776e+01
1.133863e+01
1.162814e+01
1.163736e+01
1.164551e+01
1.168456e+01
1.216704e+01
1.234543e+01
1.241163e+01
1.262102e+01
1.273450e+01
1.282680e+01
1.290097e+01
1.290545e+01
1.292615e+01
1.294349e+01
1.297878e+01
1.322732e+01
1.323986e+01
1.327606e+01
1.334227e+01
1.343642e+01
1.356651e+01
1.364779e+01
1.372849e+01
1.370925e+01
1.378957e+01
8.496355e+00
8.298214e+00
8.131841e+00
7.947868e+00
7.726225e+00
7.536275e+00
7.361268e+00
7.174568e+00
6.895216e+00
6.567245e+00
6.360664e+00
6.154059e+00
5.818697e+00
5.534800e+00
5.227310e+00
4.800423e+00
4.348225e+00
3.772625e+00
3.053924e+00
1.994266e+00
0.000000e+00
1.999638e+00
3.018064e+00
3.814640e+00
4.643507e+00
6.464036e+00
6.738228e+00
6.982190e+00
7.237160e+00
7.594364e+00
8.281695e+00
8.459947e+00
8.601627e+00
9.257164e+00
1.027188e+01
1.050929e+01
1.083796e+01
1.098434e+01
1.114218e+01
1.128804e+01
1.158574e+01
1.162041e+01
1.164370e+01
1.166230e+01
1.213329e+01
1.230984e+01
1.239207e+01
1.262002e+01
1.273063e+01
1.283045e+01
1.288354e+01
1.288740e+01
1.289533e+01
1.291096e+01
1.295928e+01
1.322916e+01
1.325270e+01
1.330046e+01
1.336329e+01
1.344936e+01
1.355473e+01
1.362639e+01
1.370962e+01
1.369539e+01
1.377796e+01
8.671212e+00
8.480745e+00
8.320911e+00
8.119515e+00
7.901926e+00
7.723275e+00
7.562869e+00
7.407984e+00
7.151364e+00
6.826910e+00
6.637208e+00
6.434634e+00
6.121036e+00
5.862785e+00
5.593776e+00
5.214289e+00
4.835202e+00
4.347682e+00
3.802139e+00
3.047167e+00
1.999638e+00
0.000000e+00
1.996035e+00
3.063870e+00
4.088260e+00
6.181427e+00
6.481559e+00
6.761721e+00
7.047790e+00
7.441668e+00
8.135631e+00
8.340561e+00
8.497029e+00
9.144269e+00
1.016295e+01
1.041518e+01
1.080574e+01
1.096352e+01
1.111258e+01
1.124953e+01
1.157257e+01
1.160428e+01
1.162627e+01
1.165643e+01
1.212143e+01
1.228719e+01
1.237842e+01
1.261776e+01
1.273232e+01
1.284452e+01
1.289443e+01
1.290811e+01
1.289929e+01
1.290221e+01
1.294543e+01
1.323347e+01
1.326680e+01
1.331354e+01
1.338038e+01
1.347009e+01
1.357581e+01
1.363379e+01
1.370441e+01
1.368866e+01
1.376885e+01
8.786983e+00
8.592402e+00
8.435186e+00
8.223886e+00
8.021582e+00
7.830970e+00
7.677045e+00
7.518105e+00
7.274002e+00
6.975873e+00
6.831854e+00
6.675130e+00
6.411158e+00
6.192854e+00
5.940844e+00
5.598851e+00
5.277059e+00
4.860575e+00
4.392956e+00
3.765739e+00
3.018064e+00
1.996035e+00
0.000000e+00
1.994796e+00
3.346048e+00
5.840232e+00
6.190791e+00
6.537823e+00
6.885469e+00
7.298539e+00
8.000552e+00
8.197746e+00
8.377100e+00
9.027083e+00
1.003613e+01
1.030690e+01
1.073425e+01
1.089405e+01
1.103798e+01
1.116346e+01
1.149288e+01
1.153041e+01
1.155531e+01
1.159687e+01
1.203794e+01
1.219870e+01
1.228893e+01
1.253132e+01
1.265818e+01
1.278951e+01
1.285228e+01
1.287953e+01
1.287024e+01
1.286589e+01
1.289864e+01
1.318344e+01
1.321657e+01
1.326215e+01
1.332573e+01
1.339968e+01
1.351097e+01
1.356580e+01
1.364341e+01
1.362632e+01
1.369812e+01
8.947452e+00
8.755164e+00
8.590645e+00
8.372167e+00
8.174389e+00
7.977283e+00
7.818083e+00
7.667853e+00
7.453180e+00
7.194482e+00
7.067973e+00
6.937567e+00
6.708662e+00
6.527810e+00
6.288364e+00
5.962069e+00
5.674024e+00
5.323633e+00
4.907711e+00
4.380103e+00
3.814640e+00
3.063870e+00
1.994796e+00
0.000000e+00
2.420397e+00
5.530456e+00
5.934634e+00
6.342928e+00
6.748226e+00
7.173541e+00
7.930142e+00
8.153668e+00
8.338783e+00
9.009122e+00
1.003042e+01
1.031963e+01
1.077111e+01
1.093744e+01
1.106027e+01
1.120860e+01
1.156415e+01
1.159542e+01
1.160606e+01
1.162036e+01
1.206851e+01
1.221296e+01
1.230589e+01
1.255014e+01
1.268553e+01
1.283110e+01
1.289669e+01
1.292685e+01
1.290316e+01
1.290234e+01
1.293979e+01
1.320497e+01
1.323929e+01
1.329800e+01
1.336347e+01
1.342198e+01
1.350496e+01
1.356740e+01
1.365269e+01
1.364738e+01
1.371247e+01
9.094620e+00
8.901667e+00
8.763137e+00
8.551542e+00
8.343688e+00
8.174252e+00
8.011250e+00
7.861875e+00
7.679082e+00
7.440324e+00
7.301727e+00
7.180648e+00
6.997337e+00
6.863058e+00
6.652192e+00
6.384713e+00
6.136357e+00
5.833035e+00
5.485442e+00
5.080137e+00
4.643507e+00
4.088260e+00
3.346048e+00
2.420397e+00
0.000000e+00
4.547437e+00
5.113108e+00
5.638038e+00
6.158857e+00
6.716751e+00
7.644526e+00
7.878339e+00
8.061431e+00
8.792276e+00
9.866580e+00
1.015886e+01
1.065820e+01
1.083469e+01
1.097841e+01
1.118225e+01
1.156271e+01
1.158106e+01
1.157947e+01
1.160688e+01
1.204646e+01
1.217033e+01
1.227268e+01
1.248149e+01
1.260487e+01
1.276465e+01
1.284172e+01
1.287074e+01
1.286439e+01
1.288575e+01
1.293019e+01
1.319466e+01
1.322720e+01
1.327084e+01
1.332800e+01
1.338962e+01
1.346410e+01
1.351712e+01
1.356096e+01
1.356944e+01
1.365187e+01
9.605819e+00
9.391281e+00
9.274915e+00
9.123837e+00
8.932630e+00
8.806550e+00
8.649884e+00
8.570384e+00
8.414022e+00
8.170601e+00
8.072084e+00
7.970049e+00
7.903158e+00
7.823697e+00
7.655894e+00
7.471814e+00
7.318706e+00
7.062546e+00
6.882925e+00
6.679336e+00
6.464036e+00
6.181427e+00
5.840232e+00
5.530456e+00
4.547437e+00
0.000000e+00
2.088856e+00
3.249439e+00
4.250673e+00
5.365172e+00
6.799164e+00
7.065965e+00
7.257565e+00
8.155379e+00
9.311082e+00
9.585472e+00
1.020048e+01
1.037618e+01
1.051037e+01
1.083919e+01
1.127389e+01
1.125555e+01
1.123664e+01
1.132048e+01
1.182304e+01
1.193426e+01
1.202290e+01
1.222520e+01
1.233571e+01
1.250007e+01
1.261352e+01
1.266324e+01
1.268850e+01
1.273341e+01
1.277281e+01
1.296456e+01
1.299697e+01
1.303633e+01
1.308631e+01
1.315654e+01
1.322910e+01
1.324297e+01
1.327321e+01
1.328816e+01
1.335879e+01
9.681670e+00
9.492838e+00
9.384521e+00
9.225653e+00
9.021797e+00
8.884427e+00
8.711961e+00
8.635800e+00
8.491273e+00
8.287480e+00
8.189771e+00
8.079493e+00
8.030352e+00
7.956189e+00
7.800242e+00
7.654850e+00
7.510262e+00
7.260488e+00
7.105678e+00
6.934202e+00
6.738228e+00
6.481559e+00
6.190791e+00
5.934634e+00
5.113108e+00
2.088856e+00
0.000000e+00
2.131180e+00
3.512174e+00
4.877762e+00
6.537734e+00
6.845351e+00
7.040190e+00
8.030001e+00
9.221606e+00
9.506462e+00
1.012530e+01
1.025834e+01
1.038080e+01
1.071881e+01
1.115480e+01
1.116354e+01
1.116033e+01
1.125399e+01
1.176404e+01
1.190097e+01
1.200206e+01
1.220374e+01
1.229989e+01
1.243323e+01
1.253737e+01
1.258318e+01
1.260371e+01
1.263301e+01
1.268129e+01
1.287544e+01
1.290675e+01
1.293578e+01
1.298324e+01
1.303960e+01
1.309882e+01
1.310536e+01
1.313661e+01
1.315086e+01
1.322727e+01
9.693871e+00
9.527015e+00
9.411221e+00
9.237132e+00
9.044192e+00
8.925324e+00
8.757322e+00
8.681293e+00
8.539377e+00
8.352406e+00
8.248848e+00
8.161113e+00
8.117123e+00
8.065597e+00
7.915289e+00
7.799827e+00
7.667671e+00
7.435020e+00
7.301838e+00
7.160270e+00
6.982190e+00
6.761721e+00
6.537823e+00
6.342928e+00
5.638038e+00
3.249439e+00
2.131180e+00
0.000000e+00
2.428609e+00
4.212643e+00
6.139791e+00
6.497764e+00
6.704513e+00
7.802570e+00
9.083621e+00
9.389493e+00
1.003692e+01
1.014531e+01
1.026309e+01
1.060512e+01
1.104673e+01
1.106097e+01
1.106814e+01
1.114866e+01
1.165070e+01
1.182189e+01
1.192296e+01
1.211516e+01
1.220820e+01
1.232696e+01
1.242643e+01
1.246700e+01
1.247730e+01
1.250008e+01
1.257656e+01
1.279076e+01
1.282322e+01
1.284655e+01
1.287707e+01
1.294171e+01
1.299966e+01
1.300542e+01
1.303623e+01
1.305886e+01
1.313610e+01
9.844957e+00
9.694851e+00
9.581927e+00
9.385725e+00
9.200440e+00
9.086188e+00
8.962932e+00
8.891747e+00
8.726787e+00
8.538930e+00
8.410040e+00
8.331446e+00
8.267251e+00
8.215240e+00
8.100378e+00
8.002257e+00
7.892715e+00
7.695133e+00
7.574907e+00
7.440184e+00
7.237160e+00
7.047790e+00
6.885469e+00
6.748226e+00
6.158857e+00
4.250673e+00
3.512174e+00
2.428609e+00
0.000000e+00
3.171363e+00
5.665804e+00
6.070033e+00
6.313517e+00
7.463794e+00
8.860395e+00
9.194704e+00
9.864098e+00
9.963692e+00
1.008601e+01
1.040265e+01
1.086727e+01
1.089733e+01
1.091551e+01
1.100931e+01
1.150235e+01
1.166633e+01
1.176667e+01
1.197394e+01
1.207422e+01
1.218636e+01
1.228069e+01
1.232019e+01
1.232021e+01
1.235730e+01
1.244792e+01
1.269721e+01
1.273892e+01
1.275217e+01
1.277573e+01
1.284166e+01
1.289745e+01
1.289219e+01
1.292012e+01
1.294372e+01
1.301153e+01
1.005116e+01
9.910505e+00
9.794304e+00
9.600560e+00
9.417355e+00
9.299419e+00
9.177385e+00
9.107443e+00
8.950363e+00
8.749591e+00
8.646152e+00
8.587189e+00
8.514460e+00
8.457238e+00
8.360474e+00
8.288761e+00
8.215236e+00
8.024719e+00
7.916827e+00
7.790073e+00
7.594364e+00
7.441668e+00
7.298539e+00
7.173541e+00
6.716751e+00
5.365172e+00
4.877762e+00
4.212643e+00
3.171363e+00
0.000000e+00
4.149336e+00
4.820170e+00
5.230966e+00
6.832516e+00
8.411132e+00
8.794972e+00
9.455719e+00
9.544409e+00
9.689572e+00
1.004254e+01
1.052489e+01
1.055424e+01
1.059015e+01
1.066861e+01
1.118611e+01
1.136792e+01
1.150984e+01
1.171276e+01
1.180213e+01
1.191823e+01
1.200769e+01
1.203341e+01
1.202416e+01
1.206149e+01
1.214505e+01
1.244276e+01
1.250661e+01
1.253643e+01
1.257097e+01
1.264476e+01
1.269627e+01
1.268772e+01
1.271147e+01
1.274232e+01
1.280773e+01
1.042494e+01
1.029034e+01
1.016636e+01
9.943843e+00
9.758599e+00
9.666790e+00
9.552340e+00
9.482328e+00
9.353459e+00
9.215457e+00
9.143506e+00
9.090764e+00
9.015686e+00
8.947714e+00
8.882132e+00
8.866110e+00
8.826395e+00
8.643706e+00
8.556865e+00
8.453666e+00
8.281695e+00
8.135631e+00
8.000552e+00
7.930142e+00
7.644526e+00
6.799164e+00
6.537734e+00
6.139791e+00
5.665804e+00
4.149336e+00
0.000000e+00
2.148586e+00
3.131021e+00
5.989549e+00
8.051165e+00
8.515633e+00
9.200753e+00
9.344301e+00
9.525856e+00
9.915156e+00
1.036104e+01
1.036333e+01
1.037423e+01
1.049882e+01
1.105042e+01
1.129034e+01
1.144509e+01
1.163296e+01
1.170939e+01
1.179794e+01
1.188504e+01
1.190942e+01
1.191341e+01
1.198454e+01
1.201030e+01
1.228466e+01
1.234732e+01
1.238429e+01
1.242726e+01
1.250875e+01
1.258969e+01
1.259490e+01
1.259217e+01
1.263169e+01
1.269768e+01
1.048984e+01
1.034043e+01
1.019778e+01
9.972714e+00
9.814342e+00
9.738850e+00
9.647421e+00
9.578475e+00
9.454352e+00
9.339560e+00
9.263841e+00
9.221821e+00
9.168580e+00
9.098648e+00
9.034783e+00
9.003368e+00
8.980766e+00
8.811832e+00
8.706662e+00
8.619170e+00
8.459947e+00
8.340561e+00
8.197746e+00
8.153668e+00
7.878339e+00
7.065965e+00
6.845351e+00
6.497764e+00
6.070033e+00
4.820170e+00
2.148586e+00
0.000000e+00
1.997979e+00
5.631087e+00
7.929489e+00
8.401847e+00
9.095022e+00
9.245058e+00
9.441260e+00
9.795179e+00
1.021065e+01
1.020170e+01
1.021108e+01
1.035836e+01
1.091466e+01
1.116409e+01
1.130613e+01
1.149962e+01
1.158181e+01
1.166570e+01
1.174765e+01
1.178281e+01
1.179430e+01
1.187873e+01
1.188918e+01
1.214949e+01
1.219537e+01
1.222964e+01
1.227642e+01
1.235563e+01
1.243743e+01
1.244795e+01
1.245464e+01
1.249349e+01
1.255419e+01
1.051845e+01
1.036218e+01
1.022338e+01
1.001802e+01
9.890345e+00
9.822941e+00
9.735161e+00
9.664688e+00
9.544592e+00
9.422854e+00
9.339297e+00
9.303874e+00
9.290287e+00
9.241835e+00
9.174369e+00
9.146872e+00
9.130556e+00
8.967618e+00
8.850347e+00
8.765178e+00
8.601627e+00
8.497029e+00
8.377100e+00
8.338783e+00
8.061431e+00
7.257565e+00
7.040190e+00
6.704513e+00
6.313517e+00
5.230966e+00
3.131021e+00
1.997979e+00
0.000000e+00
5.187997e+00
7.726584e+00
8.223023e+00
8.916722e+00
9.091851e+00
9.289512e+00
9.647680e+00
1.001999e+01
9.999148e+00
1.000174e+01
1.017526e+01
1.073311e+01
1.099274e+01
1.115918e+01
1.134964e+01
1.143342e+01
1.152386e+01
1.161224e+01
1.164613e+01
1.166311e+01
1.174914e+01
1.176107e+01
1.203239e+01
1.207920e+01
1.210452e+01
1.214308e+01
1.221534e+01
1.230509e+01
1.231642e+01
1.232115e+01
1.236142e+01
1.242857e+01
1.070194e+01
1.058559e+01
1.046848e+01
1.031634e+01
1.023251e+01
1.016550e+01
1.004335e+01
1.000777e+01
9.921814e+00
9.816952e+00
9.721639e+00
9.712456e+00
9.735835e+00
9.716955e+00
9.635237e+00
9.627124e+00
9.622372e+00
9.505809e+00
9.414006e+00
9.360194e+00
9.257164e+00
9.144269e+00
9.027083e+00
9.009122e+00
8.792276e+00
8.155379e+00
8.030001e+00
7.802570e+00
7.463794e+00
6.832516e+00
5.989549e+00
5.631087e+00
5.187997e+00
0.000000e+00
5.883387e+00
6.890450e+00
7.860928e+00
8.059574e+00
8.381251e+00
8.868222e+00
9.268744e+00
9.234477e+00
9.238508e+00
9.454975e+00
1.004140e+01
1.029363e+01
1.051608e+01
1.078735e+01
1.090427e+01
1.102267e+01
1.110567e+01
1.112727e+01
1.113895e+01
1.117047e+01
1.119781e+01
1.159768e+01
1.165832e+01
1.167477e+01
1.168262e+01
1.173077e+01
1.182134e+01
1.184064e+01
1.189042e+01
1.192919e+01
1.203364e+01
1.138426e+01
1.126036e+01
1.116747e+01
1.109159e+01
1.103912e+01
1.100566e+01
1.092384e+01
1.087948e+01
1.080743e+01
1.070675e+01
1.064398e+01
1.062345e+01
1.065479e+01
1.062311e+01
1.053022e+01
1.052613e+01
1.054456e+01
1.045099e+01
1.040460e+01
1.035124e+01
1.027188e+01
1.016295e+01
1.003613e+01
1.003042e+01
9.866580e+00
9.311082e+00
9.221606e+00
9.083621e+00
8.860395e+00
8.411132e+00
8.051165e+00
7.929489e+00
7.726584e+00
5.883387e+00
0.000000e+00
3.056379e+00
6.024902e+00
6.489138e+00
7.011394e+00
7.702247e+00
8.130945e+00
8.210039e+00
8.203844e+00
8.566182e+00
9.445704e+00
9.826857e+00
1.006504e+01
1.028121e+01
1.036548e+01
1.048965e+01
1.056661e+01
1.056976e+01
1.053345e+01
1.053064e+01
1.060205e+01
1.107311e+01
1.115067e+01
1.118990e+01
1.124240e+01
1.130849e+01
1.138597e+01
1.144604e+01
1.155560e+01
1.162475e+01
1.175772e+01
1.149945e+01
1.138123e+01
1.129553e+01
1.123675e+01
1.119268e+01
1.117098e+01
1.110991e+01
1.107336e+01
1.100452e+01
1.089579e+01
1.083930e+01
1.083311e+01
1.086576e+01
1.084129e+01
1.075333e+01
1.075672e+01
1.079813e+01
1.069230e+01
1.064945e+01
1.058688e+01
1.050929e+01
1.041518e+01
1.030690e+01
1.031963e+01
1.015886e+01
9.585472e+00
9.506462e+00
9.389493e+00
9.194704e+00
8.794972e+00
8.515633e+00
8.401847e+00
8.223023e+00
6.890450e+00
3.056379e+00
0.000000e+00
4.921817e+00
5.602886e+00
6.313713e+00
7.130492e+00
7.591306e+00
7.752780e+00
7.783168e+00
8.232750e+00
9.242914e+00
9.626582e+00
9.878848e+00
1.010399e+01
1.019462e+01
1.032376e+01
1.038867e+01
1.039166e+01
1.034004e+01
1.033701e+01
1.040911e+01
1.090511e+01
1.101526e+01
1.106980e+01
1.113734e+01
1.120535e+01
1.128856e+01
1.136539e+01
1.148912e+01
1.156999e+01
1.170791e+01
1.167587e+01
1.158056e+01
1.153287e+01
1.147896e+01
1.144668e+01
1.144577e+01
1.140077e+01
1.137515e+01
1.132014e+01
1.123131e+01
1.119053e+01
1.120759e+01
1.119010e+01
1.114666e+01
1.107363e+01
1.105288e+01
1.108076e+01
1.100331e+01
1.096755e+01
1.090067e+01
1.083796e+01
1.080574e+01
1.073425e+01
1.077111e+01
1.065820e+01
1.020048e+01
1.012530e+01
1.003692e+01
9.864098e+00
9.455719e+00
9.200753e+00
9.095022e+00
8.916722e+00
7.860928e+00
6.024902e+00
4.921817e+00
0.000000e+00
2.395875e+00
4.151566e+00
5.513431e+00
6.254441e+00
6.607707e+00
6.784462e+00
7.409772e+00
8.454139e+00
8.851330e+00
9.125191e+00
9.372372e+00
9.483911e+00
9.682630e+00
9.835919e+00
9.861940e+00
9.841018e+00
9.870751e+00
9.978513e+00
1.058107e+01
1.076713e+01
1.084716e+01
1.093294e+01
1.103981e+01
1.114538e+01
1.125339e+01
1.140038e+01
1.151151e+01
1.167227e+01
1.179210e+01
1.169904e+01
1.165656e+01
1.159774e+01
1.154963e+01
1.154418e+01
1.149652e+01
1.147832e+01
1.143892e+01
1.135527e+01
1.131273e+01
1.133161e+01
1.132882e+01
1.129611e+01
1.122939e+01
1.120446e+01
1.122790e+01
1.114170e+01
1.110611e+01
1.103389e+01
1.098434e+01
1.096352e+01
1.089405e+01
1.093744e+01
1.083469e+01
1.037618e+01
1.025834e+01
1.014531e+01
9.963692e+00
9.544409e+00
9.344301e+00
9.245058e+00
9.091851e+00
8.059574e+00
6.489138e+00
5.602886e+00
2.395875e+00
0.000000e+00
3.110522e+00
4.877239e+00
5.794971e+00
6.217471e+00
6.442709e+00
7.157959e+00
8.263451e+00
8.658330e+00
8.944187e+00
9.161420e+00
9.278889e+00
9.455292e+00
9.632013e+00
9.670740e+00
9.674489e+00
9.718081e+00
9.864959e+00
1.048578e+01
1.068660e+01
1.077729e+01
1.087713e+01
1.097502e+01
1.106083e+01
1.116718e+01
1.134765e+01
1.144259e+01
1.161000e+01
1.183479e+01
1.176482e+01
1.172686e+01
1.168392e+01
1.165269e+01
1.164603e+01
1.159831e+01
1.156895e+01
1.151639e+01
1.143308e+01
1.139433e+01
1.143835e+01
1.146361e+01
1.141864e+01
1.133305e+01
1.131972e+01
1.132830e+01
1.124513e+01
1.122502e+01
1.118776e+01
1.114218e+01
1.111258e+01
1.103798e+01
1.106027e+01
1.097841e+01
1.051037e+01
1.038080e+01
1.026309e+01
1.008601e+01
9.689572e+00
9.525856e+00
9.441260e+00
9.289512e+00
8.381251e+00
7.011394e+00
6.313713e+00
4.151566e+00
3.110522e+00
0.000000e+00
3.412689e+00
4.923241e+00
5.464944e+00
5.760953e+00
6.719409e+00
7.954160e+00
8.382713e+00
8.733461e+00
8.953141e+00
9.093852e+00
9.280781e+00
9.470816e+00
9.548507e+00
9.592911e+00
9.645831e+00
9.832454e+00
1.043573e+01
1.060868e+01
1.069137e+01
1.078019e+01
1.084832e+01
1.092296e+01
1.104801e+01
1.129208e+01
1.137646e+01
1.151824e+01
1.198429e+01
1.193909e+01
1.189538e+01
1.184116e+01
1.179441e+01
1.178274e+01
1.176049e+01
1.171432e+01
1.164097e+01
1.156213e+01
1.150564e+01
1.154875e+01
1.158768e+01
1.151754e+01
1.143498e+01
1.144054e+01
1.145780e+01
1.138630e+01
1.137358e+01
1.133863e+01
1.128804e+01
1.124953e+01
1.116346e+01
1.120860e+01
1.118225e+01
1.083919e+01
1.071881e+01
1.060512e+01
1.040265e+01
1.004254e+01
9.915156e+00
9.795179e+00
9.647680e+00
8.868222e+00
7.702247e+00
7.130492e+00
5.513431e+00
4.877239e+00
3.412689e+00
0.000000e+00
3.300086e+00
4.195291e+00
4.716041e+00
6.025044e+00
7.562366e+00
8.043375e+00
8.431801e+00
8.698626e+00
8.857640e+00
9.108775e+00
9.323865e+00
9.406955e+00
9.473006e+00
9.539064e+00
9.702519e+00
1.033263e+01
1.050136e+01
1.057598e+01
1.064799e+01
1.071792e+01
1.080488e+01
1.095264e+01
1.122440e+01
1.132266e+01
1.147818e+01
1.216778e+01
1.213417e+01
1.208465e+01
1.202776e+01
1.200170e+01
1.198725e+01
1.195369e+01
1.189504e+01
1.182148e+01
1.175137e+01
1.169276e+01
1.172609e+01
1.176590e+01
1.171874e+01
1.166792e+01
1.170831e+01
1.175095e+01
1.168193e+01
1.165357e+01
1.162814e+01
1.158574e+01
1.157257e+01
1.149288e+01
1.156415e+01
1.156271e+01
1.127389e+01
1.115480e+01
1.104673e+01
1.086727e+01
1.052489e+01
1.036104e+01
1.021065e+01
1.001999e+01
9.268744e+00
8.130945e+00
7.591306e+00
6.254441e+00
5.794971e+00
4.923241e+00
3.300086e+00
0.000000e+00
2.354236e+00
3.323250e+00
5.169380e+00
7.167803e+00
7.717661e+00
8.104870e+00
8.384994e+00
8.566934e+00
8.839994e+00
9.072312e+00
9.183579e+00
9.282463e+00
9.339452e+00
9.533798e+00
1.014030e+01
1.030903e+01
1.037445e+01
1.043479e+01
1.046790e+01
1.054374e+01
1.071599e+01
1.101794e+01
1.115136e+01
1.131886e+01
1.219071e+01
1.214078e+01
1.208381e+01
1.202606e+01
1.199537e+01
1.196644e+01
1.191904e+01
1.187204e+01
1.180801e+01
1.172320e+01
1.164714e+01
1.168856e+01
1.174427e+01
1.169435e+01
1.164462e+01
1.168157e+01
1.172990e+01
1.166040e+01
1.164045e+01
1.163736e+01
1.162041e+01
1.160428e+01
1.153041e+01
1.159542e+01
1.158106e+01
1.125555e+01
1.116354e+01
1.106097e+01
1.089733e+01
1.055424e+01
1.036333e+01
1.020170e+01
9.999148e+00
9.234477e+00
8.210039e+00
7.752780e+00
6.607707e+00
6.217471e+00
5.464944e+00
4.195291e+00
2.354236e+00
0.000000e+00
2.022292e+00
4.657791e+00
7.097620e+00
7.667541e+00
8.080145e+00
8.346418e+00
8.526851e+00
8.797576e+00
9.040231e+00
9.163757e+00
9.280587e+00
9.345158e+00
9.554038e+00
1.011229e+01
1.026352e+01
1.032066e+01
1.038580e+01
1.041300e+01
1.048621e+01
1.066624e+01
1.095555e+01
1.109323e+01
1.127076e+01
1.214764e+01
1.209432e+01
1.203669e+01
1.198809e+01
1.194921e+01
1.192006e+01
1.187721e+01
1.183199e+01
1.176730e+01
1.169204e+01
1.161661e+01
1.164933e+01
1.171937e+01
1.167829e+01
1.162272e+01
1.166452e+01
1.171974e+01
1.166022e+01
1.164473e+01
1.164551e+01
1.164370e+01
1.162627e+01
1.155531e+01
1.160606e+01
1.157947e+01
1.123664e+01
1.116033e+01
1.106814e+01
1.091551e+01
1.059015e+01
1.037423e+01
1.021108e+01
1.000174e+01
9.238508e+00
8.203844e+00
7.783168e+00
6.784462e+00
6.442709e+00
5.760953e+00
4.716041e+00
3.323250e+00
2.022292e+00
0.000000e+00
4.020558e+00
6.908365e+00
7.515828e+00
7.955151e+00
8.240552e+00
8.416561e+00
8.676422e+00
8.919724e+00
9.049825e+00
9.165089e+00
9.236098e+00
9.435801e+00
9.975353e+00
1.013030e+01
1.020744e+01
1.029684e+01
1.031498e+01
1.038611e+01
1.055237e+01
1.082572e+01
1.096192e+01
1.113718e+01
1.219388e+01
1.214628e+01
1.207152e+01
1.202336e+01
1.195572e+01
1.194164e+01
1.192317e+01
1.188207e+01
1.183187e+01
1.175642e+01
1.165657e+01
1.165180e+01
1.170651e+01
1.168355e+01
1.164525e+01
1.170381e+01
1.176266e+01
1.171068e+01
1.169475e+01
1.168456e+01
1.166230e+01
1.165643e+01
1.159687e+01
1.162036e+01
1.160688e+01
1.132048e+01
1.125399e+01
1.114866e+01
1.100931e+01
1.066861e+01
1.049882e+01
1.035836e+01
1.017526e+01
9.454975e+00
8.566182e+00
8.232750e+00
7.409772e+00
7.157959e+00
6.719409e+00
6.025044e+00
5.169380e+00
4.657791e+00
4.020558e+00
0.000000e+00
5.071019e+00
6.095841e+00
6.691191e+00
7.047650e+00
7.279346e+00
7.624748e+00
7.906190e+00
8.051923e+00
8.178499e+00
8.254598e+00
8.476617e+00
9.179673e+00
9.346263e+00
9.385214e+00
9.451565e+00
9.521297e+00
9.620747e+00
9.782257e+00
1.008153e+01
1.023383e+01
1.039363e+01
1.258760e+01
1.257337e+01
1.250687e+01
1.246373e+01
1.239214e+01
1.240317e+01
1.237219e+01
1.232277e+01
1.228190e+01
1.221221e+01
1.212220e+01
1.208613e+01
1.212801e+01
1.210905e+01
1.207659e+01
1.213397e+01
1.219303e+01
1.215604e+01
1.214956e+01
1.216704e+01
1.213329e+01
1.212143e+01
1.203794e+01
1.206851e+01
1.204646e+01
1.182304e+01
1.176404e+01
1.165070e+01
1.150235e+01
1.118611e+01
1.105042e+01
1.091466e+01
1.073311e+01
1.004140e+01
9.445704e+00
9.242914e+00
8.454139e+00
8.263451e+00
7.954160e+00
7.562366e+00
7.167803e+00
7.097620e+00
6.908365e+00
5.071019e+00
0.000000e+00
3.279067e+00
4.556554e+00
5.223634e+00
5.596302e+00
6.143275e+00
6.521933e+00
6.722206e+00
6.926258e+00
7.104725e+00
7.417609e+00
8.421424e+00
8.601882e+00
8.622999e+00
8.719728e+00
8.823684e+00
8.963425e+00
9.133384e+00
9.464302e+00
9.609444e+00
9.791398e+00
1.269862e+01
1.268653e+01
1.262557e+01
1.256475e+01
1.249567e+01
1.250505e+01
1.247026e+01
1.242104e+01
1.239170e+01
1.231687e+01
1.222418e+01
1.218046e+01
1.225856e+01
1.226735e+01
1.226183e+01
1.231868e+01
1.238401e+01
1.236352e+01
1.235431e+01
1.234543e+01
1.230984e+01
1.228719e+01
1.219870e+01
1.221296e+01
1.217033e+01
1.193426e+01
1.190097e+01
1.182189e+01
1.166633e+01
1.136792e+01
1.129034e+01
1.116409e+01
1.099274e+01
1.029363e+01
9.826857e+00
9.626582e+00
8.851330e+00
8.658330e+00
8.382713e+00
8.043375e+00
7.717661e+00
7.667541e+00
7.515828e+00
6.095841e+00
3.279067e+00
0.000000e+00
2.846618e+00
3.994027e+00
4.543516e+00
5.255297e+00
5.737479e+00
6.050860e+00
6.341769e+00
6.572800e+00
6.984809e+00
8.206803e+00
8.431118e+00
8.473441e+00
8.590471e+00
8.716599e+00
8.851922e+00
9.007137e+00
9.349376e+00
9.515584e+00
9.760383e+00
1.271062e+01
1.272504e+01
1.268003e+01
1.261453e+01
1.255327e+01
1.256854e+01
1.252731e+01
1.247144e+01
1.244350e+01
1.235750e+01
1.227012e+01
1.222736e+01
1.231316e+01
1.233472e+01
1.233091e+01
1.239227e+01
1.246303e+01
1.245356e+01
1.242572e+01
1.241163e+01
1.239207e+01
1.237842e+01
1.228893e+01
1.230589e+01
1.227268e+01
1.202290e+01
1.200206e+01
1.192296e+01
1.176667e+01
1.150984e+01
1.144509e+01
1.130613e+01
1.115918e+01
1.051608e+01
1.006504e+01
9.878848e+00
9.125191e+00
8.944187e+00
8.733461e+00
8.431801e+00
8.104870e+00
8.080145e+00
7.955151e+00
6.691191e+00
4.556554e+00
2.846618e+00
0.000000e+00
2.489153e+00
3.398361e+00
4.380911e+00
5.072976e+00
5.504945e+00
5.888893e+00
6.190598e+00
6.753483e+00
8.132199e+00
8.348760e+00
8.384351e+00
8.509546e+00
8.663216e+00
8.805747e+00
8.965396e+00
9.309918e+00
9.467069e+00
9.731021e+00
1.292322e+01
1.294432e+01
1.290261e+01
1.283464e+01
1.277759e+01
1.280850e+01
1.277916e+01
1.271220e+01
1.268796e+01
1.259068e+01
1.251001e+01
1.248650e+01
1.257003e+01
1.260023e+01
1.258501e+01
1.264256e+01
1.269280e+01
1.267585e+01
1.263023e+01
1.262102e+01
1.262002e+01
1.261776e+01
1.253132e+01
1.255014e+01
1.248149e+01
1.222520e+01
1.220374e+01
1.211516e+01
1.197394e+01
1.171276e+01
1.163296e+01
1.149962e+01
1.134964e+01
1.078735e+01
1.028121e+01
1.010399e+01
9.372372e+00
9.161420e+00
8.953141e+00
8.698626e+00
8.384994e+00
8.346418e+00
8.240552e+00
7.047650e+00
5.223634e+00
3.994027e+00
2.489153e+00
0.000000e+00
2.009068e+00
3.409607e+00
4.341205e+00
4.904084e+00
5.395109e+00
5.780052e+00
6.440326e+00
7.914121e+00
8.142379e+00
8.180286e+00
8.340213e+00
8.514481e+00
8.681289e+00
8.888943e+00
9.258833e+00
9.434875e+00
9.715827e+00
1.307444e+01
1.309713e+01
1.305216e+01
1.298002e+01
1.290811e+01
1.293043e+01
1.290697e+01
1.282382e+01
1.280084e+01
1.270119e+01
1.263323e+01
1.261260e+01
1.267791e+01
1.270661e+01
1.269830e+01
1.275937e+01
1.281248e+01
1.278811e+01
1.274142e+01
1.273450e+01
1.273063e+01
1.273232e+01
1.265818e+01
1.268553e+01
1.260487e+01
1.233571e+01
1.229989e+01
1.220820e+01
1.207422e+01
1.180213e+01
1.170939e+01
1.158181e+01
1.143342e+01
1.090427e+01
1.036548e+01
1.019462e+01
9.483911e+00
9.278889e+00
9.093852e+00
8.857640e+00
8.566934e+00
8.526851e+00
8.416561e+00
7.279346e+00
5.596302e+00
4.543516e+00
3.398361e+00
2.009068e+00
0.000000e+00
2.495582e+00
3.724186e+00
4.408865e+00
4.994783e+00
5.438578e+00
6.185682e+00
7.725313e+00
7.972267e+00
8.017079e+00
8.211783e+00
8.405870e+00
8.578381e+00
8.794475e+00
9.159299e+00
9.357270e+00
9.648119e+00
1.318281e+01
1.319908e+01
1.313682e+01
1.305692e+01
1.297832e+01
1.297584e+01
1.296293e+01
1.287053e+01
1.285112e+01
1.275398e+01
1.269638e+01
1.268631e+01
1.275352e+01
1.279631e+01
1.278223e+01
1.285517e+01
1.290771e+01
1.287020e+01
1.281690e+01
1.282680e+01
1.283045e+01
1.284452e+01
1.278951e+01
1.283110e+01
1.276465e+01
1.250007e+01
1.243323e+01
1.232696e+01
1.218636e+01
1.191823e+01
1.179794e+01
1.166570e+01
1.152386e+01
1.102267e+01
1.048965e+01
1.032376e+01
9.682630e+00
9.455292e+00
9.280781e+00
9.108775e+00
8.839994e+00
8.797576e+00
8.676422e+00
7.624748e+00
6.143275e+00
5.255297e+00
4.380911e+00
3.409607e+00
2.495582e+00
0.000000e+00
2.444156e+00
3.470467e+00
4.288206e+00
4.867378e+00
5.759508e+00
7.479124e+00
7.744252e+00
7.818926e+00
8.028377e+00
8.210819e+00
8.374991e+00
8.604271e+00
8.980279e+00
9.214211e+00
9.515015e+00
1.324199e+01
1.324617e+01
1.318178e+01
1.311773e+01
1.304756e+01
1.304469e+01
1.303735e+01
1.292515e+01
1.289184e+01
1.282042e+01
1.276941e+01
1.276006e+01
1.283705e+01
1.289679e+01
1.288135e+01
1.295934e+01
1.300309e+01
1.295398e+01
1.290000e+01
1.290097e+01
1.288354e+01
1.289443e+01
1.285228e+01
1.289669e+01
1.284172e+01
1.261352e+01
1.253737e+01
1.242643e+01
1.228069e+01
1.200769e+01
1.188504e+01
1.174765e+01
1.161224e+01
1.110567e+01
1.056661e+01
1.038867e+01
9.835919e+00
9.632013e+00
9.470816e+00
9.323865e+00
9.072312e+00
9.040231e+00
8.919724e+00
7.906190e+00
6.521933e+00
5.737479e+00
5.072976e+00
4.341205e+00
3.724186e+00
2.444156e+00
0.000000e+00
2.125565e+00
3.391777e+00
4.117194e+00
5.187338e+00
7.257782e+00
7.548608e+00
7.681272e+00
7.900716e+00
8.066746e+00
8.243115e+00
8.498429e+00
8.890889e+00
9.129399e+00
9.430306e+00
1.329843e+01
1.330129e+01
1.323113e+01
1.317281e+01
1.310270e+01
1.309055e+01
1.308299e+01
1.297235e+01
1.293129e+01
1.287134e+01
1.281966e+01
1.279820e+01
1.285027e+01
1.290550e+01
1.289091e+01
1.297273e+01
1.302544e+01
1.297669e+01
1.290818e+01
1.290545e+01
1.288740e+01
1.290811e+01
1.287953e+01
1.292685e+01
1.287074e+01
1.266324e+01
1.258318e+01
1.246700e+01
1.232019e+01
1.203341e+01
1.190942e+01
1.178281e+01
1.164613e+01
1.112727e+01
1.056976e+01
1.039166e+01
9.861940e+00
9.670740e+00
9.548507e+00
9.406955e+00
9.183579e+00
9.163757e+00
9.049825e+00
8.051923e+00
6.722206e+00
6.050860e+00
5.504945e+00
4.904084e+00
4.408865e+00
3.470467e+00
2.125565e+00
0.000000e+00
2.324181e+00
3.316818e+00
4.655826e+00
7.024786e+00
7.365919e+00
7.523672e+00
7.744484e+00
7.928358e+00
8.123503e+00
8.388481e+00
8.790656e+00
9.003402e+00
9.296511e+00
1.334788e+01
1.335669e+01
1.328908e+01
1.322252e+01
1.315576e+01
1.314560e+01
1.313241e+01
1.303609e+01
1.299638e+01
1.294339e+01
1.289391e+01
1.286299e+01
1.289276e+01
1.294186e+01
1.293471e+01
1.300703e+01
1.306599e+01
1.301009e+01
1.294116e+01
1.292615e+01
1.289533e+01
1.289929e+01
1.287024e+01
1.290316e+01
1.286439e+01
1.268850e+01
1.260371e+01
1.247730e+01
1.232021e+01
1.202416e+01
1.191341e+01
1.179430e+01
1.166311e+01
1.113895e+01
1.053345e+01
1.034004e+01
9.841018e+00
9.674489e+00
9.592911e+00
9.473006e+00
9.282463e+00
9.280587e+00
9.165089e+00
8.178499e+00
6.926258e+00
6.341769e+00
5.888893e+00
5.395109e+00
4.994783e+00
4.288206e+00
3.391777e+00
2.324181e+00
0.000000e+00
2.075096e+00
3.955567e+00
6.698120e+00
7.075693e+00
7.280544e+00
7.530549e+00
7.728600e+00
7.940811e+00
8.211593e+00
8.643228e+00
8.851095e+00
9.136835e+00
1.338327e+01
1.339616e+01
1.333891e+01
1.326571e+01
1.318234e+01
1.316573e+01
1.314376e+01
1.304185e+01
1.299442e+01
1.294310e+01
1.289712e+01
1.287955e+01
1.291255e+01
1.296457e+01
1.295517e+01
1.303460e+01
1.308704e+01
1.301489e+01
1.295613e+01
1.294349e+01
1.291096e+01
1.290221e+01
1.286589e+01
1.290234e+01
1.288575e+01
1.273341e+01
1.263301e+01
1.250008e+01
1.235730e+01
1.206149e+01
1.198454e+01
1.187873e+01
1.174914e+01
1.117047e+01
1.053064e+01
1.033701e+01
9.870751e+00
9.718081e+00
9.645831e+00
9.539064e+00
9.339452e+00
9.345158e+00
9.236098e+00
8.254598e+00
7.104725e+00
6.572800e+00
6.190598e+00
5.780052e+00
5.438578e+00
4.867378e+00
4.117194e+00
3.316818e+00
2.075096e+00
0.000000e+00
3.057112e+00
6.419786e+00
6.835797e+00
7.074597e+00
7.345743e+00
7.552112e+00
7.774335e+00
8.025911e+00
8.463596e+00
8.694781e+00
9.013807e+00
1.348517e+01
1.348968e+01
1.343168e+01
1.334592e+01
1.325141e+01
1.323958e+01
1.321785e+01
1.311238e+01
1.304266e+01
1.298651e+01
1.294185e+01
1.293018e+01
1.297759e+01
1.301848e+01
1.301340e+01
1.310182e+01
1.315188e+01
1.307574e+01
1.301132e+01
1.297878e+01
1.295928e+01
1.294543e+01
1.289864e+01
1.293979e+01
1.293019e+01
1.277281e+01
1.268129e+01
1.257656e+01
1.244792e+01
1.214505e+01
1.201030e+01
1.188918e+01
1.176107e+01
1.119781e+01
1.060205e+01
1.040911e+01
9.978513e+00
9.864959e+00
9.832454e+00
9.702519e+00
9.533798e+00
9.554038e+00
9.435801e+00
8.476617e+00
7.417609e+00
6.984809e+00
6.753483e+00
6.440326e+00
6.185682e+00
5.759508e+00
5.187338e+00
4.655826e+00
3.955567e+00
3.057112e+00
0.000000e+00
5.451236e+00
6.020324e+00
6.314968e+00
6.615004e+00
6.902230e+00
7.210778e+00
7.480983e+00
7.930998e+00
8.176283e+00
8.536280e+00
1.378345e+01
1.377723e+01
1.371764e+01
1.363087e+01
1.354571e+01
1.353971e+01
1.352198e+01
1.340383e+01
1.333116e+01
1.324435e+01
1.318788e+01
1.317102e+01
1.322725e+01
1.328433e+01
1.329145e+01
1.337672e+01
1.340638e+01
1.330653e+01
1.325911e+01
1.322732e+01
1.322916e+01
1.323347e+01
1.318344e+01
1.320497e+01
1.319466e+01
1.296456e+01
1.287544e+01
1.279076e+01
1.269721e+01
1.244276e+01
1.228466e+01
1.214949e+01
1.203239e+01
1.159768e+01
1.107311e+01
1.090511e+01
1.058107e+01
1.048578e+01
1.043573e+01
1.033263e+01
1.014030e+01
1.011229e+01
9.975353e+00
9.179673e+00
8.421424e+00
8.206803e+00
8.132199e+00
7.914121e+00
7.725313e+00
7.479124e+00
7.257782e+00
7.024786e+00
6.698120e+00
6.419786e+00
5.451236e+00
0.000000e+00
2.271720e+00
3.326655e+00
4.089860e+00
4.759244e+00
5.329436e+00
5.771570e+00
6.513627e+00
6.894874e+00
7.404995e+00
1.383732e+01
1.381485e+01
1.375179e+01
1.365689e+01
1.357903e+01
1.356838e+01
1.355357e+01
1.343008e+01
1.335206e+01
1.327899e+01
1.322100e+01
1.319531e+01
1.324945e+01
1.330834e+01
1.332455e+01
1.340442e+01
1.340858e+01
1.329485e+01
1.325931e+01
1.323986e+01
1.325270e+01
1.326680e+01
1.321657e+01
1.323929e+01
1.322720e+01
1.299697e+01
1.290675e+01
1.282322e+01
1.273892e+01
1.250661e+01
1.234732e+01
1.219537e+01
1.207920e+01
1.165832e+01
1.115067e+01
1.101526e+01
1.076713e+01
1.068660e+01
1.060868e+01
1.050136e+01
1.030903e+01
1.026352e+01
1.013030e+01
9.346263e+00
8.601882e+00
8.431118e+00
8.348760e+00
8.142379e+00
7.972267e+00
7.744252e+00
7.548608e+00
7.365919e+00
7.075693e+00
6.835797e+00
6.020324e+00
2.271720e+00
0.000000e+00
2.107670e+00
3.233514e+00
4.100128e+00
4.769588e+00
5.268511e+00
6.157202e+00
6.623368e+00
7.205508e+00
1.388548e+01
1.386327e+01
1.380113e+01
1.369474e+01
1.362357e+01
1.361026e+01
1.358342e+01
1.347030e+01
1.340368e+01
1.333965e+01
1.328183e+01
1.325324e+01
1.330578e+01
1.336563e+01
1.338957e+01
1.344482e+01
1.343832e+01
1.332334e+01
1.328662e+01
1.327606e+01
1.330046e+01
1.331354e+01
1.326215e+01
1.329800e+01
1.327084e+01
1.303633e+01
1.293578e+01
1.284655e+01
1.275217e+01
1.253643e+01
1.238429e+01
1.222964e+01
1.210452e+01
1.167477e+01
1.118990e+01
1.106980e+01
1.084716e+01
1.077729e+01
1.069137e+01
1.057598e+01
1.037445e+01
1.032066e+01
1.020744e+01
9.385214e+00
8.622999e+00
8.473441e+00
8.384351e+00
8.180286e+00
8.017079e+00
7.818926e+00
7.681272e+00
7.523672e+00
7.280544e+00
7.074597e+00
6.314968e+00
3.326655e+00
2.107670e+00
0.000000e+00
2.134806e+00
3.270043e+00
4.087027e+00
4.704026e+00
5.753012e+00
6.304321e+00
6.932655e+00
1.391457e+01
1.389040e+01
1.383083e+01
1.373173e+01
1.366758e+01
1.366361e+01
1.363140e+01
1.351952e+01
1.346702e+01
1.341691e+01
1.337656e+01
1.335363e+01
1.338981e+01
1.344245e+01
1.346597e+01
1.350813e+01
1.350017e+01
1.339635e+01
1.336152e+01
1.334227e+01
1.336329e+01
1.338038e+01
1.332573e+01
1.336347e+01
1.332800e+01
1.308631e+01
1.298324e+01
1.287707e+01
1.277573e+01
1.257097e+01
1.242726e+01
1.227642e+01
1.214308e+01
1.168262e+01
1.124240e+01
1.113734e+01
1.093294e+01
1.087713e+01
1.078019e+01
1.064799e+01
1.043479e+01
1.038580e+01
1.029684e+01
9.451565e+00
8.719728e+00
8.590471e+00
8.509546e+00
8.340213e+00
8.211783e+00
8.028377e+00
7.900716e+00
7.744484e+00
7.530549e+00
7.345743e+00
6.615004e+00
4.089860e+00
3.233514e+00
2.134806e+00
0.000000e+00
2.090909e+00
3.217021e+00
4.010904e+00
5.323663e+00
5.996276e+00
6.701283e+00
1.397635e+01
1.395691e+01
1.389743e+01
1.380034e+01
1.373796e+01
1.372758e+01
1.368134e+01
1.355847e+01
1.351491e+01
1.346982e+01
1.344304e+01
1.343386e+01
1.346353e+01
1.352337e+01
1.355561e+01
1.359523e+01
1.358827e+01
1.348808e+01
1.345663e+01
1.343642e+01
1.344936e+01
1.347009e+01
1.339968e+01
1.342198e+01
1.338962e+01
1.315654e+01
1.303960e+01
1.294171e+01
1.284166e+01
1.264476e+01
1.250875e+01
1.235563e+01
1.221534e+01
1.173077e+01
1.130849e+01
1.120535e+01
1.103981e+01
1.097502e+01
1.084832e+01
1.071792e+01
1.046790e+01
1.041300e+01
1.031498e+01
9.521297e+00
8.823684e+00
8.716599e+00
8.663216e+00
8.514481e+00
8.405870e+00
8.210819e+00
8.066746e+00
7.928358e+00
7.728600e+00
7.552112e+00
6.902230e+00
4.759244e+00
4.100128e+00
3.270043e+00
2.090909e+00
0.000000e+00
2.098477e+00
3.236860e+00
4.898000e+00
5.691019e+00
6.464336e+00
1.407629e+01
1.406156e+01
1.400434e+01
1.390974e+01
1.385598e+01
1.384914e+01
1.380158e+01
1.368151e+01
1.364462e+01
1.358611e+01
1.355282e+01
1.355361e+01
1.360474e+01
1.367014e+01
1.370629e+01
1.373733e+01
1.372802e+01
1.363030e+01
1.359537e+01
1.356651e+01
1.355473e+01
1.357581e+01
1.351097e+01
1.350496e+01
1.346410e+01
1.322910e+01
1.309882e+01
1.299966e+01
1.289745e+01
1.269627e+01
1.258969e+01
1.243743e+01
1.230509e+01
1.182134e+01
1.138597e+01
1.128856e+01
1.114538e+01
1.106083e+01
1.092296e+01
1.080488e+01
1.054374e+01
1.048621e+01
1.038611e+01
9.620747e+00
8.963425e+00
8.851922e+00
8.805747e+00
8.681289e+00
8.578381e+00
8.374991e+00
8.243115e+00
8.123503e+00
7.940811e+00
7.774335e+00
7.210778e+00
5.329436e+00
4.769588e+00
4.087027e+00
3.217021e+00
2.098477e+00
0.000000e+00
2.212700e+00
4.390815e+00
5.316602e+00
6.195239e+00
1.413405e+01
1.412006e+01
1.406552e+01
1.397267e+01
1.391580e+01
1.390705e+01
1.386382e+01
1.375396e+01
1.372354e+01
1.366777e+01
1.362151e+01
1.361445e+01
1.367526e+01
1.374343e+01
1.378142e+01
1.382665e+01
1.382077e+01
1.371406e+01
1.367481e+01
1.364779e+01
1.362639e+01
1.363379e+01
1.356580e+01
1.356740e+01
1.351712e+01
1.324297e+01
1.310536e+01
1.300542e+01
1.289219e+01
1.268772e+01
1.259490e+01
1.244795e+01
1.231642e+01
1.184064e+01
1.144604e+01
1.136539e+01
1.125339e+01
1.116718e+01
1.104801e+01
1.095264e+01
1.071599e+01
1.066624e+01
1.055237e+01
9.782257e+00
9.133384e+00
9.007137e+00
8.965396e+00
8.888943e+00
8.794475e+00
8.604271e+00
8.498429e+00
8.388481e+00
8.211593e+00
8.025911e+00
7.480983e+00
5.771570e+00
5.268511e+00
4.704026e+00
4.010904e+00
3.236860e+00
2.212700e+00
0.000000e+00
3.437486e+00
4.698439e+00
5.780955e+00
1.419071e+01
1.418895e+01
1.412971e+01
1.403778e+01
1.397038e+01
1.397129e+01
1.393246e+01
1.384870e+01
1.381283e+01
1.376918e+01
1.372235e+01
1.369341e+01
1.374142e+01
1.380144e+01
1.384180e+01
1.390222e+01
1.389103e+01
1.378115e+01
1.374180e+01
1.372849e+01
1.370962e+01
1.370441e+01
1.364341e+01
1.365269e+01
1.356096e+01
1.327321e+01
1.313661e+01
1.303623e+01
1.292012e+01
1.271147e+01
1.259217e+01
1.245464e+01
1.232115e+01
1.189042e+01
1.155560e+01
1.148912e+01
1.140038e+01
1.134765e+01
1.129208e+01
1.122440e+01
1.101794e+01
1.095555e+01
1.082572e+01
1.008153e+01
9.464302e+00
9.349376e+00
9.309918e+00
9.258833e+00
9.159299e+00
8.980279e+00
8.890889e+00
8.790656e+00
8.643228e+00
8.463596e+00
7.930998e+00
6.513627e+00
6.157202e+00
5.753012e+00
5.323663e+00
4.898000e+00
4.390815e+00
3.437486e+00
0.000000e+00
2.973284e+00
4.734684e+00
1.413595e+01
1.414781e+01
1.409277e+01
1.400898e+01
1.393977e+01
1.394130e+01
1.389078e+01
1.380166e+01
1.376264e+01
1.373096e+01
1.371119e+01
1.369633e+01
1.373701e+01
1.378308e+01
1.381531e+01
1.386651e+01
1.385354e+01
1.374793e+01
1.370988e+01
1.370925e+01
1.369539e+01
1.368866e+01
1.362632e+01
1.364738e+01
1.356944e+01
1.328816e+01
1.315086e+01
1.305886e+01
1.294372e+01
1.274232e+01
1.263169e+01
1.249349e+01
1.236142e+01
1.192919e+01
1.162475e+01
1.156999e+01
1.151151e+01
1.144259e+01
1.137646e+01
1.132266e+01
1.115136e+01
1.109323e+01
1.096192e+01
1.023383e+01
9.609444e+00
9.515584e+00
9.467069e+00
9.434875e+00
9.357270e+00
9.214211e+00
9.129399e+00
9.003402e+00
8.851095e+00
8.694781e+00
8.176283e+00
6.894874e+00
6.623368e+00
6.304321e+00
5.996276e+00
5.691019e+00
5.316602e+00
4.698439e+00
2.973284e+00
0.000000e+00
3.169628e+00
1.422235e+01
1.424346e+01
1.419904e+01
1.412804e+01
1.406968e+01
1.406974e+01
1.401618e+01
1.391219e+01
1.386061e+01
1.381708e+01
1.379778e+01
1.378783e+01
1.381847e+01
1.387778e+01
1.391007e+01
1.395277e+01
1.393311e+01
1.382451e+01
1.378480e+01
1.378957e+01
1.377796e+01
1.376885e+01
1.369812e+01
1.371247e+01
1.365187e+01
1.335879e+01
1.322727e+01
1.313610e+01
1.301153e+01
1.280773e+01
1.269768e+01
1.255419e+01
1.242857e+01
1.203364e+01
1.175772e+01
1.170791e+01
1.167227e+01
1.161000e+01
1.151824e+01
1.147818e+01
1.131886e+01
1.127076e+01
1.113718e+01
1.039363e+01
9.791398e+00
9.760383e+00
9.731021e+00
9.715827e+00
9.648119e+00
9.515015e+00
9.430306e+00
9.296511e+00
9.136835e+00
9.013807e+00
8.536280e+00
7.404995e+00
7.205508e+00
6.932655e+00
6.701283e+00
6.464336e+00
6.195239e+00
5.780955e+00
4.734684e+00
3.169628e+00
0.000000e+00
