1 -1.796379
2 -1.390852
3 -1.059378
4 -0.998167
5 -0.605388
6 -0.627864
7 0.341568
8 0.046041
9 0.584261
10 1.273721
11 1.480652
12 1.815364
13 2.491585
14 3.160073
15 3.150350
16 2.660367
17 3.284290
18 3.920030
19 4.582827
20 4.908541
21 5.730560
22 6.518298
23 7.348996
24 8.279302
25 8.010093
26 7.635523
27 7.899779
28 8.112199
29 8.158675
30 8.305438
31 9.093327
32 8.979108
33 9.287613
34 8.238190
35 8.105724
36 7.926548
37 7.683872
38 6.922175
39 6.436168
40 5.658039
41 4.656720
42 4.921852
43 4.219718
44 5.152775
45 6.017647
46 6.839750
47 7.785740
48 8.738283
49 7.976596
50 6.974899
51 7.434556
52 8.377816
53 8.721603
54 7.758056
55 7.960164
56 8.925079
57 9.872279
58 10.439067
59 9.373751
60 9.422417
61 9.594479
62 10.206102
63 9.654609
64 9.908431
65 10.574814
66 10.191269
67 10.690364
68 10.613507
69 10.552289
70 9.549090
71 9.594399
72 8.699810
73 8.186896
74 7.755565
75 8.404975
76 8.760182
77 8.262179
78 8.159666
79 7.089959
80 7.179446
81 7.665928
82 7.317139
83 6.477942
84 5.832630
85 6.220159
86 6.490311
87 7.041542
88 7.760064
89 8.712271
90 9.416443
91 10.279396
92 10.700775
93 11.658757
94 11.498913
95 12.535278
96 12.298266
97 13.238678
98 14.168707
99 14.512467
100 13.807917
101 13.936212
102 14.474259
103 15.103783
104 15.601335
105 15.041884
106 14.086059
107 13.079178
108 12.743390
109 12.071049
110 11.652707
111 11.437160
112 12.357994
113 12.900549
114 12.459003
115 11.734062
116 11.199454
117 11.860717
118 11.557571
119 10.834840
120 10.535134
121 10.644382
122 9.717099
123 9.683834
124 10.722162
125 11.365750
126 10.497293
127 10.668777
128 10.624124
129 9.944476
130 9.173826
131 8.595894
132 8.378471
133 8.513133
134 8.116694
135 7.642340
136 7.753905
137 7.947568
138 8.545337
139 9.149269
140 10.044823
141 9.371708
142 9.920916
143 10.914565
144 11.499609
145 12.346230
146 13.007711
147 13.450363
148 14.126354
149 14.457951
150 15.207085
151 15.231114
152 14.685545
153 14.217776
154 14.345098
155 13.752344
156 14.120275
157 13.256636
158 13.093133
159 13.086536
160 13.794626
161 12.919385
162 12.031784
163 11.711671
164 11.432162
165 11.418242
166 10.708996
167 10.155740
168 9.125627
169 8.091475
170 8.174536
171 9.006227
172 8.351770
173 7.450750
174 7.529933
175 6.722083
176 7.009030
177 7.761742
178 8.405908
179 8.880491
180 8.563072
181 8.111646
182 8.281642
183 8.876114
184 9.278556
185 9.689485
186 8.862020
187 8.174450
188 7.659999
189 7.478329
190 7.038726
191 7.491094
192 7.231820
193 6.459843
194 5.672534
195 5.972364
196 6.631952
197 5.662772
198 6.201328
199 6.691542
200 6.511852
201 6.107449
202 6.611991
203 6.766111
204 5.991345
205 6.677661
206 5.983569
207 6.058447
208 5.996992
209 6.776113
210 7.029352
211 7.733579
212 7.058056
213 6.251935
214 5.850196
215 4.824666
216 5.565559
217 5.502564
218 4.807196
219 4.988137
220 4.828359
221 4.140627
222 3.740770
223 4.079351
224 3.482189
225 4.292069
226 4.167717
227 4.754731
228 5.668075
229 5.149742
230 5.446208
231 6.397260
232 6.690846
233 6.754710
234 7.680844
235 8.252617
236 8.588841
237 9.055746
238 9.778718
239 10.054284
240 9.403544
241 9.025687
242 8.407942
243 7.765920
244 7.737407
245 6.851177
246 6.485057
247 5.853556
248 7.099527
249 7.410788
250 8.006383
251 7.949175
252 6.988613
253 6.233854
254 6.253329
255 5.246166
256 5.237781
257 4.730015
258 4.395463
259 4.808375
260 4.706738
261 4.981599
262 4.183430
263 4.031445
264 3.886995
265 3.440027
266 4.190854
267 4.121116
268 4.892912
269 5.295850
270 5.335167
271 6.143330
272 6.471213
273 6.364490
274 5.675719
275 5.994405
276 6.156319
277 5.714751
278 6.112938
279 5.298995
280 5.911605
281 6.872039
282 7.715152
283 7.264948
284 7.950779
285 8.779081
286 9.516811
287 9.635430
288 8.749308
289 8.600009
290 8.235671
291 8.856229
292 8.670691
293 7.876698
294 7.057601
295 7.292677
296 6.361321
297 7.021009
298 7.237987
299 7.897947
300 7.811300
301 8.016615
302 8.917741
303 9.143683
304 8.020240
305 8.501682
306 8.231827
307 7.840235
308 8.197103
309 9.287121
310 10.127596
311 10.503632
312 9.874146
313 10.561691
314 10.583005
315 10.530400
316 11.050745
317 11.905544
318 11.271325
319 10.247169
320 9.869933
321 9.084529
322 9.301584
323 8.376870
324 8.347722
325 8.203668
326 7.329560
327 6.614855
328 6.951457
329 6.137680
330 5.734178
331 6.740282
332 7.178593
333 7.655913
334 7.261589
335 6.312418
336 5.195815
337 5.361618
338 5.878701
339 6.404956
340 6.468178
341 6.244097
342 5.961806
343 5.242115
344 6.139964
345 6.476618
346 6.352186
347 5.510753
348 5.600586
349 6.626493
350 7.597387
351 8.403804
352 9.234680
353 8.305114
354 8.928597
355 9.351244
356 8.709909
357 9.311182
358 9.973080
359 10.707543
360 11.477078
361 10.466327
362 9.460215
363 8.675553
364 9.427226
365 10.077614
366 10.797056
367 11.142774
368 10.908039
369 10.413766
370 10.811289
371 11.754622
372 12.786087
373 13.019408
374 13.736040
375 13.722360
376 14.787078
377 14.756326
378 13.686815
379 13.562203
380 13.485689
381 13.152245
382 13.094652
383 12.246964
384 11.793036
385 11.125637
386 10.881549
387 10.252363
388 9.441617
389 9.058934
390 9.025025
391 8.227400
392 9.090880
393 9.218281
394 10.229771
395 9.879476
396 9.329783
397 8.763082
398 7.738394
399 7.089796
400 7.172465
401 7.180225
402 6.427630
403 7.067185
404 7.104342
405 6.877892
406 6.453253
407 6.973506
408 7.821778
409 7.530256
410 7.668991
411 8.527416
412 8.762164
413 8.010859
414 7.399940
415 8.032023
416 7.899381
417 8.154193
418 8.931822
419 9.447600
420 9.365215
421 8.491130
422 8.830149
423 9.298249
424 9.031535
425 10.110274
426 11.005081
427 12.091457
428 12.373172
429 12.571763
430 13.594258
431 13.749442
432 13.765469
433 14.027450
434 13.991554
435 14.088063
436 15.056016
437 15.948726
438 16.222618
439 15.810296
440 14.703232
441 14.627864
442 15.424848
443 16.361144
444 16.259179
445 15.418349
446 15.450243
447 15.339291
448 14.457369
449 13.473254
450 13.217252
451 13.223191
452 13.041608
453 12.262196
454 12.002282
455 11.162565
456 11.632236
457 10.721686
458 10.352905
459 10.170904
460 10.734825
461 10.261520
462 9.718813
463 9.045213
464 8.431489
465 9.067171
466 8.864018
467 8.462027
468 7.752913
469 7.212855
470 6.368021
471 5.678202
472 4.969713
473 4.942873
474 4.236576
475 4.532859
476 3.885010
477 3.813483
478 4.742275
479 5.554111
480 4.731346
481 4.449927
482 3.841117
483 2.861011
484 2.133864
485 1.673255
486 0.907339
487 -0.014291
488 -0.918291
489 -1.270118
490 -0.529709
491 0.139114
492 0.327084
493 1.265987
494 1.040778
495 2.047227
496 1.837225
497 1.305521
498 1.796609
499 2.467782
500 2.758359
501 1.862975
502 2.430391
503 1.409137
504 0.474573
505 -0.417501
506 -0.060130
507 -0.565044
508 -0.569773
509 -0.585448
510 -0.299517
511 -0.330973
512 -0.099236
513 -1.048584
514 -0.970022
515 -1.351804
516 -0.352208
517 0.178683
518 -0.905410
519 -0.662287
520 -1.057833
521 -2.029019
522 -1.814882
523 -2.331100
524 -2.037534
525 -1.907708
526 -2.607615
527 -2.186643
528 -1.353667
529 -1.574734
530 -1.954288
531 -0.898779
532 -0.432417
533 -0.017716
534 -0.335369
535 0.476622
536 1.372692
537 1.087146
538 1.720209
539 2.088163
540 1.271507
541 1.978067
542 1.155909
543 0.346559
544 0.607875
545 0.731457
546 0.564117
547 0.730885
548 -0.254946
549 -1.207465
550 -2.168835
551 -2.341601
552 -1.978137
553 -1.615158
554 -1.232249
555 -2.228087
556 -1.678090
557 -0.688016
558 0.373731
559 0.326544
560 -0.617257
561 -1.135651
562 -0.626473
563 0.087098
564 1.129660
565 0.384522
566 0.701052
567 0.929862
568 1.419911
569 0.641538
570 -0.401355
571 -0.787423
572 -0.240367
573 -1.024987
574 -1.808981
575 -1.211439
576 -2.215428
577 -2.128393
578 -2.128192
579 -2.601717
580 -3.662022
581 -4.238844
582 -3.591564
583 -3.320012
584 -3.138275
585 -2.652512
586 -2.113836
587 -1.465955
588 -2.325495
589 -2.892284
590 -3.861074
591 -3.668568
592 -3.152602
593 -4.013711
594 -5.009712
595 -4.944795
596 -5.069897
597 -4.846417
598 -4.667636
599 -5.236187
600 -4.225563
601 -3.900994
602 -4.690218
603 -4.066658
604 -3.456240
605 -2.552015
606 -2.056461
607 -2.446278
608 -3.560338
609 -3.605577
610 -3.597542
611 -4.577356
612 -4.998962
613 -5.564275
614 -6.152677
615 -6.040159
616 -6.899032
617 -6.730971
618 -6.700950
619 -7.286472
620 -6.983638
621 -7.024171
622 -7.641450
623 -8.130569
624 -7.203861
625 -6.403480
626 -5.980851
627 -5.967072
628 -5.636069
629 -5.625170
630 -4.619214
631 -3.997279
632 -3.108335
633 -3.608132
634 -3.268856
635 -3.247883
636 -2.301683
637 -1.179983
638 -1.666523
639 -1.749134
640 -2.444581
641 -2.484951
642 -2.249878
643 -1.749461
644 -0.773661
645 0.301904
646 0.425911
647 -0.556718
648 0.076542
649 -0.610793
650 -0.775445
651 -1.517209
652 -2.309765
653 -1.755185
654 -2.699085
655 -3.496677
656 -3.759877
657 -3.741026
658 -2.759599
659 -2.269075
660 -2.371960
661 -2.863066
662 -2.618499
663 -1.981751
664 -1.744802
665 -1.082274
666 -0.338089
667 -0.325138
668 0.781640
669 1.569620
670 1.608428
671 1.853251
672 2.872801
673 2.430258
674 3.229353
675 2.654419
676 1.821335
677 2.567423
678 2.046757
679 2.839580
680 2.653180
681 2.440615
682 1.882597
683 1.638141
684 0.877492
685 1.704882
686 1.746646
687 1.295912
688 2.106592
689 1.684206
690 0.566886
691 0.256473
692 0.667979
693 1.639071
694 1.935407
695 1.990956
696 1.877190
697 2.028322
698 2.994862
699 3.715187
700 3.230177
701 2.946715
702 3.201021
703 4.084135
704 3.731557
705 2.955912
706 2.846729
707 3.796465
708 4.712472
709 4.025453
710 4.665146
711 3.643784
712 3.651458
713 4.340485
714 3.849006
715 4.824914
716 4.977825
717 4.211401
718 3.638617
719 3.314391
720 3.494543
721 4.471407
722 4.314573
723 4.149164
724 5.182074
725 4.995005
726 4.637700
727 3.852303
728 3.372237
729 2.662042
730 2.722096
731 2.628855
732 2.825477
733 2.156842
734 2.609782
735 3.544895
736 3.599724
737 4.460430
738 5.094685
739 5.723209
740 6.201960
741 6.089468
742 5.709441
743 6.611287
744 7.490665
745 7.867652
746 6.861186
747 5.980415
748 5.185707
749 4.412464
750 4.162612
751 3.265255
752 2.444121
753 2.085581
754 1.741201
755 1.051166
756 0.366030
757 -0.145531
758 0.474631
759 1.200134
760 0.312123
761 0.561431
762 -0.067686
763 -0.499027
764 0.456115
765 -0.425208
766 -0.372481
767 -0.919098
768 -1.452038
769 -1.461590
770 -1.754969
771 -1.443852
772 -0.697905
773 -0.695002
774 -1.635020
775 -1.086483
776 -1.530356
777 -1.710643
778 -0.721484
779 -1.043821
780 -1.943536
781 -1.961050
782 -2.959534
783 -3.767331
784 -4.671370
785 -5.051827
786 -4.466811
787 -3.584373
788 -2.751308
789 -2.814337
790 -1.863787
791 -1.664187
792 -0.673044
793 -0.333496
794 0.487478
795 1.383746
796 1.366876
797 1.964006
798 2.737276
799 3.517086
800 3.627894
801 3.149487
802 3.906041
803 3.136361
804 3.910332
805 4.600466
806 5.068691
807 5.529141
808 6.368506
809 7.235052
810 7.748672
811 6.728217
812 7.009496
813 6.703988
814 7.047012
815 6.805010
816 6.707441
817 5.729337
818 5.830279
819 5.896454
820 4.998822
821 4.956634
822 4.523461
823 4.323867
824 3.966674
825 3.208956
826 2.813488
827 2.339271
828 1.724806
829 2.101767
830 1.735288
831 1.135645
832 1.099648
833 1.130823
834 0.566049
835 0.597326
836 0.965736
837 1.390434
838 2.068826
839 1.803967
840 0.990580
841 1.339326
842 0.732959
843 -0.220041
844 0.271193
845 1.171805
846 1.426099
847 1.203928
848 1.473970
849 1.433980
850 1.662076
851 2.139463
852 2.678798
853 2.295502
854 3.145545
855 3.940761
856 4.325970
857 4.207718
858 3.287489
859 2.325254
860 1.821785
861 1.186192
862 0.547630
863 1.328335
864 1.193249
865 1.389134
866 0.540662
867 1.015609
868 1.880295
869 2.281353
870 2.144702
871 1.856002
872 0.883209
873 1.176211
874 2.086502
875 1.617689
876 0.999627
877 0.109031
878 0.127224
879 -0.769842
880 -0.801374
881 -1.368270
882 -0.780056
883 0.248247
884 -0.093698
885 0.683143
886 0.295121
887 1.238337
888 2.346259
889 2.195699
890 3.095804
891 2.774878
892 2.682473
893 3.217029
894 3.640831
895 4.170862
896 5.129107
897 4.808087
898 4.401466
899 3.801974
900 2.975060
901 2.093119
902 2.368631
903 3.401295
904 4.008237
905 4.647523
906 3.642107
907 2.887479
908 3.697965
909 4.156153
910 4.736851
911 4.674877
912 3.844240
913 3.920003
914 3.739501
915 2.861152
916 2.003025
917 2.417361
918 2.072379
919 2.055813
920 2.071716
921 2.030322
922 1.972747
923 1.917152
924 1.530565
925 1.370423
926 2.171195
927 1.788385
928 1.594176
929 2.067727
930 2.990082
931 2.768226
932 3.227269
933 3.509719
934 4.450603
935 4.310777
936 3.821122
937 3.293107
938 2.372022
939 2.267341
940 1.369954
941 1.610710
942 0.733353
943 0.446872
944 0.694835
945 -0.145751
946 -1.079166
947 -1.793010
948 -2.158653
949 -1.325218
950 -2.184596
951 -1.462248
952 -0.620186
953 -0.297288
954 0.297961
955 0.923023
956 0.292381
957 -0.716713
958 -1.409205
959 -1.809898
960 -2.077875
961 -2.597790
962 -2.932119
963 -2.980967
964 -3.427234
965 -4.272836
966 -4.609343
967 -5.476110
968 -6.182688
969 -7.194665
970 -6.464446
971 -6.840729
972 -7.493798
973 -7.055214
974 -7.450733
975 -7.902828
976 -7.912782
977 -7.762919
978 -6.808911
979 -6.760738
980 -6.014603
981 -5.371023
982 -4.516572
983 -3.457142
984 -2.964956
985 -2.642169
986 -3.000012
987 -2.620780
988 -2.321282
989 -2.913147
990 -2.706593
991 -2.661111
992 -3.254509
993 -2.346484
994 -2.539718
995 -3.506409
996 -4.126777
997 -5.076680
998 -4.816480
999 -3.909512
1000 -4.047044
1001 -3.273416
1002 -4.013183
1003 -4.201589
1004 -4.190767
1005 -3.568141
1006 -3.630689
1007 -3.600565
1008 -2.927276
1009 -1.841034
1010 -0.817060
1011 -0.334149
1012 -0.589326
1013 -1.679492
1014 -2.409086
1015 -2.515336
1016 -2.819841
1017 -2.307995
1018 -1.770732
1019 -1.350431
1020 -0.850285
1021 0.261332
1022 0.544502
1023 -0.182116
1024 0.410725
1025 -0.024794
1026 0.818730
1027 0.273261
1028 -0.600995
1029 -1.505420
1030 -1.478033
1031 -2.069907
1032 -2.905400
1033 -2.526675
1034 -2.395112
1035 -2.679036
1036 -1.650977
1037 -1.451882
1038 -0.940186
1039 0.053495
1040 0.902010
1041 0.917225
1042 0.938739
1043 1.687146
1044 0.968079
1045 0.179996
1046 -0.811527
1047 -0.952801
1048 -0.658994
1049 -0.950973
1050 -1.550614
1051 -2.119688
1052 -1.871843
1053 -2.629621
1054 -3.513759
1055 -3.840383
1056 -4.560002
1057 -5.312406
1058 -5.377316
1059 -5.404946
1060 -6.262152
1061 -5.419897
1062 -6.099828
1063 -6.716732
1064 -5.967368
1065 -5.138735
1066 -4.013504
1067 -4.346673
1068 -4.425120
1069 -3.477284
1070 -3.248375
1071 -3.812017
1072 -4.519035
1073 -3.998803
1074 -4.389815
1075 -3.419952
1076 -3.470667
1077 -3.674533
1078 -3.446984
1079 -3.516383
1080 -2.628107
1081 -1.735304
1082 -1.281700
1083 -1.538782
1084 -2.202256
1085 -2.571430
1086 -3.188379
1087 -4.204952
1088 -3.434434
1089 -3.828019
1090 -4.707792
1091 -3.839324
1092 -4.060245
1093 -3.398955
1094 -2.682527
1095 -3.187298
1096 -2.483619
1097 -2.977907
1098 -3.371855
1099 -2.406758
1100 -3.133596
1101 -3.490454
1102 -3.423465
1103 -3.533686
1104 -3.056171
1105 -2.341954
1106 -2.114701
1107 -2.897889
1108 -3.556069
1109 -3.734399
1110 -3.988741
1111 -4.944628
1112 -5.278880
1113 -6.222339
1114 -6.318757
1115 -6.752153
1116 -6.176825
1117 -5.125742
1118 -4.553900
1119 -4.509013
1120 -5.070652
1121 -5.853682
1122 -6.452286
1123 -5.958944
1124 -6.041073
1125 -6.931710
1126 -7.632076
1127 -8.351782
1128 -8.444943
1129 -7.593970
1130 -6.940211
1131 -6.008956
1132 -6.554451
1133 -5.857055
1134 -5.945186
1135 -6.441518
1136 -6.481467
1137 -7.244070
1138 -6.747136
1139 -6.701743
1140 -7.322933
1141 -7.323976
1142 -8.356293
1143 -8.262275
1144 -8.704347
1145 -8.114678
1146 -7.080531
1147 -6.370376
1148 -6.161974
1149 -5.212332
1150 -4.763830
1151 -4.544964
1152 -5.344575
1153 -5.182647
1154 -5.634340
1155 -4.544844
1156 -4.934824
1157 -4.180300
1158 -3.844852
1159 -4.222654
1160 -5.125380
1161 -5.123492
1162 -4.243808
1163 -4.575052
1164 -4.265924
1165 -3.889333
1166 -3.589072
1167 -3.914247
1168 -3.017168
1169 -3.512346
1170 -2.742866
1171 -2.093468
1172 -2.577923
1173 -2.168783
1174 -1.507572
1175 -0.899456
1176 -0.582811
1177 -0.047260
1178 0.974098
1179 1.669607
1180 2.470706
1181 3.138367
1182 2.832765
1183 3.367638
1184 3.087348
1185 2.206884
1186 1.728307
1187 1.245260
1188 2.253650
1189 2.023542
1190 1.547527
1191 0.660980
1192 1.381755
1193 0.898789
1194 0.692935
1195 0.859749
1196 0.151982
1197 0.106924
1198 -0.693430
1199 -0.680586
1200 -1.511345
1201 -2.294386
1202 -1.628505
1203 -1.683711
1204 -1.501235
1205 -1.950079
1206 -2.653798
1207 -1.729671
1208 -1.884200
1209 -1.757821
1210 -1.296442
1211 -1.808765
1212 -1.001366
1213 -1.035385
1214 -1.164542
1215 -1.911640
1216 -2.179421
1217 -1.956810
1218 -1.191617
1219 -0.365575
1220 -0.250764
1221 0.537003
1222 0.839788
1223 1.840245
1224 2.294827
1225 3.070454
1226 3.937780
1227 3.555971
1228 3.513448
1229 2.477220
1230 2.538859
1231 1.508315
1232 1.460648
1233 1.098157
1234 0.833755
1235 -0.146719
1236 -0.132798
1237 0.000800
1238 0.233824
1239 1.008544
1240 1.025791
1241 1.810853
1242 1.984444
1243 2.762673
1244 2.696271
1245 2.526086
1246 2.112102
1247 3.062837
1248 2.896657
1249 3.215340
1250 3.605895
1251 3.067733
1252 2.355056
1253 1.530777
1254 0.758748
1255 1.087609
1256 0.892828
1257 1.338851
1258 2.218968
1259 1.488081
1260 2.212073
1261 3.168191
1262 3.671764
1263 3.062367
1264 2.310524
1265 2.295955
1266 3.101778
1267 3.299650
1268 3.147443
1269 3.531532
1270 2.853823
1271 3.656096
1272 3.729619
1273 4.761315
1274 5.134141
1275 5.197824
1276 4.497417
1277 4.559032
1278 4.562909
1279 3.796790
1280 3.549127
1281 2.944471
1282 3.498960
1283 3.394421
1284 4.212667
1285 4.010189
1286 4.110587
1287 3.824950
1288 3.635083
1289 4.321842
1290 5.110986
1291 5.389156
1292 5.585910
1293 5.099283
1294 5.923401
1295 5.393810
1296 5.534763
1297 5.121853
1298 5.393992
1299 4.804281
1300 3.901601
1301 3.387936
1302 4.273742
1303 5.052186
1304 4.358598
1305 4.452830
1306 3.727389
1307 3.393655
1308 4.325559
1309 5.214839
1310 5.607746
1311 5.940603
1312 5.095227
1313 5.734687
1314 5.000303
1315 5.669770
1316 4.816972
1317 5.070032
1318 5.736388
1319 5.474225
1320 5.340023
1321 4.601478
1322 4.148977
1323 5.212586
1324 6.070589
1325 6.899260
1326 7.443335
1327 6.577005
1328 6.834176
1329 6.024480
1330 6.812030
1331 7.135322
1332 7.847018
1333 8.889674
1334 8.791878
1335 7.888290
1336 6.982517
1337 7.152393
1338 6.178321
1339 5.882875
1340 5.097561
1341 4.999940
1342 4.176126
1343 3.546970
1344 2.883360
1345 2.975367
1346 2.420597
1347 2.062331
1348 1.882416
1349 2.200356
1350 1.474063
1351 1.632667
1352 1.581373
1353 0.901226
1354 0.490181
1355 -0.569710
1356 -0.310274
1357 -0.352925
1358 0.312951
1359 1.163849
1360 1.763742
1361 0.865182
1362 1.023484
1363 1.173037
1364 1.634041
1365 2.251932
1366 3.129848
1367 2.405275
1368 2.578323
1369 2.306472
1370 1.629482
1371 0.833923
1372 0.840176
1373 1.813660
1374 2.688027
1375 2.505296
1376 3.038958
1377 3.599358
1378 4.014238
1379 4.343790
1380 3.429583
1381 4.260861
1382 3.907418
1383 4.634481
1384 5.742740
1385 5.933336
1386 6.303400
1387 6.286042
1388 5.175218
1389 4.349124
1390 4.468249
1391 4.646546
1392 5.367101
1393 5.030898
1394 4.078985
1395 4.336351
1396 4.929749
1397 5.458060
1398 6.152996
1399 6.165993
1400 5.312184
1401 5.492714
1402 4.659895
1403 5.006407
1404 5.991732
1405 6.015532
1406 6.795958
1407 7.696041
1408 7.790176
1409 6.932972
1410 7.147331
1411 8.063476
1412 8.010610
1413 8.790101
1414 8.490467
1415 9.018288
1416 7.953569
1417 7.184583
1418 6.312268
1419 6.935090
1420 7.522769
1421 7.008667
1422 6.349484
1423 5.955361
1424 5.254832
1425 5.737529
1426 6.164086
1427 6.724752
1428 7.425210
1429 7.432956
1430 8.350733
1431 8.234482
1432 8.981878
1433 8.630771
1434 8.295356
1435 8.199312
1436 7.631178
1437 6.918290
1438 6.447679
1439 5.572726
1440 4.691585
1441 4.974727
1442 5.021886
1443 4.137631
1444 3.793327
1445 4.812629
1446 5.636506
1447 5.010142
1448 5.076075
1449 3.970170
1450 4.143507
1451 3.411952
1452 3.417915
1453 2.774120
1454 2.229099
1455 1.456069
1456 1.290307
1457 1.652062
1458 1.333521
1459 2.024149
1460 2.616718
1461 2.644162
1462 1.812327
1463 1.546353
1464 0.799378
1465 1.046626
1466 1.938528
1467 2.953811
1468 3.062715
1469 3.291149
1470 3.604021
1471 3.084575
1472 2.988632
1473 3.840871
1474 4.335520
1475 5.172706
1476 5.593403
1477 4.924882
1478 4.176240
1479 3.878532
1480 3.765086
1481 3.081165
1482 2.929246
1483 2.908256
1484 3.695718
1485 4.295208
1486 4.590930
1487 3.920597
1488 4.019623
1489 3.560726
1490 2.881334
1491 2.094217
1492 1.195781
1493 1.628295
1494 1.540476
1495 2.578901
1496 2.317146
1497 2.515914
1498 3.221446
1499 2.777635
1500 2.848052
1501 2.107589
1502 1.710990
1503 1.190022
1504 0.162204
1505 0.217225
1506 1.118466
1507 1.816415
1508 2.168474
1509 1.435342
1510 0.541259
1511 1.374710
1512 2.110202
1513 2.926934
1514 3.670137
1515 2.857212
1516 1.916613
1517 2.157231
1518 2.928934
1519 3.180979
1520 3.082622
1521 2.785019
1522 2.525176
1523 2.902168
1524 2.102188
1525 2.724313
1526 3.533905
1527 3.191266
1528 3.380832
1529 2.614476
1530 2.389086
1531 1.549314
1532 0.592192
1533 0.696914
1534 -0.249265
1535 -1.229374
1536 -1.777174
1537 -2.161448
1538 -1.847076
1539 -2.023329
1540 -2.138452
1541 -2.159903
1542 -3.030534
1543 -3.824108
1544 -3.933469
1545 -3.595018
1546 -3.780529
1547 -3.729633
1548 -2.599758
1549 -3.248709
1550 -4.051219
1551 -4.745058
1552 -5.056661
1553 -6.084958
1554 -5.631097
1555 -5.471934
1556 -4.835777
1557 -4.663700
1558 -4.482922
1559 -5.257020
1560 -6.262627
1561 -7.016319
1562 -7.150416
1563 -6.886079
1564 -6.564228
1565 -6.434351
1566 -7.180027
1567 -6.364603
1568 -6.456093
1569 -6.367563
1570 -5.781923
1571 -4.995326
1572 -5.676633
1573 -4.736925
1574 -4.311073
1575 -4.270307
1576 -3.593116
1577 -3.276355
1578 -3.852487
1579 -4.172231
1580 -3.592681
1581 -3.020573
1582 -2.277064
1583 -1.589801
1584 -1.597600
1585 -1.561664
1586 -1.991138
1587 -1.291698
1588 -1.140703
1589 -0.880891
1590 -0.046911
1591 -0.611577
1592 0.100089
1593 0.887253
1594 1.658175
1595 2.009410
1596 1.581899
1597 0.548110
1598 0.955704
1599 0.359409
1600 0.087903
1601 -0.494776
1602 -0.202980
1603 0.477496
1604 1.276174
1605 2.053600
1606 2.208506
1607 2.282480
1608 2.883750
1609 2.923261
1610 2.769129
1611 1.831248
1612 1.047024
1613 1.510423
1614 1.287261
1615 2.249030
1616 2.260068
1617 2.558983
1618 2.373818
1619 3.230605
1620 2.909328
1621 3.037941
1622 3.443721
1623 3.620356
1624 4.358629
1625 4.428549
1626 3.676116
1627 3.345215
1628 3.246505
1629 3.234290
1630 2.598102
1631 3.512147
1632 4.454086
1633 4.723119
1634 5.652039
1635 5.762181
1636 6.014330
1637 5.336837
1638 4.347143
1639 4.830926
1640 4.140286
1641 3.372958
1642 3.598300
1643 3.891521
1644 4.861993
1645 5.283561
1646 4.994171
1647 5.853382
1648 6.522961
1649 6.753172
1650 7.083342
1651 7.355863
1652 8.167710
1653 7.525142
1654 6.629302
1655 6.455973
1656 6.705882
1657 6.581375
1658 6.365968
1659 6.127972
1660 6.308060
1661 6.116181
1662 6.586902
1663 5.514042
1664 5.651454
1665 6.597097
1666 6.187466
1667 6.587810
1668 5.977112
1669 6.505899
1670 5.681802
1671 4.663342
1672 4.919762
1673 5.799281
1674 5.819980
1675 4.803631
1676 4.671533
1677 5.080060
1678 4.755526
1679 4.221293
1680 3.707185
1681 4.277477
1682 4.454514
1683 4.539878
1684 5.384947
1685 6.007118
1686 6.658055
1687 7.238066
1688 7.866394
1689 8.631958
1690 8.692858
1691 8.282345
1692 8.938928
1693 9.180237
1694 8.622474
1695 7.796094
1696 7.415436
1697 6.793812
1698 6.893595
1699 6.913515
1700 7.877534
1701 7.724574
1702 8.539118
1703 8.883976
1704 9.700021
1705 10.488005
1706 10.914912
1707 11.177381
1708 10.111755
1709 9.183826
1710 8.008911
1711 7.385528
1712 7.599273
1713 8.422017
1714 8.758845
1715 9.116106
1716 10.216220
1717 10.123060
1718 9.068240
1719 9.193032
1720 9.857888
1721 10.252656
1722 10.433698
1723 11.265456
1724 12.791936
1725 12.175148
1726 11.211648
1727 10.732994
1728 10.823555
1729 9.913588
1730 9.336155
1731 9.172046
1732 9.822671
1733 9.988217
1734 10.269921
1735 11.265536
1736 11.074726
1737 11.816510
1738 12.607589
1739 12.944629
1740 13.626037
1741 13.756218
1742 13.472688
1743 13.269021
1744 14.026532
1745 14.227133
1746 14.864566
1747 14.262233
1748 14.186560
1749 13.958458
1750 12.865654
1751 13.366268
1752 12.369585
1753 13.075588
1754 13.818057
1755 13.371003
1756 14.011165
1757 14.409476
1758 12.778414
1759 13.826221
1760 14.714995
1761 15.339977
1762 13.701206
1763 13.416543
1764 12.667771
1765 14.668585
1766 11.939318
1767 10.949275
1768 10.976520
1769 11.065894
1770 11.199767
1771 10.825075
1772 10.324645
1773 9.786848
1774 9.072086
1775 10.050745
1776 9.447058
1777 9.898845
1778 10.541073
1779 9.660881
1780 9.487941
1781 9.763684
1782 10.172972
1783 10.299739
1784 10.559632
1785 11.298636
1786 11.693358
1787 11.994432
1788 11.796522
1789 11.183345
1790 11.663121
1791 10.801329
1792 10.520154
1793 9.551052
1794 8.989704
1795 9.888258
1796 10.396140
1797 10.725730
1798 9.785827
1799 10.330756
1800 11.438128
1801 12.130204
1802 12.553923
1803 13.524937
1804 14.451377
1805 14.895992
1806 13.393487
1807 12.706079
1808 11.557676
1809 11.307276
1810 10.954689
1811 11.630011
1812 10.722551
1813 12.116983
1814 12.426642
1815 13.382537
1816 12.679674
1817 11.679471
1818 10.731236
1819 10.507564
1820 9.485608
1821 10.099758
1822 10.599712
1823 10.342320
1824 10.361123
1825 10.465318
1826 10.107711
1827 13.040700
1828 12.835722
1829 12.498213
1830 11.652166
1831 10.866911
1832 10.315227
1833 9.502762
1834 8.716552
1835 8.462258
1836 7.463987
1837 6.875323
1838 6.695270
1839 5.775971
1840 4.764380
1841 5.181502
1842 6.386921
1843 5.863008
1844 5.131409
1845 5.808894
1846 5.591853
1847 5.473882
1848 6.345613
1849 7.241123
1850 6.761821
1851 6.593549
1852 5.829780
1853 5.579413
1854 6.546548
1855 6.698657
1856 5.735791
1857 4.378317
1858 5.557581
1859 4.661522
1860 3.677460
1861 3.231780
1862 2.304980
1863 2.278087
1864 4.640208
1865 5.347459
1866 4.562649
1867 5.412578
1868 5.470280
1869 5.419264
1870 5.169617
1871 4.176855
1872 3.494120
1873 3.653192
1874 2.800590
1875 1.996052
1876 2.826056
1877 2.780891
1878 3.501450
1879 3.091087
1880 3.148842
1881 2.782315
1882 2.340695
1883 2.492497
1884 1.927265
1885 2.103397
1886 1.621252
1887 2.372019
1888 3.247518
1889 3.612439
1890 3.842704
1891 0.952358
1892 0.869185
1893 2.179012
1894 2.344328
1895 1.874445
1896 -0.346545
1897 -1.529055
1898 -1.261804
1899 0.065739
1900 0.133180
1901 -0.394944
1902 -1.209446
1903 -0.165744
1904 0.650259
1905 -0.750878
1906 0.054161
1907 0.233636
1908 -0.653950
1909 -2.462994
1910 -4.961908
1911 -3.103655
1912 -3.729210
1913 -3.891391
1914 -4.334130
1915 -5.770397
1916 -6.299963
1917 -5.015797
1918 -6.359005
1919 -7.035601
1920 -5.797584
1921 -7.348020
1922 -7.523606
1923 -7.191140
1924 -8.715633
1925 -8.786295
1926 -9.968247
1927 -9.595825
1928 -10.684182
1929 -9.925691
1930 -9.485192
1931 -8.459566
1932 -8.800779
1933 -7.824035
1934 -6.915019
1935 -6.447035
1936 -5.713168
1937 -5.883731
1938 -6.638858
1939 -6.001578
1940 -5.344866
1941 -3.755276
1942 -3.843460
1943 -4.914945
1944 -2.828840
1945 -0.129287
1946 0.320345
1947 1.786286
1948 2.792864
1949 3.441330
1950 4.725165
1951 6.508272
1952 5.682684
1953 6.067013
1954 6.556067
1955 4.548898
1956 2.961435
1957 1.321609
1958 2.067762
1959 2.298619
1960 3.188111
1961 3.783235
1962 3.807157
1963 3.548905
1964 2.509152
1965 2.375981
1966 1.427153
1967 -0.887297
1968 0.387942
1969 -1.202494
1970 -2.442224
1971 -2.831695
1972 -0.824940
1973 -0.160521
1974 0.315055
1975 0.664821
1976 2.452489
1977 6.413841
1978 7.564661
1979 6.633881
1980 5.818686
1981 3.074971
1982 2.745047
1983 3.276599
1984 1.705478
1985 1.634636
1986 2.530645
1987 2.722921
1988 5.272231
1989 7.747145
1990 6.699247
1991 4.037240
1992 2.605132
1993 4.081020
1994 5.115863
1995 2.391095
1996 4.244998
1997 6.355884
1998 4.957699
1999 2.520352
2000 3.695268
2001 5.760410
2002 6.285995
2003 6.403596
2004 6.831925
2005 7.742345
2006 5.572966
2007 5.964493
2008 7.142311
2009 8.343281
2010 9.066049
2011 8.345860
2012 6.759981
2013 6.905302
2014 7.656806
2015 7.882972
2016 8.178218
2017 8.929719
2018 9.086778
2019 8.769502
2020 9.266876
2021 6.401547
2022 5.696808
2023 6.059217
2024 5.348979
2025 4.016828
2026 5.443339
2027 5.984544
2028 2.939025
2029 -0.996163
2030 -1.957680
2031 0.234331
2032 1.266806
2033 0.258117
2034 0.745759
2035 0.451248
2036 0.684658
2037 1.591932
2038 -0.311459
2039 -2.493372
2040 -1.782595
2041 -1.362591
2042 -2.838471
2043 -3.892255
2044 -2.815460
2045 -1.415766
2046 -1.969635
2047 -0.382829
2048 -0.508834
2049 0.316495
2050 0.740976
2051 -0.099973
2052 -0.061265
2053 -1.025173
2054 -1.078820
2055 -1.320632
2056 -1.624813
2057 -2.434639
2058 -2.900758
2059 -3.690751
2060 -4.252732
2061 -4.494192
2062 -4.641836
2063 -5.131869
2064 -4.094410
2065 -4.430707
2066 -5.188619
2067 -6.152884
2068 -5.406301
2069 -4.547210
2070 -3.992751
2071 -3.199187
2072 -2.197294
2073 -2.066012
2074 -2.447156
2075 -0.587321
2076 2.206382
2077 1.302356
2078 2.731530
2079 3.434331
2080 2.809398
2081 3.373153
2082 4.675576
2083 5.280321
2084 3.689855
2085 1.922693
2086 3.254610
2087 2.770350
2088 0.453014
2089 0.421473
2090 -0.651285
2091 -0.121725
2092 -1.871690
2093 -1.257988
2094 -2.330505
2095 -2.750514
2096 -4.076956
2097 -2.465421
2098 -2.022992
2099 -2.585121
2100 -1.353142
2101 -1.205969
2102 -3.387729
2103 -6.163788
2104 -6.491919
2105 -6.096796
2106 -5.462987
2107 -4.556290
2108 -4.210798
2109 -4.515772
2110 -3.655749
2111 -4.087061
2112 -5.163927
2113 -3.716831
2114 -3.260109
2115 -3.739847
2116 -2.733525
2117 -2.710160
2118 -2.670798
2119 -2.988326
2120 -2.256548
2121 -1.688063
2122 0.492309
2123 3.393662
2124 2.123482
2125 0.938997
2126 -0.916792
2127 -1.417039
2128 -0.615621
2129 -0.014015
2130 -0.025855
2131 0.213257
2132 0.715748
2133 -0.108304
2134 2.351103
2135 2.042176
2136 -0.725954
2137 -3.403208
2138 -1.231729
2139 -0.301337
2140 0.669492
2141 0.516173
2142 2.518653
2143 2.751443
2144 3.209141
2145 4.158220
2146 1.791943
2147 1.489959
2148 2.450295
2149 2.744822
2150 3.364034
2151 3.921967
2152 4.386403
2153 4.735523
2154 5.312908
2155 5.155389
2156 5.460235
2157 4.879823
2158 4.397913
2159 3.988681
2160 5.023492
2161 4.445619
2162 4.759707
2163 4.766375
2164 5.738353
2165 5.644481
2166 5.764381
2167 6.367063
2168 6.300910
2169 7.003550
2170 7.847177
2171 8.889190
2172 9.430450
2173 9.234722
2174 10.760089
2175 10.533420
2176 9.055155
2177 9.151619
2178 7.871748
2179 6.179379
2180 4.912472
2181 4.703684
2182 5.501038
2183 5.726755
2184 6.489766
2185 7.286189
2186 7.649843
2187 8.161098
2188 6.175276
2189 8.793804
2190 10.003570
2191 10.545135
2192 9.874271
2193 12.585924
2194 14.425818
2195 13.059890
2196 14.356490
2197 13.313428
2198 12.747246
2199 13.047212
2200 12.011710
2201 9.891406
2202 6.328848
2203 4.397383
2204 3.256012
2205 2.701063
2206 1.756833
2207 2.899180
2208 1.904008
2209 0.670765
2210 2.739644
2211 0.496613
2212 -1.394032
2213 -2.375875
2214 -2.850492
2215 -3.249229
2216 -2.155217
2217 -1.693238
2218 0.572127
2219 4.037794
2220 5.192669
2221 5.957609
2222 7.005674
2223 7.992764
2224 4.746645
2225 4.940995
2226 5.667815
2227 5.353273
2228 4.628845
2229 5.928628
2230 6.075647
2231 9.322005
2232 10.125352
2233 9.403754
2234 8.006189
2235 8.609441
2236 7.041198
2237 4.119925
2238 5.736752
2239 8.097131
2240 7.656452
2241 6.032142
2242 4.649845
2243 5.174011
2244 6.889202
2245 6.805514
2246 6.842554
2247 7.636089
2248 9.233365
2249 10.299198
2250 10.817130
2251 10.994525
2252 11.911409
2253 11.818421
2254 10.424170
2255 10.034378
2256 11.705284
2257 13.563190
2258 14.463840
2259 13.607466
2260 12.880538
2261 12.987330
2262 13.012173
2263 13.556129
2264 13.406579
2265 12.847844
2266 11.338030
2267 10.396416
2268 8.900005
2269 7.763082
2270 8.583325
2271 10.001306
2272 9.773470
2273 9.155333
2274 8.641177
2275 9.099246
2276 10.693962
2277 9.481255
2278 7.446467
2279 8.120629
2280 8.644830
2281 8.587281
2282 9.626734
2283 10.467308
2284 9.896647
2285 9.468567
2286 8.767071
2287 9.833239
2288 5.970397
2289 1.716921
2290 1.323417
2291 3.054825
2292 3.863336
2293 2.326607
2294 0.770114
2295 0.276723
2296 0.029911
2297 -0.885684
2298 -2.809905
2299 -3.257281
2300 -3.090414
2301 -4.184776
2302 -5.140734
2303 -4.159212
2304 -3.403959
2305 -3.267129
2306 -4.645570
2307 -5.130265
2308 -6.164412
2309 -5.863750
2310 -8.052614
2311 -9.402298
2312 -9.502490
2313 -7.990384
2314 -8.014275
2315 -5.362404
2316 -3.724883
2317 -4.348642
2318 -3.027797
2319 -2.414150
2320 -3.351047
2321 -6.921341
2322 -6.619050
2323 -5.403428
2324 -4.231214
2325 -4.980596
2326 -4.071842
2327 -3.299498
2328 -3.568556
2329 -3.411154
2330 -4.902583
2331 -5.543570
2332 -6.313068
2333 -7.720732
2334 -7.242767
2335 -7.970041
2336 -7.489658
2337 -6.716760
2338 -5.780730
2339 -6.083545
2340 -7.375187
2341 -8.616439
2342 -8.580686
2343 -5.816532
2344 -4.976209
2345 -4.102424
2346 -3.479498
2347 -3.004878
2348 -3.416418
2349 -5.373664
2350 -6.788908
2351 -7.316897
2352 -8.146119
2353 -10.264224
2354 -10.450843
2355 -8.364880
2356 -7.515722
2357 -7.672120
2358 -7.107050
2359 -6.720662
2360 -7.517277
2361 -5.970223
2362 -4.603129
2363 -3.122524
2364 -0.275956
2365 0.156158
2366 1.178397
2367 1.572343
2368 1.457195
2369 2.351032
2370 2.524813
2371 2.903167
2372 3.305918
2373 3.309409
2374 4.260765
2375 4.792356
2376 6.275412
2377 5.553719
2378 7.161358
2379 6.902891
2380 7.230864
2381 7.997388
2382 8.305075
2383 7.387971
2384 7.378140
2385 6.679327
2386 5.960443
2387 6.468527
2388 5.120250
2389 6.948868
2390 6.695637
2391 6.890854
2392 7.018485
2393 7.212100
2394 8.206776
2395 8.864656
2396 9.238160
2397 9.057214
2398 9.294493
2399 10.600863
2400 10.653757
2401 10.001612
2402 10.813523
2403 10.784436
2404 11.517556
2405 11.791375
2406 13.308046
2407 12.030042
2408 11.293747
2409 12.112666
2410 10.185818
2411 11.986238
2412 14.039783
2413 15.192962
2414 15.576510
2415 15.202535
2416 14.795839
2417 14.443406
2418 14.097645
2419 12.095356
2420 8.617002
2421 9.106459
2422 10.618330
2423 9.781400
2424 7.832493
2425 8.393816
2426 9.219561
2427 10.212449
2428 9.608223
2429 9.978771
2430 9.484345
2431 8.622145
2432 6.955264
2433 6.376731
2434 5.855670
2435 6.209117
2436 7.150967
2437 7.251763
2438 6.758745
2439 6.229032
2440 5.610360
2441 4.713374
2442 2.566217
2443 1.736336
2444 1.223755
2445 1.815261
2446 2.317635
2447 1.906321
2448 1.716502
2449 3.966790
2450 4.450892
2451 4.280988
2452 3.311775
2453 2.549744
2454 1.602023
2455 2.882148
2456 3.639697
2457 4.154200
2458 5.452359
2459 5.141954
2460 5.436485
2461 4.572370
2462 3.739103
2463 3.160727
2464 1.828438
2465 1.370563
2466 1.701653
2467 2.964072
2468 3.761104
2469 3.342487
2470 4.327988
2471 4.729248
2472 4.208732
2473 3.333589
2474 2.500821
2475 2.603351
2476 2.985719
2477 3.791640
2478 3.599942
2479 2.775419
2480 1.885959
2481 2.163933
2482 1.250030
2483 0.044840
2484 -0.164622
2485 -0.897511
2486 0.486991
2487 1.147410
2488 1.890344
2489 2.234455
2490 1.225723
2491 1.399048
2492 1.836225
2493 2.316185
2494 2.386078
2495 2.045515
2496 2.596760
2497 3.277952
2498 3.570021
2499 3.382176
2500 4.776333
2501 4.919029
2502 5.173419
2503 4.948650
2504 4.500754
2505 4.048878
2506 4.351200
2507 3.844079
2508 3.915983
2509 3.091045
2510 2.543984
2511 1.041034
2512 -0.006560
2513 0.776891
2514 1.818759
2515 2.590134
2516 1.923836
2517 1.692525
2518 2.444211
2519 2.828361
2520 3.293155
2521 5.026860
2522 7.702316
2523 7.960769
2524 8.781793
2525 8.476838
2526 7.908802
2527 8.113386
2528 7.536130
2529 7.736864
2530 7.325595
2531 7.392290
2532 6.344814
2533 5.687092
2534 5.888604
2535 6.655323
2536 6.788385
2537 5.955232
2538 5.520610
2539 6.027906
2540 6.606111
2541 7.174965
2542 6.422504
2543 6.632532
2544 6.053503
2545 5.663660
2546 6.390876
2547 7.118117
2548 6.297207
2549 5.192881
2550 5.331590
2551 3.973739
2552 4.022695
2553 3.949729
2554 3.254441
2555 2.450218
2556 2.024673
2557 2.237077
2558 3.020517
2559 3.871583
2560 4.788655
2561 5.130267
2562 4.724059
2563 4.653467
2564 2.412658
2565 0.756672
2566 0.119109
2567 0.955687
2568 1.523243
2569 1.915130
2570 2.373236
2571 2.902644
2572 3.343091
2573 4.626881
2574 6.125540
2575 7.307765
2576 7.507053
2577 8.036185
2578 8.824648
2579 8.918883
2580 8.542267
2581 7.848785
2582 8.462879
2583 7.784615
2584 7.532036
2585 8.639385
2586 10.065308
2587 9.776708
2588 9.471923
2589 9.547267
2590 8.767563
2591 8.362884
2592 8.027062
2593 7.803021
2594 8.575727
2595 8.017708
2596 7.754532
2597 6.963611
2598 6.759269
2599 6.279268
2600 6.491832
2601 5.597125
2602 5.704056
2603 5.283072
2604 5.052058
2605 5.184048
2606 5.431331
2607 6.157821
2608 5.550302
2609 4.797474
2610 3.828371
2611 2.926181
2612 2.176607
2613 1.577114
2614 2.754879
2615 6.404151
2616 6.062682
2617 6.188382
2618 6.276864
2619 5.716959
2620 4.878816
2621 5.731818
2622 6.561389
2623 7.014079
2624 7.233117
2625 7.262731
2626 7.979521
2627 8.643058
2628 8.643470
2629 7.622487
2630 7.506150
2631 6.658021
2632 5.814681
2633 5.306212
2634 5.577733
2635 4.643006
2636 4.325150
2637 4.724071
2638 5.331338
2639 6.384774
2640 6.510592
2641 6.935380
2642 7.532407
2643 6.800718
2644 5.833015
2645 5.729635
2646 4.868620
2647 5.178377
2648 4.369321
2649 4.296007
2650 5.082151
2651 5.673895
2652 6.155233
2653 5.238196
2654 5.388196
2655 4.446914
2656 4.271969
2657 4.343020
2658 5.081712
2659 5.807588
2660 5.471082
2661 6.092931
2662 6.836734
2663 6.691350
2664 7.310935
2665 7.031119
2666 6.266103
2667 6.040788
2668 5.665319
2669 5.581746
2670 4.814746
2671 4.221545
2672 3.706142
2673 3.629249
2674 2.888205
2675 2.250495
2676 1.175162
2677 0.804380
2678 1.098984
2679 1.884839
2680 2.974824
2681 3.623773
2682 2.915487
2683 3.891874
2684 1.671049
2685 1.123002
2686 0.323260
2687 -0.802168
2688 -2.149767
2689 -1.382145
2690 0.657978
2691 0.524735
2692 -0.242474
2693 -1.309853
2694 -1.569982
2695 -0.877839
2696 -0.563994
2697 -0.333846
2698 -0.379074
2699 -1.957325
2700 -3.059184
2701 -3.951407
2702 -4.553085
2703 -4.759411
2704 -6.722366
2705 -8.123888
2706 -10.277812
2707 -11.374905
2708 -9.627025
2709 -9.701166
2710 -9.533728
2711 -8.756974
2712 -9.128396
2713 -9.353517
2714 -8.722913
2715 -8.415515
2716 -7.755798
2717 -8.710290
2718 -8.320651
2719 -9.315422
2720 -10.258034
2721 -10.965650
2722 -11.433109
2723 -11.377813
2724 -11.212146
2725 -10.229628
2726 -10.425143
2727 -10.540766
2728 -11.205064
2729 -10.665595
2730 -9.661655
2731 -8.948613
2732 -9.019530
2733 -9.177881
2734 -8.383086
2735 -8.286796
2736 -8.314038
2737 -7.464359
2738 -7.164128
2739 -7.398050
2740 -7.463039
2741 -8.266368
2742 -8.568685
2743 -8.667360
2744 -8.638515
2745 -8.666920
2746 -7.702213
2747 -7.682126
2748 -6.632205
2749 -6.209937
2750 -5.630486
2751 -6.165525
2752 -6.990487
2753 -7.935233
2754 -8.401788
2755 -9.723731
2756 -9.602995
2757 -9.884492
2758 -10.634413
2759 -10.196034
2760 -9.502169
2761 -8.730429
2762 -8.795430
2763 -7.873661
2764 -6.976830
2765 -6.691960
2766 -5.732643
2767 -5.578141
2768 -5.522766
2769 -4.441060
2770 -4.503062
2771 -3.919564
2772 -4.467891
2773 -4.952991
2774 -5.148008
2775 -5.952383
2776 -5.490521
2777 -5.095256
2778 -5.574029
2779 -5.848449
2780 -4.807337
2781 -5.105358
2782 -4.888250
2783 -5.711278
2784 -6.243107
2785 -6.803775
2786 -5.743883
2787 -5.838093
2788 -5.887574
2789 -6.932250
2790 -6.498780
2791 -6.965885
2792 -6.483561
2793 -5.742867
2794 -5.625588
2795 -6.626987
2796 -5.934413
2797 -6.581637
2798 -7.348385
2799 -6.450960
2800 -6.976872
2801 -7.939498
2802 -8.645898
2803 -9.372400
2804 -9.254518
2805 -8.724568
2806 -7.907494
2807 -9.394077
2808 -9.929281
2809 -8.818960
2810 -8.253866
2811 -7.347373
2812 -7.892062
2813 -10.685429
2814 -12.670562
2815 -12.709487
2816 -13.654209
2817 -14.127428
2818 -14.963971
2819 -15.267624
2820 -14.682684
2821 -13.308274
2822 -12.248031
2823 -11.613463
2824 -10.676950
2825 -10.436070
2826 -11.313468
2827 -11.228176
2828 -11.930376
2829 -13.002696
2830 -13.693821
2831 -13.981923
2832 -13.998792
2833 -14.922550
2834 -15.397442
2835 -14.622095
2836 -13.773286
2837 -14.595435
2838 -15.099762
2839 -15.916255
2840 -14.938244
2841 -14.416372
2842 -15.500670
2843 -16.546048
2844 -14.472428
2845 -13.354261
2846 -12.801164
2847 -12.560824
2848 -12.805883
2849 -13.288846
2850 -12.508769
2851 -12.425606
2852 -12.773763
2853 -12.873127
2854 -12.134909
2855 -11.408311
2856 -11.568409
2857 -11.166121
2858 -10.975615
2859 -11.169780
2860 -10.963477
2861 -10.196502
2862 -11.175907
2863 -11.091776
2864 -10.364035
2865 -10.236437
2866 -9.995719
2867 -10.802760
2868 -10.231825
2869 -9.690943
2870 -8.983086
2871 -8.337045
2872 -8.481566
2873 -7.481532
2874 -7.762324
2875 -8.549675
2876 -9.292885
2877 -8.735956
2878 -7.847471
2879 -8.726800
2880 -9.427204
2881 -10.431037
2882 -10.774563
2883 -10.029737
2884 -10.964170
2885 -11.999474
2886 -11.660151
2887 -11.276748
2888 -11.891034
2889 -12.782307
2890 -13.859645
2891 -13.268592
2892 -12.494195
2893 -12.783876
2894 -13.770677
2895 -13.906548
2896 -13.374386
2897 -13.058222
2898 -12.970270
2899 -13.863654
2900 -13.811864
2901 -12.775436
2902 -11.997688
2903 -11.768137
2904 -11.946891
2905 -11.559179
2906 -10.832387
2907 -9.660097
2908 -10.348766
2909 -11.136676
2910 -11.591762
2911 -12.341079
2912 -12.238940
2913 -11.879023
2914 -9.657732
2915 -6.820688
2916 -6.903568
2917 -7.625558
2918 -9.594202
2919 -9.102976
2920 -8.565311
2921 -7.336226
2922 -7.219734
2923 -6.285704
2924 -5.607723
2925 -6.037256
2926 -7.328777
2927 -7.858499
2928 -5.448969
2929 -4.619770
2930 -3.826238
2931 -3.947947
2932 -4.546785
2933 -4.077650
2934 -4.943612
2935 -5.740406
2936 -6.048269
2937 -6.694724
2938 -7.638158
2939 -7.154221
2940 -8.045973
2941 -8.954373
2942 -9.215054
2943 -11.166199
2944 -12.115724
2945 -10.708758
2946 -9.970486
2947 -8.896582
2948 -9.692847
2949 -10.513415
2950 -10.582818
2951 -9.859554
2952 -9.708055
2953 -9.122047
2954 -8.736325
2955 -7.201943
2956 -5.014453
2957 -5.595072
2958 -5.467308
2959 -4.933521
2960 -4.669188
2961 -5.057120
2962 -6.487900
2963 -5.678365
2964 -5.051284
2965 -4.431563
2966 -4.005512
2967 -2.730336
2968 -2.089066
2969 -2.541411
2970 -2.488556
2971 -4.686518
2972 -6.575418
2973 -6.901621
2974 -6.386128
2975 -5.725243
2976 -5.639875
2977 -5.360529
2978 -4.136918
2979 -4.240303
2980 -4.968462
2981 -3.125657
2982 -3.744169
2983 -3.741174
2984 -2.817590
2985 -3.103856
2986 -3.680408
2987 -2.284968
2988 -1.044532
2989 0.093219
2990 -1.024951
2991 -1.850810
2992 -1.906777
2993 -2.648611
2994 -3.569038
2995 -3.813792
2996 -2.454098
2997 -3.647461
2998 -3.175965
2999 -1.209412
3000 -2.004462
3001 -1.471326
3002 -0.179922
3003 -0.923451
3004 -0.859648
3005 -0.619065
3006 0.496658
3007 1.001469
3008 1.793236
3009 1.645709
3010 2.001412
3011 3.242169
3012 2.971159
3013 2.654828
3014 1.353681
3015 1.774466
3016 1.623527
3017 -0.401748
3018 -2.492435
3019 -3.012373
3020 -2.555440
3021 -1.887733
3022 -0.322719
3023 1.238686
3024 0.272558
3025 0.444935
3026 0.650095
3027 -0.100338
3028 -0.837472
3029 0.147473
3030 0.311071
3031 -1.461770
3032 -2.732004
3033 -1.718095
3034 -1.915129
3035 -0.950117
3036 -0.400532
3037 -0.025450
3038 -0.546946
3039 -0.496092
3040 -1.427468
3041 -1.894147
3042 -1.281781
3043 -0.223631
3044 0.330049
3045 0.893454
3046 1.390661
3047 1.515689
3048 0.852294
3049 1.026650
3050 1.871402
3051 1.041193
3052 -0.117800
3053 -0.238478
3054 -0.321207
3055 -0.652635
3056 -1.369635
3057 -1.063790
3058 -1.853835
3059 -2.339645
3060 -1.983437
3061 -3.666129
3062 -2.449853
3063 -3.798450
3064 -3.687483
3065 -3.307474
3066 -2.548678
3067 -3.230480
3068 -3.880422
3069 -4.082054
3070 -5.737181
3071 -6.603450
3072 -6.571732
3073 -3.504458
3074 -0.769700
3075 -1.624957
3076 0.714701
3077 1.584197
3078 0.869261
3079 -0.036288
3080 0.587147
3081 -0.563777
3082 0.341970
3083 1.485163
3084 1.830947
3085 2.323111
3086 0.423435
3087 -0.350098
3088 -0.228597
3089 -1.268566
3090 -1.888295
3091 -1.860526
3092 -2.606654
3093 -2.324863
3094 -1.296736
3095 -0.679873
3096 -0.515457
3097 -0.148086
3098 -1.169322
3099 0.612711
3100 2.437800
3101 1.842796
3102 1.922999
3103 2.345095
3104 1.559651
3105 0.606064
3106 -0.533195
3107 -0.035274
3108 1.471031
3109 1.949354
3110 2.072547
3111 2.282278
3112 2.607770
3113 3.310697
3114 3.762868
3115 3.986099
3116 2.675502
3117 2.695346
3118 2.362535
3119 2.774063
3120 1.209767
3121 0.003052
3122 -0.754148
3123 0.214626
3124 0.564628
3125 0.209633
3126 -0.835415
3127 -1.723045
3128 -0.874012
3129 2.083333
3130 2.600764
3131 1.655000
3132 0.921621
3133 1.296846
3134 1.938585
3135 2.454679
3136 3.221354
3137 3.097703
3138 1.524904
3139 1.321851
3140 2.065783
3141 2.996448
3142 3.489297
3143 3.295215
3144 3.771402
3145 4.628959
3146 5.203252
3147 6.259324
3148 7.034514
3149 8.649161
3150 9.756017
3151 7.710697
3152 5.524873
3153 6.130525
3154 8.721414
3155 9.809268
3156 8.792275
3157 8.612502
3158 9.334050
3159 9.850009
3160 10.344616
3161 10.959871
3162 9.192867
3163 8.143255
3164 7.973471
3165 8.027242
3166 8.812692
3167 9.421125
3168 8.827685
3169 10.638883
3170 11.953985
3171 10.982689
3172 10.701084
3173 11.084426
3174 10.310771
3175 7.826087
3176 6.910078
3177 6.813676
3178 6.717998
3179 7.221484
3180 8.546574
3181 8.882833
3182 8.379808
3183 7.796904
3184 6.778531
3185 6.632262
3186 6.640453
3187 6.146002
3188 5.207951
3189 4.778667
3190 5.342969
3191 6.152422
3192 7.202974
3193 7.956386
3194 8.005494
3195 7.224029
3196 6.502042
3197 7.077006
3198 6.632292
3199 6.699456
3200 6.654889
3201 8.412088
3202 8.736424
3203 8.024297
3204 7.406108
3205 7.846503
3206 6.064979
3207 5.807012
3208 6.320894
3209 7.332160
3210 7.965124
3211 7.717899
3212 8.472690
3213 8.178152
3214 7.097328
3215 7.940912
3216 9.007506
3217 10.272355
3218 9.940900
3219 9.675942
3220 9.427877
3221 8.956734
3222 8.019937
3223 8.610388
3224 9.558914
3225 9.742405
3226 10.244058
3227 9.695547
3228 9.472307
3229 8.473445
3230 10.978072
3231 11.975028
3232 10.986058
3233 10.391060
3234 10.710990
3235 11.765298
3236 12.252071
3237 12.893866
3238 13.043892
3239 12.928751
3240 13.216706
3241 13.680406
3242 14.614624
3243 14.457943
3244 15.202479
3245 15.330943
3246 14.453687
3247 14.650859
3248 13.907246
3249 13.988230
3250 14.474393
3251 15.163068
3252 14.330972
3253 12.981412
3254 12.377695
3255 11.332757
3256 10.882732
3257 11.354459
3258 10.590125
3259 10.950716
3260 11.850509
3261 11.552789
3262 11.519581
3263 12.551639
3264 12.355947
3265 13.073743
3266 13.957892
3267 14.608042
3268 13.927676
3269 13.958368
3270 13.127427
3271 13.592461
3272 13.059844
3273 14.209691
3274 14.661980
3275 13.702327
3276 13.424190
3277 12.300467
3278 13.443757
3279 12.598760
3280 12.849938
3281 12.126617
3282 10.465869
3283 10.232478
3284 11.194443
3285 10.850933
3286 11.477040
3287 12.046574
3288 14.673134
3289 14.517673
3290 15.191083
3291 14.585294
3292 14.782345
3293 13.644600
3294 12.987318
3295 12.733297
3296 11.801108
3297 11.242524
3298 11.229754
3299 12.148943
3300 12.608255
3301 12.468643
3302 12.239325
3303 11.256405
3304 10.436413
3305 11.197048
3306 12.366685
3307 12.319333
3308 12.784627
3309 13.615074
3310 13.728383
3311 14.284527
3312 14.952286
3313 15.747242
3314 15.492840
3315 14.771607
3316 14.614172
3317 14.340799
3318 14.622519
3319 14.284997
3320 14.601965
3321 15.050061
3322 14.771457
3323 14.271365
3324 14.481959
3325 14.232634
3326 15.137035
3327 15.562159
3328 14.784176
3329 15.470805
3330 15.327687
3331 15.012299
3332 14.771361
3333 13.964936
3334 13.685452
3335 12.720928
3336 12.064707
3337 12.124288
3338 11.692811
3339 11.958841
3340 12.211220
3341 12.891588
3342 12.778470
3343 11.992136
3344 11.365140
3345 12.123291
3346 10.957303
3347 11.055646
3348 11.595180
3349 12.377455
3350 12.205374
3351 11.281326
3352 10.929224
3353 11.086647
3354 11.926303
3355 12.319317
3356 13.168193
3357 13.835674
3358 13.044318
3359 13.732599
3360 13.929311
3361 14.269593
3362 14.225268
3363 14.224897
3364 14.913877
3365 15.575521
3366 16.209898
3367 16.274171
3368 15.532932
3369 14.790346
3370 14.506950
3371 13.702238
3372 12.792388
3373 12.298070
3374 13.036862
3375 12.730450
3376 12.506738
3377 11.832679
3378 11.838154
3379 11.803682
3380 11.422716
3381 11.660327
3382 11.058704
3383 11.014532
3384 10.103706
3385 9.230071
3386 9.838942
3387 10.310253
3388 10.597027
3389 10.969177
3390 10.709027
3391 10.885799
3392 11.652204
3393 12.050248
3394 12.592579
3395 12.649198
3396 11.663152
3397 10.848212
3398 10.030415
3399 9.174078
3400 8.811542
3401 8.085292
3402 9.193801
3403 9.254469
3404 9.638214
3405 9.571269
3406 10.358732
3407 11.343682
3408 11.060266
3409 10.515524
3410 11.444141
3411 11.196033
3412 11.451984
3413 11.083344
3414 11.495011
3415 11.250276
3416 10.704158
3417 11.582516
3418 11.786980
3419 11.923755
3420 12.027811
3421 13.003035
3422 12.577822
3423 11.554357
3424 11.590957
3425 11.174475
3426 10.370816
3427 10.750743
3428 10.321449
3429 9.751685
3430 9.050652
3431 8.484995
3432 10.033138
3433 11.362515
3434 11.432612
3435 10.335223
3436 9.282439
3437 9.568072
3438 8.967627
3439 8.760460
3440 9.844426
3441 10.779136
3442 10.639900
3443 11.449806
3444 11.664212
3445 12.505607
3446 13.013006
3447 14.084254
3448 14.799191
3449 15.212905
3450 15.379841
3451 14.561460
3452 14.517035
3453 13.960958
3454 13.277668
3455 12.609352
3456 13.377283
3457 12.495077
3458 12.128621
3459 11.212011
3460 11.736483
3461 11.095635
3462 11.937328
3463 11.624277
3464 11.211064
3465 10.926413
3466 11.274397
3467 11.742008
3468 12.163625
3469 11.818866
3470 12.200646
3471 12.094076
3472 12.574464
3473 12.249165
3474 13.096144
3475 12.872465
3476 12.593088
3477 13.288207
3478 14.025230
3479 14.978456
3480 14.306025
3481 15.133269
3482 14.730334
3483 13.815737
3484 13.594285
3485 12.912702
3486 12.244278
3487 11.997309
3488 12.034947
3489 12.143875
3490 12.617121
3491 12.017230
3492 11.685520
3493 11.698260
3494 11.883349
3495 11.557983
3496 11.509364
3497 11.276590
3498 10.454129
3499 10.207382
3500 10.687514
3501 10.908942
3502 11.323497
3503 11.214163
3504 10.241358
3505 10.039938
3506 10.672648
3507 10.074212
3508 9.207438
3509 8.287536
3510 8.420113
3511 8.145069
3512 9.149530
3513 9.196530
3514 8.051687
3515 7.846157
3516 7.494672
3517 7.484355
3518 8.573832
3519 9.088721
3520 8.123385
3521 8.494105
3522 8.890348
3523 8.580632
3524 8.992793
3525 9.525790
3526 9.603928
3527 9.828038
3528 10.241228
3529 10.547282
3530 10.430407
3531 10.870712
3532 11.660584
3533 11.957698
3534 12.148696
3535 12.904462
3536 12.361122
3537 12.044712
3538 11.154733
3539 10.491171
3540 10.222796
3541 9.626548
3542 10.027925
3543 9.866664
3544 10.327102
3545 9.999501
3546 10.239438
3547 10.389841
3548 9.516494
3549 9.305052
3550 8.576752
3551 7.769028
3552 6.919856
3553 6.135971
3554 5.310916
3555 5.373316
3556 4.523939
3557 4.004572
3558 4.964456
3559 5.908537
3560 5.809931
3561 7.633250
3562 7.353614
3563 7.086149
3564 7.007067
3565 6.693415
3566 6.789892
3567 8.792471
3568 9.453848
3569 10.217830
3570 8.287439
3571 10.694357
3572 10.633208
3573 11.089159
3574 11.289090
3575 9.275642
3576 7.797124
3577 7.084034
3578 7.393824
3579 6.560619
3580 6.037072
3581 6.797226
3582 7.695928
3583 7.028554
3584 7.150042
3585 5.859275
3586 5.655685
3587 6.014188
3588 6.436822
3589 5.611740
3590 6.151000
3591 6.070538
3592 6.448580
3593 7.024543
3594 8.168853
3595 8.490907
3596 9.279034
3597 9.981159
3598 10.640180
3599 9.380267
3600 8.661365
3601 9.182072
3602 8.247269
3603 7.509298
3604 6.763806
3605 5.403416
3606 5.370313
3607 4.410988
3608 3.853303
3609 3.920679
3610 3.275668
3611 2.678353
3612 2.746023
3613 2.080128
3614 1.832910
3615 1.744426
3616 2.052529
3617 1.977417
3618 2.917479
3619 3.048758
3620 4.034583
3621 4.497417
3622 3.906072
3623 3.087508
3624 2.641292
3625 2.390485
3626 2.633061
3627 3.606988
3628 3.765198
3629 4.182237
3630 4.744122
3631 5.314285
3632 4.383214
3633 5.916542
3634 6.588661
3635 7.651553
3636 6.907910
3637 6.595436
3638 6.205295
3639 5.092182
3640 6.115546
3641 8.216250
3642 9.210267
3643 9.439551
3644 7.791727
3645 6.829223
3646 5.187250
3647 3.911325
3648 5.103622
3649 5.348806
3650 6.014232
3651 5.780525
3652 4.512711
3653 3.329224
3654 3.054953
3655 2.438018
3656 3.344651
3657 3.773857
3658 5.246118
3659 6.044969
3660 5.211594
3661 5.163712
3662 4.324990
3663 3.790560
3664 5.320996
3665 7.699168
3666 6.649401
3667 6.113569
3668 5.355907
3669 5.216763
3670 4.033017
3671 4.326304
3672 4.851672
3673 3.644519
3674 0.900809
3675 0.286964
3676 -0.380472
3677 -0.245749
3678 1.092740
3679 1.403505
3680 2.534575
3681 3.611544
3682 3.939906
3683 3.176097
3684 2.356610
3685 1.369698
3686 -0.162308
3687 -0.485340
3688 1.583782
3689 2.399038
3690 2.544526
3691 2.899253
3692 3.284071
3693 2.399455
3694 1.344453
3695 0.337751
3696 -0.254834
3697 0.765255
3698 0.542970
3699 -0.322347
3700 -0.497640
3701 -0.194148
3702 -0.152410
3703 0.792284
3704 0.214933
3705 0.342411
3706 1.470667
3707 0.970600
3708 0.074552
3709 -0.078443
3710 1.714838
3711 2.680100
3712 2.789908
3713 3.540867
3714 3.928377
3715 4.599067
3716 5.837076
3717 6.229903
3718 5.880780
3719 4.510917
3720 3.577562
3721 2.746845
3722 2.250550
3723 1.365642
3724 1.552677
3725 1.931968
3726 0.714108
3727 0.483797
3728 -0.246225
3729 -1.034300
3730 -0.588166
3731 -1.237612
3732 -2.314306
3733 -3.249129
3734 -3.300834
3735 -3.059923
3736 -2.144789
3737 -1.707147
3738 -0.791851
3739 -1.662636
3740 -1.077738
3741 -0.096036
3742 3.292756
3743 6.357562
3744 6.101691
3745 4.233473
3746 4.033696
3747 4.279774
3748 3.826861
3749 4.280728
3750 4.038175
3751 3.866068
3752 3.019355
3753 2.489907
3754 1.998663
3755 0.869914
3756 0.907397
3757 0.785756
3758 1.491092
3759 2.431533
3760 0.868054
3761 -0.430088
3762 -1.189171
3763 -0.812392
3764 0.215076
3765 0.357580
3766 1.650707
3767 2.958383
3768 2.224286
3769 1.432403
3770 0.526238
3771 -0.243855
3772 -1.285879
3773 -2.066142
3774 -2.654434
3775 -3.625090
3776 -3.517399
3777 -4.141450
3778 -4.647845
3779 -4.785343
3780 -5.683705
3781 -6.311843
3782 -6.717257
3783 -8.050709
3784 -7.883373
3785 -7.206866
3786 -6.362281
3787 -6.805145
3788 -7.677888
3789 -8.729939
3790 -8.597383
3791 -7.559657
3792 -6.613031
3793 -5.676818
3794 -3.249432
3795 -3.505904
3796 -2.633721
3797 -3.097212
3798 -2.413323
3799 -3.348650
3800 -4.725097
3801 -7.857786
3802 -8.656379
3803 -10.170581
3804 -10.600991
3805 -9.522654
3806 -9.206114
3807 -7.690493
3808 -5.542918
3809 -8.290986
3810 -8.569377
3811 -7.184261
3812 -6.174525
3813 -5.858786
3814 -5.468089
3815 -4.942653
3816 -5.014452
3817 -2.725095
3818 -2.477804
3819 -3.266086
3820 -1.438497
3821 -2.071335
3822 -1.930325
3823 -1.059073
3824 -1.137154
3825 -3.016193
3826 -3.057427
3827 -3.732591
3828 -4.602096
3829 -3.778333
3830 -3.686393
3831 -1.758209
3832 -4.070379
3833 -5.328938
3834 -4.843214
3835 -5.468139
3836 -5.743288
3837 -6.405762
3838 -6.719687
3839 -7.167393
3840 -8.281310
3841 -9.305613
3842 -9.857953
3843 -9.421651
3844 -8.984914
3845 -10.960174
3846 -11.822643
3847 -10.932159
3848 -9.074704
3849 -9.505838
3850 -10.093396
3851 -11.145655
3852 -10.787091
3853 -11.830963
3854 -13.074243
3855 -13.194585
3856 -13.696857
3857 -13.661023
3858 -13.831731
3859 -12.351910
3860 -10.460011
3861 -9.187884
3862 -7.493730
3863 -6.159225
3864 -7.245085
3865 -7.984230
3866 -7.501640
3867 -8.161186
3868 -10.525871
3869 -11.728460
3870 -11.622364
3871 -11.968744
3872 -12.579994
3873 -14.588853
3874 -14.413374
3875 -13.978334
3876 -13.020609
3877 -12.293970
3878 -11.797967
3879 -11.052876
3880 -10.878636
3881 -11.714702
3882 -12.938044
3883 -13.724420
3884 -13.940392
3885 -14.647416
3886 -13.212167
3887 -12.046519
3888 -11.361800
3889 -10.683523
3890 -10.101050
3891 -9.169060
3892 -7.376280
3893 -8.483164
3894 -8.678625
3895 -8.730886
3896 -8.574009
3897 -7.108784
3898 -6.061230
3899 -5.846140
3900 -6.789019
3901 -6.209429
3902 -5.287222
3903 -4.604378
3904 -3.617315
3905 -2.956030
3906 -3.577275
3907 -4.318012
3908 -4.977124
3909 -2.630463
3910 -1.326233
3911 -2.064044
3912 -1.706658
3913 -0.864842
3914 0.039446
3915 0.427598
3916 1.213967
3917 0.154132
3918 -1.035982
3919 0.035963
3920 3.091332
3921 3.012575
3922 3.329750
3923 2.467851
3924 -0.555697
3925 -1.179438
3926 -0.388755
3927 -1.152935
3928 -0.031020
3929 -0.084089
3930 -0.454041
3931 0.185193
3932 -0.468737
3933 -1.938190
3934 -1.934250
3935 -1.285919
3936 -0.741397
3937 -0.421661
3938 -0.309613
3939 2.715374
3940 2.555782
3941 2.099131
3942 -0.110372
3943 -1.032408
3944 -1.524160
3945 -1.429620
3946 -1.313263
3947 -1.501774
3948 -3.619147
3949 -3.681649
3950 -3.636583
3951 -4.382479
3952 -3.781359
3953 -4.063735
3954 -3.964940
3955 -0.734180
3956 0.502400
3957 0.191638
3958 -0.728382
3959 -2.218401
3960 -2.118360
3961 -3.485151
3962 -5.087416
3963 -4.680332
3964 -5.244285
3965 -4.318503
3966 -4.189109
3967 -3.374433
3968 -5.842573
3969 -8.612232
3970 -8.892181
3971 -7.239158
3972 -7.010675
3973 -6.589285
3974 -5.536126
3975 -6.531433
3976 -7.228079
3977 -6.384798
3978 -7.275100
3979 -7.838985
3980 -5.481584
3981 -5.890609
3982 -5.270436
3983 -5.254954
3984 -5.442758
3985 -6.590088
3986 -7.423627
3987 -7.076739
3988 -4.719319
3989 -4.641905
3990 -6.027104
3991 -8.268701
3992 -8.977280
3993 -11.088499
3994 -10.393561
3995 -11.151836
3996 -10.690261
3997 -9.897989
3998 -10.356973
3999 -10.651953
4000 -9.301301
4001 -9.065617
4002 -8.834955
4003 -9.193265
4004 -10.376141
4005 -11.291172
4006 -12.052573
4007 -12.586816
4008 -12.598303
4009 -11.543007
4010 -10.891336
4011 -11.217334
4012 -13.051109
4013 -15.876294
4014 -14.440877
4015 -14.307875
4016 -13.803210
4017 -13.567757
4018 -12.735049
4019 -12.575162
4020 -11.718752
4021 -12.105426
4022 -12.872352
4023 -14.193734
4024 -14.544964
4025 -13.798706
4026 -12.923732
4027 -12.099009
4028 -11.472169
4029 -11.197371
4030 -10.999651
4031 -10.242487
4032 -8.520301
4033 -8.574107
4034 -9.389800
4035 -10.568687
4036 -12.157961
4037 -10.906658
4038 -10.289535
4039 -10.250965
4040 -11.118010
4041 -13.078983
4042 -13.215788
4043 -14.018449
4044 -12.503688
4045 -11.114223
4046 -10.176231
4047 -9.625114
4048 -9.541214
4049 -9.016856
4050 -9.370992
4051 -8.808062
4052 -8.655967
4053 -9.068935
4054 -9.816646
4055 -10.589202
4056 -10.419224
4057 -9.997086
4058 -8.776997
4059 -9.726930
4060 -9.524295
4061 -8.484959
4062 -8.181367
4063 -8.739763
4064 -9.293688
4065 -9.885155
4066 -9.499070
4067 -10.353863
4068 -9.818156
4069 -8.848264
4070 -8.083341
4071 -7.872798
4072 -8.381594
4073 -9.709237
4074 -10.971800
4075 -10.366013
4076 -7.453823
4077 -7.430124
4078 -6.630738
4079 -6.118385
4080 -6.086572
4081 -5.111811
4082 -4.951808
4083 -5.653935
4084 -6.613675
4085 -7.941123
4086 -8.806374
4087 -7.496216
4088 -5.984097
4089 -6.901035
4090 -6.254383
4091 -6.738297
4092 -7.116994
4093 -7.014582
4094 -6.079819
4095 -4.973428
4096 -4.907904
4097 -4.738268
4098 -4.763831
4099 -5.618174
4100 -5.642480
4101 -6.815144
4102 -5.991727
4103 -5.042335
4104 -4.942249
4105 -4.519614
4106 -6.508509
4107 -6.012615
4108 -5.271003
4109 -5.039103
4110 -4.523950
4111 -4.071999
4112 -3.472852
4113 -4.504930
4114 -5.384356
4115 -5.310392
4116 -5.216054
4117 -5.320074
4118 -5.014372
4119 -5.085053
4120 -4.679034
4121 -4.250370
4122 -6.282110
4123 -7.332758
4124 -7.934021
4125 -8.760361
4126 -9.367634
4127 -11.133904
4128 -12.169409
4129 -12.369116
4130 -12.092224
4131 -10.967873
4132 -10.701283
4133 -10.191492
4134 -11.199255
4135 -14.372637
4136 -12.737412
4137 -12.581029
4138 -12.335622
4139 -11.736404
4140 -11.179061
4141 -10.582529
4142 -11.318758
4143 -11.732374
4144 -12.768430
4145 -13.032045
4146 -13.745014
4147 -14.116925
4148 -13.255139
4149 -14.914269
4150 -15.448306
4151 -14.731808
4152 -14.480723
4153 -13.991967
4154 -13.643832
4155 -13.661241
4156 -13.291858
4157 -14.021545
4158 -13.834520
4159 -12.828502
4160 -13.905022
4161 -13.787654
4162 -11.911075
4163 -11.959998
4164 -11.737012
4165 -11.011847
4166 -10.458217
4167 -10.013633
4168 -9.296210
4169 -11.828356
4170 -12.016099
4171 -12.910823
4172 -13.711021
4173 -14.351729
4174 -15.286815
4175 -15.729357
4176 -15.776721
4177 -15.474632
4178 -15.886597
4179 -15.950435
4180 -15.099514
4181 -12.041292
4182 -9.867618
4183 -10.350322
4184 -10.979447
4185 -11.468307
4186 -12.321825
4187 -14.299995
4188 -14.649010
4189 -14.423326
4190 -14.769796
4191 -13.405514
4192 -13.422400
4193 -13.073866
4194 -11.914167
4195 -11.128180
4196 -10.716462
4197 -9.773354
4198 -9.086848
4199 -8.679298
4200 -11.358534
4201 -10.407200
4202 -8.424986
4203 -6.170700
4204 -5.827278
4205 -6.076071
4206 -5.067385
4207 -5.109262
4208 -6.827803
4209 -6.106597
4210 -3.976740
4211 -2.805754
4212 -2.388318
4213 -3.308377
4214 -3.793578
4215 -4.504707
4216 -5.921505
4217 -5.030113
4218 -4.866885
4219 -5.819803
4220 -5.373204
4221 -3.210458
4222 -4.094470
4223 -4.102894
4224 -6.672349
4225 -8.278064
4226 -8.378489
4227 -9.507110
4228 -10.462994
4229 -11.217773
4230 -10.853210
4231 -10.594519
4232 -10.419034
4233 -9.851220
4234 -8.946065
4235 -7.496261
4236 -3.990167
4237 -5.528960
4238 -6.312735
4239 -6.918653
4240 -7.628548
4241 -7.701181
4242 -7.753979
4243 -7.767079
4244 -7.774707
4245 -7.241230
4246 -6.615523
4247 -7.298934
4248 -8.985119
4249 -7.330637
4250 -5.781569
4251 -5.191821
4252 -4.942168
4253 -6.446012
4254 -7.021152
4255 -6.604799
4256 -6.540398
4257 -5.702633
4258 -4.787074
4259 -4.884152
4260 -5.192045
4261 -5.739681
4262 -6.049469
4263 -5.527274
4264 -4.516135
4265 -4.596295
4266 -5.321291
4267 -7.259892
4268 -6.343074
4269 -5.354285
4270 -3.934722
4271 -2.129994
4272 -1.386404
4273 -1.322421
4274 -2.123489
4275 -1.325286
4276 -0.800190
4277 -0.517118
4278 -1.814896
4279 -1.502899
4280 -1.306829
4281 -1.155911
4282 -0.362279
4283 -1.004078
4284 0.500555
4285 -1.043348
4286 -2.155168
4287 -1.458158
4288 -0.105405
4289 0.955877
4290 -0.589081
4291 -3.062392
4292 -3.800288
4293 -3.915196
4294 -5.471723
4295 -6.317206
4296 -7.996516
4297 -7.363844
4298 -9.875753
4299 -10.703750
4300 -10.867382
4301 -10.664143
4302 -8.924253
4303 -8.924169
4304 -9.653116
4305 -10.357514
4306 -10.411827
4307 -8.613467
4308 -8.898859
4309 -9.722646
4310 -8.988816
4311 -8.605519
4312 -9.056086
4313 -8.639341
4314 -7.623074
4315 -7.912812
4316 -8.178750
4317 -6.871645
4318 -7.101986
4319 -6.360316
4320 -6.363973
4321 -7.295800
4322 -7.735135
4323 -8.140557
4324 -8.926452
4325 -9.221367
4326 -11.120208
4327 -12.001666
4328 -12.957476
4329 -13.283997
4330 -13.020723
4331 -13.687692
4332 -14.496315
4333 -14.521397
4334 -13.302048
4335 -12.646744
4336 -12.447686
4337 -14.130264
4338 -13.421232
4339 -14.197515
4340 -14.418659
4341 -13.873607
4342 -12.374342
4343 -14.817837
4344 -14.139779
4345 -14.066058
4346 -13.866442
4347 -13.595446
4348 -12.939062
4349 -12.433031
4350 -11.302109
4351 -10.909288
4352 -9.851424
4353 -9.908426
4354 -10.039808
4355 -11.921999
4356 -12.989747
4357 -13.897743
4358 -15.843866
4359 -15.170819
4360 -14.260318
4361 -15.095542
4362 -13.625528
4363 -12.933864
4364 -12.869731
4365 -12.360721
4366 -12.240465
4367 -11.964919
4368 -13.774214
4369 -11.788111
4370 -10.159036
4371 -10.221682
4372 -9.272522
4373 -8.294801
4374 -7.438381
4375 -7.549861
4376 -7.597719
4377 -8.474257
4378 -8.548313
4379 -9.646524
4380 -8.821363
4381 -9.191212
4382 -10.024204
4383 -10.827516
4384 -10.804726
4385 -10.358910
4386 -10.266839
4387 -10.951020
4388 -10.110645
4389 -9.229040
4390 -9.338642
4391 -8.479408
4392 -8.704080
4393 -7.984514
4394 -7.869112
4395 -7.097588
4396 -6.221583
4397 -6.766778
4398 -7.426305
4399 -8.455550
4400 -9.197416
4401 -8.163831
4402 -7.750664
4403 -7.947437
4404 -7.671941
4405 -7.247420
4406 -6.275298
4407 -6.542477
4408 -7.258326
4409 -7.628663
4410 -6.750171
4411 -6.654558
4412 -7.724494
4413 -8.610364
4414 -8.964131
4415 -8.319313
4416 -7.570338
4417 -6.714358
4418 -6.434276
4419 -6.816824
4420 -5.872996
4421 -5.331261
4422 -5.730382
4423 -5.607541
4424 -5.628033
4425 -4.601738
4426 -3.816627
4427 -4.255248
4428 -4.626704
4429 -3.253276
4430 -3.273094
4431 -4.078956
4432 -4.915945
4433 -4.321669
4434 -4.297309
4435 -1.602904
4436 0.993747
4437 1.829843
4438 2.979975
4439 1.626114
4440 1.141043
4441 1.116519
4442 0.482434
4443 -0.526053
4444 -1.635503
4445 -1.489405
4446 -1.842229
4447 -0.924510
4448 -0.602740
4449 0.162042
4450 -0.337380
4451 -1.167085
4452 -1.467198
4453 -2.274547
4454 -2.482952
4455 -2.784148
4456 -3.036119
4457 -2.604432
4458 -1.922576
4459 -0.237289
4460 0.527452
4461 0.142867
4462 -0.184204
4463 0.784205
4464 0.271696
4465 -0.346329
4466 -0.927826
4467 -0.964669
4468 -0.728991
4469 -0.114981
4470 -1.009238
4471 -1.860698
4472 -2.636747
4473 -3.195311
4474 -3.286512
4475 -3.209985
4476 -2.819539
4477 -1.808275
4478 -1.585847
4479 -1.782233
4480 -1.803374
4481 -1.866886
4482 -1.145109
4483 -0.317745
4484 -0.608191
4485 0.073044
4486 0.331691
4487 0.933947
4488 0.635681
4489 0.994857
4490 2.140215
4491 2.134052
4492 3.067316
4493 3.086048
4494 4.067290
4495 5.129884
4496 5.989969
4497 6.166594
4498 5.823947
4499 5.817965
4500 4.681390
4501 4.496770
4502 3.767891
4503 4.208711
4504 3.976119
4505 3.131643
4506 3.927610
4507 5.199922
4508 3.704594
4509 3.949458
4510 3.642211
4511 3.540512
4512 3.632104
4513 4.017145
4514 4.756469
4515 4.113931
4516 3.775360
4517 3.204062
4518 3.505177
4519 4.360589
4520 3.542991
4521 3.180819
4522 1.876168
4523 2.019850
4524 1.512175
4525 1.216565
4526 0.694687
4527 0.099955
4528 -0.383305
4529 -0.380646
4530 -0.283627
4531 0.503263
4532 -0.104079
4533 0.099530
4534 -0.688961
4535 -1.783853
4536 -2.428221
4537 -2.992048
4538 -2.187819
4539 -3.131616
4540 -2.886554
4541 -3.139906
4542 -2.138100
4543 -1.417913
4544 -1.240255
4545 -0.718826
4546 0.237832
4547 0.844227
4548 1.695076
4549 1.714541
4550 0.756605
4551 1.333609
4552 1.171481
4553 0.447853
4554 0.393980
4555 -0.704017
4556 -2.590774
4557 -3.320548
4558 -2.418637
4559 -2.491268
4560 -3.119395
4561 -3.085867
4562 -2.428673
4563 -1.499837
4564 0.798223
4565 2.142930
4566 0.737236
4567 1.311259
4568 1.334916
4569 0.542121
4570 -0.472359
4571 -0.799991
4572 -0.139679
4573 -0.570277
4574 -0.090131
4575 0.409190
4576 1.527647
4577 2.367804
4578 2.451490
4579 3.464888
4580 3.518994
4581 2.494794
4582 2.687463
4583 1.890294
4584 1.559695
4585 0.878614
4586 1.077540
4587 0.612652
4588 0.273839
4589 -0.395103
4590 -0.514970
4591 -0.779023
4592 -1.701560
4593 -1.583335
4594 -1.916009
4595 -2.256873
4596 -2.261659
4597 -2.377443
4598 -3.441812
4599 -4.126480
4600 -4.873641
4601 -4.999376
4602 -5.211763
4603 -6.076812
4604 -5.095206
4605 -4.726358
4606 -5.929525
4607 -6.326426
4608 -7.671748
4609 -7.379149
4610 -6.432220
4611 -6.846623
4612 -7.231777
4613 -6.945456
4614 -6.070791
4615 -5.135660
4616 -5.043712
4617 -5.210151
4618 -4.134498
4619 -3.110946
4620 -2.946571
4621 -3.212143
4622 -2.729990
4623 -2.117608
4624 -2.612669
4625 -2.908395
4626 -3.763103
4627 -3.026675
4628 -2.327940
4629 -2.969906
4630 -4.045339
4631 -3.604309
4632 -4.305284
4633 -4.473927
4634 -4.317754
4635 -4.401977
4636 -3.521451
4637 -3.267289
4638 -4.473184
4639 -4.000449
4640 -5.390669
4641 -6.068178
4642 -6.605527
4643 -6.108390
4644 -4.757479
4645 -5.636422
4646 -4.755644
4647 -3.783695
4648 -3.147023
4649 -2.199440
4650 -1.880955
4651 -1.039981
4652 -0.280418
4653 -0.204093
4654 0.330041
4655 0.242332
4656 -2.725930
4657 -2.234780
4658 -2.794189
4659 -1.815927
4660 -0.862132
4661 -0.776750
4662 -0.611208
4663 0.258762
4664 0.565991
4665 -2.353889
4666 -0.482120
4667 -1.477379
4668 -1.154682
4669 -0.820671
4670 -1.742048
4671 -2.259279
4672 -1.556150
4673 -2.052106
4674 -1.565796
4675 -3.529911
4676 -3.995457
4677 -4.851023
4678 -5.911029
4679 -5.972934
4680 -6.658898
4681 -6.749858
4682 -7.732091
4683 -8.671991
4684 -9.394131
4685 -8.755534
4686 -8.404093
4687 -9.171575
4688 -8.869790
4689 -9.679711
4690 -10.070158
4691 -10.397406
4692 -10.277457
4693 -10.967593
4694 -11.077438
4695 -10.970430
4696 -10.111540
4697 -8.357059
4698 -9.139917
4699 -10.753436
4700 -10.971625
4701 -10.514821
4702 -11.456165
4703 -10.909528
4704 -10.130374
4705 -9.583882
4706 -10.022788
4707 -9.733655
4708 -9.067437
4709 -9.084650
4710 -9.597579
4711 -10.229908
4712 -10.088125
4713 -9.177194
4714 -6.863227
4715 -6.343443
4716 -4.435947
4717 -2.499784
4718 -2.336510
4719 -3.131983
4720 -4.279004
4721 -4.927552
4722 -4.723698
4723 -3.808750
4724 -3.307269
4725 -3.924556
4726 -4.936141
4727 -5.582244
4728 -6.263606
4729 -6.016951
4730 -6.874529
4731 -7.976576
4732 -7.611054
4733 -7.401378
4734 -5.293372
4735 -6.429305
4736 -6.765011
4737 -6.807309
4738 -7.706408
4739 -7.591338
4740 -8.055981
4741 -8.282066
4742 -7.653265
4743 -7.854536
4744 -8.451186
4745 -8.782960
4746 -8.082616
4747 -7.259693
4748 -6.630781
4749 -7.494992
4750 -7.833786
4751 -7.092424
4752 -6.238981
4753 -5.890757
4754 -5.720381
4755 -4.705064
4756 -5.159033
4757 -6.077743
4758 -6.343393
4759 -7.362905
4760 -7.297049
4761 -8.285764
4762 -8.312796
4763 -9.150446
4764 -9.871791
4765 -10.811187
4766 -11.392695
4767 -11.437771
4768 -10.496939
4769 -10.573247
4770 -9.641747
4771 -9.597182
4772 -9.885214
4773 -9.580976
4774 -8.514920
4775 -8.690123
4776 -8.757415
4777 -9.455057
4778 -9.832069
4779 -9.991169
4780 -10.892734
4781 -10.988568
4782 -10.595170
4783 -11.012058
4784 -10.846932
4785 -10.463549
4786 -9.587556
4787 -8.399722
4788 -8.838364
4789 -7.967680
4790 -7.398097
4791 -7.619466
4792 -7.426190
4793 -7.879235
4794 -6.791990
4795 -7.003273
4796 -7.683647
4797 -7.809050
4798 -8.523462
4799 -8.011308
4800 -8.921220
4801 -9.259717
4802 -9.815246
4803 -10.460291
4804 -11.151473
4805 -10.247807
4806 -9.376871
4807 -8.683084
4808 -7.218905
4809 -6.714188
4810 -7.664479
4811 -7.962843
4812 -7.491487
4813 -7.139880
4814 -6.112096
4815 -5.405220
4816 -4.506062
4817 -4.700785
4818 -5.256884
4819 -5.542239
4820 -5.842924
4821 -6.697932
4822 -7.873141
4823 -8.476999
4824 -8.485162
4825 -8.005886
4826 -7.392367
4827 -6.657247
4828 -6.889791
4829 -7.214851
4830 -7.490537
4831 -7.253242
4832 -7.601155
4833 -7.772783
4834 -6.833589
4835 -6.973558
4836 -7.876887
4837 -7.767515
4838 -8.140386
4839 -7.235476
4840 -8.209056
4841 -8.452781
4842 -7.403687
4843 -7.533518
4844 -7.814675
4845 -7.321414
4846 -6.666794
4847 -6.612593
4848 -7.313030
4849 -8.467620
4850 -9.476358
4851 -9.689085
4852 -8.698073
4853 -7.763787
4854 -8.220042
4855 -9.010368
4856 -8.411609
4857 -8.073261
4858 -8.567170
4859 -8.644334
4860 -9.663384
4861 -9.209870
4862 -8.524117
4863 -7.972684
4864 -8.034818
4865 -8.159604
4866 -8.896343
4867 -9.181527
4868 -8.917642
4869 -9.727932
4870 -10.572156
4871 -10.915410
4872 -11.700345
4873 -12.109938
4874 -12.213529
4875 -12.650876
4876 -12.402986
4877 -13.321834
4878 -13.240157
4879 -13.324061
4880 -12.925194
4881 -12.550856
4882 -11.606507
4883 -11.251346
4884 -12.166136
4885 -12.211630
4886 -11.586528
4887 -12.311802
4888 -11.582163
4889 -10.724362
4890 -10.807396
4891 -9.844304
4892 -9.741743
4893 -8.909534
4894 -9.574558
4895 -9.225794
4896 -9.028675
4897 -7.989296
4898 -7.460436
4899 -7.560465
4900 -7.014109
4901 -6.179853
4902 -5.690339
4903 -5.666470
4904 -4.910678
4905 -4.201907
4906 -4.882386
4907 -4.162607
4908 -3.666133
4909 -2.989980
4910 -2.221640
4911 -3.154977
4912 -4.156751
4913 -3.429543
4914 -4.224586
4915 -5.122470
4916 -4.991773
4917 -5.169659
4918 -5.178013
4919 -4.213365
4920 -4.416057
4921 -3.897877
4922 -3.962310
4923 -3.038671
4924 -2.895415
4925 -2.669156
4926 -2.896512
4927 -3.159521
4928 -2.336046
4929 -2.400393
4930 -2.835028
4931 -3.127285
4932 -3.912855
4933 -4.017898
4934 -4.956106
4935 -5.446138
4936 -4.686245
4937 -4.821796
4938 -4.595152
4939 -4.502984
4940 -5.040259
4941 -5.715494
4942 -4.862632
4943 -4.900987
4944 -4.275873
4945 -2.663067
4946 -0.885232
4947 -0.551003
4948 -0.360943
4949 -1.479890
4950 -1.529094
4951 -0.984564
4952 -0.051754
4953 0.679194
4954 1.455796
4955 0.516320
4956 -0.119754
4957 -0.436488
4958 -1.469156
4959 -1.743705
4960 -1.231048
4961 -2.008549
4962 -1.857427
4963 -1.114184
4964 -0.584406
4965 -0.811221
4966 -0.717897
4967 -1.614260
4968 -2.074121
4969 -2.776292
4970 -3.391340
4971 -1.740804
4972 -1.829583
4973 -1.615232
4974 -1.262727
4975 -1.151777
4976 -1.455932
4977 -2.068380
4978 -3.094411
4979 -3.078326
4980 -2.701475
4981 -2.200431
4982 -1.270152
4983 -2.005696
4984 -1.074896
4985 -0.252846
4986 -0.841687
4987 0.055329
4988 0.345363
4989 1.537007
4990 1.874622
4991 2.620058
4992 1.993482
4993 1.431473
4994 0.485095
4995 0.492935
4996 0.463571
4997 -0.140533
4998 0.243070
4999 -0.651786
5000 -1.425233
5001 -1.123244
5002 -2.157481
5003 -3.106130
5004 -3.230081
5005 -3.070851
5006 -1.728744
5007 -1.386031
5008 -2.213917
5009 -2.736068
5010 -3.147030
5011 -3.845714
5012 -3.415372
5013 -3.786115
5014 -2.989292
5015 -3.548445
5016 -4.566405
5017 -4.975485
5018 -5.711609
5019 -6.337680
5020 -6.230546
5021 -6.801543
5022 -7.776683
5023 -9.074894
5024 -10.346498
5025 -8.560521
5026 -9.146995
5027 -9.415104
5028 -10.126261
5029 -9.057709
5030 -8.644495
5031 -9.471502
5032 -7.642885
5033 -6.321296
5034 -4.516892
5035 -5.341419
5036 -7.223551
5037 -9.407221
5038 -10.223126
5039 -10.359837
5040 -10.092558
5041 -9.328794
5042 -9.150148
5043 -9.020351
5044 -11.672157
5045 -13.435244
5046 -12.656266
5047 -12.363793
5048 -11.188945
5049 -11.562282
5050 -12.257847
5051 -13.088630
5052 -13.206454
5053 -12.552780
5054 -13.598604
5055 -13.101625
5056 -13.097036
5057 -14.661969
5058 -14.260872
5059 -15.848688
5060 -16.313756
5061 -15.911941
5062 -15.395282
5063 -14.753481
5064 -13.658778
5065 -13.767978
5066 -14.169206
5067 -13.574972
5068 -13.432063
5069 -11.333490
5070 -11.381589
5071 -11.634867
5072 -12.142013
5073 -12.950842
5074 -12.103865
5075 -12.613451
5076 -14.348875
5077 -10.638143
5078 -10.280295
5079 -8.624310
5080 -7.231898
5081 -7.471808
5082 -7.262059
5083 -7.969280
5084 -7.007174
5085 -6.714367
5086 -5.990671
5087 -5.551456
5088 -4.732265
5089 -4.083617
5090 -3.680700
5091 -2.787536
5092 -4.038165
5093 -4.964342
5094 -4.551407
5095 -4.152011
5096 -4.758585
5097 -8.206654
5098 -6.988518
5099 -7.331466
5100 -7.613421
5101 -7.993379
5102 -6.989257
5103 -4.532869
5104 -4.995972
5105 -4.714044
5106 -2.402738
5107 0.752915
5108 2.755414
5109 2.141037
5110 2.489813
5111 2.412305
5112 3.055519
5113 3.991028
5114 4.448838
5115 4.777663
5116 3.875881
5117 3.723368
5118 4.944362
5119 4.874156
5120 4.401957
5121 5.114526
5122 5.511878
5123 3.917829
5124 2.291609
5125 2.275624
5126 2.047374
5127 0.924447
5128 0.148986
5129 1.034351
5130 1.524569
5131 1.866675
