0.000000
1.000000
1.000000
1.000000
2.000000
2.000000
2.000000
3.000000
3.000000
3.000000
3.000000
3.000000
4.000000
5.000000
5.000000
5.000000
5.000000
5.000000
5.000000
6.000000
7.000000
7.000000
7.000000
7.000000
7.000000
8.000000
9.000000
9.000000
9.000000
9.000000
9.000000
9.000000
10.000000
10.000000
10.000000
10.000000
10.000000
10.000000
11.000000
11.000000
12.000000
12.000000
12.000000
12.000000
12.000000
12.000000
12.000000
13.000000
14.000000
15.000000
15.000000
15.000000
15.000000
15.000000
15.000000
15.000000
16.000000
16.000000
16.000000
18.000000
18.000000
19.000000
19.000000
19.000000
19.000000
21.000000
21.000000
21.000000
21.000000
22.000000
22.000000
23.000000
26.000000
28.000000
28.000000
29.000000
29.000000
29.000000
30.000000
30.000000
30.000000
32.000000
32.000000
32.000000
32.000000
32.000000
33.000000
34.000000
34.000000
37.000000
37.000000
40.000000
41.000000
41.000000
41.000000
44.000000
45.000000
49.000000
49.000000
52.000000
53.000000
56.000000
58.000000
58.000000
61.000000
61.000000
62.000000
65.000000
73.000000
78.000000
78.000000
79.000000
81.000000
89.000000
93.000000
95.000000
98.000000
103.000000
104.000000
122.000000
126.000000
127.000000
128.000000
152.000000
158.000000
196.000000
216.000000
237.000000
415.000000
437.000000
478.000000
508.000000
530.000000
541.000000
568.000000
592.000000
619.000000
662.000000
679.000000
733.000000
753.000000
779.000000
871.000000
908.000000
946.000000
979.000000
1020.000000
1033.000000
1153.000000
1245.000000
1341.000000
1374.000000
