0.000000
0.000000
2.000000
2.000000
2.000000
2.000000
3.000000
3.000000
3.000000
3.000000
3.000000
4.000000
4.000000
4.000000
4.000000
4.000000
5.000000
5.000000
5.000000
5.000000
5.000000
6.000000
6.000000
6.000000
7.000000
7.000000
7.000000
7.000000
7.000000
8.000000
8.000000
8.000000
9.000000
9.000000
9.000000
9.000000
10.000000
10.000000
10.000000
10.000000
10.000000
11.000000
11.000000
12.000000
12.000000
13.000000
13.000000
13.000000
13.000000
13.000000
14.000000
14.000000
15.000000
15.000000
16.000000
17.000000
17.000000
17.000000
18.000000
18.000000
19.000000
19.000000
20.000000
20.000000
21.000000
21.000000
21.000000
22.000000
27.000000
28.000000
28.000000
30.000000
30.000000
34.000000
35.000000
35.000000
35.000000
37.000000
41.000000
42.000000
43.000000
44.000000
45.000000
50.000000
50.000000
51.000000
53.000000
56.000000
59.000000
60.000000
61.000000
67.000000
73.000000
78.000000
80.000000
87.000000
92.000000
96.000000
100.000000
103.000000
105.000000
106.000000
107.000000
115.000000
116.000000
117.000000
121.000000
132.000000
132.000000
139.000000
153.000000
162.000000
164.000000
171.000000
177.000000
187.000000
187.000000
221.000000
253.000000
277.000000
312.000000
328.000000
398.000000
440.000000
474.000000
493.000000
519.000000
631.000000
706.000000
728.000000
787.000000
827.000000
855.000000
939.000000
967.000000
1029.000000
1098.000000
1141.000000
1227.000000
1251.000000
1298.000000
1439.000000
1551.000000
1579.000000
1674.000000
1702.000000
1748.000000
1816.000000
1846.000000
1866.000000
1891.000000
1922.000000
