0.000000
0.000000
0.000000
0.000000
1.000000
1.000000
1.000000
1.000000
1.000000
2.000000
2.000000
2.000000
2.000000
3.000000
3.000000
3.000000
3.000000
3.000000
3.000000
4.000000
4.000000
4.000000
4.000000
4.000000
5.000000
5.000000
5.000000
6.000000
6.000000
6.000000
7.000000
7.000000
7.000000
7.000000
7.000000
7.000000
7.000000
7.000000
7.000000
7.000000
7.000000
7.000000
8.000000
9.000000
9.000000
9.000000
9.000000
9.000000
9.000000
10.000000
10.000000
10.000000
10.000000
11.000000
11.000000
11.000000
11.000000
11.000000
11.000000
11.000000
11.000000
12.000000
12.000000
12.000000
12.000000
12.000000
13.000000
13.000000
13.000000
14.000000
14.000000
14.000000
14.000000
15.000000
15.000000
15.000000
16.000000
16.000000
16.000000
16.000000
16.000000
16.000000
16.000000
17.000000
17.000000
17.000000
20.000000
20.000000
20.000000
20.000000
21.000000
21.000000
21.000000
22.000000
23.000000
24.000000
24.000000
26.000000
27.000000
28.000000
29.000000
29.000000
30.000000
31.000000
32.000000
33.000000
37.000000
38.000000
38.000000
38.000000
39.000000
41.000000
42.000000
44.000000
44.000000
45.000000
47.000000
47.000000
48.000000
49.000000
50.000000
52.000000
52.000000
54.000000
58.000000
58.000000
69.000000
71.000000
75.000000
78.000000
79.000000
84.000000
86.000000
91.000000
92.000000
94.000000
108.000000
122.000000
123.000000
153.000000
169.000000
177.000000
256.000000
301.000000
326.000000
339.000000
363.000000
400.000000
420.000000
456.000000
503.000000
531.000000
