0.000000
0.000000
0.000000
1.000000
1.000000
1.000000
1.000000
1.000000
1.000000
2.000000
2.000000
2.000000
2.000000
2.000000
2.000000
2.000000
3.000000
3.000000
4.000000
4.000000
4.000000
4.000000
5.000000
6.000000
6.000000
6.000000
7.000000
7.000000
7.000000
7.000000
8.000000
8.000000
9.000000
9.000000
10.000000
11.000000
11.000000
11.000000
11.000000
12.000000
12.000000
12.000000
13.000000
13.000000
13.000000
14.000000
14.000000
14.000000
15.000000
15.000000
15.000000
15.000000
17.000000
17.000000
17.000000
17.000000
17.000000
18.000000
19.000000
19.000000
20.000000
20.000000
20.000000
21.000000
21.000000
21.000000
22.000000
24.000000
25.000000
25.000000
25.000000
27.000000
27.000000
27.000000
28.000000
28.000000
30.000000
32.000000
33.000000
34.000000
37.000000
37.000000
39.000000
39.000000
39.000000
40.000000
40.000000
41.000000
41.000000
41.000000
41.000000
43.000000
45.000000
46.000000
48.000000
55.000000
57.000000
57.000000
59.000000
61.000000
63.000000
64.000000
66.000000
71.000000
72.000000
72.000000
76.000000
83.000000
85.000000
89.000000
92.000000
95.000000
99.000000
114.000000
118.000000
136.000000
137.000000
138.000000
155.000000
179.000000
187.000000
205.000000
360.000000
384.000000
415.000000
462.000000
498.000000
584.000000
598.000000
627.000000
653.000000
689.000000
819.000000
1196.000000
1216.000000
1237.000000
1415.000000
1437.000000
1478.000000
1508.000000
1530.000000
1541.000000
1568.000000
1592.000000
1619.000000
1662.000000
1679.000000
1733.000000
1753.000000
1779.000000
1871.000000
1908.000000
