0.000000
0.000000
1.000000
1.000000
1.000000
1.000000
1.000000
2.000000
2.000000
2.000000
2.000000
2.000000
3.000000
3.000000
3.000000
4.000000
4.000000
5.000000
5.000000
5.000000
5.000000
5.000000
6.000000
6.000000
6.000000
6.000000
6.000000
6.000000
6.000000
7.000000
7.000000
7.000000
7.000000
8.000000
8.000000
9.000000
9.000000
9.000000
10.000000
10.000000
10.000000
10.000000
10.000000
11.000000
11.000000
11.000000
11.000000
11.000000
12.000000
12.000000
12.000000
12.000000
13.000000
13.000000
14.000000
14.000000
14.000000
14.000000
14.000000
16.000000
17.000000
17.000000
18.000000
18.000000
18.000000
19.000000
19.000000
19.000000
20.000000
21.000000
22.000000
22.000000
23.000000
24.000000
24.000000
25.000000
26.000000
27.000000
27.000000
30.000000
30.000000
33.000000
33.000000
33.000000
34.000000
34.000000
35.000000
37.000000
38.000000
44.000000
46.000000
47.000000
59.000000
60.000000
62.000000
63.000000
64.000000
70.000000
73.000000
77.000000
82.000000
85.000000
90.000000
93.000000
106.000000
110.000000
118.000000
120.000000
144.000000
155.000000
157.000000
164.000000
171.000000
181.000000
185.000000
231.000000
299.000000
329.000000
349.000000
374.000000
405.000000
431.000000
457.000000
472.000000
534.000000
562.000000
575.000000
602.000000
633.000000
654.000000
699.000000
718.000000
760.000000
791.000000
886.000000
923.000000
965.000000
1000.000000
1027.000000
1058.000000
1079.000000
1123.000000
1256.000000
1301.000000
1326.000000
1339.000000
1363.000000
1400.000000
1420.000000
1456.000000
1503.000000
1531.000000
