0.000000
0.000000
0.000000
1.000000
1.000000
1.000000
2.000000
2.000000
2.000000
2.000000
3.000000
3.000000
4.000000
4.000000
4.000000
4.000000
4.000000
5.000000
5.000000
5.000000
6.000000
6.000000
6.000000
6.000000
6.000000
6.000000
7.000000
7.000000
7.000000
8.000000
8.000000
8.000000
8.000000
8.000000
8.000000
9.000000
9.000000
9.000000
9.000000
9.000000
9.000000
10.000000
10.000000
11.000000
11.000000
11.000000
12.000000
12.000000
12.000000
12.000000
12.000000
13.000000
13.000000
13.000000
14.000000
14.000000
14.000000
15.000000
15.000000
15.000000
15.000000
15.000000
15.000000
16.000000
16.000000
16.000000
17.000000
17.000000
17.000000
18.000000
18.000000
18.000000
22.000000
22.000000
22.000000
23.000000
25.000000
25.000000
25.000000
25.000000
25.000000
27.000000
28.000000
29.000000
29.000000
30.000000
31.000000
31.000000
32.000000
32.000000
32.000000
32.000000
34.000000
34.000000
36.000000
36.000000
37.000000
38.000000
41.000000
41.000000
42.000000
45.000000
46.000000
46.000000
47.000000
51.000000
51.000000
54.000000
57.000000
60.000000
64.000000
67.000000
67.000000
76.000000
76.000000
76.000000
77.000000
87.000000
92.000000
97.000000
97.000000
109.000000
119.000000
121.000000
132.000000
141.000000
142.000000
154.000000
155.000000
163.000000
173.000000
182.000000
186.000000
195.000000
200.000000
233.000000
330.000000
378.000000
441.000000
520.000000
587.000000
627.000000
659.000000
965.000000
1010.000000
1062.000000
1210.000000
1234.000000
1418.000000
1525.000000
1892.000000
1917.000000
