0.000000
1.000000
1.000000
2.000000
2.000000
2.000000
2.000000
3.000000
3.000000
3.000000
4.000000
4.000000
4.000000
4.000000
5.000000
6.000000
6.000000
6.000000
6.000000
6.000000
6.000000
6.000000
7.000000
7.000000
7.000000
7.000000
8.000000
8.000000
8.000000
8.000000
8.000000
9.000000
9.000000
9.000000
9.000000
10.000000
10.000000
10.000000
10.000000
10.000000
10.000000
11.000000
11.000000
11.000000
12.000000
13.000000
13.000000
13.000000
13.000000
13.000000
13.000000
14.000000
14.000000
15.000000
15.000000
16.000000
16.000000
19.000000
19.000000
19.000000
20.000000
20.000000
21.000000
21.000000
22.000000
23.000000
23.000000
25.000000
25.000000
25.000000
25.000000
25.000000
26.000000
26.000000
27.000000
27.000000
28.000000
28.000000
28.000000
30.000000
30.000000
33.000000
35.000000
35.000000
37.000000
38.000000
40.000000
42.000000
43.000000
47.000000
49.000000
51.000000
58.000000
62.000000
64.000000
68.000000
71.000000
73.000000
77.000000
77.000000
90.000000
99.000000
104.000000
107.000000
110.000000
116.000000
124.000000
126.000000
135.000000
136.000000
147.000000
151.000000
159.000000
171.000000
203.000000
236.000000
258.000000
271.000000
294.000000
325.000000
375.000000
407.000000
491.000000
518.000000
563.000000
586.000000
615.000000
704.000000
736.000000
760.000000
795.000000
811.000000
881.000000
923.000000
957.000000
976.000000
1002.000000
1114.000000
1189.000000
1211.000000
1270.000000
1310.000000
1338.000000
1422.000000
1450.000000
1512.000000
1581.000000
1624.000000
1710.000000
1734.000000
1781.000000
1922.000000
