0.000000
0.000000
0.000000
0.000000
0.000000
0.000000
1.000000
1.000000
1.000000
1.000000
1.000000
1.000000
1.000000
2.000000
2.000000
2.000000
3.000000
3.000000
3.000000
3.000000
3.000000
3.000000
4.000000
5.000000
6.000000
6.000000
6.000000
6.000000
7.000000
8.000000
8.000000
8.000000
9.000000
9.000000
9.000000
9.000000
10.000000
10.000000
10.000000
11.000000
11.000000
12.000000
12.000000
13.000000
13.000000
13.000000
13.000000
13.000000
14.000000
14.000000
14.000000
14.000000
15.000000
15.000000
15.000000
15.000000
16.000000
16.000000
16.000000
17.000000
17.000000
17.000000
17.000000
18.000000
18.000000
18.000000
19.000000
19.000000
19.000000
20.000000
20.000000
21.000000
21.000000
23.000000
24.000000
24.000000
25.000000
25.000000
27.000000
27.000000
27.000000
28.000000
28.000000
29.000000
29.000000
29.000000
30.000000
34.000000
34.000000
36.000000
38.000000
38.000000
39.000000
39.000000
39.000000
41.000000
44.000000
45.000000
45.000000
45.000000
46.000000
47.000000
48.000000
49.000000
53.000000
53.000000
58.000000
61.000000
62.000000
63.000000
70.000000
71.000000
71.000000
75.000000
78.000000
79.000000
79.000000
85.000000
90.000000
92.000000
95.000000
97.000000
100.000000
100.000000
109.000000
115.000000
121.000000
131.000000
136.000000
143.000000
144.000000
145.000000
156.000000
179.000000
179.000000
189.000000
196.000000
250.000000
270.000000
296.000000
388.000000
425.000000
463.000000
496.000000
537.000000
550.000000
670.000000
762.000000
858.000000
891.000000
1691.000000
1866.000000
