0.000000
0.000000
1.000000
1.000000
1.000000
1.000000
2.000000
2.000000
2.000000
2.000000
3.000000
3.000000
3.000000
3.000000
3.000000
3.000000
4.000000
4.000000
4.000000
4.000000
5.000000
5.000000
5.000000
6.000000
6.000000
6.000000
6.000000
7.000000
7.000000
7.000000
7.000000
7.000000
7.000000
8.000000
8.000000
8.000000
9.000000
9.000000
9.000000
9.000000
9.000000
9.000000
9.000000
10.000000
10.000000
10.000000
10.000000
11.000000
11.000000
11.000000
12.000000
12.000000
12.000000
12.000000
13.000000
13.000000
14.000000
14.000000
14.000000
15.000000
15.000000
15.000000
15.000000
16.000000
17.000000
17.000000
18.000000
19.000000
20.000000
20.000000
20.000000
21.000000
21.000000
21.000000
21.000000
23.000000
23.000000
23.000000
24.000000
24.000000
25.000000
25.000000
25.000000
26.000000
27.000000
28.000000
29.000000
29.000000
30.000000
31.000000
31.000000
32.000000
35.000000
35.000000
36.000000
37.000000
37.000000
40.000000
42.000000
44.000000
44.000000
44.000000
47.000000
48.000000
57.000000
62.000000
71.000000
84.000000
97.000000
110.000000
121.000000
154.000000
166.000000
209.000000
295.000000
319.000000
366.000000
507.000000
619.000000
647.000000
742.000000
770.000000
816.000000
884.000000
914.000000
934.000000
959.000000
990.000000
1016.000000
1042.000000
1057.000000
1119.000000
1147.000000
1160.000000
1187.000000
1218.000000
1239.000000
1284.000000
1303.000000
1345.000000
1376.000000
1471.000000
1508.000000
1550.000000
1585.000000
1612.000000
1643.000000
1664.000000
1708.000000
1841.000000
1886.000000
1911.000000
