0.000000
0.000000
0.000000
0.000000
1.000000
1.000000
1.000000
1.000000
1.000000
1.000000
1.000000
2.000000
2.000000
2.000000
2.000000
2.000000
3.000000
3.000000
3.000000
3.000000
3.000000
3.000000
4.000000
4.000000
4.000000
4.000000
4.000000
5.000000
5.000000
5.000000
5.000000
5.000000
6.000000
6.000000
6.000000
6.000000
7.000000
7.000000
7.000000
7.000000
7.000000
7.000000
8.000000
8.000000
8.000000
8.000000
8.000000
8.000000
9.000000
9.000000
9.000000
9.000000
9.000000
10.000000
10.000000
10.000000
11.000000
11.000000
11.000000
11.000000
11.000000
11.000000
11.000000
12.000000
13.000000
13.000000
13.000000
14.000000
14.000000
14.000000
15.000000
15.000000
16.000000
16.000000
16.000000
17.000000
17.000000
18.000000
18.000000
19.000000
19.000000
19.000000
19.000000
20.000000
20.000000
20.000000
21.000000
21.000000
22.000000
22.000000
23.000000
23.000000
24.000000
24.000000
25.000000
26.000000
26.000000
26.000000
27.000000
27.000000
28.000000
29.000000
30.000000
30.000000
31.000000
31.000000
35.000000
38.000000
42.000000
43.000000
43.000000
47.000000
49.000000
51.000000
54.000000
56.000000
57.000000
57.000000
58.000000
59.000000
60.000000
62.000000
65.000000
71.000000
76.000000
87.000000
89.000000
92.000000
94.000000
95.000000
96.000000
105.000000
106.000000
111.000000
124.000000
129.000000
144.000000
147.000000
147.000000
169.000000
170.000000
1486.000000
1512.000000
1544.000000
1567.000000
1604.000000
1636.000000
1654.000000
1809.000000
1833.000000
1864.000000
1911.000000
