1.000000
1.000000
1.000000
1.000000
1.000000
1.000000
2.000000
2.000000
2.000000
3.000000
3.000000
3.000000
4.000000
4.000000
4.000000
4.000000
4.000000
4.000000
4.000000
5.000000
5.000000
5.000000
6.000000
6.000000
7.000000
7.000000
7.000000
7.000000
7.000000
8.000000
8.000000
9.000000
9.000000
9.000000
9.000000
9.000000
9.000000
11.000000
11.000000
11.000000
11.000000
12.000000
12.000000
13.000000
13.000000
13.000000
13.000000
14.000000
14.000000
14.000000
15.000000
15.000000
15.000000
15.000000
17.000000
17.000000
17.000000
17.000000
19.000000
20.000000
20.000000
20.000000
20.000000
21.000000
22.000000
24.000000
24.000000
24.000000
24.000000
25.000000
25.000000
26.000000
26.000000
26.000000
27.000000
27.000000
30.000000
31.000000
32.000000
32.000000
34.000000
40.000000
40.000000
40.000000
41.000000
43.000000
44.000000
47.000000
53.000000
54.000000
56.000000
56.000000
59.000000
62.000000
64.000000
69.000000
71.000000
76.000000
77.000000
78.000000
82.000000
84.000000
96.000000
98.000000
102.000000
106.000000
113.000000
129.000000
138.000000
141.000000
156.000000
160.000000
169.000000
185.000000
205.000000
237.000000
270.000000
292.000000
305.000000
328.000000
359.000000
409.000000
441.000000
525.000000
552.000000
597.000000
620.000000
649.000000
738.000000
770.000000
794.000000
829.000000
845.000000
915.000000
957.000000
991.000000
1010.000000
1036.000000
1148.000000
1223.000000
1245.000000
1304.000000
1344.000000
1372.000000
1456.000000
1484.000000
1546.000000
1615.000000
1658.000000
1744.000000
1768.000000
1815.000000
