0.000000
0.000000
0.000000
1.000000
1.000000
2.000000
2.000000
2.000000
2.000000
2.000000
2.000000
2.000000
3.000000
4.000000
4.000000
4.000000
4.000000
4.000000
4.000000
5.000000
6.000000
6.000000
7.000000
7.000000
7.000000
7.000000
7.000000
7.000000
8.000000
8.000000
9.000000
9.000000
9.000000
9.000000
10.000000
10.000000
10.000000
10.000000
10.000000
10.000000
11.000000
11.000000
11.000000
12.000000
13.000000
13.000000
14.000000
14.000000
14.000000
14.000000
15.000000
15.000000
16.000000
16.000000
16.000000
17.000000
18.000000
18.000000
19.000000
20.000000
20.000000
21.000000
22.000000
22.000000
22.000000
24.000000
24.000000
25.000000
25.000000
27.000000
28.000000
29.000000
30.000000
30.000000
31.000000
31.000000
31.000000
32.000000
33.000000
33.000000
34.000000
34.000000
34.000000
35.000000
36.000000
37.000000
40.000000
40.000000
40.000000
41.000000
44.000000
44.000000
48.000000
51.000000
52.000000
53.000000
54.000000
60.000000
61.000000
62.000000
67.000000
69.000000
69.000000
74.000000
77.000000
78.000000
79.000000
80.000000
80.000000
81.000000
83.000000
89.000000
102.000000
108.000000
115.000000
115.000000
122.000000
126.000000
133.000000
153.000000
183.000000
702.000000
722.000000
754.000000
787.000000
809.000000
822.000000
845.000000
876.000000
926.000000
958.000000
1042.000000
1069.000000
1114.000000
1137.000000
1166.000000
1255.000000
1287.000000
1311.000000
1346.000000
1362.000000
1432.000000
1474.000000
1508.000000
1527.000000
1553.000000
1665.000000
1740.000000
1762.000000
1821.000000
1861.000000
1889.000000
