0.000000
0.000000
1.000000
1.000000
1.000000
1.000000
2.000000
3.000000
3.000000
3.000000
3.000000
5.000000
5.000000
5.000000
5.000000
6.000000
6.000000
6.000000
7.000000
7.000000
7.000000
7.000000
8.000000
8.000000
8.000000
9.000000
9.000000
9.000000
9.000000
9.000000
10.000000
10.000000
10.000000
10.000000
10.000000
11.000000
11.000000
12.000000
12.000000
12.000000
12.000000
12.000000
13.000000
14.000000
14.000000
14.000000
15.000000
15.000000
15.000000
16.000000
16.000000
16.000000
17.000000
17.000000
17.000000
17.000000
19.000000
19.000000
22.000000
22.000000
23.000000
24.000000
25.000000
26.000000
27.000000
28.000000
28.000000
31.000000
31.000000
31.000000
31.000000
33.000000
34.000000
36.000000
37.000000
38.000000
39.000000
42.000000
43.000000
43.000000
44.000000
45.000000
46.000000
47.000000
47.000000
48.000000
48.000000
52.000000
53.000000
53.000000
55.000000
64.000000
69.000000
71.000000
72.000000
81.000000
83.000000
91.000000
93.000000
94.000000
95.000000
98.000000
98.000000
107.000000
128.000000
130.000000
130.000000
141.000000
150.000000
153.000000
153.000000
155.000000
166.000000
173.000000
187.000000
187.000000
190.000000
219.000000
243.000000
278.000000
294.000000
364.000000
406.000000
440.000000
459.000000
485.000000
597.000000
672.000000
694.000000
753.000000
793.000000
821.000000
905.000000
933.000000
995.000000
1064.000000
1107.000000
1193.000000
1217.000000
1264.000000
1405.000000
1517.000000
1545.000000
1640.000000
1668.000000
1714.000000
1782.000000
1812.000000
1832.000000
1857.000000
1888.000000
1914.000000
