0.000000
0.000000
1.000000
1.000000
1.000000
1.000000
1.000000
2.000000
3.000000
3.000000
3.000000
3.000000
3.000000
3.000000
4.000000
4.000000
4.000000
4.000000
4.000000
5.000000
5.000000
5.000000
5.000000
5.000000
5.000000
6.000000
6.000000
6.000000
7.000000
7.000000
7.000000
7.000000
7.000000
7.000000
7.000000
7.000000
8.000000
8.000000
9.000000
9.000000
9.000000
9.000000
9.000000
9.000000
9.000000
10.000000
10.000000
10.000000
10.000000
11.000000
11.000000
11.000000
11.000000
12.000000
12.000000
12.000000
12.000000
12.000000
13.000000
13.000000
14.000000
14.000000
14.000000
14.000000
14.000000
15.000000
15.000000
15.000000
15.000000
16.000000
16.000000
16.000000
16.000000
17.000000
17.000000
18.000000
18.000000
18.000000
18.000000
19.000000
19.000000
19.000000
19.000000
19.000000
20.000000
21.000000
21.000000
23.000000
24.000000
25.000000
26.000000
28.000000
28.000000
31.000000
31.000000
31.000000
31.000000
32.000000
33.000000
34.000000
36.000000
37.000000
37.000000
39.000000
39.000000
39.000000
40.000000
40.000000
41.000000
41.000000
43.000000
43.000000
46.000000
48.000000
49.000000
53.000000
56.000000
57.000000
59.000000
59.000000
59.000000
65.000000
66.000000
66.000000
67.000000
67.000000
87.000000
88.000000
93.000000
95.000000
162.000000
174.000000
190.000000
349.000000
449.000000
543.000000
618.000000
714.000000
751.000000
784.000000
881.000000
929.000000
992.000000
1071.000000
1138.000000
1178.000000
1210.000000
1516.000000
1561.000000
1613.000000
1761.000000
1785.000000
