0.000000
0.000000
1.000000
1.000000
1.000000
1.000000
1.000000
2.000000
2.000000
3.000000
3.000000
3.000000
4.000000
4.000000
4.000000
5.000000
5.000000
5.000000
5.000000
5.000000
5.000000
6.000000
6.000000
6.000000
6.000000
6.000000
7.000000
7.000000
7.000000
8.000000
8.000000
9.000000
9.000000
10.000000
10.000000
10.000000
10.000000
10.000000
11.000000
11.000000
12.000000
12.000000
12.000000
12.000000
13.000000
15.000000
15.000000
15.000000
15.000000
15.000000
15.000000
16.000000
16.000000
16.000000
16.000000
19.000000
19.000000
19.000000
20.000000
20.000000
20.000000
21.000000
21.000000
21.000000
23.000000
23.000000
24.000000
24.000000
25.000000
26.000000
26.000000
26.000000
26.000000
27.000000
27.000000
27.000000
27.000000
27.000000
28.000000
29.000000
32.000000
34.000000
35.000000
36.000000
37.000000
38.000000
40.000000
42.000000
43.000000
47.000000
49.000000
51.000000
53.000000
58.000000
58.000000
59.000000
65.000000
70.000000
73.000000
75.000000
76.000000
77.000000
78.000000
79.000000
87.000000
93.000000
99.000000
101.000000
108.000000
119.000000
124.000000
126.000000
139.000000
144.000000
145.000000
146.000000
149.000000
156.000000
176.000000
176.000000
634.000000
654.000000
686.000000
719.000000
741.000000
754.000000
777.000000
808.000000
858.000000
890.000000
974.000000
1001.000000
1046.000000
1069.000000
1098.000000
1187.000000
1219.000000
1243.000000
1278.000000
1294.000000
1364.000000
1406.000000
1440.000000
1459.000000
1485.000000
1597.000000
1672.000000
1694.000000
1753.000000
1793.000000
1821.000000
1905.000000
