0.000000
0.000000
0.000000
0.000000
0.000000
1.000000
2.000000
2.000000
2.000000
2.000000
2.000000
2.000000
2.000000
3.000000
3.000000
3.000000
3.000000
3.000000
3.000000
3.000000
4.000000
4.000000
5.000000
6.000000
6.000000
6.000000
6.000000
7.000000
7.000000
7.000000
7.000000
7.000000
8.000000
8.000000
9.000000
9.000000
9.000000
9.000000
10.000000
10.000000
10.000000
10.000000
10.000000
10.000000
10.000000
10.000000
11.000000
11.000000
11.000000
12.000000
12.000000
12.000000
12.000000
12.000000
13.000000
13.000000
13.000000
13.000000
13.000000
13.000000
14.000000
15.000000
16.000000
16.000000
17.000000
17.000000
18.000000
19.000000
19.000000
19.000000
20.000000
20.000000
20.000000
20.000000
20.000000
21.000000
25.000000
26.000000
27.000000
27.000000
28.000000
28.000000
28.000000
29.000000
30.000000
31.000000
31.000000
32.000000
32.000000
33.000000
33.000000
34.000000
34.000000
34.000000
34.000000
35.000000
37.000000
38.000000
41.000000
42.000000
44.000000
45.000000
47.000000
47.000000
48.000000
49.000000
49.000000
51.000000
55.000000
55.000000
56.000000
69.000000
70.000000
70.000000
78.000000
83.000000
83.000000
93.000000
103.000000
110.000000
114.000000
124.000000
131.000000
140.000000
145.000000
150.000000
156.000000
180.000000
477.000000
502.000000
565.000000
588.000000
1253.000000
1273.000000
1305.000000
1338.000000
1360.000000
1373.000000
1396.000000
1427.000000
1477.000000
1509.000000
1593.000000
1620.000000
1665.000000
1688.000000
1717.000000
1806.000000
1838.000000
1862.000000
1897.000000
1913.000000
