0.000000
0.000000
0.000000
0.000000
1.000000
1.000000
1.000000
1.000000
1.000000
1.000000
2.000000
2.000000
2.000000
3.000000
3.000000
4.000000
4.000000
4.000000
5.000000
5.000000
5.000000
5.000000
5.000000
6.000000
6.000000
6.000000
6.000000
6.000000
6.000000
6.000000
6.000000
7.000000
8.000000
8.000000
8.000000
9.000000
9.000000
10.000000
10.000000
10.000000
10.000000
10.000000
10.000000
10.000000
11.000000
11.000000
11.000000
11.000000
12.000000
12.000000
12.000000
12.000000
12.000000
12.000000
13.000000
13.000000
13.000000
14.000000
15.000000
15.000000
16.000000
16.000000
16.000000
17.000000
17.000000
17.000000
19.000000
19.000000
21.000000
21.000000
21.000000
21.000000
22.000000
23.000000
23.000000
24.000000
25.000000
25.000000
26.000000
26.000000
27.000000
28.000000
29.000000
29.000000
30.000000
33.000000
34.000000
35.000000
36.000000
36.000000
37.000000
37.000000
39.000000
40.000000
41.000000
42.000000
43.000000
50.000000
50.000000
52.000000
53.000000
56.000000
63.000000
69.000000
72.000000
79.000000
88.000000
114.000000
134.000000
136.000000
150.000000
154.000000
179.000000
189.000000
190.000000
211.000000
270.000000
310.000000
338.000000
422.000000
450.000000
512.000000
581.000000
624.000000
710.000000
734.000000
781.000000
922.000000
1034.000000
1062.000000
1157.000000
1185.000000
1231.000000
1299.000000
1329.000000
1349.000000
1374.000000
1405.000000
1431.000000
1457.000000
1472.000000
1534.000000
1562.000000
1575.000000
1602.000000
1633.000000
1654.000000
1699.000000
1718.000000
1760.000000
1791.000000
1886.000000
