0.000000
1.000000
1.000000
1.000000
2.000000
2.000000
2.000000
2.000000
2.000000
2.000000
3.000000
3.000000
3.000000
4.000000
4.000000
4.000000
5.000000
6.000000
6.000000
6.000000
6.000000
6.000000
6.000000
7.000000
7.000000
7.000000
7.000000
7.000000
8.000000
8.000000
8.000000
8.000000
8.000000
9.000000
9.000000
9.000000
10.000000
10.000000
10.000000
10.000000
10.000000
10.000000
11.000000
12.000000
12.000000
12.000000
13.000000
13.000000
14.000000
14.000000
14.000000
14.000000
15.000000
17.000000
17.000000
17.000000
18.000000
18.000000
18.000000
19.000000
19.000000
19.000000
19.000000
21.000000
21.000000
21.000000
21.000000
22.000000
22.000000
22.000000
23.000000
24.000000
24.000000
26.000000
26.000000
26.000000
29.000000
29.000000
29.000000
31.000000
32.000000
34.000000
34.000000
34.000000
34.000000
34.000000
35.000000
35.000000
35.000000
37.000000
40.000000
40.000000
40.000000
41.000000
43.000000
44.000000
46.000000
47.000000
48.000000
50.000000
51.000000
56.000000
58.000000
59.000000
60.000000
61.000000
62.000000
63.000000
63.000000
69.000000
71.000000
72.000000
77.000000
79.000000
91.000000
92.000000
94.000000
94.000000
99.000000
106.000000
110.000000
118.000000
131.000000
132.000000
136.000000
142.000000
144.000000
147.000000
162.000000
175.000000
181.000000
554.000000
580.000000
612.000000
635.000000
672.000000
704.000000
722.000000
877.000000
901.000000
932.000000
979.000000
1015.000000
1101.000000
1115.000000
1144.000000
1170.000000
1206.000000
1336.000000
1713.000000
1733.000000
1754.000000
