0.000000
0.000000
0.000000
1.000000
1.000000
1.000000
1.000000
1.000000
1.000000
1.000000
2.000000
2.000000
2.000000
2.000000
2.000000
2.000000
2.000000
3.000000
3.000000
3.000000
3.000000
4.000000
4.000000
4.000000
5.000000
5.000000
5.000000
5.000000
6.000000
6.000000
6.000000
7.000000
7.000000
8.000000
8.000000
8.000000
9.000000
9.000000
9.000000
9.000000
9.000000
9.000000
9.000000
9.000000
10.000000
10.000000
11.000000
11.000000
11.000000
11.000000
11.000000
11.000000
11.000000
12.000000
12.000000
12.000000
12.000000
12.000000
13.000000
13.000000
13.000000
14.000000
15.000000
15.000000
15.000000
16.000000
16.000000
16.000000
17.000000
17.000000
18.000000
19.000000
19.000000
19.000000
20.000000
20.000000
21.000000
22.000000
22.000000
23.000000
23.000000
23.000000
25.000000
26.000000
26.000000
27.000000
28.000000
29.000000
29.000000
31.000000
32.000000
32.000000
33.000000
34.000000
35.000000
35.000000
36.000000
36.000000
37.000000
41.000000
42.000000
42.000000
42.000000
45.000000
46.000000
48.000000
48.000000
49.000000
49.000000
50.000000
50.000000
50.000000
54.000000
54.000000
54.000000
56.000000
59.000000
67.000000
72.000000
73.000000
73.000000
74.000000
79.000000
80.000000
83.000000
84.000000
85.000000
89.000000
93.000000
98.000000
99.000000
108.000000
110.000000
112.000000
126.000000
138.000000
195.000000
691.000000
866.000000
966.000000
1060.000000
1135.000000
1231.000000
1268.000000
1301.000000
1398.000000
1446.000000
1509.000000
1588.000000
1655.000000
1695.000000
1727.000000
