0.000000
0.000000
1.000000
1.000000
1.000000
1.000000
1.000000
2.000000
2.000000
3.000000
3.000000
3.000000
4.000000
4.000000
4.000000
4.000000
5.000000
5.000000
5.000000
5.000000
6.000000
6.000000
6.000000
6.000000
7.000000
7.000000
7.000000
7.000000
8.000000
8.000000
8.000000
8.000000
8.000000
9.000000
9.000000
9.000000
9.000000
10.000000
10.000000
10.000000
10.000000
11.000000
11.000000
11.000000
11.000000
12.000000
12.000000
12.000000
13.000000
13.000000
13.000000
14.000000
14.000000
14.000000
15.000000
15.000000
15.000000
15.000000
16.000000
16.000000
16.000000
16.000000
16.000000
17.000000
17.000000
17.000000
19.000000
19.000000
19.000000
19.000000
19.000000
19.000000
20.000000
20.000000
20.000000
22.000000
22.000000
23.000000
23.000000
23.000000
23.000000
24.000000
24.000000
25.000000
25.000000
26.000000
26.000000
26.000000
26.000000
29.000000
31.000000
32.000000
32.000000
33.000000
34.000000
35.000000
36.000000
37.000000
37.000000
38.000000
39.000000
41.000000
41.000000
44.000000
45.000000
45.000000
45.000000
51.000000
53.000000
54.000000
54.000000
58.000000
59.000000
59.000000
60.000000
68.000000
69.000000
74.000000
76.000000
78.000000
84.000000
84.000000
91.000000
96.000000
106.000000
110.000000
113.000000
114.000000
131.000000
144.000000
151.000000
155.000000
157.000000
165.000000
172.000000
185.000000
244.000000
268.000000
452.000000
559.000000
926.000000
951.000000
1014.000000
1037.000000
1702.000000
1722.000000
1754.000000
1787.000000
1809.000000
1822.000000
1845.000000
1876.000000
