0.000000
0.000000
1.000000
1.000000
1.000000
1.000000
2.000000
2.000000
2.000000
3.000000
3.000000
4.000000
4.000000
4.000000
4.000000
4.000000
5.000000
5.000000
5.000000
5.000000
5.000000
5.000000
6.000000
6.000000
6.000000
6.000000
6.000000
6.000000
6.000000
7.000000
7.000000
7.000000
7.000000
7.000000
7.000000
7.000000
8.000000
8.000000
8.000000
8.000000
8.000000
8.000000
8.000000
8.000000
9.000000
9.000000
9.000000
9.000000
9.000000
9.000000
10.000000
10.000000
10.000000
10.000000
11.000000
11.000000
11.000000
12.000000
12.000000
12.000000
13.000000
13.000000
13.000000
14.000000
14.000000
14.000000
14.000000
14.000000
14.000000
14.000000
15.000000
15.000000
15.000000
16.000000
16.000000
17.000000
17.000000
17.000000
17.000000
19.000000
19.000000
20.000000
22.000000
23.000000
23.000000
23.000000
24.000000
25.000000
25.000000
25.000000
26.000000
27.000000
27.000000
32.000000
34.000000
36.000000
36.000000
36.000000
36.000000
43.000000
46.000000
46.000000
46.000000
47.000000
48.000000
49.000000
49.000000
54.000000
64.000000
69.000000
69.000000
71.000000
72.000000
75.000000
76.000000
78.000000
90.000000
90.000000
97.000000
103.000000
104.000000
111.000000
112.000000
122.000000
140.000000
146.000000
148.000000
184.000000
443.000000
468.000000
531.000000
554.000000
1219.000000
1239.000000
1271.000000
1304.000000
1326.000000
1339.000000
1362.000000
1393.000000
1443.000000
1475.000000
1559.000000
1586.000000
1631.000000
1654.000000
1683.000000
1772.000000
1804.000000
1828.000000
1863.000000
1879.000000
