0.000000
0.000000
0.000000
0.000000
1.000000
1.000000
1.000000
1.000000
1.000000
1.000000
1.000000
1.000000
1.000000
3.000000
3.000000
3.000000
3.000000
3.000000
3.000000
4.000000
4.000000
4.000000
5.000000
5.000000
5.000000
5.000000
6.000000
6.000000
6.000000
7.000000
7.000000
7.000000
7.000000
7.000000
8.000000
8.000000
8.000000
8.000000
8.000000
9.000000
9.000000
9.000000
9.000000
10.000000
10.000000
10.000000
10.000000
10.000000
11.000000
11.000000
11.000000
11.000000
12.000000
13.000000
14.000000
16.000000
16.000000
16.000000
17.000000
18.000000
18.000000
18.000000
19.000000
19.000000
19.000000
19.000000
19.000000
19.000000
20.000000
20.000000
21.000000
22.000000
22.000000
22.000000
23.000000
25.000000
25.000000
25.000000
25.000000
26.000000
27.000000
27.000000
28.000000
28.000000
28.000000
29.000000
29.000000
29.000000
30.000000
30.000000
31.000000
32.000000
32.000000
32.000000
33.000000
35.000000
37.000000
40.000000
43.000000
44.000000
46.000000
50.000000
54.000000
54.000000
56.000000
56.000000
57.000000
57.000000
59.000000
65.000000
68.000000
69.000000
72.000000
76.000000
77.000000
78.000000
83.000000
91.000000
93.000000
94.000000
98.000000
100.000000
111.000000
114.000000
122.000000
125.000000
134.000000
375.000000
400.000000
463.000000
486.000000
1151.000000
1171.000000
1203.000000
1236.000000
1258.000000
1271.000000
1294.000000
1325.000000
1375.000000
1407.000000
1491.000000
1518.000000
1563.000000
1586.000000
1615.000000
1704.000000
1736.000000
1760.000000
1795.000000
1811.000000
1881.000000
