0.000000
0.000000
0.000000
0.000000
0.000000
1.000000
1.000000
1.000000
1.000000
1.000000
1.000000
2.000000
2.000000
2.000000
3.000000
3.000000
3.000000
3.000000
3.000000
3.000000
4.000000
4.000000
4.000000
4.000000
5.000000
5.000000
5.000000
5.000000
5.000000
5.000000
5.000000
6.000000
6.000000
6.000000
6.000000
6.000000
6.000000
7.000000
7.000000
7.000000
8.000000
8.000000
9.000000
9.000000
9.000000
9.000000
9.000000
9.000000
10.000000
10.000000
10.000000
10.000000
11.000000
11.000000
11.000000
11.000000
12.000000
12.000000
12.000000
12.000000
12.000000
12.000000
12.000000
12.000000
13.000000
14.000000
14.000000
14.000000
14.000000
15.000000
15.000000
16.000000
16.000000
17.000000
17.000000
17.000000
18.000000
18.000000
18.000000
18.000000
18.000000
19.000000
19.000000
19.000000
20.000000
20.000000
21.000000
22.000000
22.000000
23.000000
24.000000
24.000000
24.000000
25.000000
25.000000
25.000000
27.000000
27.000000
31.000000
31.000000
31.000000
32.000000
33.000000
35.000000
35.000000
36.000000
36.000000
38.000000
38.000000
38.000000
39.000000
42.000000
43.000000
44.000000
46.000000
49.000000
49.000000
53.000000
55.000000
58.000000
65.000000
68.000000
69.000000
73.000000
77.000000
82.000000
93.000000
100.000000
100.000000
127.000000
128.000000
156.000000
208.000000
383.000000
483.000000
577.000000
652.000000
748.000000
785.000000
818.000000
915.000000
963.000000
1026.000000
1105.000000
1172.000000
1212.000000
1244.000000
1550.000000
1595.000000
1647.000000
1795.000000
1819.000000
