0.000000
0.000000
0.000000
1.000000
1.000000
1.000000
1.000000
2.000000
2.000000
2.000000
3.000000
3.000000
3.000000
4.000000
5.000000
5.000000
5.000000
5.000000
5.000000
5.000000
6.000000
6.000000
6.000000
6.000000
7.000000
7.000000
7.000000
7.000000
8.000000
8.000000
8.000000
9.000000
9.000000
9.000000
9.000000
10.000000
10.000000
10.000000
10.000000
10.000000
10.000000
11.000000
11.000000
11.000000
11.000000
12.000000
12.000000
12.000000
12.000000
12.000000
12.000000
13.000000
13.000000
14.000000
14.000000
14.000000
14.000000
15.000000
16.000000
16.000000
17.000000
18.000000
18.000000
18.000000
18.000000
19.000000
19.000000
19.000000
19.000000
20.000000
21.000000
21.000000
21.000000
21.000000
22.000000
22.000000
22.000000
23.000000
23.000000
25.000000
25.000000
25.000000
27.000000
27.000000
29.000000
30.000000
30.000000
31.000000
34.000000
34.000000
34.000000
35.000000
35.000000
37.000000
37.000000
38.000000
43.000000
45.000000
46.000000
49.000000
50.000000
52.000000
53.000000
54.000000
56.000000
58.000000
59.000000
60.000000
63.000000
77.000000
82.000000
83.000000
87.000000
87.000000
89.000000
96.000000
100.000000
109.000000
121.000000
127.000000
128.000000
133.000000
141.000000
148.000000
153.000000
157.000000
169.000000
172.000000
347.000000
369.000000
410.000000
440.000000
462.000000
473.000000
500.000000
524.000000
551.000000
594.000000
611.000000
665.000000
685.000000
711.000000
803.000000
840.000000
878.000000
911.000000
952.000000
965.000000
1085.000000
1177.000000
1273.000000
1306.000000
