0.000000
0.000000
1.000000
1.000000
2.000000
2.000000
2.000000
2.000000
3.000000
3.000000
3.000000
3.000000
3.000000
3.000000
3.000000
3.000000
4.000000
4.000000
4.000000
4.000000
4.000000
5.000000
5.000000
5.000000
5.000000
5.000000
6.000000
6.000000
6.000000
6.000000
6.000000
7.000000
7.000000
8.000000
8.000000
8.000000
8.000000
9.000000
9.000000
9.000000
10.000000
10.000000
10.000000
10.000000
10.000000
10.000000
10.000000
10.000000
11.000000
11.000000
12.000000
12.000000
13.000000
13.000000
15.000000
16.000000
16.000000
17.000000
17.000000
17.000000
17.000000
18.000000
18.000000
18.000000
19.000000
20.000000
20.000000
21.000000
21.000000
22.000000
23.000000
23.000000
24.000000
25.000000
25.000000
25.000000
26.000000
27.000000
27.000000
28.000000
29.000000
31.000000
33.000000
33.000000
33.000000
34.000000
34.000000
34.000000
34.000000
35.000000
35.000000
35.000000
36.000000
37.000000
38.000000
38.000000
40.000000
41.000000
44.000000
48.000000
52.000000
52.000000
54.000000
56.000000
58.000000
60.000000
61.000000
62.000000
63.000000
66.000000
67.000000
69.000000
72.000000
81.000000
82.000000
92.000000
94.000000
97.000000
97.000000
102.000000
113.000000
113.000000
113.000000
115.000000
116.000000
133.000000
139.000000
139.000000
149.000000
150.000000
156.000000
179.000000
184.000000
188.000000
935.000000
961.000000
993.000000
1016.000000
1053.000000
1085.000000
1103.000000
1258.000000
1282.000000
1313.000000
1360.000000
1396.000000
1482.000000
1496.000000
1525.000000
1551.000000
1587.000000
1717.000000
