1.000000
1.000000
1.000000
1.000000
1.000000
2.000000
2.000000
2.000000
2.000000
2.000000
2.000000
3.000000
3.000000
3.000000
4.000000
4.000000
4.000000
4.000000
4.000000
4.000000
4.000000
4.000000
4.000000
4.000000
4.000000
5.000000
5.000000
5.000000
6.000000
6.000000
6.000000
6.000000
7.000000
7.000000
8.000000
8.000000
8.000000
8.000000
8.000000
8.000000
9.000000
9.000000
9.000000
9.000000
10.000000
10.000000
11.000000
11.000000
12.000000
12.000000
12.000000
12.000000
13.000000
13.000000
15.000000
15.000000
15.000000
15.000000
15.000000
17.000000
17.000000
17.000000
18.000000
19.000000
20.000000
21.000000
21.000000
21.000000
22.000000
22.000000
23.000000
24.000000
26.000000
27.000000
27.000000
28.000000
30.000000
30.000000
31.000000
31.000000
32.000000
35.000000
37.000000
37.000000
39.000000
39.000000
40.000000
43.000000
43.000000
44.000000
47.000000
48.000000
53.000000
59.000000
60.000000
65.000000
67.000000
70.000000
73.000000
81.000000
83.000000
90.000000
92.000000
101.000000
102.000000
106.000000
117.000000
124.000000
125.000000
137.000000
144.000000
144.000000
150.000000
169.000000
181.000000
202.000000
224.000000
237.000000
260.000000
291.000000
341.000000
373.000000
457.000000
484.000000
529.000000
552.000000
581.000000
670.000000
702.000000
726.000000
761.000000
777.000000
847.000000
889.000000
923.000000
942.000000
968.000000
1080.000000
1155.000000
1177.000000
1236.000000
1276.000000
1304.000000
1388.000000
1416.000000
1478.000000
1547.000000
1590.000000
1676.000000
1700.000000
1747.000000
1888.000000
