0.000000
0.000000
0.000000
1.000000
1.000000
1.000000
1.000000
1.000000
1.000000
1.000000
1.000000
2.000000
2.000000
2.000000
2.000000
2.000000
2.000000
3.000000
3.000000
4.000000
5.000000
5.000000
5.000000
6.000000
6.000000
6.000000
7.000000
8.000000
9.000000
9.000000
9.000000
9.000000
9.000000
10.000000
10.000000
10.000000
10.000000
10.000000
10.000000
11.000000
11.000000
11.000000
12.000000
12.000000
12.000000
12.000000
13.000000
13.000000
13.000000
14.000000
14.000000
14.000000
14.000000
14.000000
15.000000
15.000000
15.000000
15.000000
16.000000
16.000000
16.000000
17.000000
17.000000
17.000000
17.000000
17.000000
18.000000
19.000000
19.000000
19.000000
20.000000
20.000000
21.000000
22.000000
22.000000
24.000000
25.000000
25.000000
25.000000
26.000000
26.000000
26.000000
27.000000
28.000000
28.000000
29.000000
29.000000
30.000000
30.000000
31.000000
34.000000
34.000000
35.000000
35.000000
36.000000
38.000000
38.000000
39.000000
45.000000
46.000000
46.000000
46.000000
48.000000
49.000000
50.000000
52.000000
53.000000
54.000000
55.000000
58.000000
58.000000
58.000000
64.000000
66.000000
68.000000
70.000000
74.000000
76.000000
76.000000
80.000000
83.000000
85.000000
85.000000
106.000000
108.000000
115.000000
116.000000
137.000000
138.000000
182.000000
188.000000
201.000000
243.000000
274.000000
369.000000
406.000000
448.000000
483.000000
510.000000
541.000000
562.000000
606.000000
739.000000
784.000000
809.000000
822.000000
846.000000
883.000000
903.000000
939.000000
986.000000
1014.000000
