0.000000
0.000000
0.000000
0.000000
1.000000
1.000000
2.000000
3.000000
3.000000
3.000000
3.000000
3.000000
4.000000
4.000000
4.000000
4.000000
5.000000
6.000000
6.000000
6.000000
6.000000
6.000000
6.000000
7.000000
7.000000
7.000000
7.000000
7.000000
7.000000
7.000000
7.000000
7.000000
8.000000
8.000000
8.000000
9.000000
9.000000
9.000000
9.000000
9.000000
9.000000
9.000000
10.000000
10.000000
11.000000
11.000000
12.000000
12.000000
12.000000
12.000000
13.000000
14.000000
14.000000
14.000000
14.000000
14.000000
15.000000
15.000000
15.000000
16.000000
16.000000
17.000000
17.000000
17.000000
17.000000
18.000000
21.000000
21.000000
21.000000
21.000000
23.000000
25.000000
27.000000
27.000000
29.000000
30.000000
30.000000
32.000000
32.000000
33.000000
33.000000
34.000000
35.000000
35.000000
36.000000
37.000000
38.000000
38.000000
39.000000
40.000000
40.000000
42.000000
43.000000
47.000000
49.000000
49.000000
52.000000
55.000000
56.000000
58.000000
61.000000
61.000000
64.000000
67.000000
68.000000
73.000000
75.000000
80.000000
84.000000
89.000000
92.000000
95.000000
96.000000
104.000000
106.000000
121.000000
144.000000
145.000000
151.000000
153.000000
171.000000
326.000000
350.000000
381.000000
428.000000
464.000000
550.000000
564.000000
593.000000
619.000000
655.000000
785.000000
1162.000000
1182.000000
1203.000000
1381.000000
1403.000000
1444.000000
1474.000000
1496.000000
1507.000000
1534.000000
1558.000000
1585.000000
1628.000000
1645.000000
1699.000000
1719.000000
1745.000000
1837.000000
1874.000000
1912.000000
