0.000000
0.000000
1.000000
1.000000
1.000000
2.000000
2.000000
2.000000
2.000000
2.000000
3.000000
3.000000
4.000000
4.000000
4.000000
5.000000
5.000000
5.000000
5.000000
5.000000
6.000000
6.000000
6.000000
7.000000
7.000000
7.000000
7.000000
8.000000
8.000000
8.000000
8.000000
8.000000
8.000000
8.000000
8.000000
9.000000
9.000000
9.000000
9.000000
10.000000
10.000000
10.000000
10.000000
10.000000
10.000000
11.000000
11.000000
11.000000
12.000000
12.000000
13.000000
14.000000
14.000000
17.000000
17.000000
18.000000
18.000000
18.000000
19.000000
20.000000
20.000000
20.000000
20.000000
20.000000
21.000000
22.000000
23.000000
23.000000
24.000000
25.000000
26.000000
26.000000
26.000000
26.000000
27.000000
28.000000
29.000000
31.000000
32.000000
32.000000
32.000000
33.000000
38.000000
38.000000
38.000000
39.000000
40.000000
41.000000
42.000000
48.000000
48.000000
50.000000
52.000000
53.000000
55.000000
56.000000
62.000000
63.000000
71.000000
76.000000
83.000000
83.000000
85.000000
94.000000
99.000000
103.000000
103.000000
109.000000
113.000000
122.000000
131.000000
140.000000
147.000000
148.000000
163.000000
171.000000
174.000000
185.000000
195.000000
200.000000
289.000000
321.000000
345.000000
380.000000
396.000000
466.000000
508.000000
542.000000
561.000000
587.000000
699.000000
774.000000
796.000000
855.000000
895.000000
923.000000
1007.000000
1035.000000
1097.000000
1166.000000
1209.000000
1295.000000
1319.000000
1366.000000
1507.000000
1619.000000
1647.000000
1742.000000
1770.000000
1816.000000
1884.000000
1914.000000
