0.000000
0.000000
0.000000
0.000000
1.000000
1.000000
2.000000
2.000000
3.000000
3.000000
3.000000
3.000000
4.000000
4.000000
4.000000
4.000000
4.000000
4.000000
4.000000
4.000000
5.000000
5.000000
6.000000
6.000000
6.000000
6.000000
6.000000
6.000000
7.000000
7.000000
8.000000
8.000000
8.000000
9.000000
9.000000
9.000000
9.000000
9.000000
10.000000
10.000000
10.000000
11.000000
11.000000
11.000000
11.000000
11.000000
12.000000
12.000000
13.000000
13.000000
13.000000
13.000000
13.000000
14.000000
14.000000
14.000000
15.000000
15.000000
15.000000
15.000000
16.000000
16.000000
16.000000
16.000000
17.000000
19.000000
19.000000
19.000000
19.000000
20.000000
20.000000
21.000000
22.000000
24.000000
25.000000
25.000000
26.000000
28.000000
30.000000
30.000000
31.000000
31.000000
31.000000
32.000000
33.000000
34.000000
34.000000
34.000000
36.000000
37.000000
39.000000
39.000000
39.000000
41.000000
42.000000
42.000000
46.000000
49.000000
49.000000
50.000000
54.000000
56.000000
60.000000
60.000000
61.000000
68.000000
70.000000
71.000000
72.000000
72.000000
75.000000
76.000000
98.000000
99.000000
101.000000
103.000000
104.000000
108.000000
118.000000
125.000000
129.000000
148.000000
154.000000
169.000000
234.000000
611.000000
631.000000
652.000000
830.000000
852.000000
893.000000
923.000000
945.000000
956.000000
983.000000
1007.000000
1034.000000
1077.000000
1094.000000
1148.000000
1168.000000
1194.000000
1286.000000
1323.000000
1361.000000
1394.000000
1435.000000
1448.000000
1568.000000
1660.000000
1756.000000
1789.000000
