0.000000
0.000000
0.000000
0.000000
0.000000
1.000000
1.000000
1.000000
1.000000
2.000000
2.000000
2.000000
2.000000
2.000000
2.000000
3.000000
3.000000
3.000000
3.000000
3.000000
3.000000
4.000000
4.000000
4.000000
4.000000
5.000000
5.000000
5.000000
6.000000
6.000000
6.000000
7.000000
8.000000
8.000000
9.000000
9.000000
9.000000
9.000000
10.000000
10.000000
10.000000
11.000000
11.000000
11.000000
12.000000
12.000000
12.000000
13.000000
13.000000
13.000000
14.000000
14.000000
15.000000
15.000000
15.000000
16.000000
16.000000
16.000000
17.000000
17.000000
17.000000
18.000000
19.000000
19.000000
19.000000
19.000000
20.000000
20.000000
21.000000
21.000000
21.000000
22.000000
23.000000
23.000000
24.000000
24.000000
25.000000
25.000000
26.000000
27.000000
28.000000
29.000000
29.000000
30.000000
31.000000
32.000000
33.000000
33.000000
34.000000
35.000000
35.000000
36.000000
36.000000
37.000000
42.000000
43.000000
45.000000
46.000000
48.000000
48.000000
49.000000
50.000000
51.000000
51.000000
54.000000
54.000000
59.000000
59.000000
60.000000
61.000000
63.000000
74.000000
79.000000
80.000000
80.000000
81.000000
81.000000
83.000000
87.000000
89.000000
92.000000
100.000000
102.000000
108.000000
119.000000
140.000000
142.000000
150.000000
171.000000
173.000000
216.000000
235.000000
277.000000
308.000000
403.000000
440.000000
482.000000
517.000000
544.000000
575.000000
596.000000
640.000000
773.000000
818.000000
843.000000
856.000000
880.000000
917.000000
937.000000
973.000000
1020.000000
1048.000000
