0.000000
0.000000
1.000000
1.000000
1.000000
2.000000
2.000000
2.000000
2.000000
2.000000
3.000000
3.000000
3.000000
3.000000
3.000000
4.000000
4.000000
4.000000
5.000000
5.000000
5.000000
5.000000
6.000000
6.000000
6.000000
7.000000
7.000000
7.000000
7.000000
7.000000
8.000000
8.000000
8.000000
8.000000
9.000000
9.000000
9.000000
9.000000
9.000000
9.000000
9.000000
10.000000
10.000000
10.000000
10.000000
10.000000
10.000000
10.000000
11.000000
11.000000
11.000000
11.000000
11.000000
12.000000
12.000000
13.000000
13.000000
13.000000
13.000000
14.000000
14.000000
14.000000
15.000000
15.000000
15.000000
16.000000
16.000000
16.000000
16.000000
17.000000
17.000000
17.000000
18.000000
18.000000
19.000000
20.000000
21.000000
21.000000
21.000000
22.000000
22.000000
22.000000
22.000000
22.000000
23.000000
24.000000
24.000000
25.000000
26.000000
27.000000
27.000000
28.000000
28.000000
28.000000
28.000000
28.000000
29.000000
30.000000
30.000000
31.000000
31.000000
35.000000
35.000000
35.000000
38.000000
40.000000
41.000000
41.000000
43.000000
44.000000
45.000000
46.000000
48.000000
52.000000
52.000000
52.000000
56.000000
56.000000
57.000000
57.000000
58.000000
68.000000
72.000000
72.000000
73.000000
85.000000
91.000000
95.000000
103.000000
131.000000
141.000000
169.000000
247.000000
347.000000
441.000000
516.000000
612.000000
649.000000
682.000000
779.000000
827.000000
890.000000
969.000000
1036.000000
1076.000000
1108.000000
1414.000000
1459.000000
1511.000000
1659.000000
1683.000000
1867.000000
