0.000000
0.000000
0.000000
1.000000
1.000000
1.000000
1.000000
1.000000
1.000000
2.000000
2.000000
2.000000
3.000000
3.000000
3.000000
4.000000
4.000000
4.000000
4.000000
5.000000
5.000000
5.000000
5.000000
6.000000
6.000000
6.000000
7.000000
7.000000
7.000000
8.000000
8.000000
8.000000
9.000000
9.000000
10.000000
10.000000
10.000000
10.000000
11.000000
11.000000
11.000000
11.000000
11.000000
11.000000
12.000000
12.000000
12.000000
12.000000
12.000000
13.000000
13.000000
13.000000
14.000000
15.000000
15.000000
15.000000
16.000000
16.000000
16.000000
17.000000
17.000000
17.000000
17.000000
18.000000
18.000000
19.000000
20.000000
20.000000
20.000000
20.000000
21.000000
21.000000
21.000000
21.000000
22.000000
24.000000
25.000000
25.000000
25.000000
25.000000
26.000000
27.000000
27.000000
29.000000
30.000000
31.000000
31.000000
31.000000
33.000000
34.000000
35.000000
37.000000
38.000000
40.000000
40.000000
43.000000
44.000000
46.000000
46.000000
48.000000
49.000000
53.000000
58.000000
61.000000
63.000000
63.000000
64.000000
65.000000
68.000000
68.000000
72.000000
76.000000
76.000000
78.000000
79.000000
80.000000
89.000000
97.000000
98.000000
102.000000
110.000000
125.000000
133.000000
147.000000
152.000000
157.000000
168.000000
176.000000
196.000000
520.000000
546.000000
578.000000
601.000000
638.000000
670.000000
688.000000
843.000000
867.000000
898.000000
945.000000
981.000000
1067.000000
1081.000000
1110.000000
1136.000000
1172.000000
1302.000000
1679.000000
1699.000000
1720.000000
1898.000000
1920.000000
