0.000000
0.000000
0.000000
0.000000
1.000000
1.000000
1.000000
2.000000
2.000000
2.000000
2.000000
2.000000
3.000000
4.000000
4.000000
4.000000
4.000000
4.000000
4.000000
5.000000
5.000000
5.000000
5.000000
5.000000
5.000000
5.000000
5.000000
6.000000
7.000000
7.000000
7.000000
7.000000
8.000000
8.000000
8.000000
8.000000
9.000000
9.000000
9.000000
10.000000
10.000000
11.000000
11.000000
12.000000
12.000000
12.000000
13.000000
13.000000
13.000000
14.000000
14.000000
14.000000
14.000000
14.000000
14.000000
14.000000
15.000000
15.000000
16.000000
18.000000
19.000000
19.000000
19.000000
19.000000
20.000000
21.000000
21.000000
21.000000
22.000000
22.000000
23.000000
24.000000
25.000000
25.000000
27.000000
28.000000
28.000000
29.000000
31.000000
31.000000
32.000000
32.000000
34.000000
34.000000
36.000000
36.000000
39.000000
41.000000
44.000000
45.000000
45.000000
47.000000
47.000000
49.000000
49.000000
50.000000
52.000000
54.000000
56.000000
57.000000
59.000000
59.000000
59.000000
59.000000
63.000000
63.000000
64.000000
70.000000
73.000000
75.000000
75.000000
77.000000
77.000000
80.000000
81.000000
83.000000
88.000000
90.000000
94.000000
101.000000
102.000000
103.000000
104.000000
105.000000
112.000000
113.000000
117.000000
120.000000
133.000000
136.000000
140.000000
145.000000
148.000000
149.000000
158.000000
168.000000
172.000000
194.000000
194.000000
286.000000
323.000000
361.000000
394.000000
435.000000
448.000000
568.000000
660.000000
756.000000
789.000000
1589.000000
1764.000000
1864.000000
