0.000000
0.000000
1.000000
1.000000
1.000000
1.000000
1.000000
1.000000
2.000000
2.000000
2.000000
2.000000
3.000000
3.000000
3.000000
4.000000
4.000000
5.000000
5.000000
5.000000
5.000000
6.000000
6.000000
7.000000
7.000000
7.000000
7.000000
7.000000
7.000000
8.000000
8.000000
8.000000
8.000000
8.000000
9.000000
9.000000
9.000000
9.000000
9.000000
10.000000
10.000000
11.000000
11.000000
11.000000
12.000000
12.000000
13.000000
13.000000
14.000000
14.000000
15.000000
15.000000
16.000000
17.000000
17.000000
17.000000
17.000000
18.000000
19.000000
20.000000
22.000000
22.000000
22.000000
22.000000
22.000000
23.000000
23.000000
24.000000
24.000000
28.000000
28.000000
28.000000
29.000000
30.000000
33.000000
34.000000
34.000000
34.000000
35.000000
35.000000
35.000000
36.000000
36.000000
37.000000
38.000000
38.000000
40.000000
44.000000
45.000000
45.000000
46.000000
46.000000
48.000000
49.000000
50.000000
50.000000
50.000000
53.000000
54.000000
59.000000
61.000000
68.000000
70.000000
71.000000
74.000000
84.000000
87.000000
120.000000
148.000000
154.000000
156.000000
170.000000
182.000000
184.000000
223.000000
245.000000
304.000000
344.000000
372.000000
456.000000
484.000000
546.000000
615.000000
658.000000
744.000000
768.000000
815.000000
956.000000
1068.000000
1096.000000
1191.000000
1219.000000
1265.000000
1333.000000
1363.000000
1383.000000
1408.000000
1439.000000
1465.000000
1491.000000
1506.000000
1568.000000
1596.000000
1609.000000
1636.000000
1667.000000
1688.000000
1733.000000
1752.000000
1794.000000
1825.000000
1920.000000
