0.000000
0.000000
0.000000
2.000000
2.000000
2.000000
3.000000
3.000000
4.000000
4.000000
4.000000
4.000000
4.000000
4.000000
4.000000
5.000000
5.000000
5.000000
5.000000
5.000000
5.000000
5.000000
6.000000
6.000000
6.000000
6.000000
6.000000
6.000000
6.000000
7.000000
7.000000
7.000000
7.000000
7.000000
8.000000
8.000000
8.000000
8.000000
9.000000
9.000000
9.000000
9.000000
9.000000
10.000000
10.000000
10.000000
10.000000
11.000000
11.000000
11.000000
12.000000
13.000000
13.000000
14.000000
15.000000
15.000000
15.000000
15.000000
15.000000
16.000000
16.000000
17.000000
18.000000
18.000000
18.000000
18.000000
19.000000
19.000000
21.000000
21.000000
21.000000
21.000000
21.000000
22.000000
23.000000
23.000000
24.000000
26.000000
27.000000
28.000000
28.000000
29.000000
30.000000
32.000000
32.000000
32.000000
33.000000
34.000000
34.000000
34.000000
35.000000
37.000000
37.000000
37.000000
43.000000
44.000000
45.000000
46.000000
48.000000
48.000000
49.000000
49.000000
50.000000
51.000000
51.000000
51.000000
55.000000
61.000000
63.000000
68.000000
69.000000
70.000000
72.000000
72.000000
73.000000
75.000000
79.000000
81.000000
93.000000
96.000000
102.000000
104.000000
109.000000
109.000000
113.000000
122.000000
126.000000
134.000000
134.000000
143.000000
145.000000
145.000000
149.000000
155.000000
162.000000
172.000000
178.000000
216.000000
236.000000
262.000000
354.000000
391.000000
429.000000
462.000000
503.000000
516.000000
636.000000
728.000000
824.000000
857.000000
1657.000000
1832.000000
