0.000000
0.000000
0.000000
1.000000
1.000000
2.000000
2.000000
2.000000
2.000000
2.000000
3.000000
3.000000
3.000000
3.000000
3.000000
4.000000
4.000000
4.000000
4.000000
4.000000
5.000000
5.000000
5.000000
5.000000
5.000000
6.000000
6.000000
6.000000
6.000000
7.000000
7.000000
7.000000
7.000000
7.000000
8.000000
8.000000
8.000000
8.000000
8.000000
8.000000
8.000000
8.000000
8.000000
9.000000
9.000000
9.000000
9.000000
10.000000
10.000000
10.000000
10.000000
10.000000
10.000000
10.000000
10.000000
11.000000
11.000000
11.000000
11.000000
11.000000
12.000000
12.000000
12.000000
12.000000
13.000000
13.000000
13.000000
14.000000
14.000000
15.000000
15.000000
16.000000
17.000000
17.000000
17.000000
18.000000
19.000000
20.000000
20.000000
20.000000
20.000000
21.000000
21.000000
23.000000
24.000000
24.000000
24.000000
25.000000
25.000000
25.000000
25.000000
26.000000
28.000000
28.000000
28.000000
32.000000
34.000000
35.000000
35.000000
37.000000
37.000000
39.000000
40.000000
41.000000
41.000000
42.000000
42.000000
43.000000
44.000000
48.000000
49.000000
50.000000
50.000000
57.000000
57.000000
62.000000
66.000000
69.000000
71.000000
71.000000
72.000000
76.000000
80.000000
86.000000
87.000000
94.000000
117.000000
121.000000
123.000000
131.000000
147.000000
149.000000
151.000000
171.000000
178.000000
210.000000
234.000000
418.000000
525.000000
892.000000
917.000000
980.000000
1003.000000
1668.000000
1688.000000
1720.000000
1753.000000
1775.000000
1788.000000
1811.000000
1842.000000
1892.000000
