0.000000
1.000000
1.000000
1.000000
1.000000
2.000000
2.000000
2.000000
2.000000
2.000000
3.000000
3.000000
3.000000
3.000000
4.000000
4.000000
4.000000
4.000000
5.000000
5.000000
5.000000
6.000000
6.000000
6.000000
7.000000
7.000000
7.000000
7.000000
7.000000
7.000000
8.000000
8.000000
8.000000
9.000000
10.000000
10.000000
11.000000
11.000000
11.000000
11.000000
12.000000
12.000000
12.000000
13.000000
13.000000
13.000000
14.000000
14.000000
14.000000
14.000000
14.000000
15.000000
15.000000
15.000000
16.000000
17.000000
17.000000
18.000000
18.000000
19.000000
19.000000
19.000000
19.000000
20.000000
21.000000
21.000000
21.000000
21.000000
22.000000
23.000000
23.000000
25.000000
25.000000
26.000000
27.000000
30.000000
31.000000
32.000000
32.000000
34.000000
34.000000
35.000000
37.000000
38.000000
41.000000
42.000000
46.000000
48.000000
49.000000
51.000000
51.000000
51.000000
53.000000
53.000000
55.000000
58.000000
59.000000
62.000000
62.000000
65.000000
69.000000
71.000000
74.000000
75.000000
75.000000
77.000000
80.000000
87.000000
91.000000
97.000000
100.000000
102.000000
103.000000
106.000000
107.000000
129.000000
148.000000
150.000000
152.000000
182.000000
189.000000
221.000000
239.000000
394.000000
418.000000
449.000000
496.000000
532.000000
618.000000
632.000000
661.000000
687.000000
723.000000
853.000000
1230.000000
1250.000000
1271.000000
1449.000000
1471.000000
1512.000000
1542.000000
1564.000000
1575.000000
1602.000000
1626.000000
1653.000000
1696.000000
1713.000000
1767.000000
1787.000000
1813.000000
1905.000000
