0
0
0
0
0
0
0
0
0
0
0
0
0
0
0
0
0
0
0
0
0
0
0
0
0
0
0
0
0
0
0
0
0
0
0
0
0
0
0
0
0
0
0
0
0
0
0
0
0
0
0
0
0
0
0
0
0
0
0
0
0
0
0
0
0
0
0
0
0
0
0
0
0
0
0
0
0
0
0
0
0
0
0
0
0
0
0
0
0
0
0
0
0
0
0
0
0
0
0
0
0
0
0
0
0
0
0
0
0
0
0
0
0
0
0
0
0
0
0
0
0
0
0
0
0
0
0
0
0
0
0
0
0
0
0
0
0
0
0
0
0
0
0
0
0
0
0
0
0
0
0
0
0
0
0
0
0
0
0
0
0
0
0
0
0
0
0
0
0
0
0
0
0
0
0
0
0
0
0
0
0
0
0
0
0
0
0
0
0
0
0
0
0
0
0
0
0
0
0
0
0
0
0
0
0
0
0
0
0
0
0
0
0
0
0
0
0
0
0
0
0
0
0
0
0
0
0
0
0
0
0
0
0
0
0
0
0
0
0
0
0
0
0
0
0
0
0
0
0
0
0
0
0
0
0
0
0
0
0
0
0
0
0
0
0
0
0
0
0
0
0
0
0
0
0
0
0
0
0
0
0
0
0
0
0
0
0
0
0
0
0
0
0
0
0
0
0
0
0
0
0
0
0
0
0
0
0
0
0
0
0
0
0
0
0
0
0
0
0
0
0
0
0
0
0
0
0
0
0
0
0
0
0
0
0
0
0
0
0
0
0
0
0
0
0
0
0
0
0
0
0
0
0
0
0
0
0
0
0
0
0
0
0
0
0
0
0
0
0
0
0
0
0
0
0
0
0
0
0
0
0
0
0
0
0
0
0
0
0
0
0
0
0
0
0
0
0
0
0
0
0
0
0
0
0
0
0
0
0
0
0
0
0
0
0
0
0
0
0
0
0
0
0
0
0
0
0
0
0
0
0
0
0
0
0
0
0
0
0
0
0
0
0
0
0
0
0
0
0
0
0
0
0
0
0
0
0
0
0
0
0
0
0
0
0
0
0
0
0
0
0
0
0
0
0
0
0
0
0
0
0
0
0
0
0
0
0
0
0
0
0
0
0
0
0
0
0
0
0
0
0
0
0
0
0
0
0
0
0
0
0
0
0
0
0
0
0
0
0
0
0
0
0
0
0
0
0
0
0
0
0
0
0
0
0
0
0
0
0
0
0
0
0
0
0
0
0
0
0
0
0
0
0
0
0
0
0
0
0
0
0
0
0
0
0
0
0
0
0
0
0
0
0
0
0
0
0
0
0
0
0
0
0
0
0
0
0
0
0
0
0
0
0
0
0
0
0
0
0
0
0
0
0
0
0
0
0
0
0
0
0
0
0
0
0
0
0
0
0
0
0
0
0
0
0
0
0
0
0
0
0
0
0
0
0
0
0
0
0
0
0
0
0
0
0
0
0
0
0
0
0
0
0
0
0
0
0
0
0
0
0
0
0
0
0
0
0
0
0
0
0
0
0
0
0
0
0
0
0
0
0
0
0
0
0
0
0
0
0
0
0
0
0
0
0
0
0
0
0
0
0
0
0
0
0
0
0
0
0
0
0
0
0
0
0
0
0
0
0
0
0
0
0
0
0
0
0
0
0
0
0
0
0
0
0
0
0
0
0
0
0
0
0
0
0
0
0
0
0
0
0
0
0
0
0
0
0
0
0
0
0
0
0
0
0
0
0
0
0
0
0
0
0
0
0
0
0
0
0
0
0
0
0
0
0
0
0
0
0
0
0
0
0
0
0
0
0
0
0
0
0
0
0
0
0
0
0
0
0
0
0
0
0
0
0
0
0
0
0
0
0
0
0
0
0
0
0
0
0
0
0
0
0
0
0
0
0
0
0
0
0
0
0
0
0
0
0
0
0
0
0
0
0
0
0
0
0
0
0
0
0
0
0
0
0
0
0
0
0
0
0
0
0
0
0
0
0
0
0
0
0
0
0
0
0
0
0
0
0
0
0
0
0
0
0
0
0
0
0
0
0
0
0
0
0
0
0
0
0
0
0
0
0
0
0
0
0
0
0
0
0
0
0
0
0
0
0
0
0
0
0
0
0
0
0
0
0
0
0
0
0
0
0
0
0
0
0
0
0
0
0
0
0
0
0
0
0
0
0
0
0
0
0
0
0
0
0
0
0
0
0
0
0
0
0
0
0
0
0
0
0
0
0.1969
0.5558
0.0436
0
0
0
0
0
0
0
0
0
0
0
0
0
0
0
0
0
0
0
0
0
0
0
0
0
0
0
0
0
0
0
0
0
0
0
0
0
0
0
0
0
0
0
0
0
0
0
0
0
0
0
0
0
0
0
0
0
0
0
0
0
0
0
0
0
0
0
0
0
0
0
0
0
0
0
0
0
0
0
0
0
0
0
0
0
0
0
0
0
0
0
0
0
0
0.0064
0.0135
0
0
0.028
0
0
0
0
0
0
0
0
0
0
0
0
0
0
0
0
0
0
0
0
0
0
0
0
0
0
0
0
0
0
0
0
0
0
0
0
0
0
0
0
0
0
0
0
0
0
0
0
0
0
0
0
0
0
0
0
0
0
0
0
0
0
0
0
0
0
0
0
0
0
0
0
0
0
0
0
0
0
0
0
0
0
0
0
0
0
0
0
0
0
0
0
0
0
0
0
0
0
0
0
0
0
0
0
0
0
0
0
0
0
0
0
0
0
0
0
0
0
0
0
0
0
0
0
0
0
0
0
0
0
0
0
0
0
0
0
0
0
0
0
0
0
0
0
0
0
0
0
0
0
0
0
0
0
0
0
0
0
0
0
0
0
0
0
0
0
0
0
0
0
0
0
0
0
0
0
0
0
0
0
0
0
0
0
0
0
0
0
0
0
0
0
0
0
0
0
0
0
0
0
0
0
0
0
0
0
0
0
0
0
0
0
0
0
0
0
0
0
0
0
0
0
0
0
0
0
0
0
0
0
0
0
0
0
0
0
0
0
0
0
0
0
0
0
0
0
0
0
0
0
0
0
0
0
0
0
0
0
0
0
0
0
0
0
0
0
0
0
0
0
0
0
0
0
0
0
0
0
0
0
0
0
0
0
0
0
0
0
0
0
0
0
0
0
0
0
0
0
0
0
0
0
0
0
0
0
0
0
0
0
0
0
0
0
0
0
0
0
0
0
0
0
0
0
0
0
0
0
0
0
0
0
0
0
0
0
0
0
0
0
0
0
0
0
0
0
0
0
0
0
0
0
0
0
0
0
0
0
0
0
0
0
0
0
0
0
0
0
0
0
0
0
0
0
0
0
0
0
0
0
0
0
0
0
0
0
0
0
0
0
0
0
0
0
0
0
0
0
0
0
0
0
0
0
0
0.0209
0
0
0
0
0
0
0
0
0
0
0
0
0
0.0389
0
0
0
0
0
0
0
0
0
0
0
0
0
0
0
0
0
0
0
0
0
0
0
0
0
0
0
0
0
0
0
0
0
0
0
0.0413
0
0
0
0
0
0
0
0
0
0
0.0333
0
0
0
0
0
0
0
0
0
0
0
0
0
0
0
0
0
0
0
0
0.0198
0
0
0
0
0
0
0
0
0
0
0.0234
0
0
0
0
0.0223
0
0.0271
0.0322
0.0386
0.0157
0
0
0.0361
0.0186
0
0
0
0
0
0
0
0
0.0327
0
0.0894
0.0248
0.0361
0.0273
0
0.0337
0.0266
0
0
0
0
0
0
0
0
0.0243
0
0
0
0
0
0
0
0
0
0
0.0201
0
0
0
0
0
0
0.0067
0
0
0.0278
0
0
0
0.0186
0
0
0
0
0
0
0
0
0
0.0645
0
0
0
0
0
0
0
0
0.0281
0
0
0
0
0
0
0
0
0
0
0
0
0.0149
0
0
0
0
0
0
0
0
0
0
0
0
0
0
0
0
0.0377
0
0
0.0246
0
0
0
0
0
0
0
0
0
0
0.0491
0
0
0.0085
0
0
0
0
0
0
0
0.0375
0
0
0
0
0
0
0
0
0.006
0
0
0
0
0
0.0042
0
0
0
0
0
0
0
0
0
0
0
0
0
0
0.023
0
0
0
0
0
0
0
0
0
0
0
0
0
0
0
0
0
0
0.0169
0
0
0
0
0
0
0
0
0
0
0
0
0.0047
0
0
0
0
0
0
0
0
0.0223
0.0002
0.0221
0
0
0
0
0
0
0
0
0
0
0
0
0
0
0
0
0
0
0
0
0
0
0
0
0
0
0
0
0
0
0
0
0
0
0
0
0
0
0
0
0
0
0
0
0
0
0
0
0
0
0
0
0.0285
0
0
0
0
0
0.0178
0
0
0
0
0
0
0
0
0
0
0.0035
0
0
0
0
0
0
0
0
0
0
0
0
0
0
0
0
0
0.0189
0
0
0
0
0
0.0167
0
0
0
0
0
0
0
0
0.0197
0
0
0
0
0
0
0
0
0
0
0
0
0
0
0
0.0072
0
0
0
0
0
0.0544
0
0
0
0
0
0
0
0
0
0.018
0.0346
0
0.0237
0
0
0
0
0
0
0
0
0
0
0
0
0
0
0
0
0
0
0
0
0
0
0
0
0
0
0
0
0
0
0
0
0
0
0
0
0
0
0
0
0
0
0
0
0
0
0
0
0
0
0
0
0
0
0
0
0
0
0
0
0
0
0
0
0
0
0
0
0
0
0
0
0
0
0
0
0
0
0
0
0
0
0
0
0.0201
0
0
0
0
0
0
0
0
0.0198
0
0
0
0
0
0
0
0
0
0
0.026
0
0.0208
0
0
0
0
0
0
0
0
0
0
0
0
0
0.0198
0
0
0
0
0
0
0
0
0
0
0
0
0
0
0
0
0
0
0
0
0
0
0
0
0
0
0
0
0
0
0
0
0
0
0
0
0
0
0
0
0
0.0399
0
0
0
0
0
0
0
0
0
0
0
0
0
0
0
0
0.0182
0
0
0
0
0
0
0
0.0151
0
0
0
0
0
0
0
0
0
0
0
0
0
0
0
0
0
0
0
0
0
0
0
0
0
0
0
0
0
0
0
0
0
0
0
0
0
0.0312
0
0
0
0
0.0419
0
0
0.0055
0
0
0
0
0.0209
0
0
0
0
0
0
0.019
0
0
0.0069
0
0
0
0
0
0
0.0333
0
0
0
0
0
0.0157
0
0
0
0
0
0
0
0
0
0
0
0.0189
0
0
0
0
0
0
0
0.0252
0.0062
0.0175
0
0
0
0
0
0.0262
0
0
0
0
0
0
0
0
0
0
0
0
0
0
0
0
0.041
0.0009
0
0
0
0.0194
0.0169
0
0
0.0066
0
0
0.0204
0.0429
0
0.0232
0.0208
0
0.0471
0
0
0
0
0
0
0
0
0
0
0
0
0
0
0
0.0217
0
0
0
0
0
0
0
0
0
0
0
0
0
0
0
0
0
0
0
0
0
0
0
0.0205
0
0
0
0
0
0.0148
0
0
0
0
0
0
0.0209
0
0
0
0
0
0
0
0
0
0
0
0
0
0
0
0
0
0.0196
0
0
0
0
0
0.043
0
0
0.0166
0
0
0.0169
0
0
0
0.0241
0
0
0
0
0
0
0
0
0
0
0
0
0
0
0
0
0
0.0217
0
0
0
0
0
0
0
0
0
0
0
0
0
0
0.0192
0
0
0
0
0
0
0
0
0
0
0
0
0
0
0
0
0
0
0
0
0
0
0
0
0
0
0
0
0
0
0
0.0171
0
0
0
0
0
0
0.018
0
0
0
0
0
0
0
0
0
0
0
0
0
0
0
0
0
0
0
0
0
0
0
0
0
0
0
0
0
0.0613
0
0
0
0
0
0
0
0
0
0
0
0
0
0
0
0
0
0
0
0
0
0
0
0
0
0
0
0
0
0
0.0168
0
0
0
0
0
0
0
0
0
0
0
0
0
0
0
0
0
0
0
0
0
0
0
0
0
0
0
0
0
0
0
0
0
0
0
0
0
0
0
0
0
0
0
0
0
0
0
0
0
0
0
0
0
0
0
0
0
0
0
0
0
0
0
0
0
0
0
0
0
0
0
0
0
0
0
0
0
0
0
0
0
0
0
0
0
0
0
0
0
0
0
0
0
0
0
0
0
0
0
0
0
0
0
0
0
0
0
0
0
0
0
0
0
0
0
0
0
0
0
0
0
0
0
0
0.0159
0
0
0
0
0
0.0076
0
0
0
0
0
0
0
0
0
0
0
0
0
0
0
0
0
0
0
0
0
0
0
0
0
0
0
0
0.0059
0
0
0
0
0
0
0
0
0
0
0
0
0
0
0
0
0
0
0
0
0
0
0
0
0
0
0
0
0
0
0
0
0
0
0
0
0
0
0
0
0
0
0
0
0
0.036
0
0
0
0
0
0
0
0
0
0
0
0
0
0.0027
0.0127
0
0
0
0
0
0
0
0
0
0
0.0062
0
0
0.0312
0
0
0
0
0
0
0
0
0
0
0
0
0
0
0
0
0
0
0
0
0
0
0
0
0
0
0
0
0
0
0
0
0
0
0
0
0
0
0
0
0
0
0
0
0
0
0
0
0
0.0237
0
0
0
0
0
0
0
0
0
0
0
0
0
0
0
0
0
0
0
0
0
0
0
0
0
0
0
0
0
0
0
0
0
0
0
0
0
0
0
0
0
0
0
0
0
0
0
0
0
0
0
0
0
0
0
0
0
0
0
0
0
0
0
0
0
0
0
0
0
0
0
0
0
0
0
0
0
0
0
0
0
0
0
0
0
0
0
0
0
0
0
0
0
0
0
0
0
0
0
0
0
0
0
0
0
0
0
0
0
0
0
0
0
0
0
0
0
0
0
0
0
0
0
0
0
0
0
0
0
0
0
0
0
0
0
0
0
0
0
0
0
0
0
0
0
0
0
0
0
0
0
0
0
0
0
0
0
0
0
0
0
0
0
0
0
0
0
0
0
0.0224
0
0
0
0
0
0
0
0
0
0
0
0
0
0
0
0.0235
0
0
0
0
0
0
0
0
0
0
0.0192
0.024
0
0
0
0
0
0
0
0
0
0
0
0
0
0
0
0
0
0
0
0
0
0
0
0
0
0
0
0
0
0
0
0
0
0
0
0
0
0
0
0
0
0
0
0
0
0
0
0
0
0
0
0
0
0
0
0
0
0
0
0
0
0
0
0.0196
0.0055
0
0
0
0.0136
0.0315
0.0207
0
0
0
0
0.0272
0
0
0.0912
0
0
0.0622
0.02
0.0381
0.0312
0.0028
0.0119
0
0
0
0
0
0
0
0
0
0
0
0.0304
0
0
0
0
0
0
0
0.1118
0
0
0
0
0
0
0
0
0
0
0
0
0
0
0
0
0
0
0
0
0
0
0
0
0
0
0.0379
0
0
0
0
0
0.0166
0
0.0192
0
0
0
0
0
0
0
0
0
0
0
0
0
0
0
0
0
0
0
0
0
0
0
0
0
0.0596
0
0
0
0
0
0
0
0
0
0
0
0
0
0
0
0
0
0
0
0
0
0
0
0
0
0
0
0
0
0
0
0
0
0
0
0
0
0.0373
0
0
0
0
0
0
0
0
0
0
0
0
0
0
0
0
0
0
0
0
0
0
0
0
0
0
0
0
0
0
0
0
0
0
0
0
0
0
0
0
0
0
0
0
0
0
0
0
0
0
0.0167
0
0
0.0062
0
0
0
0
0
0
0
0
0
0
0.0363
0
0
0
0
0
0
0.0334
0
0
0
0.0094
0
0
0
0
0
0
0
0
0
0
0
0
0
0
0
0
0
0
0.0036
0
0
0
0
0
0
0
0
0
0.0044
0
0.0075
0
0.0373
0
0
0
0
0
0
0
0
0
0
0
0
0
0
0
0
0
0
0
0
0
0
0
0
0
0
0
0.0443
0
0
0.0267
0
0
0.0209
0.0368
0.0275
0
0
0
0.0453
0
0
0
0
0
0
0
0.0115
0
0
0
0
0
0
0
0
0
0
0
0
0
0
0
0
0.0204
0.014
0.0061
0
0
0
0
0
0
0
0
0
0
0
0
0
0
0
0
0
0
0
0
0
0
0.0209
0
0.0248
0.0799
0.1657
0.0417
0.0285
0
0
0
0
0.0329
0.0402
0.0125
0
0.0061
0
0
0.0233
0.034
0
0.0453
0.0334
0.019
0.0129
0
0
0
0
0
0
0
0
0.0671
0
0
0
0
0
0
0
0
0
0
0.0032
0.0184
0
0
0
0.0062
0
0
0
0
0
0.0233
0.0416
0.0223
0
0
0
0
0
0
0
0.0096
0
0.0228
0
0
0
0
0
0
0.0157
0
0
0
0
0
0
0
0
0
0
0
0
0.0212
0
0
0.0607
0.0255
0
0.009
0
0.0459
0
0
0
0
0
0
0
0
0.023
0
0.0204
0.1073
0
0
0.029
0.0065
0.0145
0
0
0
0
0
0
0
0.0541
0.02
0
0.0045
0
0
0
0
0
0.0088
0
0.0515
0.0347
0
0.0235
0.0158
0.0181
0
0.0555
0.0929
0.0342
0
0
0
0
0
0
0
0
0
0
0
0
0
0
0.0055
0.019
0.0371
0.0291
0
0
0.0171
0.0207
0.0253
0.029
0
0
0.0227
0
0
0
0
0.0056
0.0062
0
0
0
0
0
0.0069
0
0
0
0
0
0.0054
0
0.0208
0
0
0
0.005
0.0028
0
0
0
0
0
0
0
0
0
0
0
0
0.0384
0
0
0.0074
0
0
0
0
0
0
0
0
0
0
0
0
0
0
0.0194
0
0
0
0
0
0
0
0
0
0.037
0
0
0
0
0.0036
0
0
0
0
0
0.0354
0
0
0
0.0228
0
0
0
0
0
0
0
0.0054
0
0
0
0.0069
0.0318
0
0.0269
0
0
0
0
0
0
0
0
0
0
0
0
0
0
0
0
0
0.0076
0.0211
0
0
0
0
0
0
0
0
0
0
0
0
0.0195
0
0
0
0
0
0
0
0
0
0.0084
0
0
0
0
0
0
0.0035
0
0
0
0
0
0
0
0
0
0
0
0
0
0
0
0
0
0
0
0
0
0
0
0
0
0
0
0
0
0
0
0
0
0
0
0
0
0
0
0
0
0
0
0
0
0
0
0
0
0
0
0
0
0
0.0039
0
0
0
0.0116
0
0
0
0
0
0
0
0.0387
0
0
0.0193
0
0.0212
0
0
0.0275
0
0
0
0
0
0
0
0
0
0
0
0
0
0.0236
0.017
0
0.0321
0
0
0
0
0
0.0177
0
0
0
0
0.0206
0.0178
0
0.0206
0
0
0
0
0
0
0
0
0
0
0
0
0
0
0
0
0
0
0
0.0184
0
0
0
0
0
0.0156
0
0
0
0
0
0
0
0
0
0
0
0
0
0
0
0
0
0
0
0
0
0.024
0
0
0
0
0
0
0.0078
0
0
0
0
0
0.0486
0.022
0.0541
0
0
0
0
0
0
0
0
0
0
0
0
0.0211
0
0
0
0
0
0
0
0
0
0
0
0.0352
0
0.0923
0
0.0071
0.0856
0
0.0549
0.0253
0.0285
0.027
0.1603
0.112
0
0
0.0301
0
0
0
0.042
0
0
0.1033
0
0
0
0
0
0
0
0
0
0
0
0
0.0361
0.0135
0
0
0
0
0
0
0
0
0
0
0
0
0
0
0
0
0
0
0
0
0
0
0
0
0
0
0
0
0
0
0
0
0
0
0
0
0
0
0.0154
0
0.0513
0.0044
0
0
0
0
0
0.0633
0
0
0
0
0
0.0254
0
0
0
0
0.0204
0
0
0
0
0
0
0
0
0
0
0
0
0
0
0
0
0
0
0
0
0
0
0
0
0
0
0
0
0
0
0
0
0
0
0
0.0054
0
0
0
0
0
0
0
0
0
0
0
0
0
0
0
0
0
0
0
0.0193
0.0076
0
0
0
0
0
0
0
0
0.0182
0
0.0391
0
0
0.0426
0
0
0
0
0
0
0
0
0
0.0375
0
0.018
0
0
0
0
0
0.0568
0
0
0
0
0
0
0
0
0
0
0
0.0096
0.0218
0
0
0
0.0128
0.0939
0.022
0.0447
0.0176
0
0
0
0
0
0
0.022
0.0221
0
0
0
0
0.0244
0
0
0
0
0
0
0
0
0
0
0
0
0
0
0
0
0
0
0
0
0.0159
0
0
0
0
0
0
0
0
0
0
0
0
0
0
0
0.0417
0
0
0
0
0
0
0
0
0
0
0
0
0
0
0
0
0
0
0
0
0
0
0
0
0
0
0
0
0
0
0
0
0
0
0
0
0
0
0
0
0
0
0
0
0
0
0
0
0
0
0
0
0
0
0.0229
0
0
0
0
0
0
0
0
0
0.0267
0
0
0
0
0.0228
0
0
0
0
0
0
0
0
0
0
0
0
0
0
0
0
0
0
0
0
0
0
0
0
0
0
0
0
0
0
0
0
0
0
0
0
0
0
0
0
0.0056
0
0
0
0
0
0
0
0
0
0
0
0
0
0
0
0
0
0
0
0
0
0
0
0
0
0
0
0
0
0
0
0.0068
0
0
0
0
0
0
0
0
0
0
0
0
0
0
0
0
0
0
0
0
0
0
0.0188
0
0
0
0
0
0
0
0
0
0
0
0
0
0
0
0
0
0
0
0
0
0.0204
0
0
0.0411
0
0.0089
0.0332
0
0
0
0
0
0
0
0.0228
0
0
0
0
0
0.0131
0
0.0033
0
0
0
0
0
0
0
0
0
0
0.0058
0
0
0
0
0.0783
0
0.022
0
0.035
0.0157
0
0
0
0
0
0
0.0091
0
0
0
0
0
0
0
0
0
0.0213
0.0069
0
0
0
0.0097
0
0
0.0042
0
0.0321
0.0194
0.0369
0.0196
0
0
0
0.0236
0
0.0121
0
0
0.0277
0
0
0.0041
0.032
0
0
0
0
0
0
0
0
0
0
0.0266
0.0321
0.0089
0
0
0.0257
0
0
0
0
0.0238
0
0.0216
0
0.0692
0
0
0
0.0482
0
0.051
0
0
0.0163
0
0
0.0645
0
0.112
0
0.0205
0
0
0
0
0.0205
0
0
0
0
0
0
0
0
0
0
0
0
0
0
0
0
0
0
0
0
0
0
0.0257
0.0537
0.0397
0
0
0
0
0
0
0.0201
0
0
0
0
0
0
0
0
0
0
0
0
0
0
0
0
0
0
0
0
0
0
0
0
0.0557
0.0281
0
0
0.0157
0
0
0
0
0
0
0
0
0
0
0
0
0
0
0
0
0
0
0
0
0.0472
0
0.0073
0
0
0.0249
0.0343
0.0115
0
0
0
0.0669
0.0414
0.0252
0
0.0455
0.0814
0.035
0
0
0.0467
0
0.0718
0.0182
0
0
0
0
0
0
0
0
0
0
0
0
0
0
0
0
0
0
0.0396
0
0
0
0
0.0058
0
0
0
0.0334
0
0
0
0
0
0
0
0
0
0
0
0
0
0.0413
0
0.019
0
0
0.0166
0
0.0161
0
0
0
0
0
0
0
0
0.0084
0
0.0462
0
0
0.0092
0.0332
0.0321
0.0534
0.0506
0
0.0028
0.0669
0.0589
0
0
0
0
0.0924
0.0315
0.1208
0.0028
0.0441
0
0
0
0.0033
0.0203
0
0
0
0
0
0.0044
0.0179
0
0
0
0
0.0095
0.0385
0
0.0181
0.0466
0
0
0
0
0
0.025
0
0
0
0
0.0512
0.0454
0.0065
0
0.1286
0.0193
0.0871
0
0.0532
0
0.0396
0.0284
0
0
0
0.0663
0
0
0
0.0556
0.013
0
0.0447
0
0
0
0
0.0083
0
0.0167
0.0372
0.0577
0.0381
0
0
0
0
0
0
0
0
0
0
0.0338
0
0
0
0
0
0
0
0
0.0167
0
0
0
0
0
0
0
0
0.054
0
0
0.0218
0
0
0
0
0
0
0
0
0
0.0231
0
0
0
0
0
0.0093
0
0.0377
0.0385
0
0.0219
0
0
0
0
0
0
0
0.0181
0
0
0
0.0432
0.0026
0
0
0
0.0193
0
0
0
0
0.0041
0.0847
0.0326
0
0.0257
0
0
0
0
0
0
0
0
0
0
0
0.0057
0.0157
0
0.0194
0
0
0.0211
0.0011
0
0
0
0
0
0
0
0
0
0
0
0.0428
0.0032
0
0
0
0
0
0
