0
0
0
0
0
0
0
0
0
0
0
0
0
0
0
0
0
0
0
0
0
0
0
0
0
0
0
0
0
0
0
0
0
0
0
0
0
0
0
0
0
0
0
0
0
0
0
0
0
0
0
0
0
0
0
0
0
0
0
0
0
0
0
0
0
0
0
0
0
0
0
0
0
0
0
0
0
0
0
0
0
0
0
0
0
0
0
0
0
0
0
0
0
0
0
0
0
0
0
0
0
0
0
0
0
0
0
0
0
0
0
0
0
0
0
0
0
0
0
0
0
0
0
0
0
0
0
0
0
0
0
0
0
0
0
0
0
0
0
0
0
0
0
0
0
0
0
0
0
0
0
0
0
0
0
0
0
0
0
0
0
0
0
0
0
0
0
0
0
0
0
0
0
0
0
0
0
0
0
0
0
0
0
0
0
0
0
0
0
0
0
0
0
0
0
0
0
0
0
0
0
0
0
0
0
0
0
0
0
0
0
0
0
0
0
0
0
0
0
0
0
0
0
0
0
0
0
0
0
0
0
0
0
0
0
0
0
0
0
0
0
0
0
0
0
0
0
0
0
0
0
0
0
0
0
0
0
0
0
0
0
0
0
0
0
0
0
0
0
0
0
0
0
0
0
0
0
0
0
0
0
0
0
0
0
0
0
0
0
0
0
0
0
0
0
0
0
0
0
0
0
0
0
0
0
0
0
0
0
0
0
0
0
0
0
0
0
0
0
0
0
0
0
0
0
0
0
0
0
0
0
0
0
0
0
0
0
0
0
0
0
0
0
0
0
0
0
0
0
0
0
0
0
0
0
0
0
0
0
0
0
0
0
0
0
0
0
0
0
0
0
0
0
0
0
0
0
0
0
0
0
0
0
0
0
0
0
0
0
0
0
0
0
0
0
0
0
0
0
0
0
0
0
0
0
0
0
0
0
0
0
0
0
0
0
0
0
0
0
0
0
0
0
0
0
0
0
0
0
0
0
0
0
0
0
0
0
0
0
0
0
0
0
0
0
0
0
0
0
0
0
0
0
0
0
0
0
0
0
0
0
0
0
0
0
0
0
0
0
0
0
0
0
0
0
0
0
0
0
0
0
0
0
0
0
0
0
0
0
0
0
0
0
0
0
0
0
0
0
0
0
0
0
0
0
0
0
0
0
0
0
0
0
0
0
0
0
0
0
0
0
0
0
0
0
0
0
0
0
0
0
0
0
0
0
0
0
0
0
0
0
0
0
0
0
0
0
0
0
0
0
0
0
0
0
0
0
0
0
0
0
0
0
0
0
0
0
0
0
0
0
0
0
0
0
0
0
0
0
0
0
0
0
0
0
0
0
0
0
0
0
0
0
0
0
0
0
0
0
0
0
0
0
0
0
0
0
0
0
0
0
0
0
0
0
0
0
0
0
0
0
0
0
0
0
0
0
0
0
0
0
0
0
0
0
0
0
0
0
0
0
0
0
0
0
0
0
0
0
0
0
0
0
0
0
0
0
0
0
0
0
0
0
0
0
0
0
0
0
0
0
0
0
0
0
0
0
0
0
0
0
0
0
0
0
0
0
0
0
0
0
0
0
0
0
0
0
0
0
0
0
0
0
0
0
0
0
0
0
0
0
0
0
0
0
0
0
0
0
0
0
0
0
0
0
0
0
0
0
0
0
0
0
0
0
0
0
0
0
0
0
0
0
0
0
0
0
0
0
0
0
0
0
0
0
0
0
0
0
0
0
0
0
0
0
0
0
0
0
0
0
0
0
0
0
0
0
0
0
0
0
0
0
0
0
0
0
0
0
0
0
0
0
0
0
0
0
0
0
0
0
0
0
0
0
0
0
0
0
0
0
0
0
0
0
0
0
0
0
0
0
0
0
0
0
0
0
0
0
0
0
0
0
0
0
0
0
0
0
0
0
0
0
0
0
0
0
0
0
0
0
0
0
0
0
0
0
0
0
0
0
0
0
0
0
0
0
0
0
0
0
0
0
0
0
0
0
0
0
0
0
0
0
0
0
0
0
0
0
0
0
0
0
0
0
0
0
0
0
0
0
0
0
0
0
0
0
0
0
0
0
0
0
0
0
0
0
0
0
0
0
0
0
0
0
0
0
0
0
0
0
0
0
0
0
0
0
0
0
0
0
0
0
0
0
0
0
0
0
0
0
0
0
0
0
0
0
0
0
0
0
0
0
0
0.0363
0
0
0
0
0
0
0
0
0
0
0
0
0
0
0
0
0
0.1831
0.2861
0
0.0178
0
0
0
0
0
0
0
0
0
0
0
0
0
0
0
0
0
0
0
0
0
0
0
0
0
0
0
0
0
0
0
0
0
0
0
0
0
0
0
0
0
0
0
0
0
0
0
0
0
0
0
0
0.0191
0.0039
0
0
0
0.0167
0
0
0
0
0
0
0
0
0
0
0
0
0
0
0
0
0
0
0
0
0
0
0
0
0
0
0
0
0.016
0
0
0
0
0
0
0.0176
0
0
0
0
0
0
0
0
0
0
0
0
0
0
0
0
0
0
0
0.019
0
0
0
0.0213
0
0
0
0
0.023
0.0154
0
0
0
0
0
0
0
0
0
0
0
0
0
0
0
0
0
0
0
0
0
0
0
0
0
0
0
0
0
0
0
0
0
0
0
0
0
0
0
0
0
0
0
0
0
0
0
0
0
0
0
0
0
0
0
0
0
0
0
0
0
0
0
0
0
0
0
0
0
0
0
0
0
0
0
0
0
0
0
0
0
0
0
0
0
0
0
0
0
0
0
0
0
0
0
0
0
0
0
0
0
0
0
0
0
0
0
0
0
0
0
0
0
0
0
0
0
0
0
0
0
0
0
0
0
0
0
0
0
0
0
0
0
0
0
0
0
0
0
0
0
0
0
0
0
0
0
0
0
0
0
0
0
0
0
0
0
0
0
0
0
0
0
0
0
0
0
0
0
0
0
0
0
0
0
0
0
0
0
0
0
0
0
0
0
0
0
0
0
0
0
0
0
0
0
0
0
0
0
0
0
0
0
0
0
0
0
0
0
0
0
0
0
0
0
0
0
0
0
0
0
0
0
0
0
0
0
0
0
0
0
0
0
0
0
0
0
0
0
0
0
0
0
0
0
0
0
0
0
0
0
0
0
0
0
0
0
0
0
0
0
0
0
0
0
0
0
0
0
0
0
0
0
0
0
0
0
0
0
0
0
0
0
0
0
0
0
0
0
0
0
0
0
0
0
0
0
0
0
0
0
0
0
0
0
0
0
0
0
0
0
0
0
0
0
0
0
0
0
0
0
0
0
0
0
0
0
0
0
0
0
0
0
0
0
0
0
0
0
0
0
0
0
0
0
0
0
0
0
0
0
0
0
0
0
0
0
0
0
0
0
0
0
0
0
0
0
0
0
0
0
0
0
0
0
0
0
0
0
0
0
0
0
0
0
0
0
0
0
0
0
0
0
0
0
0
0
0
0
0
0
0
0
0
0
0
0
0
0
0
0
0
0
0
0.0261
0
0
0
0
0
0
0
0
0
0
0
0
0
0
0
0
0.0236
0
0
0.0133
0.0402
0
0
0
0.0394
0
0
0
0
0
0
0.0197
0
0.0533
0
0.0292
0
0
0
0
0.003
0
0
0
0
0
0
0
0
0.0157
0.1455
0
0.0077
0
0
0
0
0.0325
0.0236
0
0
0
0
0.0151
0
0
0.0213
0
0
0.026
0.0151
0
0.0241
0.0176
0
0
0
0
0
0
0.0231
0
0
0
0
0
0
0.0494
0.0169
0.0073
0
0
0
0
0
0
0
0
0
0
0
0
0
0
0
0
0
0.0189
0
0
0
0
0
0
0
0
0
0.0281
0.0273
0
0
0
0
0
0
0
0
0
0.0388
0
0
0
0
0
0
0
0
0
0
0
0
0
0
0
0
0
0
0
0
0
0
0
0
0
0
0
0
0
0
0
0
0
0
0
0
0
0
0
0
0
0
0
0
0
0
0
0
0
0
0
0
0
0
0
0
0.047
0.0349
0
0
0
0
0
0
0
0
0
0
0.0132
0
0
0
0.0189
0
0
0
0
0
0
0
0
0
0
0
0.0163
0
0
0
0
0
0
0.0168
0
0
0
0
0
0
0
0
0
0
0.0045
0
0
0
0.0172
0
0
0
0
0
0
0
0.0197
0
0
0
0
0.0162
0
0
0
0.0189
0
0
0
0
0
0
0
0
0
0
0
0
0
0
0
0
0
0
0
0
0
0
0
0
0
0
0
0.0304
0
0
0
0
0
0
0
0.0196
0
0
0
0
0
0
0
0
0
0
0
0
0
0
0
0
0
0
0
0
0
0
0
0
0
0
0
0
0
0
0
0
0
0
0
0
0
0
0
0
0
0
0
0
0
0
0
0
0
0
0
0
0
0
0
0
0
0
0
0
0
0
0
0
0
0
0
0
0
0
0
0
0
0
0.0419
0
0
0
0.0074
0
0
0
0
0
0.0239
0
0
0
0
0
0.017
0
0
0
0
0
0
0.0167
0
0
0
0
0
0
0
0.0085
0
0
0
0
0
0
0
0.0348
0
0
0
0
0
0
0
0
0
0
0.0192
0
0
0
0
0
0
0
0
0
0
0
0
0
0
0
0
0
0
0
0
0
0
0
0
0
0
0
0
0
0
0.0143
0
0
0
0
0
0
0
0
0
0
0
0
0
0
0
0
0
0
0.0071
0
0
0
0
0
0
0
0
0
0
0
0
0
0
0
0
0
0
0
0
0
0
0
0
0.0275
0
0
0
0
0
0
0
0
0
0
0
0
0
0
0
0
0
0
0
0
0
0
0
0
0
0
0
0
0
0
0
0
0
0
0
0
0
0
0
0
0
0
0.0207
0
0
0
0
0
0
0
0
0
0
0
0
0
0
0
0
0
0
0
0
0
0
0
0.0561
0
0
0
0
0
0
0
0
0
0
0
0
0
0
0
0
0
0
0
0
0
0
0
0
0
0
0
0
0
0
0
0
0
0
0
0
0
0
0
0
0
0
0
0
0
0
0
0
0
0
0
0
0
0
0
0
0.0107
0
0
0
0.0126
0
0
0
0
0
0
0
0
0
0
0
0
0
0
0
0
0
0
0
0
0
0
0
0
0
0
0
0
0.0167
0
0
0
0
0
0.023
0
0
0
0
0
0
0
0
0
0
0
0
0
0
0
0
0
0
0
0
0
0.0225
0
0
0
0
0
0
0
0
0
0
0
0
0.0358
0
0
0
0
0
0
0
0
0.0049
0
0
0
0
0
0
0
0.0074
0.0226
0.043
0
0.0419
0
0.0199
0
0
0.0395
0
0
0
0
0
0
0
0
0
0
0
0
0
0.0181
0
0.0113
0.0184
0.0353
0.0197
0
0
0
0
0
0.022
0
0
0
0
0
0.0193
0
0
0
0
0
0
0
0
0
0
0
0
0
0
0
0
0
0
0
0
0
0
0
0
0
0
0
0
0
0
0
0.0226
0
0
0
0
0.0209
0
0.016
0
0
0
0
0
0
0
0
0
0
0
0
0
0
0
0
0
0
0
0.0274
0
0
0.0063
0
0
0
0
0
0
0
0
0
0.0065
0
0
0
0
0
0
0.0209
0
0.0244
0.0198
0
0
0
0
0
0.0389
0.0158
0
0
0
0
0
0
0
0
0
0
0
0
0
0
0
0
0
0
0
0
0
0
0
0
0
0
0
0
0
0
0
0
0
0
0
0
0
0
0
0
0
0
0
0
0
0
0
0
0
0
0
0
0
0
0
0
0
0
0
0
0
0
0
0
0
0
0
0
0
0
0
0
0
0
0
0
0
0
0
0
0
0
0
0
0
0
0
0
0
0
0
0
0
0
0
0
0
0
0
0
0
0
0
0
0
0
0
0
0
0
0
0
0
0
0
0
0
0
0
0
0
0
0
0
0
0
0
0
0
0
0
0
0
0
0
0
0
0
0
0
0
0
0
0
0
0
0
0
0
0
0
0
0
0
0
0
0
0
0
0
0
0
0
0.0138
0
0
0
0.018
0
0
0
0
0
0
0
0
0
0
0
0
0
0
0
0
0
0
0
0
0
0
0
0
0
0
0
0
0
0
0
0
0
0
0
0
0
0
0
0
0
0
0
0
0
0
0
0
0
0
0
0
0
0
0
0
0
0
0
0
0
0
0
0
0
0
0
0
0
0
0
0
0
0
0
0
0
0
0
0
0
0
0
0
0
0
0
0
0
0
0
0
0
0
0
0
0
0
0
0
0
0
0
0
0
0
0
0
0
0
0
0
0
0
0
0
0
0
0
0.0185
0
0.0066
0
0
0
0
0
0
0
0
0
0
0
0
0
0
0
0
0
0
0
0
0
0
0
0
0
0
0
0.044
0
0
0
0
0
0
0
0
0
0
0
0
0.0271
0
0
0
0
0
0
0
0.0235
0.0311
0.0108
0
0
0.0315
0
0
0
0.005
0
0
0.0346
0.0331
0.0471
0
0
0
0
0
0
0
0
0
0
0
0
0
0
0
0
0
0
0
0
0
0
0
0.0262
0
0.0395
0
0
0
0
0
0.0192
0
0
0
0
0
0
0
0
0
0
0.0198
0
0
0
0
0
0
0
0
0
0
0
0
0
0
0
0
0
0
0
0
0
0
0
0
0
0
0
0
0
0
0
0
0
0
0
0
0
0
0
0.0121
0
0
0
0
0
0
0
0
0
0
0
0
0
0
0
0
0.0206
0
0
0.0084
0
0
0
0
0
0
0
0
0
0
0
0
0
0
0
0
0
0
0
0
0
0
0
0
0
0
0.0139
0
0
0
0
0
0.0223
0
0
0
0
0
0
0
0
0
0
0
0
0
0
0
0.0602
0
0
0
0
0
0
0
0
0
0
0
0
0
0
0
0
0
0
0
0
0
0
0
0
0
0
0
0
0
0
0
0
0
0
0
0
0
0
0
0
0
0
0
0
0
0
0
0
0
0
0.0421
0
0
0
0
0
0.0223
0
0
0
0
0
0
0
0
0
0
0
0
0
0
0
0
0
0
0
0.0063
0
0
0.0186
0
0
0
0
0
0
0
0
0
0
0
0
0
0
0
0
0
0
0
0
0
0
0
0
0
0
0
0
0
0
0
0
0
0
0
0
0
0
0
0
0
0
0
0
0
0
0
0
0
0
0
0
0
0
0
0
0
0
0
0
0
0
0
0
0
0
0
0
0
0
0
0
0
0
0
0
0.0177
0
0
0
0
0.0076
0.0583
0
0
0
0
0.017
0
0
0
0
0
0.0317
0
0
0.0853
0
0
0.0039
0
0.0049
0
0
0
0
0
0.032
0
0
0
0
0.0216
0
0
0
0
0
0
0
0
0
0
0
0.0956
0
0
0.0218
0
0
0
0
0.0407
0
0
0
0
0
0
0
0
0
0
0
0.0264
0
0
0
0.0168
0
0
0
0
0
0
0.0314
0
0
0.0082
0.0264
0
0
0
0
0
0
0.0236
0
0
0
0.0252
0.0166
0
0.0206
0
0
0
0
0
0.0454
0
0
0
0
0
0
0
0
0.0587
0
0.0094
0
0
0
0
0
0
0
0.0144
0
0.0068
0
0
0
0.0244
0
0
0
0
0.0195
0
0
0
0
0
0.0388
0
0
0
0
0
0
0
0
0
0
0
0
0
0
0
0
0
0
0
0
0
0
0
0
0
0
0
0
0
0
0
0
0
0
0
0
0
0
0
0
0
0
0
0
0
0
0
0
0
0
0
0
0
0
0
0
0
0
0
0
0
0
0
0
0
0
0
0
0
0
0
0
0
0
0
0
0
0
0
0
0.0161
0
0
0
0
0
0
0
0.0033
0
0
0.0166
0
0
0
0
0
0.0375
0
0
0
0
0
0
0
0
0
0
0
0
0
0
0
0
0
0
0
0
0
0
0
0
0
0.0381
0
0
0
0
0
0
0
0
0
0
0
0
0
0
0
0
0
0
0
0
0.0412
0
0
0
0
0.022
0
0.0333
0
0
0
0
0
0
0
0
0
0
0
0
0
0
0
0
0
0.0209
0
0.0041
0
0.0199
0
0
0
0
0
0
0
0
0
0
0
0.018
0
0
0
0
0
0
0
0
0
0
0
0
0
0
0
0
0
0
0
0
0.0157
0
0
0
0
0
0
0
0.0193
0
0.0222
0.0608
0
0.0117
0
0.0328
0.02
0
0
0
0
0
0
0
0
0
0
0.0035
0
0.029
0.0168
0.0169
0
0.0259
0
0
0.0334
0
0
0
0
0
0
0
0
0.0303
0.0209
0
0
0.0469
0.0217
0
0
0.0135
0.0073
0
0
0
0
0
0
0
0
0
0.0235
0
0
0
0
0
0
0.0402
0
0
0
0.0193
0
0
0
0
0
0
0
0
0.0209
0
0
0
0
0
0
0.0395
0
0
0
0.0561
0
0
0
0
0
0
0
0.0352
0.0782
0.0074
0
0
0
0
0.0292
0
0.0072
0
0
0
0
0
0
0
0.085
0
0.0202
0
0
0
0.0031
0.04
0
0
0
0.0362
0
0
0
0
0.0746
0
0
0
0
0
0
0
0
0
0.0251
0
0.0394
0
0
0
0.0189
0
0
0
0
0
0
0
0
0
0
0.0134
0.0231
0
0
0
0
0.0033
0
0
0.043
0
0
0
0
0
0.0403
0
0.0275
0
0
0.0102
0
0.0248
0
0
0
0
0
0.0157
0
0
0
0
0
0
0.0376
0
0
0
0
0
0
0
0
0
0
0
0
0
0
0
0
0
0
0
0
0
0
0
0
0
0
0
0
0
0.0224
0
0
0
0
0.0085
0
0
0
0
0
0
0
0
0
0.0081
0
0
0
0
0
0
0
0
0
0
0
0
0
0.016
0.0205
0
0
0.0217
0
0.0603
0.0316
0
0.0168
0
0
0
0
0.0247
0.0196
0.0259
0.0245
0
0.0209
0.0436
0.0196
0
0
0
0.045
0
0
0.0214
0
0
0
0
0
0
0
0
0
0
0.0214
0.0419
0.0147
0
0
0
0
0
0
0
0
0
0
0
0
0
0
0
0
0
0
0
0.0055
0
0.006
0
0
0
0
0
0
0.0289
0
0
0
0
0.0102
0
0
0
0
0
0
0
0.0271
0
0
0
0
0
0
0
0
0
0
0
0
0
0
0
0
0
0
0
0
0
0
0
0
0
0
0
0
0
0
0
0
0
0
0.0196
0
0
0
0
0
0
0
0
0
0
0
0.0194
0.0231
0
0
0
0
0
0
0
0
0.0203
0
0
0
0
0
0
0.065
0
0
0.0223
0
0
0.0952
0
0
0
0
0.0084
0
0
0
0
0
0
0
0
0
0
0.0039
0
0
0
0.0054
0
0
0
0
0
0
0
0
0
0
0
0
0
0
0
0.0316
0
0
0
0
0
0
0
0
0.0187
0
0
0
0
0
0
0
0
0
0
0
0
0.0386
0.024
0
0
0
0
0.0447
0
0
0
0.0041
0
0
0
0
0
0
0
0.006
0
0
0
0
0
0
0
0
0
0
0
0.0323
0
0
0
0
0
0
0
0.0316
0
0.0993
0
0.0404
0
0.0489
0
0.0836
0
0
0.0256
0
0
0
0
0.0237
0
0
0.0267
0
0
0.044
0.0371
0
0
0
0
0
0
0
0
0
0
0
0
0
0
0
0
0
0
0
0
0
0
0
0.0432
0
0.0066
0.0062
0
0
0
0
0
0
0
0
0
0
0
0
0
0.0065
0.0297
0
0
0
0
0
0
0
0
0
0
0.0199
0.0188
0.0252
0
0
0
0
0
0.0304
0
0
0
0.0681
0
0
0
0
0
0
0
0
0
0
0
0
0
0
0
0
0
0
0.0075
0
0
0
0
0
0
0
0
0
0
0
0
0
0
0
0
0
0
0
0
0
0
0
0
0
0
0
0
0
0.0323
0
0
0
0
0
0
0
0.0394
0.0596
0
0
0.0362
0
0.0191
0
0
0
0
0
0
0
0
0
0
0.016
0
0.0544
0
0
0.0221
0.0047
0
0
0
0
0
0
0
0
0
0
0
0
0
0.0165
0.0146
0.0254
0
0.0192
0
0
0
0
0
0
0
0
0.0056
0
0.0083
0
0
0
0.0088
0.024
0.0046
0
0
0
0
0
0
0
0.0378
0
0
0
0
0
0
0
0
0
0
0
0
0
0
0
0.0182
0
0
0
0.0372
0
0
0
0
0
0
0
0
0
0
0
0
0
0
0
0
0
0
0
0
0
0
0
0
0
0
0
0
0
0
0
0
0
0
0
0
0
0
0
0
0
0
0
0
0
0
0
0
0
0
0
0
0
0
0
0
0
0
0
0
0
0
0
0
0
0
0
0
0
0
0
0
0
0
0
0
0
0
0
0
0
0
0
0
0
0
0
0
0
0
0
0
0
0
0
0
0
0
0
0
0
0
0
0
0
0
0
0
0
0
0
0
0
0
0
0
0
0
0
0
0
0
0
0
0
0
0
0
0
0
0
0
0
0
0
0
0
0
0
0
0
0
0
0
0
0
0
0
0
0
0
0
0
0
0
0
0
0
0
0
0
0
0.015
0.0346
0
0
0
0
0
0
0
0
0.0775
0
0.0265
0
0.0353
0.0038
0
0
0
0
0
0
0
0
0
0.016
0
0
0
0
0
0
0
0
0
0
0
0
0.0374
0
0
0
0
0
0
0
0
0.0165
0
0.0229
0
0
0
0
0.0393
0
0
0
0
0
0
0
0
0.0076
0.0062
0.0096
0
0
0
0
0.0153
0
0.0978
0
0
0
0.0228
0
0.0222
0.0034
0
0
0
0
0.0037
0
0
0
0
0
0
0.0399
0
0
0
0
0
0
0
0.0447
0
0
0
0.0157
0
0
0.0395
0.0205
0
0
0
0
0
0
0.0068
0
0
0.0215
0
0.0211
0
0
0.0093
0.0394
0
0
0.0077
0
0
0
0
0.0022
0
0.0096
0
0
0
0
0
0
0
0
0.0076
0.0429
0.0202
0.005
0
0
0
0
0
0
0
0
0
0.0394
0
0.019
0
0
0.0644
0
0.0046
0
0
0
0.0743
0
0
0.0075
0
0
0.0085
0
0.0852
0
0
0
0
0
0
0
0
0
0
0
0
0
0
0
0
0
0
0
0
0
0
0
0
0
0
0
0
0
0
0
0
0
0
0
0
0
0
0
0
0
0
0
0
0
0
0
0
0
0
0
0
0
0
0
0
0
0
0
0
0
0
0
0
0
0
0.0265
0.004
0
0
0
0
0.0238
0.0117
0.0266
0
0.0077
0
0.0226
0
0.0152
0
0.0161
0
0
0
0
0.0627
0
0
0.0084
0
0.0031
0.0234
0.0041
0
0
0
0
0.0248
0.0208
0.0243
0
0
0.0146
0
0
0
0
0.0211
0
0
0
0
0
0
0
0
0
0
0
0
0
0
0
0
0
0
0
0
0.0185
0.0245
0.0095
0
0
0.0194
0
0
0
0.0035
0
0
0
0
0
0
0
0
0
0
0
0
0
0.0043
0
0
0
0
0
0
0
0
0
0
0
0.015
0.0027
0
0
0
0
0
0
0
0
0
0
0
0.0495
0
0
0
0
0.0209
0
0
0.0291
0.0056
0
0.0267
0
0
0
0
0.0211
0.0245
0
0
0.0241
0
0.0343
0.0266
0
0
0
0.0045
0
0
0.0369
0.0344
0
0
0
0
0
0
0
0
0
0
0
0.0338
0
0
0.0146
0
0
0
0
0
0.0042
0
0.0287
0
0.0205
0
0.0183
0.02
0
0
0
0
0
0.0197
0
0
0
0.0177
0
0
0
0
0
0
0
0
0.0116
0.0592
0
0
0
0.0193
0
0
0
0
0
0
0
0
0
0
0
0
0
0.0023
0.0187
0
0
0
0
0
0.0437
0
0
0
0
0.0212
0
0.035
0
0
0
0
0
0
0
0
0
0.0712
0
0
0
0
0.0348
0
0
0
0
0
0
0
0
0
0
0
0
0.0337
0
0
0
0
0.0163
0
0
0
0.0042
0.004
0
0
0.0223
0.0657
0
0.0543
0.0373
0
0
0
0
0.0267
0
0
0
0
0
0
0
0.023
0
0
0
0
0
0.0295
0
0
0.0183
0
0
0
0
0.0043
0
0
0
0.0553
0
0
0
0
0
0
0
