0
0
0
0
0
0
0
0
0
0
0
0
0
0
0
0
0
0
0
0
0
0
0
0
0
0
0
0
0
0
0
0
0
0
0
0
0
0
0
0
0
0
0
0
0
0
0
0
0
0
0
0
0
0
0
0
0
0
0
0
0
0
0
0
0
0
0
0
0
0
0
0
0
0
0
0
0
0
0
0
0
0
0
0
0
0
0
0
0
0
0
0
0
0
0
0
0
0
0
0
0
0
0
0
0
0
0
0
0
0
0
0
0
0
0
0
0
0
0
0
0
0
0
0
0
0
0
0
0
0
0
0
0
0
0
0
0
0
0
0
0
0
0
0
0
0
0
0
0
0
0
0
0
0
0
0
0
0
0
0
0
0
0
0
0
0
0
0
0
0
0
0
0
0
0
0
0
0
0
0
0
0
0
0
0
0
0
0
0
0
0
0
0
0
0
0
0
0
0
0
0
0
0
0
0
0
0
0
0
0
0
0
0
0
0
0
0
0
0
0
0
0
0
0
0
0
0
0
0
0
0
0
0
0
0
0
0
0
0
0
0
0
0
0
0
0
0
0
0
0
0
0
0
0
0
0
0
0
0
0
0
0
0
0
0
0
0
0
0
0
0
0
0
0
0
0
0
0
0
0
0
0
0
0
0
0
0
0
0
0
0
0
0
0
0
0
0
0
0
0
0
0
0
0
0
0
0
0
0
0
0
0
0
0
0
0
0
0
0
0
0
0
0
0
0
0
0
0
0
0
0
0
0
0
0
0
0
0
0
0
0
0
0
0
0
0
0
0
0
0
0
0
0
0
0
0
0
0
0
0
0
0
0
0
0
0
0
0
0
0
0
0
0
0
0
0
0
0
0
0
0
0
0
0
0
0
0
0
0
0
0
0
0
0
0
0
0
0
0
0
0
0
0
0
0
0
0
0
0
0
0
0
0
0
0
0
0
0
0
0
0
0
0
0
0
0
0
0
0
0
0
0
0
0
0
0
0
0
0
0
0
0
0
0
0
0
0
0
0
0
0
0
0
0
0
0
0
0
0
0
0
0
0
0
0
0
0
0
0
0
0
0
0
0
0
0
0
0
0
0
0
0
0
0
0
0
0
0
0
0
0
0
0
0
0
0
0
0
0
0
0
0
0
0
0
0
0
0
0
0
0
0
0
0
0
0
0
0
0
0
0
0
0
0
0
0
0
0
0
0
0
0
0
0
0
0
0
0
0
0
0
0
0
0
0
0
0
0
0
0
0
0
0
0
0
0
0
0
0
0
0
0
0
0
0
0
0
0
0
0
0
0
0
0
0
0
0
0
0
0
0
0
0
0
0
0
0
0
0
0
0
0
0
0
0
0
0
0
0
0
0
0
0
0
0
0
0
0
0
0
0
0
0
0
0
0
0
0
0
0
0
0
0
0
0
0
0
0
0
0
0
0
0
0
0
0
0
0
0
0
0
0
0
0
0
0
0
0
0
0
0
0
0
0
0
0
0
0
0
0
0
0
0
0
0
0
0
0
0
0
0
0
0
0
0
0
0
0
0
0
0
0
0
0
0
0
0
0
0
0
0
0
0
0
0
0
0
0
0
0
0
0
0
0
0
0
0
0
0
0
0
0
0
0
0
0
0
0
0
0
0
0
0
0
0
0
0
0
0
0
0
0
0
0
0
0
0
0
0
0
0
0
0
0
0
0
0
0
0
0
0
0
0
0
0
0
0
0
0
0
0
0
0
0
0
0
0
0
0
0
0
0
0
0
0
0
0
0
0
0
0
0
0
0
0
0
0
0
0
0
0
0
0
0
0
0
0
0
0
0
0
0
0
0
0
0
0
0
0
0
0
0
0
0
0
0
0
0
0
0
0
0
0
0
0
0
0
0
0
0
0
0
0
0
0
0
0
0
0
0
0
0
0
0
0
0
0
0
0
0
0
0
0
0
0
0
0
0
0
0
0
0
0
0
0
0
0
0
0
0
0
0
0
0
0
0
0
0
0
0
0
0
0
0
0
0
0
0
0
0
0
0
0
0
0
0
0
0
0
0
0
0
0
0
0
0
0
0
0
0
0
0
0
0
0
0
0
0
0
0
0
0
0
0
0
0
0
0
0
0
0
0
0
0
0
0
0
0
0
0
0
0
0
0
0
0
0
0
0
0
0
0
0
0
0
0
0
0
0
0
0
0
0
0
0
0
0
0
0
0
0
0
0
0
0
0
0
0
0
0
0
0
0.13
0.4542
0
0.0182
0
0
0
0
0
0
0
0
0
0
0
0
0
0
0
0
0
0
0
0
0
0
0
0
0
0
0
0
0
0
0
0
0
0
0
0
0
0
0
0
0
0
0
0
0
0
0
0
0
0
0
0
0
0.0192
0.0208
0
0
0
0
0
0
0
0
0
0
0
0
0
0
0
0
0
0
0.0356
0
0
0
0
0
0
0
0
0
0
0.009
0
0
0
0.021
0
0
0
0
0.0545
0
0
0
0
0
0
0
0
0
0
0
0
0
0
0
0
0
0
0
0.0138
0
0
0
0
0
0.0421
0
0
0
0.0437
0.0248
0.0175
0
0.0175
0
0
0
0
0
0
0
0
0
0
0
0
0
0
0
0
0
0
0
0
0
0
0
0
0
0
0
0
0
0
0
0
0
0
0
0
0
0
0
0
0
0
0
0
0
0
0
0
0
0
0
0
0
0
0
0
0
0
0
0
0
0
0
0
0
0
0
0
0
0
0
0
0
0
0
0
0
0
0
0
0
0
0
0
0
0
0
0
0
0
0
0
0
0
0
0
0
0
0
0
0
0
0
0
0
0
0
0
0
0
0
0
0
0
0
0
0
0
0
0
0
0
0
0
0
0
0
0
0
0
0
0
0
0
0
0
0
0
0
0
0
0
0
0
0
0
0
0
0
0
0
0
0
0
0
0
0
0
0
0
0
0
0
0
0
0
0
0
0
0
0
0
0
0
0
0
0
0
0
0
0
0
0
0
0
0
0
0
0
0
0
0
0
0
0
0
0
0
0
0
0
0
0
0
0
0
0
0
0
0
0
0
0
0
0
0
0
0
0
0
0
0
0
0
0
0
0
0
0
0
0
0
0
0
0
0
0
0
0
0
0
0
0
0
0
0
0
0
0
0
0
0
0
0
0
0
0
0
0
0
0
0
0
0
0
0
0
0
0
0
0
0
0
0
0
0
0
0
0
0
0
0
0
0
0
0
0
0
0
0
0
0
0
0
0
0
0
0
0
0
0
0
0
0
0
0
0
0
0
0
0
0
0
0
0
0
0
0
0
0
0
0
0
0
0
0
0
0
0
0
0
0
0
0
0
0
0
0
0
0
0
0
0
0
0
0
0
0
0.019
0
0
0
0
0
0
0
0
0
0
0
0
0
0
0
0
0
0
0
0
0
0
0
0
0
0
0
0
0
0
0
0
0
0
0
0
0
0
0
0
0
0
0
0
0
0
0
0
0
0
0
0
0
0
0
0
0
0
0
0
0
0
0
0
0
0
0.0151
0
0
0
0
0.006
0
0
0
0
0.0192
0
0
0
0
0.0091
0.0083
0
0
0.0354
0.0217
0
0
0
0
0
0
0
0
0
0
0.0417
0.0361
0
0
0
0
0
0.0045
0
0
0
0
0
0
0
0.0754
0
0
0
0
0
0
0.0681
0.0161
0
0
0
0
0
0
0
0.0088
0
0
0
0
0.0186
0
0.0144
0
0.0508
0.0209
0
0
0.0086
0.0157
0
0
0
0
0
0
0.0586
0
0
0
0
0
0
0
0
0
0
0
0
0
0
0
0
0
0
0
0
0
0
0
0
0
0
0
0
0
0.0187
0
0
0
0
0
0
0.0415
0.0168
0
0
0
0
0
0
0
0
0
0
0
0
0
0
0
0
0
0.0211
0
0
0
0
0
0
0
0
0
0
0
0
0
0
0
0
0.0401
0
0
0
0
0
0
0
0
0
0
0
0
0
0
0
0
0
0
0
0
0
0
0
0
0.0729
0.0356
0.0192
0
0
0
0
0
0
0.0075
0
0
0
0
0
0
0
0
0
0
0.0398
0
0
0
0
0
0
0
0
0
0
0
0
0
0
0
0
0
0
0
0
0
0
0
0.0395
0
0
0
0
0
0
0
0
0.0325
0
0
0
0
0
0
0
0
0
0
0
0
0
0
0
0
0
0
0
0
0
0
0.0036
0
0
0
0
0
0
0
0
0
0
0
0
0.017
0
0
0
0
0
0
0
0
0
0.0105
0
0
0
0
0
0
0
0
0
0.0156
0
0
0
0
0
0
0
0
0
0
0
0
0
0
0
0
0
0
0
0
0
0
0
0
0
0
0
0
0
0
0
0
0
0
0
0
0
0
0
0
0
0
0
0
0
0
0
0
0
0
0
0
0
0
0
0
0
0
0
0
0
0
0.0452
0
0
0
0
0
0
0
0
0
0.0033
0
0
0
0
0
0.0223
0
0.0163
0
0
0
0.0199
0.0214
0
0
0
0
0
0
0
0
0
0
0
0
0
0
0
0
0
0
0
0
0
0
0
0
0
0
0
0
0
0
0
0
0
0
0
0
0
0
0
0
0
0.0377
0
0
0
0
0
0
0
0
0
0
0
0
0
0
0
0
0
0
0
0
0
0.0167
0.0199
0
0
0
0
0
0
0
0
0
0
0
0
0
0
0
0
0
0
0
0
0.0199
0
0
0
0
0
0
0
0
0
0
0
0
0
0
0
0
0
0.0087
0
0
0
0.0157
0
0
0
0
0
0
0.0082
0
0.0375
0
0
0.043
0
0
0
0
0
0.0217
0.0187
0
0
0
0
0.0178
0
0
0
0.0164
0
0
0
0
0
0
0.017
0
0
0
0
0.0227
0
0
0
0.0307
0
0
0.0422
0.0185
0
0
0
0
0
0
0.015
0
0
0
0
0
0.0398
0
0.0278
0
0
0.0225
0
0
0
0
0
0
0.0667
0
0.024
0
0
0.016
0
0
0
0
0
0
0
0
0
0
0
0.0225
0.0185
0.0358
0
0
0
0
0
0
0.0315
0
0
0
0
0
0
0.0239
0
0
0
0.022
0
0
0
0
0.0357
0.0221
0
0
0
0
0
0
0
0
0
0
0
0
0
0
0
0
0
0
0
0
0
0
0
0
0
0
0
0
0
0
0
0
0
0.0589
0
0
0
0.0192
0
0
0
0
0
0
0
0
0
0
0
0
0
0
0
0
0
0
0
0
0
0
0
0
0
0
0
0.0187
0
0
0
0
0
0
0
0
0
0
0
0
0
0
0
0
0
0
0
0
0.0215
0
0
0
0
0
0
0
0
0
0
0
0
0
0
0
0
0
0
0
0
0
0
0
0
0
0
0
0.0213
0
0
0
0
0
0
0.0187
0.0055
0.0243
0
0
0.0194
0.0655
0
0
0
0
0
0
0
0
0
0
0
0
0
0
0
0
0
0.0206
0
0
0
0
0
0
0
0
0
0
0.0174
0
0
0.0196
0
0
0
0.096
0
0
0
0
0
0.0064
0
0
0
0
0
0
0
0
0
0
0.0224
0
0
0
0
0
0
0
0
0
0
0
0
0
0
0
0
0
0
0.0041
0.0214
0
0.0288
0
0
0
0.0203
0.0258
0.036
0
0.0235
0
0
0
0
0.033
0
0
0
0
0
0
0
0
0
0
0.0703
0.0379
0
0
0
0
0
0
0
0.018
0
0
0
0
0
0
0
0
0
0
0
0
0
0
0
0
0
0
0
0
0
0
0
0
0
0
0
0
0
0
0
0
0
0
0
0
0
0
0
0
0
0
0
0
0
0
0
0
0
0
0
0
0
0
0
0
0
0
0
0
0
0
0
0.0273
0
0
0
0
0
0
0
0
0
0
0
0
0
0
0.0183
0
0
0
0
0
0
0
0
0
0.0031
0
0
0
0
0
0
0
0
0
0
0
0
0
0
0
0.0204
0
0.0068
0
0
0
0
0
0
0
0
0
0
0
0
0
0
0
0.0186
0
0
0
0
0
0
0
0
0.0219
0
0
0
0
0
0.0462
0
0
0
0
0
0
0.0408
0
0
0
0
0
0
0
0.0377
0
0
0
0
0
0
0
0
0
0
0
0
0
0
0
0
0
0
0
0
0
0
0
0
0
0
0
0
0
0
0
0
0
0
0
0
0
0
0
0
0
0.02
0
0
0
0
0
0
0
0
0
0
0
0
0
0
0
0
0
0
0
0
0
0
0
0
0
0
0
0
0
0
0
0
0
0
0
0
0
0
0
0
0
0
0
0
0
0
0
0
0
0
0.0223
0
0
0
0
0
0
0
0
0
0
0
0
0
0
0
0
0
0
0
0
0
0
0
0
0
0
0
0
0
0
0
0
0
0
0
0
0.0077
0
0
0
0
0
0
0
0
0
0
0.0199
0
0
0
0
0
0
0
0
0
0
0
0
0
0.0171
0
0
0
0
0
0
0
0
0
0
0
0
0
0.0357
0
0
0
0
0
0
0
0
0
0.0237
0.0277
0
0
0
0
0
0
0.0209
0
0
0
0.0184
0.0777
0
0.0176
0
0
0
0.0161
0
0
0
0.0047
0
0
0
0
0
0
0.0204
0
0
0
0
0
0
0
0.0194
0
0
0
0
0
0
0
0
0
0
0
0
0
0.0371
0
0
0
0
0
0
0
0
0
0
0
0
0
0
0
0
0
0
0
0
0
0
0
0
0
0
0
0
0
0
0
0
0
0.0168
0
0
0
0
0
0
0
0
0
0
0
0
0
0
0
0
0
0
0
0
0.0169
0
0
0
0
0
0
0
0.0337
0
0
0
0
0
0
0
0
0
0
0
0
0
0
0
0
0
0
0
0
0
0
0
0
0
0.0206
0
0
0
0
0
0
0
0
0
0
0.0593
0
0
0.0191
0
0
0
0
0
0
0
0
0
0
0
0
0
0
0
0
0
0
0
0
0
0
0
0
0.0033
0
0
0
0
0.0209
0
0
0
0
0
0
0
0
0
0
0
0
0
0
0
0
0
0
0
0
0
0.0204
0
0
0
0
0
0
0
0
0
0
0
0
0
0
0
0
0
0
0
0
0.0384
0
0
0
0
0
0
0
0
0
0
0
0
0
0
0
0
0
0
0
0
0
0
0
0
0
0
0.0035
0
0
0
0
0.0167
0
0.0049
0
0
0
0
0
0
0
0.0267
0.0191
0
0
0
0
0
0
0
0.0118
0
0.0204
0
0
0.0049
0
0
0
0
0
0
0
0
0
0
0
0
0
0
0.0375
0
0
0
0.0159
0
0
0
0
0
0
0.0185
0
0
0
0
0
0
0
0
0
0
0
0
0
0
0
0
0
0.0677
0.0052
0
0
0
0
0
0
0
0
0
0
0
0
0.0036
0
0
0.0579
0
0.0379
0
0
0.045
0
0
0
0
0
0
0
0
0
0
0
0
0
0
0
0
0.0352
0.0148
0.0051
0
0
0
0
0
0
0
0
0
0.0073
0
0
0
0
0
0
0
0
0
0
0
0.0379
0
0.0211
0.017
0
0
0.0223
0
0
0
0
0
0.0168
0.0434
0
0
0
0
0
0
0
0
0
0.0199
0
0
0
0.0361
0
0.009
0
0
0
0
0
0
0
0
0
0
0
0
0.0235
0
0
0
0
0
0
0
0
0
0
0
0
0
0
0
0
0
0
0
0
0
0
0
0
0
0
0
0
0
0.0168
0
0
0
0
0
0
0
0
0.0222
0
0
0
0
0
0
0
0
0
0
0.0387
0
0
0
0
0
0
0
0.0242
0
0.0066
0
0
0
0
0
0
0
0
0
0
0
0
0
0
0
0
0
0
0
0
0
0
0
0
0
0
0
0
0
0
0
0
0
0
0
0
0
0
0
0
0
0
0
0.0199
0
0
0
0
0
0
0
0
0
0
0.0219
0
0
0.0081
0.0123
0
0
0
0
0
0
0
0
0
0
0
0
0
0
0
0
0
0
0
0
0
0
0
0
0
0
0
0
0
0
0.0393
0
0
0
0
0
0
0
0
0
0
0
0
0.0236
0
0.0253
0
0
0
0.0387
0
0
0
0.0532
0
0.0141
0
0.0192
0
0
0.0265
0
0
0
0
0
0
0
0
0
0
0
0
0
0
0
0
0
0
0
0.0423
0
0
0
0
0
0
0
0
0
0
0
0
0
0.0207
0
0
0
0
0
0
0
0
0
0
0
0
0
0
0
0
0.0225
0.0162
0.0169
0
0.0198
0
0
0.0216
0
0
0
0
0
0
0.0168
0.1007
0.0284
0
0
0
0
0.0053
0
0
0
0
0
0
0
0
0.0038
0
0.0204
0.0435
0
0
0
0
0
0
0
0
0
0
0
0
0
0
0.0406
0.0049
0.0201
0
0
0.0339
0
0
0
0
0
0.0468
0
0
0
0
0
0
0
0
0
0
0.036
0
0
0
0.0046
0
0
0
0
0.0211
0
0
0.0419
0.0386
0.0219
0
0
0
0
0.0422
0.0007
0
0
0
0
0
0
0.0188
0
0.0457
0
0
0
0
0
0
0
0
0
0.0177
0
0
0.0176
0.0051
0.0329
0
0
0
0.022
0
0
0
0
0
0.1043
0.0426
0
0.0186
0
0
0.1151
0
0
0
0
0.0387
0
0
0
0
0.0968
0
0
0
0
0.0412
0
0
0
0
0
0
0
0
0
0
0
0
0
0
0
0
0.0196
0
0
0
0
0
0
0
0.0177
0
0
0.0127
0.0181
0
0
0
0
0.0253
0
0
0.0083
0
0
0
0
0
0
0
0
0
0
0
0
0.0081
0
0
0
0
0
0
0
0
0
0
0
0
0
0
0
0
0.02
0.0014
0
0
0
0
0
0
0
0
0
0
0
0
0
0
0
0
0
0
0
0
0
0
0
0
0
0
0
0
0
0
0
0.0178
0.0123
0.0164
0.0035
0
0
0
0
0.0233
0
0
0
0.0195
0
0
0
0.0187
0
0
0
0.0033
0
0
0
0
0.0167
0.0169
0
0
0
0
0.0235
0
0.0405
0
0
0
0
0.0197
0
0.0322
0.0772
0
0
0
0.0289
0
0
0.0197
0
0
0
0.0173
0.0223
0
0
0
0
0
0
0
0
0.0174
0
0
0.025
0
0
0
0
0
0.0281
0
0
0
0
0
0
0
0.0576
0
0
0
0
0
0
0
0
0
0
0
0
0
0.0044
0
0
0
0
0
0
0
0
0
0
0
0
0
0
0
0
0
0
0
0.043
0
0
0
0
0
0
0
0
0
0
0
0
0
0
0
0
0
0
0
0.0032
0
0
0
0
0
0
0
0
0.0199
0
0
0
0.0302
0
0
0
0
0.0268
0.0321
0
0
0
0
0.0049
0
0
0
0
0
0
0
0
0
0
0
0.0153
0
0
0
0
0.0802
0.0176
0
0
0.0165
0
0
0
0
0
0
0
0.0389
0
0
0
0
0
0
0
0
0.0024
0
0.0141
0.0181
0
0
0.0193
0
0
0
0.0226
0.0187
0
0
0
0
0
0
0
0
0
0
0.0037
0
0
0.0091
0.0178
0
0
0
0.0103
0
0
0
0
0.0073
0
0
0
0
0
0
0
0.0908
0
0
0
0
0
0
0
0
0
0
0
0
0
0
0
0.0168
0
0
0.0106
0.0356
0.0031
0.0188
0.0205
0
0
0
0
0
0.0051
0.0622
0.04
0
0
0.0381
0
0
0
0.0073
0
0
0
0
0
0
0
0.0366
0
0.0304
0.0764
0
0
0
0
0.0417
0
0
0
0
0.0303
0
0
0.0222
0
0
0
0
0
0.0218
0
0
0
0
0
0
0
0
0
0
0
0
0
0
0
0
0
0
0
0
0.0233
0
0
0
0
0
0
0
0
0
0
0.0176
0.021
0.0413
0
0
0.0106
0
0
0
0
0
0
0
0.0178
0
0
0
0
0
0
0
0
0
0
0
0.0418
0
0
0
0
0
0
0
0
0
0
0
0
0
0
0
0
0
0
0
0
0
0
0
0
0
0
0
0
0
0
0
0
0
0
0
0
0
0
0
0
0
0
0
0
0
0
0.0103
0.0826
0
0
0
0
0
0
0
0
0
0
0
0
0
0
0.0378
0
0
0.0052
0
0
0
0
0
0.0042
0.0194
0
0
0.0389
0
0
0
0.0214
0
0
0.0159
0
0
0.0371
0
0
0
0
0
0
0
0
0
0
0
0
0.0091
0
0
0
0.0553
0
0
0.0299
0.0192
0
0
0
0.0609
0.0509
0
0.0205
0
0
0
0
0
0
0
0
0
0
0.0225
0
0
0
0
0
0
0
0
0
0
0
0
0
0
0
0
0.02
0
0
0
0
0
0.0194
0
0
0
0
0
0
0
0.0387
0
0
0
0
0
0
0
0
0
0
0
0
0
0
0
0
0
0
0
0
0
0
0
0
0
0
0
0
0
0
0
0
0
0
0
0
0
0
0
0
0
0
0
0
0
0
0
0
0
0
0
0
0
0
0.0192
0
0
0
0
0
0
0
0
0.0168
0
0
0
0
0
0
0
0
0
0.0405
0
0
0
0
0
0
0
0
0
0
0
0
0
0
0
0
0
0
0
0
0
0
0
0
0
0
0
0
0
0
0
0
0
0
0
0
0
0
0
0
0
0
0
0
0
0
0
0.0236
0
0
0
0
0
0.0233
0
0
0
0
0
0
0
0.0194
0.0406
0
0
0
0
0
0
0
0
0
0
0
0.0762
0
0
0
0
0.0157
0
0
0
0
0
0
0
0
0
0
0.0333
0
0
0
0
0
0
0
0
0
0
0
0
0
0
0
0
0
0
0
0
0
0
0
0
0
0
0
0
0
0
0
0
0.0094
0
0
0
0
0
0.0701
0
0
0
0
0
0
0
0
0
0
0
0
0.0077
0.0886
0
0
0.0395
0
0
0
0.0052
0.0217
0.0588
0.0066
0
0.0402
0
0
0
0
0.0211
0.0361
0
0
0
0
0
0
0
0
0
0
0
0
0
0
0
0.0407
0
0
0.0174
0
0.0116
0
0
0
0.0101
0.0676
0.0414
0.0159
0
0.0108
0.0535
0.0386
0.0179
0
0.0515
0
0
0
0
0
0.0027
0.0967
0
0
0
0.0191
0
0
0
0.0376
0
0
0
0
0
0
0.1105
0
0.0198
0
0
0.0357
0
0.0225
0.0201
0
0.0467
0.0993
0
0.0745
0
0
0.0229
0.0423
0
0
0
0.0405
0
0.0243
0
0
0
0
0
0
0
0
0
0
0
0
0
0
0
0
0
0
0
0
0
0
0
0
0
0
0
0
0
0
0
0
0
0
0
0.0159
0
0
0
0
0
0
0
0
0
0
0
0
0
0
0
0
0
0
0
0
0
0
0
0
0
0
0
0
0.0069
0
0
0.0347
0
0.0601
0
0.0087
0.0526
0.0173
0.0419
0
0.0341
0.0219
0.0544
0.0084
0
0.0174
0
0.0199
0
0.0245
0.1179
0
0.0283
0.0172
0
0.0253
0
0.0812
0
0
0.0323
0
0.0221
0
0.019
0.1106
0.0061
0
0
0
0
0
0
0
0
0
0
0
0
0
0
0
0
0
0
0
0
0
0
0
0.0034
0
0.0202
0.0612
0.008
0
0
0.1098
0.0056
0.049
0
0
0
0
0
0
0.0408
0.0372
0.0156
0.0214
0
0
0
0
0.0217
0.0355
0
0
0.0305
0
0
0
0.0054
0.0223
0
0
0
0
0
0
0
0
0
0.0249
0
0
0
0
0.0409
0
0
0
0.0197
0
0
0.023
0
0
0
0.0299
0
0.0855
0
0.0248
0
0
0
0.022
0.0383
0
0
0
0
0
0.0034
0
0
0.0347
0.009
0
0
0.0208
0
0
0
0
0
0
0
0.0167
0.0171
0
0
0
0
0
0.021
0
0
0.0262
0
0
0.0435
0.0166
0.0199
0
0.0045
0
0
0.0221
0.0178
0
0.0062
0
0.0089
0.0773
0
0
0
0
0
0
0
0
0
0
0
0
0
0.0569
0
0.0597
0
0
0
0
0
0
0.0533
0
0
0
0
0
0
0.0761
0
0
0
0
0.0142
0.0153
0
0
0
0
0
0
0
0
0
0
0
0.0353
0
0
0
0
0.0225
0
0
0.0039
0.0173
0.0359
0
0
0
0
0
0
0
0.0211
0
0
0
0
0
0
0.0101
0
0
0
0.022
0.0315
0
0
0.0087
0.0228
0.0283
0
0
0
0.0417
0.0364
0
0
0.009
0
0
0
0
0
0
0
0
0
0
0.0305
0
0.0391
0.0161
0
0
0
0
0.0289
0.0357
0
0
0
0
0
0
0.0146
0.0029
0
0
0.0488
0
0
0
0
0
0
0
