0
0
0
0
0
0
0
0
0
0
0
0
0
0
0
0
0
0
0
0
0
0
0
0
0
0
0
0
0
0
0
0
0
0
0
0
0
0
0
0
0
0
0
0
0
0
0
0
0
0
0
0
0
0
0
0
0
0
0
0
0
0
0
0
0
0
0
0
0
0
0
0
0
0
0
0
0
0
0
0
0
0
0
0
0
0
0
0
0
0
0
0
0
0
0
0
0
0
0
0
0
0
0
0
0
0
0
0
0
0
0
0
0
0
0
0
0
0
0
0
0
0
0
0
0
0
0
0
0
0
0
0
0
0
0
0
0
0
0
0
0
0
0
0
0
0
0
0
0
0
0
0
0
0
0
0
0
0
0
0
0
0
0
0
0
0
0
0
0
0
0
0
0
0
0
0
0
0
0
0
0
0
0
0
0
0
0
0
0
0
0
0
0
0
0
0
0
0
0
0
0
0
0
0
0
0
0
0
0
0
0
0
0
0
0
0
0
0
0
0
0
0
0
0
0
0
0
0
0
0
0
0
0
0
0
0
0
0
0
0
0
0
0
0
0
0
0
0
0
0
0
0
0
0
0
0
0
0
0
0
0
0
0
0
0
0
0
0
0
0
0
0
0
0
0
0
0
0
0
0
0
0
0
0
0
0
0
0
0
0
0
0
0
0
0
0
0
0
0
0
0
0
0
0
0
0
0
0
0
0
0
0
0
0
0
0
0
0
0
0
0
0
0
0
0
0
0
0
0
0
0
0
0
0
0
0
0
0
0
0
0
0
0
0
0
0
0
0
0
0
0
0
0
0
0
0
0
0
0
0
0
0
0
0
0
0
0
0
0
0
0
0
0
0
0
0
0
0
0
0
0
0
0
0
0
0
0
0
0
0
0
0
0
0
0
0
0
0
0
0
0
0
0
0
0
0
0
0
0
0
0
0
0
0
0
0
0
0
0
0
0
0
0
0
0
0
0
0
0
0
0
0
0
0
0
0
0
0
0
0
0
0
0
0
0
0
0
0
0
0
0
0
0
0
0
0
0
0
0
0
0
0
0
0
0
0
0
0
0
0
0
0
0
0
0
0
0
0
0
0
0
0
0
0
0
0
0
0
0
0
0
0
0
0
0
0
0
0
0
0
0
0
0
0
0
0
0
0
0
0
0
0
0
0
0
0
0
0
0
0
0
0
0
0
0
0
0
0
0
0
0
0
0
0
0
0
0
0
0
0
0
0
0
0
0
0
0
0
0
0
0
0
0
0
0
0
0
0
0
0
0
0
0
0
0
0
0
0
0
0
0
0
0
0
0
0
0
0
0
0
0
0
0
0
0
0
0
0
0
0
0
0
0
0
0
0
0
0
0
0
0
0
0
0
0
0
0
0
0
0
0
0
0
0
0
0
0
0
0
0
0
0
0
0
0
0
0
0
0
0
0
0
0
0
0
0
0
0
0
0
0
0
0
0
0
0
0
0
0
0
0
0
0
0
0
0
0
0
0
0
0
0
0
0
0
0
0
0
0
0
0
0
0
0
0
0
0
0
0
0
0
0
0
0
0
0
0
0
0
0
0
0
0
0
0
0
0
0
0
0
0
0
0
0
0
0
0
0
0
0
0
0
0
0
0
0
0
0
0
0
0
0
0
0
0
0
0
0
0
0
0
0
0
0
0
0
0
0
0
0
0
0
0
0
0
0
0
0
0
0
0
0
0
0
0
0
0
0
0
0
0
0
0
0
0
0
0
0
0
0
0
0
0
0
0
0
0
0
0
0
0
0
0
0
0
0
0
0
0
0
0
0
0
0
0
0
0
0
0
0
0
0
0
0
0
0
0
0
0
0
0
0
0
0
0
0
0
0
0
0
0
0
0
0
0
0
0
0
0
0
0
0
0
0
0
0
0
0
0
0
0
0
0
0
0
0
0
0
0
0
0
0
0
0
0
0
0
0
0
0
0
0
0
0
0
0
0
0
0
0
0
0
0
0
0
0
0
0
0
0
0
0
0
0
0
0
0
0
0
0
0
0
0
0
0
0
0
0
0
0
0
0
0
0
0
0
0
0
0
0
0
0
0
0
0
0
0
0
0
0
0
0
0
0
0
0
0
0
0
0
0
0
0
0
0
0
0
0
0
0
0
0
0
0
0
0
0
0
0
0
0
0
0
0
0
0
0
0
0
0
0
0
0
0
0
0
0
0
0
0
0
0
0
0
0
0
0
0
0
0
0
0
0
0
0
0
0
0
0
0
0
0
0
0
0
0
0
0
0
0
0
0
0
0
0
0
0
0
0
0
0
0
0
0
0
0
0
0
0
0
0
0
0
0
0
0
0
0
0
0
0
0
0
0
0
0
0
0
0
0
0
0
0
0
0
0
0
0
0
0
0
0
0
0
0
0
0
0
0
0
0
0
0
0
0
0
0
0
0
0
0
0
0
0
0
0
0
0
0
0
0
0
0
0
0
0
0
0
0
0
0
0
0
0
0
0
0
0
0
0
0
0
0
0
0
0
0
0
0
0
0
0
0
0
0
0
0
0
0
0
0
0
0
0
0
0
0
0
0
0
0
0
0
0
0
0
0
0
0
0
0
0
0
0
0
0
0
0
0
0
0
0
0
0
0
0
0
0
0
0
0
0
0
0
0
0
0
0
0
0
0
0
0
0
0
0
0
0
0
0
0
0
0
0
0
0
0
0
0
0
0
0
0
0
0
0
0
0
0
0
0
0
0
0
0
0
0
0
0
0
0
0
0
0
0
0
0
0
0
0
0
0
0
0
0
0
0
0
0
0
0
0
0
0
0
0
0
0
0
0
0
0
0
0
0
0
0
0
0
0
0
0
0
0
0
0
0
0
0
0
0
0
0
0
0
0
0
0
0
0
0
0
0
0
0
0
0
0
0
0
0
0
0
0
0
0
0
0
0
0
0
0
0
0
0
0
0
0
0
0
0
0
0
0
0
0
0
0
0
0
0
0
0
0
0
0
0
0
0
0
0
0
0
0
0
0
0
0
0
0
0
0
0
0
0
0
0
0
0
0
0
0
0
0
0
0
0
0
0
0
0
0
0
0
0
0
0
0
0
0
0
0
0
0
0
0
0
0
0
0
0
0
0
0
0
0
0
0
0
0
0
0
0
0
0
0
0
0
0
0
0
0
0
0
0
0
0
0
0
0
0
0
0
0
0
0
0
0
0
0
0
0
0
0
0
0
0
0
0
0
0
0
0
0
0
0
0
0
0
0
0
0
0
0
0
0
0
0
0
0
0
0
0
0
0
0
0
0
0
0
0
0
0
0
0
0
0
0
0
0
0
0
0
0
0
0
0
0
0
0
0
0
0
0
0
0
0
0
0
0
0
0
0
0
0
0
0
0
0
0
0
0
0
0
0
0
0
0
0
0
0
0
0
0
0
0
0
0
0
0
0
0
0
0
0
0
0
0
0
0
0
0
0
0
0
0
0
0
0
0
0
0
0
0
0
0
0
0
0
0
0
0
0
0
0
0
0
0
0
0
0
0
0
0
0
0
0
0
0
0
0
0
0
0
0
0
0
0
0
0
0
0
0
0
0
0
0
0
0
0
0
0
0
0
0
0
0
0
0
0
0
0
0
0
0
0
0
0
0
0
0
0
0
0
0
0
0
0
0
0
0
0
0
0
0
0
0
0
0
0
0
0
0
0
0
0
0
0
0
0
0
0
0
0
0
0
0
0
0
0
0
0
0
0
0
0
0
0
0
0
0
0
0
0
0
0
0
0
0
0
0
0
0
0
0
0
0
0
0
0
0
0
0
0
0
0
0
0
0
0
0
0
0
0
0
0
0
0
0
0
0
0
0
0
0
0
0
0
0
0
0
0
0
0
0
0
0
0
0
0
0
0
0
0
0
0
0
0
0
0
0
0
0
0
0
0
0
0
0
0
0
0
0
0
0
0
0
0
0
0
0
0
0
0
0
0
0
0
0
0
0
0
0
0
0
0
0
0
0
0
0
0
0
0
0
0
0
0
0
0
0
0
0
0
0
0
0
0
0
0
0
0
0
0
0
0
0
0
0
0
0
0
0
0
0
0
0
0
0
0
0
0
0
0
0
0
0
0
0
0
0
0
0
0
0
0
0
0
0
0
0
0
0
0
0
0
0
0
0
0
0
0
0
0
0
0
0
0
0
0
0
0
0
0
0
0
0
0
0
0
0
0
0
0
0
0
0
0
0
0
0
0
0
0
0
0
0
0
0
0
0
0
0
0
0
0
0
0
0
0
0
0
0
0
0
0
0
0
0
0
0
0
0
0
0
0
0
0
0
0
0
0
0
0
0
0
0
0
0
0
0
0
0
0
0
0
0
0
0
0
0
0
0
0
0
0
0
0
0
0
0
0
0
0
0
0
0
0
0
0
0
0
0
0
0
0
0
0
0
0
0
0
0.0193
0
0
0
0
0
0
0
0
0
0
0
0
0
0
0
0
0.0077
0
0
0.0215
0
0
0
0
0
0
0
0
0.0206
0
0
0
0
0
0
0
0
0
0
0
0
0
0
0
0
0
0
0
0.0389
0
0
0
0
0
0
0
0
0
0
0
0.0265
0
0
0
0
0
0
0.0278
0.0238
0
0
0
0
0
0
0
0
0
0
0
0
0
0.0409
0.0168
0
0.044
0
0
0
0
0.0111
0.0297
0
0
0
0
0
0.0242
0.0162
0
0.0081
0.0155
0
0
0
0
0
0
0
0
0
0
0
0
0
0
0
0
0.0045
0
0
0
0
0
0
0
0
0
0.0226
0
0
0.0168
0
0
0
0
0
0
0
0
0
0
0
0
0
0
0
0
0
0
0
0
0
0
0
0.0169
0.0025
0.019
0
0
0
0.0255
0
0
0
0
0
0
0
0
0
0
0
0.006
0
0
0
0
0
0
0
0.0788
0.0375
0
0.0043
0
0
0
0
0
0
0
0.0198
0
0
0.0075
0
0
0
0
0
0
0
0
0
0
0
0
0
0
0
0
0
0
0
0
0
0.0438
0
0
0
0
0
0
0
0
0
0
0
0
0
0
0
0
0.0506
0.0417
0
0
0.0167
0
0
0
0
0
0
0
0
0
0.0062
0
0
0
0
0
0
0
0.0075
0
0
0
0
0
0
0
0
0
0
0
0
0
0
0.0183
0
0
0
0
0
0
0
0
0
0
0
0
0
0
0
0
0
0
0
0
0.0133
0.0065
0
0
0
0
0
0
0
0
0
0.0185
0
0
0
0.0424
0
0
0
0
0
0
0
0
0
0
0
0
0
0
0
0
0
0
0
0
0
0
0
0
0
0.0206
0
0
0
0
0
0
0
0
0
0
0
0
0
0
0
0
0
0
0
0
0
0
0
0
0
0
0
0
0
0
0
0
0
0
0
0
0
0
0
0
0
0
0
0
0
0
0
0
0
0
0
0
0
0.0078
0
0
0
0
0
0
0
0
0
0.0029
0
0
0
0
0
0
0
0
0
0
0
0
0
0
0
0
0
0
0
0
0
0
0
0
0
0
0
0
0
0
0
0
0
0
0
0.0049
0.0134
0
0
0
0.0247
0
0
0.0032
0
0
0
0.0214
0
0
0
0
0
0
0
0
0
0
0
0
0
0
0
0
0.0211
0
0
0.0171
0
0
0
0
0
0
0
0
0
0
0
0
0
0
0
0
0
0
0
0
0
0
0
0
0
0
0
0
0
0
0
0
0
0
0
0
0
0
0
0
0
0
0
0
0
0
0
0
0
0
0
0
0
0
0.0057
0
0
0
0
0
0
0
0
0
0
0
0
0
0
0
0
0
0
0
0.0198
0
0
0
0
0
0
0
0
0
0.0243
0
0
0
0
0
0
0
0.0139
0
0
0
0
0
0
0
0
0
0
0
0.0198
0
0
0
0
0
0
0
0
0
0
0
0
0
0
0
0
0
0
0
0
0
0
0
0
0
0
0
0
0
0
0
0
0
0
0
0
0
0
0
0
0
0
0
0
0
0
0
0
0
0
0
0
0
0
0
0
0
0
0
0
0
0
0
0
0
0
0
0
0
0
0
0
0.0166
0.0193
0
0
0
0.0171
0
0
0
0
0
0
0
0
0
0
0
0
0.0107
0
0
0
0
0
0
0
0
0
0
0
0
0
0
0
0
0
0
0
0
0
0
0
0
0
0
0
0
0
0
0
0
0.0191
0
0
0
0
0
0
0
0
0
0
0
0
0
0
0
0
0
0
0
0
0
0
0
0
0
0
0
0
0.027
0
0
0
0.0041
0
0
0
0
0
0
0
0
0
0
0.0564
0
0
0
0.0605
0
0
0
0
0
0
0
0
0
0
0
0
0
0
0
0
0
0
0
0
0
0
0.008
0
0
0
0
0
0
0
0
0
0
0
0
0
0
0
0
0
0
0
0
0
0
0
0
0
0
0
0
0
0.0178
0
0
0
0
0
0
0.0152
0
0
0
0.0206
0
0
0
0
0
0
0
0
0
0
0
0.0148
0
0
0
0
0
0
0
0
0
0
0
0.011
0.0216
0
0
0
0
0
0
0
0.0185
0
0
0
0
0
0
0
0
0
0
0
0
0
0
0
0
0
0
0
0
0
0
0
0
0.0091
0
0.0208
0
0
0
0
0
0
0
0
0
0
0
0
0
0
0
0
0
0
0
0
0
0
0
0
0
0
0
0
0
0
0
0
0
0
0
0
0
0
0
0
0
0
0
0
0
0
0
0
0
0
0.0226
0
0
0
0
0
0
0
0
0
0
0
0
0
0
0
0
0
0
0
0
0
0
0
0
0
0
0
0
0
0
0.0213
0
0
0
0
0
0
0
0
0.0424
0
0
0
0
0
0
0
0
0
0
0
0
0
0
0
0
0
0
0
0
0
0
0
0
0
0
0
0
0
0
0
0
0
0.0244
0
0
0
0
0
0
0
0
0
0
0
0
0
0
0
0
0
0
0
0
0
0
0
0
0
0
0
0
0
0
0
0
0
0
0
0
0
0
0
0
0
0
0
0
0
0
0
0
0
0
0
0
0
0
0
0
0
0
0
0
0
0
0
0.0157
0
0
0
0
0
0
0
0
0
0
0
0
0
0
0
0
0
0
0
0
0
0
0
0
0
0
0
0
0
0
0
0
0
0.0091
0
0
0
0
0
0
0
0
0
0
0
0
0
0
0
0
0
0
0
0
0
0
0
0
0
0
0
0
0
0
0
0
0
0
0
0
0
0.0295
0
0
0
0
0
0
0
0
0
0
0
0
0
0
0.021
0
0
0
0.0063
0
0
0
0
0.0412
0
0
0
0
0
0
0
0
0
0
0
0
0
0
0
0
0
0.008
0
0
0
0
0
0
0
0
0.0173
0
0
0
0
0
0
0
0
0
0
0
0
0
0
0
0
0
0
0
0
0
0
0
0
0
0
0
0
0
0
0
0
0
0
0
0
0
0
0.021
0
0
0.0423
0
0
0
0
0
0
0
0
0
0
0
0
0
0
0
0
0
0
0.0449
0
0
0
0
0
0.0185
0
0
0
0
0
0
0
0
0
0
0
0
0
0
0
0
0
0
0
0
0
0
0
0
0
0
0
0
0
0
0
0
0
0
0
0
0
0
0
0
0
0
0
0
0
0
0
0
0
0
0
0
0
0
0
0
0
0
0
0
0
0
0
0
0
0
0
0
0
0
0
0
0
0
0
0
0
0
0
0
0
0
0
0
0.0043
0
0
0
0
0
0
0
0
0
0
0
0
0
0
0
0.0168
0
0
0
0
0.0352
0
0
0
0
0
0.0486
0
0
0
0
0
0
0
0
0
0
0
0
0
0
0
0
0
0
0
0
0
0
0.0078
0
0.0137
0.0178
0.0023
0
0
0
0
0
0
0
0
0
0
0
0
0
0
0.0381
0
0
0
0
0
0
0
0
0
0
0
0
0
0
0
0
0
0
0
0
0
0
0.0416
0
0
0
0
0
0
0
0
0
0
0
0
0
0
0
0
0
0
0
0
0
0
0.0057
0
0
0
0
0
0
0
0.0288
0
0
0
0
0
0
0
0
0
0
0
0.0161
0
0
0
0
0
0
0.0059
0
0
0
0
0
0
0
0
0
0
0
0
0
0
0
0
0
0
0
0
0
0
0
0
0
0
0
0
0
0
0
0
0
0
0
0.0379
0
0
0
0
0
0
0
0
0
0
0
0
0
0
0
0
0
0
0
0
0
0
0
0
0
0
0
0
0
0
0
0
0
0
0
0
0
0
0
0
0
0
0
0
0
0
0
0
0
0
0
0
0
0
0
0
0
0
0
0
0
0
0
0
0
0
0
0
0
0
0
0
0
0
0
0
0
0
0.0035
0
0
0
0
0
0
0
0
0
0
0
0
0
0
0
0
0
0
0
0
0
0
0
0
0
0
0
0
0
0
0
0
0
0
0.038
0
0
0
0
0
0
0
0
0
0
0
0
0
0
0
0
0
0
0
0.0036
0
0
0.018
0
0
0
0
0
0
0
0
0
0
0
0
0
0
0.0339
0
0
0
0
0
0
0.0063
0
0
0
0
0
0
0
0
0
0
0
0
0
0
0
0
0
0
0.0071
0
0
0
0
0
0
0
0
0
0
0
0
0
0
0
0
0
0
0
0
0
0
0
0
0
0
0
0
0
0
0
0
0
0
0
0
0
0
0
0
0
0
0
0
0
0
0
0.0445
0
0
0
0
0
0
0
0
0
0
0
0
0
0
0
0
0
0
0
0
0
0
0
0
0
0
0
0
0.0179
0
0
0
0
0
0
0
0
0
0
0
0
0
0
0
0
0
0
0
0
0
0
0
0
0
0
0
0
0
0
0
0
0
0
0
0
0
0
0
0.0225
0.0312
0
0
0
0
0
0
0
0
0
0
0
0
0
0
0
0
0
0
0.0213
0.0194
0
0
0
0
0
0
0
0
0
0
0
0
0
0
0
0
0
0
0
0
0
0
0
0
0
0
0
0
0
0
0
0
0
0
0
0
0
0
0
0
0
0
0
0
0
0
0
0
0
0
0.0229
0
0
0
0
0
0
0
0
0
0
0
0
0
0
0
0.0234
0
0
0
0
0
0
0
0
0.0201
0
0
0
0
0
0
0
0
0
0
0
0
0
0.0028
0
0
0
0.0249
0
0
0
0
0
0
0.0167
0
0
0
0
0
0
0
0
0
0
0
0
0
0
0
0
0
0
0
0
0
0
0
0
0
0
0
0
0
0
0
0
0
0
0
0
0
0
0
0
0
0
0
0
0
0
0
0
0
0
0
0.0131
0.0063
0
0
0
0
0
0
0
0
0
0
0
0
0
0
0
0
0.0173
0
0
0
0.0169
0
0
0
0
0
0.0196
0
0
0
0
0
0
0
0
0
0
0
0
0
0
0
0
0
0
0
0
0
0
0
0
0
0
0
0
0
0
0
0
0
0
0
0
0
0
0
0
0
0
0
0
0
0
0
0
0
0
0
0
0
0
0
0
0
0
0
0
0
0
0
0
0
0
0
0
0
0
0
0.0186
0
0
0
0
0
0
0
0
0
0
0
0
0
0
0
0
0
0
0
0
0
0
0
0
0
0
0
0
0.0213
0
0
0
0
0
0
0
0
0
0
0
0.0217
0
0
0
0
0
0
0
0
0
0
0
0
0
0
0
0
0
0
0
0
0
0
0
0
0
0
0
0
0
0
0
0
0
0
0
0
0
0
0
0.0224
0
0
0
0
0
0
0
0
0
0
0
0
0.0329
0
0
0
0
0
0
0
0
0
0.033
0.0375
0.0237
0
0
0
0
0
0
0
0
0
0
0.0225
0
0
0.0639
0.0291
0
0
0
0
0
0
0
0.0074
0
0
0
0.0227
0
0
0
0
0.016
0
0
0
0.0245
0
0.0057
0
0.0249
0
0
0
0.0193
0
0
0.0178
0
0
0
0.0065
0
0
0
0
0
0
0
0
0
0.0179
0
0
0
0
0.0232
0
0
0
0
0
0
0
0
0
0
0
0
0
0.0338
0
0
0
0
0
0
0
0
0
0
0
0
0
0
0
0
0
0
0
0
0
0
0
0
0
0
0
0
0
0.0105
0
0.0195
0
0.0187
0.0265
0
0.0526
0
0
0
0
0
0
0
0.0371
0
0.0149
0
0.0158
0
0.035
0
0
0
0
0
0
0.0214
0
0
0
0
0
0
0
0
0
0.0208
0
0
0.0072
0
0
0.0171
0
0
0
0
0.0078
0
0
0
0
0
0
0
0
0
0
0
0
0
0
0
0
0
0
0
0
0
0
0
0
0
0
0
0
0
0
0
0
0
0
0
0
0
0
0
0
0
0
0
0
0
0
0
0
0
0
0
0
0
0
0
0
0
0
0
0
0
0
0
0.0041
0
0
0
0
0
0
0
0
0
0.0051
0.0241
0
0
0
0
0
0
0
0
0
0
0
0
0
0
0
0
0
0.049
0
0
0
0
0
0
0
0
0
0
0
0
0
0
0
0
0
0
0
0
0
0
0
0
0
0
0
0
0
0
0
0
0
0
0
0
0.035
0
0
0
0
0
0
0
0
0
0
0
0
0
0
0
0
0
0
0
0
0
0
0
0
0
0
0
0
0
0
0
0
0
0
0
0
0
0
0
0
0
0
0
0
0
0
0
0
0
0
0
0
0
0
0
0.0029
0
0
0
0
0
0
0
0
0
0
0
0
0
0
0.0377
0
0
0
0.0062
0
0
0
0.0167
0
0
0
0
0
0
0
0
0
0
0
0
0
0
0
0
0
0
0
0
0
0
0
0
0
0
0
0
0
0
0
0
0
0
0
0
0
0
0
0
0.0229
0
0
0
0.0735
0
0
0
0
0.0185
0
0
0
0
0
0
0
0
0
0
0
0.0181
0
0
0.0613
0
0
0
0
0
0
0
0
0
0
0
0.0073
0
0.0043
0
0
0
0
0
0
0.0634
0.0434
0
0
0
0
0.0197
0
0
0
0
0
0.0017
0.0069
0.0127
0
0
0
0.0159
0
0
0
0
0
0
0.0338
0
0
0
0
0
0
0
0
0
0
0
0
0.0167
0
0
0
0
0
0
0
0
0
0.025
0
0.0058
0
0
0
0
0
0
0
0
0
0
0
0
0
0
0
0
0
0
0
0.0352
0
0.0179
0
0
0
0.0191
0
0
0
0
0
0
0
0
0
0
0
0
0
0
0
0
0
0
0
0
0
0
0
0
0
0
0
0
0
0
0
0
0
0
0
0
0
0
0
0
0
0
0
0
0
0.0083
0
0
0
0
0
0
0
0
0.0229
0
0
0
0
0.0125
0
0
0
0
0
0
0
0
0
0
0.0464
0
0
0
0
0
0
0.0249
0
0
0
0
0
0
0
0
0
0
0
0.0225
0
0
0
0
0
0
0
0
0.0387
0
0
0
0
0
0
0
0
0
0.0215
0.0217
0
0
0
0
0
0
0
0
0.0056
0
0
0.0026
0.0147
0
0
0
0
0
0
0
0
0
0
0
0
0
0
0
0
0
0.0369
0
0
0
0
0
0
0
0
0
0
0
0
0
0
0
0
0
0
0
0
0
0
0
0
0
0
0
0
0
0
0
0
0
0
0
0
0
0
0
0
0
0
0
0
0
0
0
0
0
0
0
0
0
0
0
0
0
0
0.0072
0
0
0
0.0218
0.0259
0
0
0
0
0
0.0204
0
0
0
0
0
0
0
0
0
0.0208
0
0
0.0218
0.0157
0
0
0
0
0
0
0
0
0
0
0
0
0
0
0
0
0
0
0
0
0
0.0349
0
0
0
0
0
0
0
0
0
0
0
0
0
0
0
0
0
0
0
0
0
0
0
0
0
0
0
0
0
0
0
0
0
0
0
0
0
0
0
0
0
0.0436
0
0
0
0
0
0
0
0
0
0.0159
0
0.0218
0.0334
0
0
0
0
0
0
0
0
0
0
0.0175
0
0
0
0
0
0
0
0
0
0.0344
0.0042
0
0
0
0
0
0
0
0
0
0
0
0
0
0
0
0.0201
0
0
0
0
0
0
0
0
0.0152
0
0
0.0185
0
0
0
0
0
0
0
0
0
0
0
0
0
0
0
0
0
0.0106
0
0
0
0
0
0.0064
0.0129
0.0179
0
0
0
0
0
0
0.0191
0
0
0
0.0365
0
0
0.0182
0
0
0.0346
0
0
0
0.0744
0
0.0158
0.0371
0.0102
0
0
0
0
0
0
0.0191
0
0.0394
0
0
0.0087
0
0
0
0
0
0
0
0
0
0
0.0185
0
0
0.0136
0.0082
0
0.0448
0
0
0
0
0.0046
0
0
0
0
0
0
0
0
0
0
0
0
0
0
0
0
0.0063
0
0
0
0.0213
0.0158
0
0
0
0
0
0
0
0
0
0
0.0267
0
0
0
0
0
0
0
0
0
0
0
0.0083
0
0
0
0
0
0
0
0
0
0
0
0
0
0
0
0.0227
0
0
0
0
0
0.0655
0
0.0115
0
0
0
0
0
0
0
0
0
0
0.0353
0
0
0
0
0
0
0
0
0
0.0427
0
0
0
0
0.0214
0
0
0
0.0656
0.0408
0
0
0
0
0
0.0166
0
0.0072
0
0.0231
0.024
0.0451
0.0213
0
0
0
0
0
0
0
0.0397
0
0.024
0
0
0
0
0
0
0
0
0
0.0273
0.0441
0.0002
0
0
0
0
0
0
0
0
0
0
0.0596
0
0
0
0.0242
0
0.097
0
0.0717
0.0047
0
0
0
0
0
0.0107
0.0389
0
0.0347
0
0
0.0252
0
0.0067
0
0
0
0
0
0.0223
0
0
0
0
0
0
0
0
0
0
0
0
0
0
0
0
0
0.0191
0
0
0
0
0
0.0928
0.0117
0
0
0
0
0
0
0
0
0
0
0
0
0
0
0
0.0252
0
0
0
0
0
0
0
0
0
0
0
0
0
0.0537
0
0
0
0.0195
0
0
0
0
0
0
0
0
0
0
0.0395
0
0
0
0
0
0
0
0
0
0
0
0
0
0
0
0
0
0
0
0
0
0
0
0
0
0
0
0
0
0
0
0
0
0
0
0
0
0
0
0
0
0.018
0
0
0
0
0
0
0
0
0
0
0
0
0
0
0
0
0
0
0
0
0.0378
0
0
0
0
0
0
0
0
0
0
0
0
0
0
0
0
0
0
0
0
0
0
0
0.014
0
0
0
0
0
0
0
0
0
0
0
0
0
0
0
0
0
0
0
0
0
0
0
0
0
0
0
0
0
0
0
0
0
0
0
0
0
0
0
0
0
0
0
0.0427
0
0
0
0
0
0
0
0
0
0
0
0
0
0
0
0
0
0
0
0
0
0
0
0
0
0
0
0
0
0
0
0
0
0
0
0
0
0
0
0
0
0
0
0
0
0
0
0
0
0
0
0
0
0
0
0
0
0
0
0
0
0
0
0
0
0
0
0
0
0
0.0199
0
0
0
0
0
0
0
0
0
0
0
0
0
0
0
0
0
0
0
0
0
0
0
0
0
0
0
0
0
0
0
0
0
0
0
0
0
0
0
0
0
0
0
0
0
0
0
0
0
0
0.0161
0
0
0
0
0.0331
0.0204
0
0
0
0
0
0
0
0
0
0
0
0
0
0
0
0
0
0
0
0
0
0
0
0
0
0
0
0
0
0
0
0
0
0
0
0
0
0
0.0178
0
0
0
0
0
0
0
0
0
0
0
0
0
0
0
0
0
0
0
0
0
0
0
0
0
0
0
0
0
0
0
0
0
0
0
0
0
0
0
0
0
0
0
0
0
0
0
0
0
0
0
0
0
0
0
0
0
0
0
0
0
0
0
0
0
0
0
0
0
0
0
0
0
0
0
0
0
0
0
0
0
0
0
0
0
0
0
0
0
0
0
0
0
0
0
0
0
0
0
0
0
0
0
0
0
0
0
0
0
0
0
0
0
0
0
0
0
0
0
0
0
0
0
0
0
0
0
0
0
0
0
0
0
0
0
0
0
0
0
0
0
0
0
0
0
0
0
0
0
0
0
0
0
0
0.0177
0.0167
0
0
0
0
0
0.0636
0.0223
0
0
0
0
0
0
0
0
0
0
0
0
0
0.0129
0.0264
0.0045
0
0
0
0
0
0
0.0063
0
0
0
0
0
0
0
0
0
0
0
0
0
0.016
0
0
0
0
0
0
0
0
0
0
0
0
0
0
0
0
0
0
0
0
0
0
0
0
0
0
0
0
0
0
0
0.0435
0
0
0
0
0
0
0
0
0
0
0
0
0
0
0
0
0
0
0
0
0
0
0
0
0
0
0
0
0
0
0
0
0
0
0
0
0
0
0
0.0159
0
0
0
0
0
0
0
0
0
0
0
0
0
0
0
0
0
0
0
0
0
0
0
0
0
0
0
0
0.0304
0
0
0
0
0
0
0
0
0
0
0
0
0
0
0
0
0
0
0
0
0
0
0
0
0
0
0
0
0
0
0
0
0
0
0
0
0.0402
0
0
0
0
0
0
0
0
0
0
0
0.0249
0
0
0.0195
0
0
0
0
0
0
0
0.0167
0
0
0
0
0
0
0
0
0
0.0476
0
0
0
0.0238
0
0
0
0
0
0
0
0.022
0
0
0
0
0
0
0
0
0
0
0
0
0.0033
0
0
0
0
0
0
0
0
0
0
0
0
0
0
0
0
0.0157
0.0214
0
0.0206
0
0
0
0.0239
0
0
0
0.0159
0
0
0
0
0
0.016
0
0
0
0
0
0
0
0.0209
0
0
0
0
0.021
0
0
0
0
0
0
0
0.0916
0
0
0
0
0
0
0
0
0
0
0
0
0
0
0
0
0
0
0
0
0
0
0
0
0
0
0
0
0
0
0
0
0
0
0
0
0
0
0
0
0
0
0
0
0
0
0
0
0
0
0
0
0
0
0
0
0
0
0
0
0
0
0
0
0
0
0
0
0
0
0
0
0
0
0
0
0
0
0
0
0
0
0
0
0
0
0
0
0
0
0
0
0
0.0182
0
0
0
0
0
0
0
0
0
0
0
0
0
0
0
0
0
0
0
0
0
0
0
0
0
0
0
0
0
0
0
0
0.0237
0
0
0
0
0
0
0
0
0
0
0
0
0
0
0
0
0.0224
0
0
0
0
0
0
0
0
0
0
0
0
0
0
0
0
0.0064
0
0
0
0
0
0
0
0
0
0
0
0
0
0
0
0
0
0
0
0
0
0.0197
0
0.0115
0
0
0
0
0
0
0
0
0
0
0
0
0
0
0
0
0
0
0
0
0
0
0
0
0
0
0
0
0
0
0
0
0
0
0
0
0
0
0.028
0
0
0
0
0
0.0036
0
0
0
0
0
0
0
0
0
0
0
0
0
0
0
0
0
0
0.02
0
0
0
0
0
0
0
0
0
0
0
0.0032
0
0
0
0
0
0
0
0
0
0
0
0
0
0
0
0
0
0
0
0
0
0
0
0
0
0
0
0
0
0
0
0
0
0
0
0
0
0
0
0
0
0
0
0
0
0.0213
0
0.0178
0
0
0
0
0
0
0
0
0.0161
0
0
0
0
0.0311
0
0
0
0
0
0
0
0
0
0
0
0
0
0
0
0
0
0
0
0
0
0
0
0
0
0
0
0
0
0
0
0
0
0
0
0
0
0
0
0
0
0
0
0
0
0
0
0
0
0
0
0
0
0
0
0
0
0
0
0
0
0
0
0
0
0
0
0
0
0
0
0
0
0
0
0
0
0
0
0
0
0
0
0
0
0
0
0
0
0
0
0
0
0
0
0
0
0
0
0
0
0
0
0
0
0
0
0
0
0
0
0
0
0
0
0.0132
0
0
0
0
0
0
0
0
0
0
0
0
0
0
0
0
0
0
0
0
0
0
0
0.0036
0
0
0
0
0
0
0
0
0
0
0
0
0
0
0
0
0.0372
0
0
0
0
0
0
0
0
0
0
0
0
0
0
0
0
0
0
0
0
0
0
0
0
0
0.0463
0
0
0
0
0
0
0
0
0
0
0
0
0
0
0
0
0
0
0
0
0
0
0
0
0
0
0
0
0
0
0
0
0
0
0
0
0
0
0
0
0
0
0
0
0
0
0
0
0
0
0
0
0
0
0
0
0
0
0
0
0
0
0
0
0
0
0
0
0
0
0
0
0
0
0
0
0
0
0
0
0
0
0
0
0
0
0
0
0
0
0
0
0
0
0
0.0054
0
0
0
0
0
0
0
0
0
0
0
0
0
0
0
0
0
0
0
0
0
0
0
0
0
0
0
0
0
0
0
0
0
0
0
0
0
0
0
0
0
0
0
0
0
0
0
0
0
0
0
0
0
0
0
0
0
0
0
0.0449
0
0
0
0
0
0.0213
0
0
0
0
0
0
0
0
0
0
0
0
0
0.0044
0
0
0
0
0
0
0
0
0
0
0
0
0
0
0
0
0
0
0.0161
0
0
0
0
0
0
0
0
0
0
0
0
0
0
0
0
0
0
0
0
0
0
0
0
0
0
0
0
0
0
0
0
0
0
0
0
0
0
0
0
0
0
0
0
0
0
0
0
0
0
0
0
0
0
0
0
0
0
0.0233
0
0
0
0
0
0
0
0
0
0
0
0
0
0
0.0209
0
0
0
0
0
0
0
0
0
0
0
0
0
0
0
0.0252
0
0
0
0.0059
0
0
0
0
0
0
0
0
0
0
0
0
0
0
0
0
0
0
0
0
0
0
0
0
0
0
0
0
0
0
0
0
0
0
0
0
0
0
0
0
0
0
0
0
0
0
0
0
0
0
0
0
0
0
0
0
0
0
0
0
0
0
0
0
0
0
0
0
0
0
0
0
0
0
0
0
0
0
0
0
0
0
0
0
0
0
0
0
0
0
0
0
0
0
0
0
0
0
0
0
0
0
0
0
0
0
0
0
0
0
0
0
0
0
0
0
0
0
0
0
0
0
0
0.0185
0
0
0
0
0
0
0
0
0.0359
0
0
0
0.0361
0
0
0
0
0
0
0
0
0
0
0
0
0
0
0
0
0
0
0
0
0
0
0
0
0
0
0
0
0
0
0
0
0
0
0
0
0
0
0
0
0
0
0
0
0
0
0
0
0
0
0
0
0
0
0
0
0
0
0
0
0
0
0
0
0
0
0
0
0
0
0.023
0
0
0
0
0
0
0
0
0
0
0
0
0
0
0
0
0.0143
0
0
0.0086
0
0
0
0
0
0
0
0
0
0
0
0
0
0
0
0
0
0.0175
0
0
0
0
0
0
0
0
0
0
0
0
0
0
0
0
0
0
0
0
0
0
0
0
0
0
0
0
0
0
0
0
0
0
0
0
0
0
0
0
0
0
0
0
0
0
0
0
0
0
0
0
0
0
0
0
0
0
0
0
0
0
0
0
0
0
0
0
0
0
0
0
0
0
0
0
0
0
0
0
0
0
0
0
0
0
0
0
0
0
0
0
0
0
0
0
0
0
0.0405
0
0
0
0
0
0.0387
0
0
0
0
0
0
0
0
0
0
0
0
0
0
0
0
0
0
0
0
0
0
0
0
0
0
0
0
0
0
0
0
0
0
0
0
0
0
0
0
0
0
0
0
0
0
0
0
0
0
0
0
0
0
0
0
0
0
0
0
0.0193
0
0
0
0
0
0
0
0
0
0
0
0
0.0205
0
0
0
0
0
0
0
0
0
0.0371
0
0
0
0.0112
0
0
0
0.0141
0
0
0.0167
0.019
0
0
0
0
0
0
0
0
0
0
0
0
0
0
0
0
0
0.0198
0
0
0
0
0
0
0
0
0
0
0
0
0
0
0
0
0
0
0
0
0
0
0
0
0
0.0041
0
0
0
0
0
0
0
0
0
0
0
0
0.004
0
0
0
0
0
0
0
0
0
0
0
0
0
0
0
0.0213
0
0
0
0
0
0
0
0
0.0069
0
0
0
0
0
0.0078
0
0
0
0
0
0
0
0
0.0176
0
0
0
0
0
0
0
0.0443
0
0
0
0
0
0
0
0
0
0
0
0
0
0
0
0
0
0
0
0
0
0
0
0
0
0
0
0
0
0
0
0
0
0
0
0
0
0
0
0
0
0
0
0
0
0
0
0
0
0
0
0
0
0
0
0
0
0
0
0
0
0
0
0
0
0
0
0
0
0
0.0038
0
0
0
0
0
0
0
0
0
0
0
0
0
0
0
0.0197
0.0017
0
0
0
0
0
0
0
0
0
0
0
0
0
0.0085
0
0
0.0063
0.0042
0
0
0
0
0
0
0
0
0
0
0
0
0
0
0
0
0
0
0
0
0
0
0
0
0
0
0
0
0
0
0
0
0
0
0
0
0.0161
0
0
0.0348
0
0
0
0
0
0
0.005
0
0
0
0
0
0
0
0
0
0
0
0
0
0.0058
0
0
0
0
0
0
0
0
0
0
0
0
0
0
0
0
0
0.0211
0
0
0
0
0
0
0
0
0
0
0
0
0
0
0
0
0
0
0
0
0
0
0
0
0
0
0
0
0
0
0
0
0
0
0
0
0
0
0
0
0
0
0
0
0
0
0
0
0
0
0
0
0
0
0
0
0
0
0
0
0
0
0
0
0
0
0
0
0
0
0
0
0
0
0
0
0.0038
0.0155
0
0.0209
0
0
0
0
0
0
0
0
0
0
0
0
0
0
0
0
0
0
0
0
0
0
0
0.0185
0
0
0
0
0
0
0
0
0
0
0
0
0
0
0
0
0
0
0
0
0
0
0
0
0
0
0
0
0
0
0
0
0
0
0
0
0
0
0
0
0
0
0
0
0
0
0
0
0
0
0
0
0
0
0.019
0
0.013
0
0
0
0
0
0
0
0
0
0
0
0
0
0
0
0
0.0379
0
0
0
0
0
0
0
0
0
0
0
0
0
0
0
0
0
0
0
0
0
0
0
0
0.0347
0
0
0
0
0
0
0
0
0
0
0
0
0
0
0
0
0
0
0
0
0
0
0
0
0
0
0
0
0.0149
0
0
0
0
0
0
0
0
0
0
0
0
0
0
0
0
0
0
0
0
0
0
0
0
0
0
0
0
0
0
0
0
0
0
0.0204
0
0
0
0
0
0
0
0
0
0
0
0
0
0
0
0
0
0
0
0
0
0.033
0
0
0.0077
0
0.0058
0
0
0
0
0
0
0
0
0
0
0
0.0514
0
0
0
0
0.0046
0
0
0
0
0
0
0
0
0
0
0
0
0
0
0
0
0
0
0
0
0
0
0
0
0
0
0
0
0
0
0
0
0
0
0
0
0
0
0
0
0
0
0
0
0.0186
0.0109
0.0308
0
0
0
0
0
0
0
0
0
0
0
0
0
0
0
0
0
0
0
0
0
0
0
0
0
0
0
0
0
0
0.0198
0
0
0
0
0
0
0
0
0
0
0
0
0
0
0
0
0
0
0
0
0
0
0
0
0
0
0
0
0
0
0
0
0
0
0
0
0
0
0
0
0
0
0
0
0
0
0
0
0
0
0
0
0
0
0
0
0
0
0
0
0
0
0
0.0222
0
0
0
0
0
0
0
0
0.0045
0
0
0.0097
0
0
0
0
0
0
0
0
0
0
0
0
0
0.02
0
0.0177
0
0
0
0
0
0
0.0053
0
0
0
0
0
0
0
0
0
0
0
0
0
0
0
0
0
0
0
0
0
0
0
0
0.0063
0
0
0
0
0
0
0
0
0
0
0
0
0
0
0
0
0
0
0.0035
0
0
0
0
0
0
0
0.0253
0.004
0
0
0
0
0
0
0
0
0
0
0
0
0
0
0
0
0
0
0.0032
0
0
0.0227
0.0118
0
0
0
0
0
0
0
0
0.0442
0
0
0
0
0
0
0
0
0
0
0
0
0
0
0
0
0
0
0
0
0
0
0
0
0
0
0
0
0
0
0
0
0
0
0
0
0
0
0
0
0
0
0
0
0
0
0
0
0
0
0
0
0
0
0
0
0
0
0
0
0
0
0
0
0
0
0
0
0
0
0
0
0
0
0
0
0
0
0
0
0
0.0185
0.0006
0
0
0
0
0
0
0
0
0
0
0
0
0
0
0
0
0
0.0363
0
0
0
0
0
0
0
0
0
0
0
0
0
0
0
0
0
0
0
0
0
0.0364
0
0
0
0
0
0
0
0
0
0
0
0
0
0
0
0
0
0
0
0
0
0
0
0
0
0
0
0
0
0
0
0
0
0
0
0
0.0206
0
0
0
0
0
0
0
0
0
0
0
0
0
0
0
0
0
0
0
0
0
0
0
0
0
0
0
0
0
0
0
0
0
0
0
0
0
0
0
0
0
0
0
0
0
0
0
0
0
0
0
0
0
0
0
0.0058
0
0
0
0
0.0182
0
0
0
0
0
0
0
0
0
0
0
0
0
0
0
0
0
0
0
0
0
0.0223
0
0
0
0
0
0
0
0
0
0
0
0
0.0307
0
0
0
0
0
0
0
0
0
0
0
0
0
0
0
0
0
0
0
0
0
0
0
0
0
0
0
0
0
0
0
0
0
0
0
0
0
0
0
0
0
0
0
0
0
0
0
0
0
0
0
0
0
0
0
0
0
0
0
0
0
0
0
0
0
0
0
0
0
0
0
0.0249
0
0
0
0
0
0.0439
0
0
0
0
0
0
0
0
0
0
0
0
0
0
0
0
0
0
0
0
0
0
0
0
0
0
0
0
0
0
0
0
0
0
0
0
0
0
0
0
0
0
0
0
0
0
0
0
0
0
0
0
0
0
0
0
0
0.0221
0
0
0
0
0
0
0
0
0
0
0
0
0
0
0
0
0
0
0
0
0
0
0
0
0
0
0
0
0.0534
0.0068
0
0
0.0044
0.0395
0
0
0
0
0
0
0
0
0.0189
0
0
0
0
0
0
0
0
0
0
0
0
0
0
0
0
0
0
0
0
0
0
0
0
0
0
0
0
0
0
0
0
0
0
0
0
0
0
0
0
0
0
0
0
0
0
0
0
0
0
0
0
0
0
0
0
0
0
0
0
0
0
0.0065
0
0
0
0
0
0
0
0
0
0
0
0
0
0
0
0
0.0347
0
0
0
0
0
0
0
0
0
0
0
0
0
0
0
0
0
0
0
0.0027
0
0
0
0
0
0
0
0
0.0064
0
0
0
0
0
0
0
0
0
0
0
0
0
0
0
0
0
0
0
0
0
0
0
0
0
0
0
0.0262
0
0
0
0
0
0
0
0
0
0
0.0189
0
0
0
0
0.0384
0
0
0
0
0
0
0
0
0
0
0
0
0
0
0
0
0
0
0.0346
0
0
0
0
0
0
0
0
0
0
0.0213
0
0
0
0
0
0
0
0
0
0
0
0.016
0
0
0
0
0
0
0
0
0
0
0
0
0
0
0
0
0
0
0
0
0
0
0
0
0
0
0
0
0
0
0
0
0
0
0
0
0
0
0
0
0
0
0
0
0
0
0
0
0
0
0
0
0
0
0
0
0
0
0
0
0
0
0
0
0
0
0
0
0
0
0
0
0
0
0
0
0
0
0
0
0
0
0
0
0
0
0
0
0
0.0151
0
0
0
0
0
0
0
0
0
0
0
0
0
0
0
0
0
0
0
0
0
0
0
0
0
0
0
0.0223
0.0365
0
0
0
0
0
0
0
0
0
0
0
0
0
0
0
0
0
0
0
0
0
0
0
0
0
0
0
0
0
0
0
0
0
0
0
0
0
0
0
0
0
0
0
0
0
0
0
0
0
0
0
0
0
0
0
0
0
0
0
0
0
0
0
0
0
0
0
0
0
0
0
0
0
0
0
0
0
0
0
0
0
0
0
0
0
0
0
0
0
0
0
0
0
0
0
0
0
0
0
0
0.0168
0
0.0053
0
0
0
0
0
0
0
0
0
0
0
0
0
0.0231
0.0236
0
0
0
0
0
0
0
0
0.0159
0
0
0
0
0
0
0.0193
0
0
0.0213
0
0
0
0
0
0
0
0
0
0
0
0
0
0
0
0
0
0
0
0
0
0
0
0
0
0.039
0
0
0.0143
0
0
0
0
0
0
0
0
0.0204
0
0
0
0
0
0
0
0
0
0.007
0.0181
0
0
0.0167
0
0
0
0
0
0
0.0219
0
0
0
0
0
0
0
0
0
0
0
0
0
0
0
0
0
0.0343
0.0153
0.0536
0
0
0.0217
0
0
0.0839
0
0.005
0.019
0.0164
0
0
0
0
0
0
0
0.0219
0
0
0
0
0
0.0384
0
0
0.0369
0
0
0
0
0.0501
0.1076
0.0891
0
0
0
0.0125
0
0
0
0.0291
0
0.0195
0.02
0
0
0
0.0182
0.0218
0
0.0658
0
0.0243
0
0
0
0
0.0358
0
0.0228
0
0
0
0
0
0
0
0
0
0
0
0.0192
0.029
0
0
0
0
0.0367
0
0
0
0
0
0
0
0
0
0
0
0
0
0.0176
0
0
0
0
0
0
0
0
0
0
0
0
0
0.0234
0
0
0
0
0
0
0
0
0
0
0
0
0.0302
0
0
0
0
0
0
0
0.0197
0
0.019
0
0
0
0
0
0.0196
0
0
0
0
0
0
0.0362
0
0
0
0
0
0
0
0
0
0
0
0
0.0183
0.0228
0
0.006
0
0
0
0.0194
0
0
0
0
0
0
0
0
0
0
0
0
0
0
0
0
0
0
0
0
0
0
0
0
0
0
0
0
0
0
0
0
0
0
0
0
0
0
0
0
0
0
0
0
0
0
0
0
0
0
0
0
0
0
0
0
0.0224
0.0205
0
0
0
0
0
0
0
0
0.0084
0
0.0196
0.0186
0
0
0
0
0
0
0
0
0
0
0
0
0
0
0
0
0
0
0
0
0
0
0
0
0
0
0
0
0
0
0
0
0
0
0
0
0
0
0
0
0
0
0
0
0
0
0
0
0
0
0
0
0
0
0
0
0
0
0
0
0
0
0
0
0
0
0
0
0
0
0
0
0
0
0
0
0
0
0
0
0.0216
0
0
0
0
0
0
0
0
0
0
0
0
0.017
0
0
0
0
0
0
0
0
0
0
0
0
0
0.0434
0.0203
0
0
0
0
0
0.0185
0
0
0
0
0
0
0
0.0198
0.0124
0.0154
0
0
0
0
0
0
0.0076
0
0
0
0
0
0
0
0
0
0
0
0
0
0
0
0
0
0
0
0
0
0
0
0
0
0
0
0
0
0
0
0
0
0
0
0
0
0
0
0
0
0
0
0
0.0018
0.0425
0
0
0
0
0
0
0
0
0
0
0
0
0
0.0095
0.0302
0
0.0052
0
0
0
0
0
0
0
0.0167
0
0
0
0
0
0
0
0
0
0
0
0
0.0323
0
0
0
0
0
0
0
0
0
0
0
0
0
0
0
0.0229
0
0
0
0
0
0
0
0
0
0
0
0.0118
0
0
0
0
0
0
0
0.0171
0
0
0
0
0
0
0
0
0
0
0
0
0
0
0
0
0
0.0057
0
0
0
0
0
0
0
0
0
0
0.0052
0
0
0
0
0
0
0
0
0
0
0
0
0
0.0196
0
0
0.0194
0
0
0
0
0
0
0
0
0
0
0
0
0
0
0
0
0
0
0
0
0
0
0
0
0
0
0
0
0
0
0
0
0
0
0
0
0
0
0
0
0
0
0
0
0
0
0
0
0
0
0.0207
0
0
0
0
0
0
0
0
0
0
0
0
0
0.0361
0
0
0
0
0
0
0
0
0
0.0308
0
0
0
0
0
0
0
0
0
0
0.0243
0
0.0474
0.0522
0
0.0396
0.0214
0
0
0
0
0
0
0
0
0.0376
0
0
0
0
0
0
0
0
0
0
0
0
0
0
0
0
0
0
0
0
0
0.0354
0
0
0.0236
0
0
0
0
0
0
0
0
0
0
0
0
0
0
0
0
0
0
0
0
0
0
0
0
0
0
0
0
0
0
0
0
0
0
0
0
0
0.0239
0
0
0
0
0
0.0236
0
0
0
0
0
0
0
0.0366
0
0
0
0
0
0
0
0
0
0
0
0
0
0
0
0
0
0
0
0.0404
0
0
0
0
0
0
0
0
0
0
0
0
0
0
0.0365
0
0
0
0
0
0
0
0
0
0
0.0019
0
0
0
0
0
0
0
0
0
0
0
0
0
0
0
0
0
0
0
0
0
0.005
0
0
0
0
0
0
0.0362
0
0
0
0
0
0
0
0
0
0
0
0
0
0
0
0
0
0
0
0
0
0
0
0
0
0.0183
0.0302
0
0
0
0
0
0.0194
0.0418
0.0208
0
0
0
0
0
0.0498
0
0
0
0
0.0199
0
0
0
0
0
0
0.0322
0
0.0037
0.0177
0.0295
0
0
0
0
0
0
0
0
0
0
0
0
0
0
0
0
0.0357
0.0155
0
0
0
0
0
0.0199
0.0347
0
0
0
0
0.0229
0
0
0
0
0
0
0
0
0
0
0.024
0
0
0
0
0
0
0.0241
0.0253
0
0
0
0.0202
0
0
0
0
0
0
0
0
0
0
0
0
0
0
0
0
0
0
0
0
0
0
0
0
0
0
0
0.0323
0
0
0
0
0
0
0
0.035
0
0
0
0
0
0
0
0
0
0
0
0
0
0
0
0
0.0379
0
0
0
0
0.006
0
0.0167
0
0
0.0111
0.0353
0
0
0
0
0.0405
0
0
0
0.0191
0
0
0
0
0
0
0.0245
0
0
0
0
0
0
0
0
0
0
0
0
0
0
0
0
0
0
0
0
0
0
0
0
0
0
0
0
0
0
0
0
0
0
0
0
0.0079
0
0
0
0
0
0.0059
0
0
0
0
0
0
0
0
0
0
0
0
0
0
0
0
0
0
0
0
0.0209
0
0
0
0
0
0
0
0
0
0
0
0
0.0085
0.0281
0
0
0
0
0
0
0
0
0
0
0
0
0
0.0142
0
0
0
0
0
0
0.0049
0
0
0
0
0
0
0
0
0
0
0
0
0
0
0
0
0
0.0339
0
0
0
0
0
0
0
0
0
0
0
0
0
0
0
0
0
0
0
0
0
0
0
0
0
0
0
0
0.0185
0
0
0
0
0
0
0
0
0.0164
0
0
0
0
0
0
0
0
0
0
0
0.0158
0
0
0
0
0
0.0171
0
0
0.0303
0
0
0
0
0
0
0
0
0
0
0
0
0
0.0167
0
0
0
0.0205
0
0
0
0
0
0
0.0348
0.0088
0
0.0171
0
0
0
0
0.0232
0
0
0
0
0.0165
0
0
0
0
0
0
0
0
0
0
0
0
0
0
0
0
0
0
0
0
0
0
0
0
0
0
0
0
0
0
0
0
0
0
0
0
0
0
0
0.0205
0
0
0
0
0
0
0
0
0
0
0
0
0
0
0
0
0
0
0
0
0
0
0
0
0.0368
0
0
0
0.0086
0
0
0
0
0.0034
0
0
0
0
0
0
0
0
0
0
0
0
0
0
0
0
0
0
0
0
0
0
0
0
0
0
0
0
0
0
0
0
0
0
0
0
0
0
0
0
0
0
0
0
0
0
0
0
0
0
0
0
0
0
0
0
0
0
0
0
0
0
0
0
0
0
0
0
0
0
0
0
0
0
0
0
0
0
0
0
0
0
0
0
0
0
0
0.0228
0
0
0
0
0
0
0
0
0
0
0
0
0
0
0
0
0
0
0
0
0
0
0
0
0
0
0
0
0
0
0
0
0
0
0
0
0
0
0
0
0
0.0061
0
0
0
0
0
0
0
0
0
0
0
0
0
0
0
0
0
0
0
0
0
0
0
0
0
0
0
0
0
0
0
0
0
0
0
0
0
0
0
0
0
0
0
0
0
0
0
0
0
0
0
0
0
0
0
0.036
0
0
0
0
0
0
0
0
0
0
0
0
0
0
0
0
0.0636
0
0
0
0
0
0
0
0.0152
0
0
0
0
0
0
0
0
0
0
0
0
0
0
0
0
0
0
0
0
0
0
0
0
0
0
0
0.0334
0
0
0
0
0
0
0
0
0
0
0
0
0
0
0
0
0
0
0
0
0
0
0
0
0
0
0
0
0
0
0
0
0
0
0
0
0
0
0
0
0
0
0
0
0
0
0
0
0
0.0127
0
0
0
0
0
0
0
0
0.0214
0
0
0
0
0
0
0
0
0
0
0
0
0
0
0
0
0
0
0
0
0
0
0
0
0
0
0
0
0
0
0
0
0
0.0206
0
0
0
0
0
0
0
0
0
0.0225
0
0
0
0
0
0
0
0
0
0
0
0
0
0.0046
0
0
0
0
0
0
0
0
0
0
0
0.0171
0
0
0
0
0
0
0
0
0
0
0
0
0
0
0
0
0
0
0
0
0.0168
0.001
0
0
0
0
0
0.0327
0
0
0
0
0
0
0
0
0
0
0
0
0
0
0
0
0
0
0
0
0
0
0
0
0
0
0.0333
0.031
0.0225
0
0.0161
0
0.0245
0.0326
0.0169
0
0.0052
0
0
0.0529
0
0.0179
0
0
0
0
0
0
0
0
0
0
0
0
0.0181
0
0
0
0
0
0.0116
0
0
0.0187
0
0.0344
0
0
0
0.0028
0
0
0
0
0
0
0
0
0
0
0
0.0069
0
0
0
0.0178
0
0
0
0
0
0
0
0
0
0
0
0
0
0
0
0
0
0
0
0
0
0
0
0
0
0
0
0
0
0
0.0095
0
0.022
0
0.0059
0
0
0
0
0
0
0
0.0176
0
0
0.0056
0
0
0
0
0
0
0
0
0
0
0
0
0.013
0
0
0
0
0
0
0
0
0
0
0
0
0.0213
0
0
0
0
0
0
0
0
0
0
0
0
0
0
0
0
0
0
0
0
0
0
0.0207
0
0
0
0
0
0
0
0
0
0
0
0.022
0
0
0
0
0
0
0
0
0
0.0179
0
0
0
0
0
0.0242
0.0416
0
0
0
0
0
0
0
0.0033
0
0
0
0
0
0.0239
0
0
0
0
0
0
0
0
0
0
0
0
0
0
0
0
0
0
0
0
0
0
0
0
0
0
0
0
0
0
0
0
0
0
0
0
0
0
0
0
0
0
0
0
0
0
0
0
0
0
0
0
0
0
0
0
0
0
0
0
0
0
0
0
0
0
0
0
0
0
0
0
0
0
0
0
0.0213
0
0
0
0
0
0
0
0
0
0.0412
0
0
0
0
0
0
0
0
0
0
0
0
0
0
0
0
0
0
0
0
0
0
0.024
0
0.0165
0.0046
0.0134
0
0
0
0
0
0
0
0
0
0
0.0177
0
0.0217
0
0.0245
0
0
0.0177
0
0
0
0
0
0
0
0
0
0
0
0
0
0
0
0.0193
0
0
0
0
0
0
0.0039
0
0
0.0233
0
0
0
0
0
0
0
0
0
0
0
0
0
0
0
0
0
0
0
0
0
0
0
0
0
0
0
0
0
0
0
0
0
0
0
0
0
0
0
0
0
0
0
0
0
0
0
0
0
0
0
0
0
0
0
0
0
0
0
0
0
0
0
0
0
0
0
0
0
0
0
0
0
0
0
0
0
0
0
0
0
0
0
0
0
0
0
0
0
0
0
0
0
0
0
0
0
0
0
0
0
0
0
0
0
0
0
0
0
0
0
0
0
0
0
0
0
0
0
0
0
0.0194
0
0
0
0.0227
0.1094
0.0264
0.0242
0
0.0251
0.0174
0
0
0
0
0
0
0
0
0
0
0
0
0.0205
0
0
0.0234
0
0
0.0517
0.0244
0
0
0
0
0
0
0
0
0
0
0
0
0
0
0
0
0.0033
0
0
0
0
0
0
0
0
0
0.0244
0.0164
0
0
0
0
0
0
0
0
0
0
0
0
0
0
0
0
0.0177
0.0216
0
0
0.0034
0
0
0
0
0
0.0378
0
0
0
0
0
0
0
0
0.046
0.0416
0.0123
0
0
0
0
0
0
0.0209
0
0
0
0
0
0
0
0
0
0
0
0
0
0
0
0
0
0
0
0.0196
0
0.003
0
0.018
0
0
0.0422
0
0
0
0
0
0
0
0
0
0
0
0
0
0
0
0.0035
0
0.0183
0.0174
0
0
0
0
0
0
0
0
0
0
0.0194
0
0
0.0205
0
0
0
0
0.0075
0.0158
0
0
0
0.0498
0
0.0343
0
0
0
0.0086
0
0.028
0
0
0
0
0
0
