0
0
0
0
0
0
0
0
0
0
0
0
0
0
0
0
0
0
0
0
0
0
0
0
0
0
0
0
0
0
0
0
0
0
0
0
0
0
0
0
0
0
0
0
0
0
0
0
0
0
0
0
0
0
0
0
0
0
0
0
0
0
0
0
0
0
0
0
0
0
0
0
0
0
0
0
0
0
0
0
0
0
0
0
0
0
0
0
0
0
0
0
0
0
0
0
0
0
0
0
0
0
0
0
0
0
0
0
0
0
0
0
0
0
0
0
0
0
0
0
0
0
0
0
0
0
0
0
0
0
0
0
0
0
0
0
0
0
0
0
0
0
0
0
0
0
0
0
0
0
0
0
0
0
0
0
0
0
0
0
0
0
0
0
0
0
0
0
0
0
0
0
0
0
0
0
0
0
0
0
0
0
0
0
0
0
0
0
0
0
0
0
0
0
0
0
0
0
0
0
0
0
0
0
0
0
0
0
0
0
0
0
0
0
0
0
0
0
0
0
0
0
0
0
0
0
0
0
0
0
0
0
0
0
0
0
0
0
0
0
0
0
0
0
0
0
0
0
0
0
0
0
0
0
0
0
0
0
0
0
0
0
0
0
0
0
0
0
0
0
0
0
0
0
0
0
0
0
0
0
0
0
0
0
0
0
0
0
0
0
0
0
0
0
0
0
0
0
0
0
0
0
0
0
0
0
0
0
0
0
0
0
0
0
0
0
0
0
0
0
0
0
0
0
0
0
0
0
0
0
0
0
0
0
0
0
0
0
0
0
0
0
0
0
0
0
0
0
0
0
0
0
0
0
0
0
0
0
0
0
0
0
0
0
0
0
0
0
0
0
0
0
0
0
0
0
0
0
0
0
0
0
0
0
0
0
0
0
0
0
0
0
0
0
0
0
0
0
0
0
0
0
0
0
0
0
0
0
0
0
0
0
0
0
0
0
0
0
0
0
0
0
0
0
0
0
0
0
0
0
0
0
0
0
0
0
0
0
0
0
0
0
0
0
0
0
0
0
0
0
0
0
0
0
0
0
0
0
0
0
0
0
0
0
0
0
0
0
0
0
0
0
0
0
0
0
0
0
0
0
0
0
0
0
0
0
0
0
0
0
0
0
0
0
0
0
0
0
0
0
0
0
0
0
0
0
0
0
0
0
0
0
0
0
0
0
0
0
0
0
0
0
0
0
0
0
0
0
0
0
0
0
0
0
0
0
0
0
0
0
0
0
0
0
0
0
0
0
0
0
0
0
0
0
0
0
0
0
0
0
0
0
0
0
0
0
0
0
0
0
0
0
0
0
0
0
0
0
0
0
0
0
0
0
0
0
0
0
0
0
0
0
0
0
0
0
0
0
0
0
0
0
0
0
0
0
0
0
0
0
0
0
0
0
0
0
0
0
0
0
0
0
0
0
0
0
0
0
0
0
0
0
0
0
0
0
0
0
0
0
0
0
0
0
0
0
0
0
0
0
0
0
0
0
0
0
0
0
0
0
0
0
0
0
0
0
0
0
0
0
0
0
0
0
0
0
0
0
0
0
0
0
0
0
0
0
0
0
0
0
0
0
0
0
0
0
0
0
0
0
0
0
0
0
0
0
0
0
0
0
0
0
0
0
0
0
0
0
0
0
0
0
0
0
0
0
0
0
0
0
0
0
0
0
0
0
0
0
0
0
0
0
0
0
0
0
0
0
0
0
0
0
0
0
0
0
0
0
0
0
0
0
0
0
0
0
0
0
0
0
0
0
0
0
0
0
0
0
0
0
0
0
0
0
0
0
0
0
0
0
0
0
0
0
0
0
0
0
0
0
0
0
0
0
0
0
0
0
0
0
0
0
0
0
0
0
0
0
0
0
0
0
0
0
0
0
0
0
0
0
0
0
0
0
0
0
0
0
0
0
0
0
0
0
0
0
0
0
0
0
0
0
0
0
0
0
0
0
0
0
0
0
0
0
0
0
0
0
0
0
0
0
0
0
0
0
0
0
0
0
0
0
0
0
0
0
0
0
0
0
0
0
0
0
0
0
0
0
0
0
0
0
0
0
0
0
0
0
0
0
0
0
0
0
0
0
0
0
0
0
0
0
0
0
0
0
0
0
0
0
0
0
0
0
0
0
0
0
0
0
0
0
0
0
0
0
0
0
0
0
0
0
0
0
0
0
0
0
0
0
0
0
0
0
0
0
0
0
0
0
0
0
0
0
0
0
0
0
0
0
0
0
0.1302
0.3763
0.0183
0
0
0
0
0
0
0
0
0
0
0
0
0
0
0
0
0
0
0
0
0
0
0
0
0
0
0
0
0
0
0
0
0
0
0
0
0
0
0
0
0
0
0
0
0
0
0
0
0
0
0
0
0
0.0191
0
0
0
0
0
0
0
0
0
0
0
0
0
0
0
0
0
0
0
0
0
0
0
0
0
0
0
0
0
0
0
0
0
0.017
0
0
0
0
0
0
0.0054
0
0
0
0
0
0
0
0
0
0
0.0179
0.039
0
0
0
0
0
0
0
0
0
0
0
0
0
0
0.031
0
0.0171
0.0375
0
0
0
0
0
0.0539
0
0
0
0
0
0
0
0
0
0
0
0
0
0
0
0
0
0
0
0
0
0
0
0
0
0
0
0
0
0
0
0
0
0
0
0
0
0
0
0
0
0
0
0
0
0
0
0
0
0
0
0
0
0
0
0
0
0
0
0
0
0
0
0
0
0
0
0
0
0
0
0
0
0
0
0
0
0
0
0
0
0
0
0
0
0
0
0
0
0
0
0
0
0
0
0
0
0
0
0
0
0
0
0
0
0
0
0
0
0
0
0
0
0
0
0
0
0
0
0
0
0
0
0
0
0
0
0
0
0
0
0
0
0
0
0
0
0
0
0
0
0
0
0
0
0
0
0
0
0
0
0
0
0
0
0
0
0
0
0
0
0
0
0
0
0
0
0
0
0
0
0
0
0
0
0
0
0
0
0
0
0
0
0
0
0
0
0
0
0
0
0
0
0
0
0
0
0
0
0
0
0
0
0
0
0
0
0
0
0
0
0
0
0
0
0
0
0
0
0
0
0
0
0
0
0
0
0
0
0
0
0
0
0
0
0
0
0
0
0
0
0
0
0
0
0
0
0
0
0
0
0
0
0
0
0
0
0
0
0
0
0
0
0
0
0
0
0
0
0
0
0
0
0
0
0
0
0
0
0
0
0
0
0
0
0
0
0
0
0
0
0
0
0
0
0
0
0
0
0
0
0
0
0
0
0
0
0
0
0
0
0
0
0
0
0
0
0
0
0
0
0
0
0
0
0
0
0
0
0
0
0
0
0
0
0
0
0
0
0
0
0
0
0
0
0
0
0
0
0
0
0
0
0
0
0
0
0
0
0
0
0
0
0
0
0
0
0
0
0
0
0
0
0
0
0
0
0
0
0
0
0
0
0
0
0
0
0
0
0
0
0
0
0
0
0
0
0
0
0
0
0
0
0
0
0.0072
0
0
0
0
0
0
0
0
0
0
0
0
0
0
0
0
0
0.0171
0
0
0
0
0
0
0
0
0
0
0
0
0.0196
0
0
0
0
0
0
0
0.0179
0
0
0
0
0
0
0
0
0
0
0
0
0
0
0.0399
0
0
0
0
0
0
0.0528
0
0
0.0263
0.0509
0.0186
0
0
0
0
0
0.0195
0.0182
0.028
0
0
0
0
0
0.0191
0
0
0.009
0.0242
0
0
0
0
0.0302
0
0.0594
0.0159
0
0
0
0
0
0
0.0081
0
0
0
0
0
0
0
0
0
0
0
0
0
0
0
0
0
0
0
0
0
0
0
0
0
0
0
0
0
0
0.0248
0
0.0037
0
0
0
0
0
0
0
0.0225
0
0
0
0
0
0
0
0
0
0
0
0
0
0
0
0
0
0
0
0
0
0
0
0
0
0
0
0
0
0
0
0
0
0
0
0
0
0
0
0
0
0
0
0
0
0
0
0
0.0397
0
0
0
0
0
0
0
0
0
0
0
0
0
0
0
0
0
0
0
0
0
0
0
0
0
0
0
0
0
0
0.0078
0
0
0
0
0
0.0203
0.0108
0
0
0
0
0
0
0
0
0
0
0.0368
0
0
0
0
0
0
0
0
0
0
0
0
0
0
0
0
0
0
0
0
0
0
0
0
0
0
0
0
0
0
0
0
0
0
0.0258
0
0
0
0
0
0
0
0
0
0
0
0.023
0
0
0
0
0.0169
0
0
0
0
0
0
0
0
0
0
0
0.0228
0
0
0
0
0
0
0
0
0
0
0
0
0
0
0
0
0
0
0
0
0
0
0.0212
0
0
0
0
0
0
0
0
0
0.0159
0
0
0
0
0
0
0.0235
0
0
0
0
0
0
0
0
0
0
0
0
0
0
0
0
0
0
0
0
0
0
0
0
0
0
0
0
0
0
0
0.02
0
0
0
0
0
0
0
0
0
0
0.0178
0
0
0
0
0
0
0
0
0
0
0
0
0.0199
0
0
0
0
0
0.023
0
0
0
0
0.016
0
0
0
0
0
0
0
0
0
0
0
0.0058
0
0
0
0
0
0
0
0
0
0
0
0
0
0
0
0
0
0
0
0
0
0
0
0
0
0
0
0
0
0
0
0
0
0
0
0
0
0
0
0
0
0
0
0
0
0
0
0
0
0
0
0
0
0
0
0
0
0
0
0
0
0
0
0
0
0
0.0403
0
0
0
0
0
0
0
0
0
0
0
0
0
0
0
0
0
0
0.0184
0
0
0
0
0
0
0.0086
0
0
0
0
0
0
0.0457
0
0
0
0
0
0
0
0
0
0
0
0
0
0
0
0
0
0.02
0
0
0
0
0
0
0
0
0
0
0
0
0
0
0
0
0
0
0
0
0.0191
0
0
0
0
0.0288
0
0
0
0
0
0
0
0
0
0
0
0
0
0
0.0249
0
0
0
0
0
0
0
0
0
0
0
0
0
0
0
0
0
0
0
0
0
0
0
0
0
0
0
0
0
0
0
0
0
0
0
0
0
0
0
0
0.017
0
0
0
0
0
0.0054
0
0
0
0
0
0
0
0
0
0
0
0
0
0
0
0
0
0.0225
0
0
0
0
0
0
0
0
0
0
0
0
0
0
0
0.0389
0
0
0
0
0
0
0
0
0
0
0
0
0
0
0
0
0
0
0
0
0
0
0
0
0
0
0
0
0
0
0
0
0
0
0
0
0
0
0
0
0
0
0
0
0
0
0
0
0
0
0
0
0
0
0
0
0
0
0
0
0
0
0
0
0
0
0
0
0
0.0064
0
0.0193
0.0355
0.0197
0
0
0
0
0
0
0
0
0
0
0.0191
0
0
0
0
0
0
0
0
0
0
0
0
0
0.0396
0
0
0
0
0
0
0.037
0
0
0
0
0
0
0
0
0
0
0
0
0
0
0.0224
0
0
0
0
0
0
0
0
0
0
0
0
0
0
0
0
0
0
0
0
0
0
0
0
0
0
0
0
0.0176
0
0
0
0
0
0
0
0
0
0
0
0
0
0
0
0
0
0
0
0
0
0
0
0.0174
0
0
0
0
0
0
0
0
0.0164
0
0
0
0
0
0
0
0
0
0
0
0
0
0
0
0
0
0
0
0
0.0235
0
0
0
0
0
0
0
0
0
0
0
0
0
0
0
0
0
0
0
0
0
0
0
0
0
0
0
0
0
0
0
0
0
0
0
0
0
0
0
0
0
0
0
0
0
0
0
0
0
0
0
0
0
0
0
0
0
0
0
0
0
0
0
0
0
0
0
0
0
0
0
0
0
0
0
0
0
0
0
0
0
0
0
0
0
0
0
0
0
0
0
0
0
0
0
0
0
0
0
0
0
0
0
0
0
0
0
0
0
0
0
0
0
0
0
0
0
0
0
0
0
0
0
0.0183
0
0
0
0
0
0
0
0
0
0
0
0
0
0
0
0
0
0
0
0
0
0
0
0
0
0
0
0
0
0
0
0
0
0
0
0
0
0
0
0
0
0
0
0
0
0
0
0.0052
0
0
0
0
0
0
0
0
0
0
0
0
0
0
0
0
0
0
0
0
0
0
0
0
0
0
0
0
0
0
0
0
0
0
0
0
0.024
0
0
0
0
0
0
0
0
0
0
0
0
0.0179
0
0
0
0
0
0
0
0
0
0
0
0
0
0
0
0
0
0
0
0
0
0
0
0
0
0
0
0
0
0
0
0
0
0
0
0
0
0
0
0
0
0
0
0
0
0
0
0
0
0
0
0
0
0
0
0
0
0
0
0
0
0
0
0
0
0
0
0
0
0
0
0
0
0
0
0
0
0
0
0
0
0
0
0
0
0
0
0
0.0215
0.0194
0
0
0.0221
0
0
0
0
0
0
0
0
0
0
0
0
0
0
0
0
0
0
0
0
0.024
0
0
0
0
0
0
0
0
0
0
0
0
0
0
0
0
0
0
0
0
0
0
0
0
0
0
0
0
0
0
0
0
0
0
0
0
0
0
0
0
0
0
0
0
0
0
0
0
0
0
0
0
0
0
0
0
0
0
0
0
0
0
0
0
0
0
0
0
0
0
0
0.0266
0
0
0
0
0
0
0
0
0
0
0
0
0
0
0
0
0
0
0
0
0
0
0
0
0
0
0
0
0
0
0
0
0
0
0
0
0
0
0
0
0
0
0
0
0
0
0
0
0
0
0
0
0
0
0
0
0
0
0
0
0
0
0
0
0
0
0
0
0
0
0
0
0
0
0
0
0
0
0
0
0
0
0
0
0
0
0
0
0
0
0
0
0
0
0
0
0
0
0
0
0
0
0
0
0
0
0
0
0
0
0
0
0
0
0
0
0
0
0
0.0075
0.0445
0
0
0
0
0
0
0
0
0
0
0
0
0.0074
0
0
0
0
0
0
0
0
0
0
0.0366
0
0
0
0
0
0
0
0
0
0
0
0
0
0
0
0
0
0
0
0
0
0
0
0
0
0
0
0.0081
0
0
0
0
0
0.0059
0
0
0.0236
0
0
0
0
0
0.0153
0
0
0
0
0
0
0
0
0
0
0
0
0
0
0
0
0
0
0
0
0
0.0239
0
0
0
0
0
0
0
0
0.0195
0
0
0
0
0
0
0
0
0.019
0.0536
0.0214
0.0216
0.0214
0
0
0
0
0
0
0
0
0
0.084
0.0278
0
0.0507
0
0
0.0193
0
0.0976
0
0.0189
0
0
0
0
0
0
0
0
0
0
0
0.0185
0
0
0.0355
0
0
0
0
0
0.0649
0.0167
0
0
0
0
0
0
0
0
0
0
0
0
0
0
0.0259
0
0
0
0
0
0.0189
0
0
0
0
0
0
0
0.0168
0
0
0
0.0201
0
0
0
0
0
0
0
0
0
0
0
0
0
0
0
0
0
0
0
0
0.0355
0
0
0
0
0
0
0
0
0
0
0
0
0
0
0
0
0
0
0
0
0
0
0
0
0
0
0
0
0
0
0
0
0
0.0039
0.0193
0
0
0
0
0
0
0
0
0.0159
0
0
0
0
0
0
0
0
0
0
0
0
0
0
0
0
0
0
0
0
0
0
0
0
0
0
0
0
0
0
0
0
0
0
0
0
0
0
0
0
0
0
0
0
0
0
0
0
0
0
0
0
0
0
0
0
0
0
0
0
0
0
0
0
0
0
0
0.0115
0
0
0
0
0.0169
0
0
0
0.016
0.0056
0
0
0
0
0
0
0
0
0
0
0.0164
0
0
0
0
0
0
0.0061
0
0
0
0
0
0
0
0
0.0168
0
0
0
0
0
0
0.0193
0.0072
0
0
0
0
0
0
0
0
0
0
0
0
0
0.0182
0
0
0.0083
0
0
0
0
0
0
0.0066
0
0
0
0
0
0
0.0098
0
0
0.0178
0
0
0
0
0
0
0
0
0
0
0
0
0
0
0
0
0.0223
0
0
0
0
0
0
0
0
0
0
0
0
0
0
0
0
0
0
0.0065
0.0201
0
0
0
0
0
0
0.047
0
0
0.0078
0
0
0
0
0
0
0.0196
0
0
0
0
0
0
0
0
0.0426
0
0
0
0
0
0
0
0
0
0
0
0
0
0
0
0
0
0.0043
0
0
0
0.0273
0
0
0
0
0
0
0
0
0
0
0.0495
0.0197
0
0
0
0.0509
0
0
0
0
0
0
0
0
0
0.0169
0
0
0
0
0
0
0
0
0
0
0.0177
0
0
0
0
0
0
0
0
0
0
0
0
0
0
0.0171
0
0
0
0
0
0
0
0.0428
0.0191
0.021
0
0
0
0
0.0193
0
0
0
0
0
0
0
0.0169
0
0.0073
0.0545
0
0
0
0
0
0
0
0.023
0.013
0.0047
0
0
0
0
0.0946
0
0
0
0
0.0412
0
0
0.0249
0
0.0661
0
0
0
0
0
0
0.0208
0
0
0
0
0
0
0
0
0
0
0
0
0.0157
0
0
0
0
0
0.0188
0.0076
0.0492
0
0
0.0367
0
0.0124
0
0
0.0193
0
0
0
0
0
0
0.0396
0
0
0
0.0166
0.0097
0
0
0
0
0.0168
0
0
0
0
0
0.0268
0
0
0
0
0
0
0
0
0
0.0196
0
0.0045
0
0
0
0
0
0
0
0
0
0
0
0
0
0
0
0
0.0195
0
0
0
0
0.0348
0.0374
0
0.0189
0
0
0.0199
0
0
0
0
0
0.0181
0.0336
0
0
0
0
0
0
0
0.0212
0
0
0
0
0
0
0
0
0
0.0206
0.0255
0
0.0231
0
0.0169
0
0
0.0239
0
0
0.0095
0.0397
0
0.0293
0
0
0.0568
0.0502
0
0
0
0.0177
0
0
0
0
0
0
0
0
0
0
0
0
0
0
0
0
0
0
0
0
0
0
0
0
0
0
0
0
0
0.0204
0
0
0
0
0
0
0.0411
0
0
0
0
0
0
0
0
0
0
0
0
0
0.0055
0
0
0
0
0
0
0
0
0
0
0
0
0
0
0
0
0
0
0
0
0
0
0.0043
0
0
0
0
0
0
0
0
0.0226
0
0
0
0
0
0.0149
0
0.0656
0
0.0068
0
0
0.0112
0
0.0196
0
0
0
0.022
0
0
0.0336
0.0083
0
0
0
0
0
0
0
0
0
0
0
0
0
0.0183
0
0.0137
0.0218
0.0197
0
0.0223
0
0
0.0367
0
0
0
0.0328
0
0
0
0
0
0
0
0
0
0
0
0
0
0.0374
0
0.0064
0
0
0
0
0
0
0
0
0.0176
0
0
0
0
0
0
0.0089
0
0
0
0
0
0
0
0
0
0
0.0196
0
0
0
0
0
0.0228
0
0
0
0.0828
0.0207
0
0.0097
0
0.0319
0
0
0
0
0.045
0
0.0198
0
0
0
0
0
0
0
0
0
0
0
0
0
0
0
0
0
0.0354
0
0
0
0
0
0
0.0068
0
0
0.0076
0.0265
0
0
0.0353
0
0.041
0
0
0.0272
0
0
0
0
0.024
0
0
0
0
0
0.0341
0
0.0151
0.0418
0.0178
0
0
0.0191
0
0
0
0
0
0
0
0
0
0.028
0
0
0
0
0
0.0209
0.0027
0
0
0
0
0
0
0
0
0
0.0165
0
0
0
0
0
0
0
0
0
0
0
0
0
0
0
0
0
0
0
0
0.0142
0.0826
0
0
0
0
0.0237
0
0
0.0334
0
0
0
0
0.0239
0
0
0
0
0
0
0.0408
0
0
0
0
0
0
0
0
0
0
0
0
0
0
0
0
0.0159
0
0
0.0523
0.0442
0
0
0
0
0
0
0
0
0
0
0
0
0
0
0
0
0
0
0
0
0.0263
0
0
0
0
0.0068
0.0545
0
0
0
0
0
0
0
0
0
0
0
0.0199
0
0.0675
0.0381
0
0
0
0
0.0194
0
0
0
0
0
0
0
0
0
0.0168
0
0
0
0
0
0
0.0069
0.0213
0
0
0
0
0
0
0
0.0207
0
0.0111
0
0
0.0388
0
0.0234
0
0.0551
0.0328
0
0.034
0
0
0.0175
0
0
0.0463
0.0194
0.0365
0.0206
0
0
0
0
0
0
0
0
0.026
0.0066
0
0
0
0
0
0
0.008
0
0.0027
0
0
0
0
0.0169
0
0
0
0
0
0
0
0
0
0
0
0
0
0
0
0
0
0
0
0
0
0
0
0
0
0
0
0
0
0
0
0
0
0
0
0
0
0
0
0
0
0
0
0
0
0
0
0
0
0
0
0
0
0
0
0
0
0
0
0
0
0
0
0
0
0
0
0
0
0
0
0
0
0
0
0
0
0
0
0
0
0
0
0
0
0
0
0
0
0
0
0
0
0
0
0
0
0
0
0
0
0
0
0
0
0
0
0
0
0
0
0.0364
0
0
0
0
0
0
0
0
0
0
0
0
0
0
0
0
0
0
0
0
0
0
0
0
0
0
0
0
0.0057
0
0
0
0
0
0
0
0
0.0077
0
0
0
0
0
0
0
0
0
0
0.0054
0
0
0.0035
0
0
0
0
0
0
0
0
0
0
0
0
0
0
0
0
0
0
0
0.0078
0
0
0
0
0
0
0
0
0
0
0
0
0
0
0
0
0.0394
0
0
0
0.0169
0
0
0
0
0
0.0166
0
0
0
0.0245
0
0.0166
0
0
0
0
0
0
0.0146
0
0
0
0.0213
0.0108
0
0
0
0
0
0
0
0
0.0069
0.0214
0
0
0
0
0
0.0288
0
0
0
0.0209
0.0184
0
0
0
0
0
0
0
0
0
0
0
0
0
0.0198
0
0
0
0
0
0.0073
0.0247
0.0125
0
0.0204
0
0
0
0
0.0158
0.0194
0
0
0.0033
0.0068
0
0
0
0.085
0
0
0
0
0
0
0
0
0
0
0
0.0195
0.0274
0
0
0.0195
0
0
0
0
0
0.0067
0
0
0
0
0.0204
0
0
0
0
0.0256
0
0
0.0074
0
0
0
0.02
0
0
0
0.0457
0
0
0
0
0.0196
0
0
0
0
0
0
0
0
0
0
0
0
0
0
0
0
0.0387
0
0
0
0
0
0
0
0
0
0
0.0143
0
0
0.0063
0
0.0088
0.0244
0
0
0
0
0
0
0
0
0
0
0
0
0
0
0
0
0
0
0
0
0
0
0
0
0.0192
0
0
0
0
0
0.0047
0
0.0251
0
0.0221
0.0532
0.0051
0.0166
0
0.0368
0
0.0339
0
0
0
0
0.0211
0
0.0284
0.0161
0.0178
0.0194
0
0.0225
0.013
0.0185
0
0
0
0
0
0.0181
0
0
0.0416
0.024
0.0209
0
0
0
0
0
0
0
0
0
0
0
0
0
0
0
0
0
0
0
0
0
0
0
0
0.0191
0
0
0
0
0.0242
0
0.0192
0
0
0
0
0
0
0
0
0.0435
0
0.0226
0
0
0
0
0
0
0
0
0
0
0
0.0181
0.0639
0
0
0
0
0.0135
0.0072
0
0
0
0
0
0.0693
0
0.0179
0
0
0.046
0
0.0168
0
0
0.0073
0
0
0.0036
0.0224
0
0.0368
0
0.042
0
0
0
0.0234
0.0291
0
0
0
0
0
0
0
0
0
0
0
0
0.0629
0.0187
0
0
0
0
0.0035
0
0
0
0
0
0
0
0
0
0
0
0
0
0
0.0138
0.0119
0
0
0
0
0
0
0.0273
0
0.0184
0
0
0.0225
0
0
0
0
0
0
0.0308
0
0.061
0
0
0
0
0.0208
0
0
0
0.0167
0
0
0
0
0
0
0
0
0
0
0
0
0
0
0
0
0
0
0
0
0
0
0
0
0
0
0
0
0
0
0
0
0
0
0
0
0
0
0
0.0054
0
0
0.0178
0
0
0.017
0
0
0
0.063
0.0221
0
0
0
0.0179
0.0145
0
0
0
0
0
0.0239
0
0
0
0
0.0162
0
0.0195
0.0887
0
0.0002
0.1465
0
0
0
0
0
0
0
0
0
0
0
0
0.0225
0
0
0
0
0
0
0
0
0
0
0
0
0
0
0
0
0
0.0126
0
0
0
0
0
0
0
