0
0
0
0
0
0
0
0
0
0
0
0
0
0
0
0
0
0
0
0
0
0
0
0
0
0
0
0
0
0
0
0
0
0
0
0
0
0
0
0
0
0
0
0
0
0
0
0
0
0
0
0
0
0
0
0
0
0
0
0
0
0
0
0
0
0
0
0
0
0
0
0
0
0
0
0
0
0
0
0
0
0
0
0
0
0
0
0
0
0
0
0
0
0
0
0
0
0
0
0
0
0
0
0
0
0
0
0
0
0
0
0
0
0
0
0
0
0
0
0
0
0
0
0
0
0
0
0
0
0
0
0
0
0
0
0
0
0
0
0
0
0
0
0
0
0
0
0
0
0
0
0
0
0
0
0
0
0
0
0
0
0
0
0
0
0
0
0
0
0
0
0
0
0
0
0
0
0
0
0
0
0
0
0
0
0
0
0
0
0
0
0
0
0
0
0
0
0
0
0
0
0
0
0
0
0
0
0
0
0
0
0
0
0
0
0
0
0
0
0
0
0
0
0
0
0
0
0
0
0
0
0
0
0
0
0
0
0
0
0
0
0
0
0
0
0
0
0
0
0
0
0
0
0
0
0
0
0
0
0
0
0
0
0
0
0
0
0
0
0
0
0
0
0
0
0
0
0
0
0
0
0
0
0
0
0
0
0
0
0
0
0
0
0
0
0
0
0
0
0
0
0
0
0
0
0
0
0
0
0
0
0
0
0
0
0
0
0
0
0
0
0
0
0
0
0
0
0
0
0
0
0
0
0
0
0
0
0
0
0
0
0
0
0
0
0
0
0
0
0
0
0
0
0
0
0
0
0
0
0
0
0
0
0
0
0
0
0
0
0
0
0
0
0
0
0
0
0
0
0
0
0
0
0
0
0
0
0
0
0
0
0
0
0
0
0
0
0
0
0
0
0
0
0
0
0
0
0
0
0
0
0
0
0
0
0
0
0
0
0
0
0
0
0
0
0
0
0
0
0
0
0
0
0
0
0
0
0
0
0
0
0
0
0
0
0
0
0
0
0
0
0
0
0
0
0
0
0
0
0
0
0
0
0
0
0
0
0
0
0
0
0
0
0
0
0
0
0
0
0
0
0
0
0
0
0
0
0
0
0
0
0
0
0
0
0
0
0
0
0
0
0
0
0
0
0
0
0
0
0
0
0
0
0
0
0
0
0
0
0
0
0
0
0
0
0
0
0
0
0
0
0
0
0
0
0
0
0
0
0
0
0
0
0
0
0
0
0
0
0
0
0
0
0
0
0
0
0
0
0
0
0
0
0
0
0
0
0
0
0
0
0
0
0
0
0
0
0
0
0
0
0
0
0
0
0
0
0
0
0
0
0
0
0
0
0
0
0
0
0
0
0
0
0
0
0
0
0
0
0
0
0
0
0
0
0
0
0
0
0
0
0
0
0
0
0
0
0
0
0
0
0
0
0
0
0
0
0
0
0
0
0
0
0
0
0
0
0
0
0
0
0
0
0
0
0
0
0
0
0
0
0
0
0
0
0
0
0
0
0
0
0
0
0
0
0
0
0
0
0
0
0
0
0
0
0
0
0
0
0
0
0
0
0
0
0
0
0
0
0
0
0
0
0
0
0
0
0
0
0
0
0
0
0
0
0
0
0
0
0
0
0
0
0
0
0
0
0
0
0
0
0
0
0
0
0
0
0
0
0
0
0
0
0
0
0
0
0
0
0
0
0
0
0
0
0
0
0
0
0
0
0
0
0
0
0
0
0
0
0
0
0
0
0
0
0
0
0
0
0
0
0
0
0
0
0
0
0
0
0
0
0
0
0
0
0
0
0
0
0
0
0
0
0
0
0
0
0
0
0
0
0
0
0
0
0
0
0
0
0
0
0
0
0
0
0
0
0
0
0
0
0
0
0
0
0
0
0
0
0
0
0
0
0
0
0
0
0
0
0
0
0
0
0
0
0
0
0
0
0
0
0
0
0
0
0
0
0
0
0
0
0
0
0
0
0
0
0
0
0
0
0
0
0
0
0
0
0
0
0
0
0
0
0
0
0
0
0
0
0
0
0
0
0
0
0
0
0
0
0
0
0
0
0
0
0
0
0
0
0
0
0
0
0
0
0
0
0
0
0
0
0
0
0
0
0
0
0
0
0
0
0
0
0
0
0
0
0
0
0
0
0
0
0
0
0
0
0
0
0
0
0
0
0
0
0
0
0
0
0
0
0
0
0
0
0
0
0
0
0
0
0
0
0
0
0
0
0
0
0
0
0
0
0
0
0
0
0
0
0
0
0
0
0
0
0
0
0
0
0
0
0
0
0
0
0
0
0
0
0
0
0
0
0
0
0
0
0
0
0
0
0
0
0
0
0
0
0
0
0
0
0
0
0
0
0
0
0
0
0
0
0
0
0
0
0
0
0
0
0
0
0
0
0
0
0
0
0
0
0
0
0
0
0
0
0
0
0
0
0
0
0
0
0
0
0
0
0
0
0
0
0
0
0
0
0
0
0
0
0
0
0
0
0
0
0
0
0
0
0
0
0
0
0
0
0
0
0
0
0
0
0
0
0
0
0
0
0
0
0
0
0
0
0
0
0
0
0
0
0
0
0
0
0
0
0
0
0
0
0
0
0
0
0
0
0
0
0
0
0
0
0
0
0
0
0
0
0
0
0
0
0
0
0
0
0
0
0
0
0
0
0
0
0
0
0
0
0
0
0
0
0
0
0
0
0
0
0
0
0
0
0
0
0
0
0
0
0
0
0
0
0
0
0
0
0
0
0
0
0
0
0
0
0
0
0
0
0
0
0
0
0
0
0
0
0
0
0
0
0
0
0
0
0
0
0
0
0
0
0
0
0
0
0
0
0
0
0
0
0
0
0
0
0
0
0
0
0
0
0
0
0
0
0
0
0
0
0
0
0
0
0
0
0
0
0
0
0
0
0
0
0
0
0
0
0
0
0
0
0
0
0
0
0
0
0
0
0
0
0
0
0
0
0
0
0
0
0
0
0
0
0
0
0
0
0
0
0
0
0
0
0
0
0
0
0
0
0
0
0
0
0
0
0
0
0
0
0
0
0
0
0
0
0
0
0
0
0
0
0
0
0
0
0
0
0
0
0
0
0
0
0
0
0
0
0
0
0
0
0
0
0
0
0
0
0
0
0
0
0
0
0
0
0
0
0
0
0
0
0
0
0
0
0
0
0
0
0
0
0
0
0
0
0
0
0
0
0
0
0
0
0
0
0
0
0
0
0
0
0
0
0
0
0
0
0
0
0
0
0
0
0
0
0
0
0
0
0
0
0
0
0
0
0
0
0
0
0
0
0
0
0
0
0
0
0
0
0
0
0
0
0
0
0
0
0
0
0
0
0
0
0
0
0
0
0
0
0
0
0
0
0
0
0
0
0
0
0
0
0
0
0
0
0
0
0
0
0
0
0
0
0
0
0
0
0
0
0
0
0
0
0
0
0
0
0
0
0
0
0
0
0
0
0
0
0
0
0
0
0
0
0
0
0
0
0
0
0
0
0
0
0
0
0
0
0
0
0
0
0
0
0
0
0
0
0
0
0
0
0
0
0
0
0
0
0
0
0
0
0
0
0
0
0
0
0
0
0
0
0
0
0
0
0
0
0
0
0
0
0
0
0
0
0
0
0
0
0
0
0
0
0
0
0
0
0
0
0
0
0
0
0
0
0
0
0
0
0
0
0
0
0
0
0
0
0
0
0
0
0
0
0
0
0
0
0
0
0
0
0
0
0
0
0
0
0
0
0
0
0
0
0
0
0
0
0
0
0
0
0
0
0
0
0
0
0
0
0
0
0
0
0
0
0
0
0
0
0.0041
0
0
0
0
0
0
0.0244
0
0
0
0
0
0
0
0
0
0.0035
0
0.0148
0
0.095
0.0712
0
0
0
0
0
0.0033
0.0412
0
0.0211
0.0127
0.0212
0
0.024
0.0311
0.0125
0
0.0436
0
0
0.0222
0.0128
0.0528
0
0.0178
0
0
0
0
0
0
0
0
0.0079
0
0
0
0.0159
0
0
0
0
0
0.016
0
0
0
0
0
0
0.0071
0.0132
0
0
0
0
0.0102
0
0
0
0
0.0611
0.0033
0
0
0
0
0
0
0
0
0
0
0
0
0
0.0045
0
0
0
0
0
0.0619
0
0
0.0226
0
0
0
0
0
0
0
0
0.0096
0
0
0
0
0
0
0
0
0.0207
0
0
0.0172
0
0.0159
0
0
0
0
0
0.0197
0
0.0316
0.0424
0
0
0
0
0
0
0
0
0
0
0
0.0366
0.0125
0
0
0
0
0
0
0
0
0
0
0
0
0
0
0.0223
0
0
0
0
0.0135
0
0
0
0
0
0
0
0
0
0
0
0
0
0
0
0
0
0
0
0
0
0
0
0
0
0
0
0
0
0
0
0
0
0.0161
0
0
0
0
0.0476
0
0
0
0.0161
0.1289
0.1509
0.0034
0.0271
0.0888
0.1229
0.0542
0.0847
0.0636
0
0.0666
0.1509
0.1916
0.1914
0.0821
0
0
0.0742
0.1518
0.0934
0.0173
0.0512
0.0142
0.0049
0.1501
0.0251
0.0702
0.0321
0.0272
0.0262
0.0292
0.0654
0
0.0483
0.0563
0.0684
0.0884
0.0259
0.056
0.1028
0.0401
0.0358
0.0117
0.0167
0.1069
0.2058
0.1381
0.0284
0.122
0
0.0213
0.0092
0.0271
0.0726
0
0.0748
0.0702
0.0675
0.1289
0.0405
0.063
0.0063
0.017
0.0428
0.0354
0.0299
0.034
0.1139
0.0916
0.057
0.0827
0.1052
0.0405
0.0672
0.0461
0.1006
0.0045
0.0165
0.0309
0.0168
0.1123
0.1334
0.0637
0.0322
0.0095
0.1019
0.0248
0.0467
0.0453
0.03
0.0471
0.112
0.0081
0.0335
0.1086
0.1564
0.0082
0.1151
0.0722
0.0498
0
0.0584
0.0779
0.0229
0.0453
0.0498
0.0401
0.1066
0.026
0.1288
0.1411
0.1443
0.1229
0.0947
0.0207
0.0935
0.1092
0.154
0.0241
0.0766
0.0406
0.0374
0.1016
0.0498
0.0847
0.241
0.0271
0.1879
0
0
0
0
0
0
0
0
0
0
0
0
0
0
0
0
0
0
0
0
0
0
0
0
0
0
0
0
0
0
0
0
0
0
0
0
0
0
0
0
0.0037
0.0171
0.0369
0.0584
0.1295
0.0486
0.0248
0.0497
0.0897
0.0986
0.2279
0.0573
0.1159
0.0613
0.0701
0.0942
0.0504
0.1075
0.0115
0.1678
0.1698
0.0865
0.0431
0.1147
0.0883
0.1222
0.1497
0.0739
0.0643
0.0518
0.0103
0.0274
0
0.0145
0.0952
0.0619
0.1214
0.1107
0.1027
0.0725
0.0732
0.1511
0.1075
0.1239
0.0813
0.0416
0.0555
0.1048
0.0207
0.0782
0.13
0.1462
0.218
0.0524
0.0655
0.1504
0.2081
0.1508
0.1139
0.2867
0.212
0.1332
0.1394
0.1422
0.2817
0.1757
0.1738
0.1538
0.0749
0.1584
0.1712
0.1119
0.1335
0.0375
0.1062
0.0251
0
0
0
0
0
0
0
0
0
0.0212
0
0
0
0
0
0
0
0
0
0
0
0
0
0
0
0
0
0
0
0
0
0
0.0132
0.0227
0.0074
0.0224
0
0
0
0
0
0
0
0.0315
0.0039
0.1295
0.0876
0.0945
0.056
0.0636
0.1801
0.2396
0.2239
0.2121
0.0778
0.1031
0.1263
0.1338
0.1294
0.2638
0.0698
0.2305
0.1665
0.2174
0.2498
0.2271
0.2667
0.0133
0.0983
0.2491
0.0816
0.0955
0.0632
0.0458
0.0288
0.2327
0.0887
0.0547
0.1452
0.1913
0.1007
0.0977
0.1882
0.0429
0.1265
0.0932
0.2008
0.135
0.0293
0.0579
0.0976
0.1318
0.0753
0.0892
0.1428
0.031
0.1233
0
0.0383
0
0.0575
0.0426
0
0.0168
0.1579
0.1245
0.0531
0
0.2096
0.0606
0.0353
0.0601
0
0
0
0
0
0.0044
0.0599
0
0.0126
0
0.0789
0.0134
0.0859
0.0057
0.0534
0.0219
0.0221
0.059
0.0487
0.0182
0
0.0407
0.1291
0.0071
0.0282
0.0234
0.0289
0.0653
0.0223
0.0152
0.0317
0.0379
0.0592
0.0269
0.0195
0.0992
0.0466
0.0195
0
0
0.0179
0.146
0.0648
0.0733
0.0601
0.0412
0.0524
0.0133
0.0838
0.0614
0.009
0.0264
0.0789
0.0911
0.024
0.0405
0.0775
0.1555
0.0431
0
0
0.0206
0.0512
0.0105
0.0271
0.0887
0
0
0.0522
0.0158
0.1289
0.0536
0.0378
0.0573
0.0849
0.0566
0.0063
0.018
0.0173
0.0177
0
0.0734
0.0651
0.0312
0.0084
0.0245
0.1057
0.0263
0.1049
0.1349
0.0475
0.0362
0.1215
0.0745
0
0.005
0.0509
0.0928
0.095
0.0689
0.0443
0.0448
0.0336
0.037
0.0255
0
0.0037
0
0.0378
0
0
0.0321
0
0.0162
0.0067
0
0.0563
0
0
0
0
0.0038
0
0.0079
0
0
0
0.0658
0
0.0187
0.0107
0
0
0.0313
0.027
0.0122
0
0
0
0.0416
0.0254
0
0
0.003
0.0347
0
0.0122
0
0.0633
0
0.0242
0.0549
0.0486
0.0377
0.0036
0.0432
0
0.0364
0.0184
0
0
0
0.0245
0
0.053
0.0188
0
0.0335
0
0
0.0619
0
0
0
0
0
0
0
0
0
0
0.0328
0.0227
0
0
0
0
0
0
0
0
0
0
0.0789
0
0.0375
0.0082
0.0606
0.0196
0.0221
0.0106
0
0.034
0
0.0162
0.0452
0
0
0
0.0174
0.0182
0.0033
0.062
0.028
0.0338
0
0
0.0471
0
0
0
0.0295
0
0
0
0
0
0
0
0
0
0
0
0
0
0
0
0
0
0
0
0
0
0
0
0
0
0
0
0
0.0547
0
0
0
0
0
0
0
0
0
0
0
0
0
0
0
0
0
0
0
0
0
0
0
0
0
0
0
0
0
0
0
0
0
0
0
0
0
0
0
0
0
0
0
0
0
0
0
0
0
0
0
0
0
0
0
0
0
0
0
0
0
0
0
0
0
0
0
0
0
0
0
0
0
0
0
0
0
0
0.0129
0.0045
0
0
0
0
0
0
0
0
0
0
0
0
0
0
0
0
0
0
0
0
0
0
0
0
0
0
0.0236
0
0
0
0
0
0
0
0
0
0
0
0
0
0
0
0
0
0
0
0
0
0
0
0
0
0
0
0
0
0
0
0
0
0
0
0
0
0
0
0.0945
0.0235
0
0
0
0
0
0
0
0
0
0
0
0
0
0
0
0
0
0
0
0
0
0
0
0
0
0
0
0
0
0
0
0
0
0
0
0
0
0
0
0
0
0
0
0
0
0
0
0
0
0
0
0
0
0
0
0
0
0
0
0
0
0
0
0
0
0
0
0
0
0
0
0
0
0
0
0
0
0
0
0
0
0
0
0
0
0
0
0
0
0
0
0
0
0
0
0
0
0
0
0
0
0
0
0
0
0
0
0
0
0
0
0
0
0
0
0
0
0
0
0
0
0
0
0
0
0
0
0
0
0
0
0
0
0
0
0
0
0
0
0
0
0
0
0
0
0
0
0
0
0
0
0
0
0
0
0
0
0
0
0
0
0
0
0
0
0
0
0
0
0
0
0
0
0
0
0
0
0
0
0
0
0
0
0
0
0
0
0
0
0
0
0
0
0
0
0
0
0
0
0
0
0
0
0
0
0
0
0
0
0
0
0
0
0
0
0
0
0
0
0
0
0
0
0
0
0
0
0
0
0
0
0
0
0
0
0
0
0
0
0
0
0
0
0
0
0
0
0
0
0
0
0
0
0
0
0
0
0
0
0
0
0
0
0
0
0
0
0
0
0
0
0
0
0
0
0
0
0
0
0
0
0
0
0
0
0
0
0
0
0
0
0
0
0
0
0
0
0
0
0
0
0
0
0
0
0
0
0
0
0
0
0
0
0
0
0
0
0
0
0
0
0
0
0
0
0
0
0
0
0
0
0
0
0.0015
0.0452
0
0
0.0216
0.0141
0.01
0.0469
0.0488
0
0
0
0
0
0
0
0
0
0
0
0
0
0
0
0
0
0
0
0
0
0
0
0
0.0098
0.021
0.0142
0
0.0049
0.0622
0.0883
0
0.0603
0.0243
0.0203
0
0.0164
0
0
0.0444
0.0265
0.0051
0.0695
0.0785
0
0
0
0
0
0
0
0
0
0
0
0
0
0
0.0398
0
0.0298
0
0
0
0
0
0
0
0
0
0
0
0
0
0
0
0
0
0
0
0
0
0
0
0
0
0
0
0
0
0
0
0
0
0
0
0
0
0
0
0
0
0
0
0
0
0
0
0
0
0
0
0
0
0
0
0
0
0
0
0
0
0
0
0
0
0
0
0
0
0
0
0
0
0
0
0
0
0
0
0
0
0
0
0
0
0
0
0
0
0
0
0
0
0
0
0
0
0
0
0
0
0
0
0
0
0
0
0
0
0
0
0
0
0
0
0
0
0
0
0
0
0
0
0
0
0
0
0
0
0
0
0
0
0
0
0
0
0
0
0
0
0
0
0
0
0
0
0
0
0
0
0
0
0
0
0
0
0
0
0
0
0
0
0
0
0
0
0
0
0
0
0
0
0
0
0
0
0
0
0
0
0
0
0
0
0
0
0
0
0
0
0
0
0
0
0
0
0
0
0
0
0
0
0
0
0
0
0
0
0
0
0
0
0
0
0
0
0
0
0
0
0
0
0
0
0
0
0
0
0
0
0
0
0
0
0
0
0
0
0
0
0
0
0
0
0
0
0
0
0
0
0
0
0
0
0
0
0
0
0
0
0
0
0
0
0
0
0
0
0
0
0
0
0
0
0
0
0
0
0
0
0
0
0
0
0
0
0
0
0
0
0
0
0
0
0
0
0
0
0
0
0
0
0
0
0
0
0
0
0
0
0
0
0
0
0
0
0
0
0
0
0
0
0
0
0
0
0
0
0
0
0
0
0
0
0
0
0
0
0
0
0
0
0
0
0
0
0
0
0
0
0
0
0
0
0
0
0
0
0
0
0
0
0
0
0
0
0
0
0
0
0
0
0
0
0
0
0
0
0
0
0
0
0
0
0
0
0
0
0
0
0
0
0
0
0
0
0
0
0
0
0
0
0
0
0
0
0
0
0
0
0
0
0
0
0
0
0
0
0
0
0
0
0
0
0
0
0
0
0
0
0
0
0
0
0
0
0
0
0
0
0
0
0
0
0
0
0
0
0
0
0
0
0
0
0
0
0
0
0
0
0
0
0
0
0
0
0
0
0
0
0
0
0
0
0
0
0
0
0
0
0
0
0
0
0
0
0
0
0
0
0
0
0
0
0
0
0
0
0
0
0
0
0
0
0
0
0
0
0
0
0
0
0
0
0
0
0
0
0
0
0
0
0
0
0
0
0
0
0
0
0
0
0
0
0
0
0
0
0
0
0
0
0
0
0
0
0
0
0
0
0
0
0
0
0
0
0
0
0
0
0
0
0
0
0
0
0
0.0045
0
0
0
0
0
0
0
0
0
0
0
0
0
0
0
0
0
0
0
0
0
0
0
0
0
0
0
0
0
0
0
0
0
0
0
0
0
0
0
0
0
0
0
0
0
0
0
0
0
0
0
0
0
0
0
0
0
0
0
0
0
0
0
0
0
0
0
0
0
0
0
0
0
0
0
0
0
0
0
0
0
0
0
0
0
0
0
0
0
0
0
0
0
0
0
0
0
0
0
0
0
0
0
0
0
0
0
0
0
0
0
0
0
0
0
0
0
0
0
0
0
0
0
0
0
0
0
0
0
0
0
0
0
0
0.0402
0
0
0
0
0
0
0
0
0
0
0
0
0
0
0
0
0
0
0
0
0
0
0
0
0
0
0
0
0
0
0.0205
0
0
0
0
0
0
0
0
0
0
0
0
0
0
0
0
0
0
0
0
0
0
0
0
0
0
0
0
0
0
0
0
0
0
0
0
0
0
0
0
0
0
0
0
0
0
0
0
0
0
0
0
0
0
0
0
0
0
0
0
0
0
0
0
0
0
0
0
0
0
0
0
0
0
0
0
0
0
0
0
0
0
0
0
0
0
0
0
0
0
0
0
0
0
0
0
0
0
0
0
0
0
0
0
0
0
0
0
0
0
0
0
0
0
0
0
0
0
0
0
0
0
0
0
0
0
0
0
0
0
0
0
0
0
0
0
0
0
0
0
0
0
0
0
0
0
0
0
0
0
0
0
0
0
0
0
0
0
0
0
0
0
0
0
0
0
0
0
0
0
0
0
0
0
0
0
0
0
0
0
0
0
0
0
0
0
0
0
0
0
0
0
0
0
0
0
0
0
0
0
0
0
0
0
0
0
0
0
0
0
0
0
0
0
0
0
0
0
0
0
0
0
0
0
0
0
0
0
0
0
0
0
0
0
0
0
0
0
0
0
0
0
0
0
0
0
0
0
0
0
0
0
0
0
0
0
0
0
0
0
0
0
0
0
0
0
0
0
0
0
0
0
0
0
0
0
0
0
0
0
0
0
0
0
0
0
0
0
0
0
0
0
0
0
0
0
0
0.0037
0
0
0
0
0
0
0
0
0
0
0
0
0
0
0
0
0
0
0
0
0
0
0
0
0
0
0
0
0
0
0
0
0
0
0
0
0
0
0
0
0
0
0
0
0
0
0
0
0
0
0
0
0
0
0
0
0
0
0
0
0
0
0
0
0
0
0
0
0
0
0
0
0
0
0
0
0
0
0
0
0
0
0
0
0
0
0
0
0
0
0
0
0
0
0
0
0
0.0051
0
0
0
0
0
0
0
0
0
0
0
0
0
0
0
0
0
0
0
0
0
0
0
0
0
0
0
0
0
0
0
0
0
0
0
0
0
0
0
0
0
0
0
0
0
0
0
0
0
0
0
0
0
0
0
0
0
0
0
0
0
0
0
0
0
0
0
0
0
0
0
0
0
0
0
0
0
0
0
0
0
0
0
0
0
0
0
0
0
0
0
0
0
0
0
0
0
0
0
0
0
0
0
0
0
0
0
0
0
0
0
0
0
0
0
0
0
0
0
0
0
0
0
0
0
0
0
0
0
0
0
0
0
0
0
0
0
0
0
0
0
0
0
0
0
0
0
0
0
0
0
0
0
0
0
0
0
0
0
0
0
0
0
0
0
0
0
0
0
0
0
0
0
0
0
0
0
0
0
0
0
0
0
0
0
0
0
0
0
0
0
0
0
0
0
0
0
0
0
0
0
0
0
0
0
0
0
0
0
0
0
0
0
0
0
0
0
0
0
0
0
0
0
0
0
0
0
0
0
0
0
0
0
0
0
0
0
0
0
0
0
0
0
0
0
0
0
0
0
0
0
0
0
0
0
0
0
0
0
0
0
0
0
0
0
0
0
0
0
0
0
0
0
0
0
0
0
0
0
0
0
0
0
0
0
0
0
0
0
0
0
0
0
0
0
0
0
0
0
0
0
0
0
0
0
0
0
0
0
0
0
0
0
0
0
0
0
0
0
0
0
0
0
0
0
0
0
0
0
0
0
0
0
0
0
0
0
0
0
0
0
0
0
0
0
0
0
0
0
0
0
0
0
0
0
0
0
0
0
0
0
0
0
0
0
0
0
0
0
0
0
0
0
0
0
0
0
0
0
0
0
0
0
0
0
0
0
0
0
0
0
0
0
0
0
0.033
0
0
0
0
0
0
0
0
0
0
0
0
0
0
0
0
0
0
0
0
0
0
0
0
0
0
0
0
0
0
0
0
0
0
0
0
0
0
0
0
0
0
0
0
0
0
0
0
0
0
0
0
0.0269
0
0.0043
0.0028
0
0
0
0
0
0
0.0307
0
0
0
0
0.0041
0
0
0.016
0
0
0.0297
0.0163
0.0248
0.0058
0.0121
0.0913
0.0297
0.0474
0
0.0049
0.0427
0
0.0257
0
0.0059
0.0481
0
0.0278
0
0
0
0
0.0242
0.005
0.0702
0
0
0
0
0
0.0052
0.0313
0
0
0.0047
0.0097
0.0063
0.0072
0.1148
0.0048
0
0
0
0.0035
0.0613
0.0169
0
0
0.0464
0.0204
0.0166
0
0
0
0.0885
0
0.0252
0
0.0332
0.0177
0.0048
0.0325
0.0383
0
0
0.054
0
0.0508
0
0
0.0403
0.009
0.0376
0.0172
0.0044
0.0428
0.0164
0
0
0
0
0.0606
0.023
0.0808
0.0749
0
0
0.0107
0.0053
0.0496
0.02
0.0219
0.0467
0.0063
0.0412
0
0.0522
0.0335
0.008
0.0775
0.0177
0
0
0
0
0
0
0.0102
0.0632
0
0
0
0
0
0.0057
0
0
0.0326
0
0
0
0
0
0
0
0
0
0
0
0
0
0
0
0.013
0
0
0
0
0
0.0044
0
0
0
0
0
0
0.014
0
0
0
0
0
0
0
0.0046
0
0
0.0277
0
0.0282
0.0434
0
0
0
0.0264
0
0
0.03
0
0.0054
0
0
0
0
0
0
0
0
0.0271
0
0
0
0
0
0.0087
0
0
0
0
0
0
0
0
0
0
0
0
0.0145
0
0
0
0
0
0
0.0058
0
0
0
0
0
0
0
0
0
0
0
0
0
0.0268
0
0
0
0.018
0
0.0372
0
0
0
0
0
0
0
0
0
0
0
0
0.0375
0
0
0.0087
0
0
0.0452
0
0
0
0
0
0
0
0
0
0
0
0
0
0
0
0
0
0
0
0
0
0
0
0
0
0
0
0
0
0.012
0
0
0
0
0
0
0
0
0
0
0
0
0
0
0
0
0.0065
0.0315
0
0
0
0
0
0
0
0.0198
0
0
0
0
0.0256
0
0
0.0749
0
0
0.0119
0
0
0
0
0
0.0038
0
0.0033
0
0.0276
0.0175
0.0073
0.0177
0.0031
0.0345
0.0478
0
0.0094
0.1068
0
0
0
0.0181
0
0
0
0
0.013
0
0
0
0
0.0035
0
0
0
0.0465
0
0
0.0483
0.0403
0
0.0341
0.0209
0.0127
0.0094
0
0
0
0.0022
0.0091
0.028
0
0.0207
0
0
0.0058
0
0
0.0108
0.0241
0.023
0
0.0227
0
0
0
0
0
0.0495
0
0.0116
0
0
0.0605
0
0.014
0.0076
0
0.0026
0.0528
0
0
0.1056
0.0141
0.0068
0.0272
0.0386
0.0031
0.0403
0.0547
0
0.021
0.0655
0.0814
0.0172
0.0666
0.0843
0.0138
0
0.003
0.0054
0.0302
0
0.0139
0.0045
0.126
0
0
0.0613
0.0366
0.0574
0
0.0306
0
0.0848
0.05
0.0642
0
0.0453
0.0007
0
0.0748
0
0.0335
0
0.0234
0
0.0041
0
0.0305
0.0191
0
0.0598
0.0246
0
0
0
0.0248
0
0
0.0295
0
0.0374
0.0257
0.0031
0
0.0191
0
0
0
0
0
0
0
0
0
0
0
