0.000000
0.000000
0.000000
1.000000
1.000000
1.000000
1.000000
1.000000
2.000000
2.000000
2.000000
2.000000
2.000000
3.000000
3.000000
3.000000
3.000000
4.000000
4.000000
4.000000
4.000000
5.000000
5.000000
6.000000
6.000000
6.000000
6.000000
6.000000
6.000000
6.000000
6.000000
7.000000
7.000000
7.000000
7.000000
7.000000
7.000000
8.000000
8.000000
9.000000
9.000000
9.000000
9.000000
10.000000
10.000000
10.000000
10.000000
11.000000
11.000000
12.000000
12.000000
12.000000
12.000000
13.000000
13.000000
13.000000
13.000000
13.000000
14.000000
14.000000
14.000000
14.000000
14.000000
15.000000
15.000000
15.000000
16.000000
16.000000
16.000000
17.000000
17.000000
18.000000
18.000000
19.000000
19.000000
19.000000
19.000000
19.000000
20.000000
21.000000
22.000000
23.000000
24.000000
24.000000
25.000000
25.000000
25.000000
25.000000
26.000000
27.000000
27.000000
28.000000
28.000000
29.000000
33.000000
33.000000
36.000000
38.000000
41.000000
42.000000
43.000000
44.000000
47.000000
52.000000
56.000000
57.000000
59.000000
66.000000
66.000000
67.000000
67.000000
74.000000
78.000000
84.000000
88.000000
88.000000
89.000000
90.000000
98.000000
105.000000
105.000000
109.000000
122.000000
145.000000
148.000000
