0.000000
0.000000
0.000000
0.000000
1.000000
1.000000
1.000000
2.000000
2.000000
2.000000
2.000000
2.000000
3.000000
3.000000
3.000000
4.000000
4.000000
4.000000
5.000000
5.000000
5.000000
6.000000
6.000000
6.000000
6.000000
6.000000
7.000000
7.000000
7.000000
7.000000
8.000000
8.000000
8.000000
9.000000
9.000000
9.000000
9.000000
9.000000
9.000000
9.000000
10.000000
10.000000
10.000000
10.000000
10.000000
11.000000
11.000000
11.000000
12.000000
12.000000
12.000000
12.000000
12.000000
12.000000
12.000000
13.000000
13.000000
13.000000
14.000000
14.000000
14.000000
14.000000
15.000000
15.000000
16.000000
17.000000
17.000000
18.000000
18.000000
18.000000
19.000000
20.000000
20.000000
20.000000
21.000000
26.000000
26.000000
27.000000
27.000000
29.000000
29.000000
30.000000
30.000000
30.000000
32.000000
33.000000
37.000000
37.000000
38.000000
39.000000
39.000000
40.000000
45.000000
48.000000
49.000000
53.000000
55.000000
57.000000
58.000000
59.000000
60.000000
61.000000
67.000000
68.000000
72.000000
75.000000
84.000000
85.000000
98.000000
99.000000
101.000000
106.000000
109.000000
111.000000
132.000000
135.000000
145.000000
150.000000
160.000000
160.000000
162.000000
165.000000
168.000000
191.000000
203.000000
