0.000000
0.000000
1.000000
1.000000
2.000000
2.000000
2.000000
3.000000
3.000000
3.000000
3.000000
3.000000
3.000000
3.000000
3.000000
4.000000
4.000000
5.000000
5.000000
5.000000
6.000000
6.000000
6.000000
6.000000
6.000000
7.000000
7.000000
7.000000
7.000000
7.000000
8.000000
8.000000
8.000000
8.000000
9.000000
9.000000
9.000000
10.000000
11.000000
11.000000
11.000000
11.000000
11.000000
12.000000
12.000000
12.000000
13.000000
13.000000
13.000000
14.000000
14.000000
14.000000
14.000000
15.000000
15.000000
16.000000
16.000000
17.000000
18.000000
18.000000
19.000000
19.000000
20.000000
21.000000
21.000000
22.000000
23.000000
23.000000
24.000000
26.000000
26.000000
27.000000
27.000000
28.000000
30.000000
33.000000
33.000000
34.000000
34.000000
35.000000
36.000000
36.000000
37.000000
37.000000
44.000000
44.000000
46.000000
46.000000
47.000000
48.000000
49.000000
51.000000
53.000000
55.000000
56.000000
59.000000
59.000000
60.000000
61.000000
66.000000
66.000000
69.000000
70.000000
73.000000
74.000000
74.000000
75.000000
78.000000
104.000000
105.000000
106.000000
112.000000
113.000000
120.000000
121.000000
131.000000
131.000000
134.000000
143.000000
146.000000
151.000000
165.000000
167.000000
168.000000
216.000000
