0.000000
0.000000
1.000000
1.000000
1.000000
2.000000
2.000000
2.000000
2.000000
2.000000
2.000000
2.000000
3.000000
3.000000
3.000000
4.000000
4.000000
4.000000
5.000000
5.000000
5.000000
5.000000
6.000000
6.000000
6.000000
6.000000
6.000000
7.000000
7.000000
7.000000
7.000000
7.000000
9.000000
9.000000
9.000000
9.000000
10.000000
11.000000
11.000000
11.000000
11.000000
12.000000
12.000000
12.000000
12.000000
12.000000
13.000000
13.000000
13.000000
13.000000
14.000000
14.000000
14.000000
14.000000
14.000000
15.000000
17.000000
17.000000
18.000000
18.000000
18.000000
18.000000
19.000000
20.000000
20.000000
20.000000
21.000000
21.000000
22.000000
22.000000
24.000000
26.000000
29.000000
29.000000
30.000000
32.000000
33.000000
33.000000
33.000000
34.000000
34.000000
34.000000
34.000000
35.000000
36.000000
36.000000
38.000000
38.000000
40.000000
43.000000
45.000000
45.000000
46.000000
46.000000
50.000000
51.000000
52.000000
56.000000
61.000000
61.000000
64.000000
65.000000
68.000000
69.000000
69.000000
71.000000
72.000000
76.000000
79.000000
86.000000
87.000000
95.000000
104.000000
107.000000
109.000000
110.000000
122.000000
126.000000
134.000000
136.000000
137.000000
161.000000
162.000000
162.000000
165.000000
