0.000000
0.000000
0.000000
1.000000
1.000000
1.000000
1.000000
1.000000
2.000000
2.000000
2.000000
2.000000
2.000000
2.000000
2.000000
3.000000
4.000000
4.000000
4.000000
5.000000
5.000000
5.000000
5.000000
6.000000
6.000000
7.000000
7.000000
7.000000
8.000000
8.000000
8.000000
8.000000
8.000000
9.000000
9.000000
9.000000
9.000000
9.000000
9.000000
10.000000
10.000000
11.000000
11.000000
11.000000
11.000000
12.000000
12.000000
12.000000
12.000000
13.000000
13.000000
14.000000
15.000000
15.000000
15.000000
17.000000
18.000000
18.000000
18.000000
19.000000
19.000000
20.000000
20.000000
21.000000
22.000000
26.000000
26.000000
26.000000
29.000000
32.000000
33.000000
33.000000
33.000000
34.000000
35.000000
37.000000
39.000000
40.000000
40.000000
41.000000
43.000000
44.000000
46.000000
46.000000
48.000000
49.000000
49.000000
50.000000
52.000000
54.000000
55.000000
56.000000
58.000000
61.000000
62.000000
63.000000
63.000000
65.000000
66.000000
67.000000
79.000000
85.000000
86.000000
87.000000
88.000000
88.000000
90.000000
103.000000
106.000000
110.000000
111.000000
111.000000
116.000000
121.000000
126.000000
127.000000
131.000000
150.000000
157.000000
162.000000
166.000000
172.000000
187.000000
206.000000
219.000000
