0.000000
1.000000
1.000000
1.000000
1.000000
1.000000
2.000000
2.000000
2.000000
2.000000
2.000000
3.000000
3.000000
3.000000
4.000000
4.000000
4.000000
4.000000
5.000000
6.000000
6.000000
6.000000
6.000000
8.000000
8.000000
8.000000
8.000000
8.000000
9.000000
9.000000
9.000000
9.000000
10.000000
10.000000
10.000000
10.000000
10.000000
11.000000
11.000000
11.000000
12.000000
12.000000
12.000000
12.000000
13.000000
14.000000
14.000000
15.000000
16.000000
16.000000
17.000000
17.000000
17.000000
17.000000
17.000000
17.000000
20.000000
21.000000
21.000000
21.000000
22.000000
22.000000
22.000000
22.000000
23.000000
25.000000
27.000000
27.000000
27.000000
28.000000
28.000000
28.000000
29.000000
29.000000
31.000000
32.000000
32.000000
32.000000
34.000000
37.000000
38.000000
38.000000
42.000000
43.000000
46.000000
47.000000
47.000000
48.000000
49.000000
52.000000
54.000000
58.000000
59.000000
64.000000
65.000000
65.000000
70.000000
70.000000
71.000000
76.000000
82.000000
85.000000
90.000000
90.000000
95.000000
100.000000
103.000000
103.000000
104.000000
104.000000
108.000000
112.000000
130.000000
130.000000
132.000000
136.000000
139.000000
143.000000
144.000000
145.000000
151.000000
156.000000
168.000000
175.000000
211.000000
