0.000000
1.000000
1.000000
1.000000
2.000000
2.000000
2.000000
3.000000
3.000000
3.000000
3.000000
4.000000
4.000000
4.000000
4.000000
4.000000
4.000000
4.000000
5.000000
5.000000
5.000000
5.000000
5.000000
6.000000
6.000000
6.000000
7.000000
7.000000
7.000000
7.000000
8.000000
8.000000
8.000000
8.000000
8.000000
8.000000
8.000000
8.000000
9.000000
9.000000
9.000000
9.000000
9.000000
9.000000
10.000000
10.000000
10.000000
11.000000
11.000000
11.000000
12.000000
13.000000
14.000000
14.000000
14.000000
15.000000
15.000000
15.000000
15.000000
16.000000
16.000000
16.000000
16.000000
17.000000
17.000000
17.000000
17.000000
17.000000
18.000000
18.000000
18.000000
18.000000
19.000000
19.000000
19.000000
19.000000
20.000000
20.000000
21.000000
21.000000
21.000000
22.000000
24.000000
24.000000
25.000000
26.000000
26.000000
30.000000
32.000000
33.000000
37.000000
37.000000
40.000000
42.000000
43.000000
44.000000
44.000000
45.000000
46.000000
52.000000
54.000000
58.000000
59.000000
66.000000
68.000000
74.000000
76.000000
78.000000
91.000000
94.000000
97.000000
110.000000
112.000000
112.000000
112.000000
113.000000
122.000000
145.000000
147.000000
150.000000
156.000000
167.000000
176.000000
194.000000
218.000000
