0.000000
0.000000
0.000000
1.000000
1.000000
2.000000
3.000000
3.000000
3.000000
3.000000
3.000000
3.000000
4.000000
5.000000
5.000000
5.000000
5.000000
5.000000
5.000000
6.000000
6.000000
7.000000
7.000000
7.000000
7.000000
7.000000
8.000000
8.000000
8.000000
8.000000
8.000000
8.000000
9.000000
9.000000
9.000000
9.000000
9.000000
10.000000
10.000000
10.000000
10.000000
10.000000
10.000000
11.000000
11.000000
11.000000
11.000000
12.000000
12.000000
12.000000
13.000000
13.000000
13.000000
14.000000
14.000000
14.000000
15.000000
15.000000
16.000000
16.000000
16.000000
17.000000
18.000000
19.000000
20.000000
20.000000
20.000000
22.000000
23.000000
23.000000
25.000000
26.000000
26.000000
28.000000
29.000000
30.000000
30.000000
32.000000
33.000000
34.000000
38.000000
38.000000
38.000000
38.000000
39.000000
41.000000
43.000000
45.000000
48.000000
49.000000
51.000000
51.000000
54.000000
54.000000
55.000000
57.000000
57.000000
58.000000
60.000000
60.000000
62.000000
66.000000
67.000000
67.000000
70.000000
72.000000
74.000000
82.000000
83.000000
85.000000
90.000000
94.000000
99.000000
112.000000
112.000000
112.000000
116.000000
118.000000
130.000000
137.000000
143.000000
151.000000
161.000000
198.000000
211.000000
