0.000000
0.000000
0.000000
0.000000
1.000000
1.000000
1.000000
2.000000
2.000000
2.000000
2.000000
2.000000
3.000000
3.000000
3.000000
3.000000
4.000000
4.000000
4.000000
4.000000
4.000000
5.000000
5.000000
5.000000
6.000000
6.000000
6.000000
6.000000
6.000000
6.000000
6.000000
7.000000
8.000000
8.000000
8.000000
8.000000
8.000000
9.000000
9.000000
9.000000
9.000000
9.000000
9.000000
9.000000
9.000000
10.000000
10.000000
10.000000
10.000000
10.000000
10.000000
10.000000
11.000000
11.000000
11.000000
11.000000
11.000000
11.000000
12.000000
13.000000
13.000000
14.000000
14.000000
14.000000
14.000000
16.000000
16.000000
17.000000
17.000000
17.000000
19.000000
19.000000
19.000000
21.000000
22.000000
23.000000
23.000000
24.000000
25.000000
25.000000
25.000000
25.000000
25.000000
27.000000
29.000000
29.000000
29.000000
30.000000
30.000000
30.000000
37.000000
37.000000
38.000000
41.000000
43.000000
43.000000
43.000000
45.000000
45.000000
50.000000
52.000000
52.000000
53.000000
53.000000
60.000000
69.000000
69.000000
74.000000
75.000000
82.000000
88.000000
90.000000
93.000000
99.000000
106.000000
107.000000
112.000000
132.000000
150.000000
150.000000
163.000000
166.000000
171.000000
173.000000
198.000000
