0.000000
0.000000
0.000000
1.000000
1.000000
1.000000
1.000000
1.000000
1.000000
2.000000
3.000000
3.000000
3.000000
3.000000
3.000000
3.000000
3.000000
4.000000
4.000000
4.000000
4.000000
4.000000
5.000000
5.000000
5.000000
5.000000
5.000000
5.000000
5.000000
6.000000
6.000000
6.000000
6.000000
6.000000
7.000000
7.000000
7.000000
7.000000
7.000000
8.000000
8.000000
9.000000
9.000000
9.000000
9.000000
9.000000
10.000000
10.000000
11.000000
11.000000
11.000000
12.000000
12.000000
12.000000
13.000000
13.000000
15.000000
15.000000
16.000000
17.000000
18.000000
18.000000
19.000000
19.000000
19.000000
19.000000
20.000000
20.000000
22.000000
22.000000
22.000000
23.000000
23.000000
23.000000
23.000000
24.000000
25.000000
25.000000
25.000000
26.000000
26.000000
27.000000
27.000000
28.000000
28.000000
29.000000
30.000000
33.000000
33.000000
36.000000
38.000000
38.000000
42.000000
44.000000
45.000000
45.000000
47.000000
52.000000
53.000000
55.000000
55.000000
55.000000
60.000000
61.000000
63.000000
66.000000
67.000000
74.000000
80.000000
80.000000
84.000000
85.000000
87.000000
87.000000
90.000000
97.000000
98.000000
100.000000
111.000000
121.000000
139.000000
155.000000
162.000000
164.000000
203.000000
