0.000000
0.000000
1.000000
1.000000
1.000000
1.000000
2.000000
2.000000
2.000000
2.000000
2.000000
3.000000
3.000000
3.000000
3.000000
3.000000
4.000000
4.000000
4.000000
4.000000
5.000000
5.000000
5.000000
5.000000
6.000000
6.000000
6.000000
6.000000
7.000000
7.000000
8.000000
8.000000
8.000000
9.000000
9.000000
9.000000
9.000000
9.000000
9.000000
10.000000
10.000000
11.000000
11.000000
11.000000
11.000000
11.000000
12.000000
12.000000
13.000000
13.000000
13.000000
13.000000
14.000000
14.000000
14.000000
14.000000
15.000000
15.000000
15.000000
17.000000
17.000000
17.000000
19.000000
20.000000
20.000000
20.000000
20.000000
21.000000
21.000000
23.000000
24.000000
25.000000
26.000000
26.000000
26.000000
27.000000
28.000000
28.000000
29.000000
29.000000
30.000000
31.000000
32.000000
40.000000
40.000000
41.000000
42.000000
43.000000
44.000000
45.000000
47.000000
47.000000
51.000000
52.000000
58.000000
58.000000
62.000000
65.000000
67.000000
69.000000
69.000000
69.000000
70.000000
72.000000
73.000000
75.000000
81.000000
82.000000
89.000000
99.000000
99.000000
103.000000
106.000000
107.000000
132.000000
140.000000
141.000000
150.000000
159.000000
160.000000
163.000000
164.000000
170.000000
194.000000
208.000000
