0.000000
0.000000
1.000000
2.000000
2.000000
2.000000
3.000000
3.000000
3.000000
3.000000
4.000000
4.000000
4.000000
4.000000
5.000000
6.000000
6.000000
6.000000
7.000000
7.000000
7.000000
8.000000
8.000000
8.000000
8.000000
8.000000
8.000000
9.000000
9.000000
9.000000
9.000000
9.000000
9.000000
9.000000
9.000000
10.000000
10.000000
11.000000
11.000000
11.000000
11.000000
12.000000
12.000000
12.000000
12.000000
12.000000
13.000000
13.000000
14.000000
14.000000
14.000000
14.000000
15.000000
15.000000
15.000000
16.000000
16.000000
16.000000
16.000000
18.000000
18.000000
19.000000
19.000000
19.000000
20.000000
21.000000
22.000000
23.000000
25.000000
26.000000
26.000000
27.000000
27.000000
28.000000
28.000000
29.000000
32.000000
32.000000
33.000000
33.000000
34.000000
34.000000
35.000000
35.000000
36.000000
38.000000
42.000000
46.000000
48.000000
49.000000
53.000000
53.000000
54.000000
58.000000
61.000000
63.000000
64.000000
64.000000
65.000000
66.000000
72.000000
73.000000
73.000000
74.000000
75.000000
86.000000
88.000000
91.000000
91.000000
100.000000
101.000000
103.000000
106.000000
110.000000
111.000000
114.000000
125.000000
127.000000
146.000000
153.000000
160.000000
161.000000
171.000000
176.000000
208.000000
