0.000000
0.000000
1.000000
1.000000
1.000000
2.000000
2.000000
2.000000
2.000000
2.000000
2.000000
3.000000
3.000000
4.000000
4.000000
4.000000
4.000000
5.000000
5.000000
5.000000
5.000000
5.000000
5.000000
6.000000
7.000000
7.000000
7.000000
7.000000
7.000000
7.000000
7.000000
7.000000
8.000000
8.000000
8.000000
8.000000
8.000000
8.000000
9.000000
9.000000
9.000000
10.000000
10.000000
10.000000
11.000000
11.000000
11.000000
11.000000
12.000000
13.000000
14.000000
14.000000
14.000000
14.000000
14.000000
14.000000
15.000000
15.000000
16.000000
16.000000
17.000000
18.000000
18.000000
18.000000
20.000000
22.000000
22.000000
22.000000
23.000000
24.000000
24.000000
27.000000
27.000000
31.000000
36.000000
37.000000
39.000000
51.000000
52.000000
81.000000
1086.000000
1112.000000
1139.000000
1184.000000
1202.000000
1238.000000
1405.000000
1459.000000
1475.000000
1493.000000
1511.000000
1542.000000
1568.000000
1602.000000
1652.000000
