0.000000
0.000000
0.000000
1.000000
1.000000
1.000000
1.000000
1.000000
2.000000
2.000000
2.000000
2.000000
3.000000
3.000000
3.000000
4.000000
4.000000
4.000000
4.000000
4.000000
4.000000
5.000000
6.000000
6.000000
6.000000
6.000000
6.000000
6.000000
7.000000
7.000000
7.000000
7.000000
8.000000
8.000000
8.000000
8.000000
9.000000
9.000000
9.000000
9.000000
9.000000
9.000000
9.000000
10.000000
10.000000
11.000000
11.000000
11.000000
12.000000
12.000000
13.000000
13.000000
14.000000
14.000000
15.000000
16.000000
16.000000
16.000000
17.000000
17.000000
17.000000
19.000000
19.000000
20.000000
20.000000
21.000000
23.000000
24.000000
25.000000
25.000000
28.000000
30.000000
33.000000
33.000000
44.000000
54.000000
85.000000
100.000000
157.000000
210.000000
251.000000
301.000000
312.000000
341.000000
394.000000
444.000000
471.000000
497.000000
538.000000
561.000000
575.000000
623.000000
635.000000
662.000000
678.000000
