0.000000
0.000000
0.000000
0.000000
1.000000
1.000000
1.000000
1.000000
2.000000
2.000000
2.000000
2.000000
2.000000
3.000000
3.000000
3.000000
3.000000
3.000000
3.000000
4.000000
4.000000
4.000000
4.000000
4.000000
5.000000
5.000000
6.000000
7.000000
7.000000
7.000000
7.000000
7.000000
8.000000
8.000000
9.000000
9.000000
10.000000
10.000000
11.000000
11.000000
11.000000
12.000000
12.000000
12.000000
13.000000
13.000000
13.000000
13.000000
13.000000
14.000000
14.000000
14.000000
15.000000
15.000000
16.000000
16.000000
16.000000
16.000000
17.000000
17.000000
18.000000
18.000000
19.000000
19.000000
20.000000
21.000000
21.000000
22.000000
25.000000
26.000000
26.000000
27.000000
27.000000
34.000000
38.000000
43.000000
58.000000
86.000000
1051.000000
1077.000000
1104.000000
1149.000000
1167.000000
1203.000000
1370.000000
1424.000000
1440.000000
1458.000000
1476.000000
1507.000000
1533.000000
1567.000000
1617.000000
1664.000000
1684.000000
