0.000000
0.000000
0.000000
0.000000
1.000000
1.000000
2.000000
2.000000
2.000000
3.000000
4.000000
4.000000
5.000000
6.000000
6.000000
6.000000
6.000000
6.000000
7.000000
7.000000
7.000000
7.000000
8.000000
8.000000
9.000000
9.000000
10.000000
10.000000
10.000000
11.000000
11.000000
11.000000
11.000000
12.000000
12.000000
12.000000
12.000000
12.000000
13.000000
13.000000
13.000000
14.000000
16.000000
17.000000
18.000000
18.000000
19.000000
19.000000
20.000000
20.000000
20.000000
24.000000
25.000000
25.000000
27.000000
42.000000
54.000000
60.000000
80.000000
132.000000
160.000000
194.000000
235.000000
265.000000
324.000000
372.000000
395.000000
462.000000
481.000000
496.000000
543.000000
565.000000
581.000000
611.000000
658.000000
690.000000
718.000000
790.000000
847.000000
900.000000
941.000000
991.000000
1002.000000
1031.000000
1084.000000
1134.000000
1161.000000
1187.000000
1228.000000
1251.000000
1265.000000
1313.000000
1325.000000
1352.000000
1368.000000
