0.000000
1.000000
1.000000
1.000000
1.000000
2.000000
2.000000
3.000000
3.000000
3.000000
4.000000
5.000000
5.000000
5.000000
6.000000
6.000000
6.000000
7.000000
7.000000
7.000000
7.000000
8.000000
8.000000
8.000000
8.000000
8.000000
8.000000
10.000000
10.000000
10.000000
11.000000
11.000000
12.000000
13.000000
14.000000
14.000000
15.000000
16.000000
16.000000
17.000000
19.000000
19.000000
20.000000
20.000000
22.000000
22.000000
24.000000
24.000000
28.000000
32.000000
34.000000
39.000000
143.000000
197.000000
213.000000
231.000000
249.000000
280.000000
306.000000
340.000000
390.000000
437.000000
457.000000
487.000000
510.000000
567.000000
592.000000
620.000000
641.000000
654.000000
679.000000
698.000000
724.000000
745.000000
786.000000
821.000000
842.000000
871.000000
902.000000
976.000000
1005.000000
1040.000000
1074.000000
1146.000000
1183.000000
1205.000000
1229.000000
1256.000000
1303.000000
1333.000000
1352.000000
1377.000000
1515.000000
1619.000000
1659.000000
