0.000000
1.000000
1.000000
2.000000
2.000000
2.000000
3.000000
3.000000
3.000000
3.000000
3.000000
3.000000
4.000000
4.000000
5.000000
5.000000
5.000000
5.000000
5.000000
6.000000
6.000000
6.000000
6.000000
6.000000
6.000000
6.000000
6.000000
7.000000
8.000000
9.000000
10.000000
10.000000
10.000000
12.000000
14.000000
15.000000
15.000000
16.000000
20.000000
20.000000
20.000000
22.000000
22.000000
23.000000
25.000000
25.000000
26.000000
28.000000
36.000000
37.000000
38.000000
40.000000
43.000000
53.000000
55.000000
80.000000
218.000000
322.000000
362.000000
415.000000
444.000000
460.000000
499.000000
522.000000
546.000000
574.000000
589.000000
632.000000
652.000000
704.000000
732.000000
766.000000
807.000000
837.000000
896.000000
944.000000
967.000000
1034.000000
1053.000000
1068.000000
1115.000000
1137.000000
1153.000000
1183.000000
1230.000000
1262.000000
1290.000000
1362.000000
1419.000000
1472.000000
1513.000000
1563.000000
1574.000000
1603.000000
1656.000000
