0.000000
0.000000
1.000000
2.000000
3.000000
3.000000
4.000000
4.000000
4.000000
4.000000
5.000000
5.000000
5.000000
5.000000
6.000000
6.000000
6.000000
6.000000
7.000000
8.000000
8.000000
9.000000
9.000000
10.000000
10.000000
10.000000
10.000000
10.000000
10.000000
11.000000
14.000000
14.000000
15.000000
15.000000
16.000000
16.000000
16.000000
17.000000
17.000000
18.000000
19.000000
19.000000
23.000000
23.000000
24.000000
24.000000
25.000000
25.000000
33.000000
34.000000
36.000000
44.000000
60.000000
72.000000
239.000000
293.000000
309.000000
327.000000
345.000000
376.000000
402.000000
436.000000
486.000000
533.000000
553.000000
583.000000
606.000000
663.000000
688.000000
716.000000
737.000000
750.000000
775.000000
794.000000
820.000000
841.000000
882.000000
917.000000
938.000000
967.000000
998.000000
1072.000000
1101.000000
1136.000000
1170.000000
1242.000000
1279.000000
1301.000000
1325.000000
1352.000000
1399.000000
1429.000000
1448.000000
1473.000000
1611.000000
