1.000000
1.000000
2.000000
2.000000
2.000000
3.000000
3.000000
3.000000
4.000000
4.000000
4.000000
5.000000
5.000000
5.000000
6.000000
7.000000
7.000000
7.000000
7.000000
7.000000
7.000000
8.000000
8.000000
9.000000
9.000000
9.000000
10.000000
10.000000
10.000000
10.000000
10.000000
11.000000
11.000000
12.000000
12.000000
12.000000
17.000000
18.000000
18.000000
19.000000
19.000000
21.000000
22.000000
22.000000
23.000000
27.000000
40.000000
40.000000
67.000000
81.000000
134.000000
160.000000
187.000000
232.000000
250.000000
286.000000
453.000000
507.000000
523.000000
541.000000
559.000000
590.000000
616.000000
650.000000
700.000000
747.000000
767.000000
797.000000
820.000000
877.000000
902.000000
930.000000
951.000000
964.000000
989.000000
1008.000000
1034.000000
1055.000000
1096.000000
1131.000000
1152.000000
1181.000000
1212.000000
1286.000000
1315.000000
1350.000000
1384.000000
1456.000000
1493.000000
1515.000000
1539.000000
1566.000000
1613.000000
1643.000000
1662.000000
