1.000000
1.000000
1.000000
1.000000
2.000000
2.000000
2.000000
2.000000
3.000000
3.000000
3.000000
3.000000
3.000000
3.000000
4.000000
4.000000
5.000000
5.000000
6.000000
6.000000
6.000000
6.000000
6.000000
7.000000
7.000000
7.000000
7.000000
8.000000
8.000000
8.000000
8.000000
8.000000
8.000000
9.000000
9.000000
10.000000
10.000000
10.000000
11.000000
11.000000
11.000000
11.000000
11.000000
11.000000
12.000000
12.000000
13.000000
13.000000
14.000000
14.000000
14.000000
14.000000
15.000000
18.000000
18.000000
18.000000
18.000000
18.000000
19.000000
19.000000
19.000000
20.000000
21.000000
23.000000
24.000000
24.000000
24.000000
25.000000
26.000000
27.000000
28.000000
33.000000
37.000000
51.000000
52.000000
75.000000
955.000000
981.000000
1008.000000
1053.000000
1071.000000
1107.000000
1274.000000
1328.000000
1344.000000
1362.000000
1380.000000
1411.000000
1437.000000
1471.000000
1521.000000
1568.000000
1588.000000
1618.000000
1641.000000
