1.000000
1.000000
1.000000
2.000000
2.000000
2.000000
3.000000
4.000000
4.000000
4.000000
5.000000
5.000000
5.000000
5.000000
6.000000
6.000000
7.000000
7.000000
7.000000
7.000000
8.000000
8.000000
8.000000
8.000000
10.000000
10.000000
11.000000
11.000000
11.000000
12.000000
12.000000
13.000000
14.000000
14.000000
15.000000
17.000000
18.000000
22.000000
22.000000
23.000000
23.000000
25.000000
25.000000
26.000000
30.000000
39.000000
45.000000
47.000000
51.000000
66.000000
67.000000
84.000000
106.000000
129.000000
153.000000
181.000000
196.000000
239.000000
259.000000
311.000000
339.000000
373.000000
414.000000
444.000000
503.000000
551.000000
574.000000
641.000000
660.000000
675.000000
722.000000
744.000000
760.000000
790.000000
837.000000
869.000000
897.000000
969.000000
1026.000000
1079.000000
1120.000000
1170.000000
1181.000000
1210.000000
1263.000000
1313.000000
1340.000000
1366.000000
1407.000000
1430.000000
1444.000000
1492.000000
1504.000000
1531.000000
1547.000000
