0.000000
1.000000
1.000000
1.000000
1.000000
2.000000
2.000000
3.000000
3.000000
3.000000
3.000000
4.000000
4.000000
4.000000
5.000000
6.000000
6.000000
7.000000
7.000000
7.000000
8.000000
8.000000
8.000000
9.000000
9.000000
9.000000
10.000000
10.000000
10.000000
10.000000
11.000000
11.000000
13.000000
13.000000
13.000000
13.000000
13.000000
16.000000
16.000000
16.000000
18.000000
22.000000
23.000000
23.000000
26.000000
26.000000
29.000000
32.000000
33.000000
34.000000
61.000000
82.000000
95.000000
120.000000
139.000000
165.000000
186.000000
227.000000
262.000000
283.000000
312.000000
343.000000
417.000000
446.000000
481.000000
515.000000
587.000000
624.000000
646.000000
670.000000
697.000000
744.000000
774.000000
793.000000
818.000000
956.000000
1060.000000
1100.000000
1153.000000
1182.000000
1198.000000
1237.000000
1260.000000
1284.000000
1312.000000
1327.000000
1370.000000
1390.000000
1442.000000
1470.000000
1504.000000
1545.000000
1575.000000
1634.000000
1682.000000
