0.000000
0.000000
1.000000
1.000000
2.000000
2.000000
2.000000
4.000000
4.000000
4.000000
4.000000
4.000000
5.000000
5.000000
5.000000
6.000000
7.000000
7.000000
7.000000
7.000000
8.000000
8.000000
9.000000
9.000000
10.000000
10.000000
11.000000
11.000000
11.000000
11.000000
11.000000
13.000000
13.000000
14.000000
15.000000
15.000000
15.000000
15.000000
15.000000
15.000000
16.000000
17.000000
19.000000
19.000000
20.000000
23.000000
24.000000
25.000000
27.000000
35.000000
35.000000
52.000000
53.000000
88.000000
122.000000
194.000000
231.000000
253.000000
277.000000
304.000000
351.000000
381.000000
400.000000
425.000000
563.000000
667.000000
707.000000
760.000000
789.000000
805.000000
844.000000
867.000000
891.000000
919.000000
934.000000
977.000000
997.000000
1049.000000
1077.000000
1111.000000
1152.000000
1182.000000
1241.000000
1289.000000
1312.000000
1379.000000
1398.000000
1413.000000
1460.000000
1482.000000
1498.000000
1528.000000
1575.000000
1607.000000
1635.000000
