0.000000
0.000000
0.000000
1.000000
1.000000
1.000000
2.000000
3.000000
3.000000
3.000000
3.000000
3.000000
3.000000
3.000000
4.000000
4.000000
4.000000
4.000000
4.000000
5.000000
5.000000
5.000000
5.000000
5.000000
5.000000
5.000000
6.000000
6.000000
6.000000
7.000000
7.000000
7.000000
7.000000
8.000000
8.000000
8.000000
9.000000
9.000000
9.000000
10.000000
10.000000
10.000000
10.000000
11.000000
11.000000
11.000000
12.000000
12.000000
13.000000
13.000000
13.000000
14.000000
15.000000
15.000000
16.000000
16.000000
16.000000
16.000000
17.000000
17.000000
18.000000
20.000000
21.000000
22.000000
22.000000
24.000000
24.000000
26.000000
26.000000
27.000000
27.000000
29.000000
34.000000
40.000000
45.000000
56.000000
75.000000
1003.000000
1029.000000
1056.000000
1101.000000
1119.000000
1155.000000
1322.000000
1376.000000
1392.000000
1410.000000
1428.000000
1459.000000
1485.000000
1519.000000
1569.000000
1616.000000
1636.000000
1666.000000
