0.000000
1.000000
1.000000
1.000000
2.000000
2.000000
3.000000
3.000000
3.000000
3.000000
3.000000
3.000000
4.000000
4.000000
4.000000
5.000000
5.000000
5.000000
5.000000
5.000000
7.000000
7.000000
7.000000
7.000000
8.000000
9.000000
9.000000
9.000000
10.000000
10.000000
11.000000
11.000000
11.000000
14.000000
14.000000
15.000000
15.000000
16.000000
18.000000
18.000000
18.000000
19.000000
21.000000
23.000000
23.000000
24.000000
24.000000
25.000000
26.000000
33.000000
43.000000
46.000000
52.000000
61.000000
70.000000
98.000000
113.000000
156.000000
176.000000
228.000000
256.000000
290.000000
331.000000
361.000000
420.000000
468.000000
491.000000
558.000000
577.000000
592.000000
639.000000
661.000000
677.000000
707.000000
754.000000
786.000000
814.000000
886.000000
943.000000
996.000000
1037.000000
1087.000000
1098.000000
1127.000000
1180.000000
1230.000000
1257.000000
1283.000000
1324.000000
1347.000000
1361.000000
1409.000000
1421.000000
1448.000000
1464.000000
