0.000000
1.000000
1.000000
1.000000
2.000000
3.000000
3.000000
3.000000
4.000000
4.000000
4.000000
5.000000
5.000000
5.000000
5.000000
6.000000
6.000000
6.000000
7.000000
7.000000
7.000000
7.000000
7.000000
8.000000
9.000000
10.000000
10.000000
10.000000
10.000000
10.000000
11.000000
11.000000
11.000000
12.000000
12.000000
15.000000
16.000000
16.000000
16.000000
18.000000
19.000000
20.000000
26.000000
29.000000
29.000000
31.000000
34.000000
40.000000
47.000000
56.000000
74.000000
86.000000
101.000000
119.000000
155.000000
322.000000
376.000000
392.000000
410.000000
428.000000
459.000000
485.000000
519.000000
569.000000
616.000000
636.000000
666.000000
689.000000
746.000000
771.000000
799.000000
820.000000
833.000000
858.000000
877.000000
903.000000
924.000000
965.000000
1000.000000
1021.000000
1050.000000
1081.000000
1155.000000
1184.000000
1219.000000
1253.000000
1325.000000
1362.000000
1384.000000
1408.000000
1435.000000
1482.000000
1512.000000
1531.000000
1556.000000
