0.000000
1.000000
1.000000
1.000000
1.000000
1.000000
2.000000
2.000000
2.000000
2.000000
2.000000
2.000000
2.000000
3.000000
3.000000
3.000000
3.000000
3.000000
3.000000
4.000000
4.000000
4.000000
4.000000
4.000000
5.000000
5.000000
5.000000
5.000000
5.000000
5.000000
6.000000
6.000000
8.000000
9.000000
9.000000
9.000000
10.000000
10.000000
10.000000
10.000000
11.000000
11.000000
11.000000
12.000000
12.000000
14.000000
16.000000
16.000000
16.000000
17.000000
18.000000
19.000000
19.000000
20.000000
20.000000
22.000000
22.000000
27.000000
31.000000
32.000000
32.000000
43.000000
50.000000
56.000000
57.000000
78.000000
80.000000
741.000000
767.000000
794.000000
839.000000
857.000000
893.000000
1060.000000
1114.000000
1130.000000
1148.000000
1166.000000
1197.000000
1223.000000
1257.000000
1307.000000
1354.000000
1374.000000
1404.000000
1427.000000
1484.000000
1509.000000
1537.000000
1558.000000
1571.000000
1596.000000
1615.000000
1641.000000
1662.000000
