0.000000
0.000000
1.000000
1.000000
1.000000
1.000000
2.000000
2.000000
3.000000
3.000000
4.000000
5.000000
5.000000
5.000000
5.000000
5.000000
5.000000
5.000000
5.000000
5.000000
6.000000
6.000000
6.000000
6.000000
7.000000
7.000000
7.000000
8.000000
8.000000
10.000000
10.000000
10.000000
12.000000
12.000000
12.000000
12.000000
13.000000
13.000000
14.000000
15.000000
17.000000
17.000000
19.000000
19.000000
19.000000
22.000000
26.000000
29.000000
45.000000
92.000000
112.000000
142.000000
165.000000
222.000000
247.000000
275.000000
296.000000
309.000000
334.000000
353.000000
379.000000
400.000000
441.000000
476.000000
497.000000
526.000000
557.000000
631.000000
660.000000
695.000000
729.000000
801.000000
838.000000
860.000000
884.000000
911.000000
958.000000
988.000000
1007.000000
1032.000000
1170.000000
1274.000000
1314.000000
1367.000000
1396.000000
1412.000000
1451.000000
1474.000000
1498.000000
1526.000000
1541.000000
1584.000000
1604.000000
1656.000000
1684.000000
