0.000000
3.000000
3.000000
3.000000
3.000000
4.000000
4.000000
5.000000
5.000000
6.000000
6.000000
6.000000
6.000000
7.000000
7.000000
7.000000
7.000000
7.000000
7.000000
8.000000
8.000000
8.000000
8.000000
8.000000
9.000000
9.000000
9.000000
10.000000
10.000000
10.000000
11.000000
11.000000
12.000000
12.000000
13.000000
13.000000
14.000000
14.000000
15.000000
15.000000
16.000000
16.000000
18.000000
19.000000
20.000000
22.000000
23.000000
23.000000
26.000000
27.000000
27.000000
28.000000
28.000000
35.000000
37.000000
49.000000
49.000000
55.000000
56.000000
71.000000
77.000000
111.000000
152.000000
182.000000
241.000000
289.000000
312.000000
379.000000
398.000000
413.000000
460.000000
482.000000
498.000000
528.000000
575.000000
607.000000
635.000000
707.000000
764.000000
817.000000
858.000000
908.000000
919.000000
948.000000
1001.000000
1051.000000
1078.000000
1104.000000
1145.000000
1168.000000
1182.000000
1230.000000
1242.000000
1269.000000
1285.000000
