0.000000
1.000000
1.000000
2.000000
2.000000
2.000000
2.000000
3.000000
4.000000
4.000000
5.000000
5.000000
5.000000
6.000000
6.000000
7.000000
7.000000
7.000000
8.000000
8.000000
8.000000
9.000000
10.000000
11.000000
11.000000
12.000000
12.000000
13.000000
14.000000
15.000000
15.000000
16.000000
17.000000
17.000000
18.000000
18.000000
19.000000
19.000000
20.000000
22.000000
25.000000
26.000000
27.000000
33.000000
40.000000
46.000000
52.000000
73.000000
75.000000
105.000000
134.000000
150.000000
189.000000
212.000000
236.000000
264.000000
279.000000
322.000000
342.000000
394.000000
422.000000
456.000000
497.000000
527.000000
586.000000
634.000000
657.000000
724.000000
743.000000
758.000000
805.000000
827.000000
843.000000
873.000000
920.000000
952.000000
980.000000
1052.000000
1109.000000
1162.000000
1203.000000
1253.000000
1264.000000
1293.000000
1346.000000
1396.000000
1423.000000
1449.000000
1490.000000
1513.000000
1527.000000
1575.000000
1587.000000
1614.000000
1630.000000
