0.000000
0.000000
1.000000
1.000000
1.000000
1.000000
2.000000
3.000000
3.000000
3.000000
4.000000
4.000000
7.000000
7.000000
7.000000
7.000000
7.000000
7.000000
8.000000
8.000000
8.000000
9.000000
9.000000
10.000000
11.000000
11.000000
11.000000
12.000000
12.000000
14.000000
14.000000
15.000000
15.000000
15.000000
16.000000
16.000000
16.000000
19.000000
22.000000
22.000000
23.000000
23.000000
25.000000
26.000000
38.000000
39.000000
51.000000
51.000000
74.000000
77.000000
86.000000
104.000000
149.000000
167.000000
203.000000
370.000000
424.000000
440.000000
458.000000
476.000000
507.000000
533.000000
567.000000
617.000000
664.000000
684.000000
714.000000
737.000000
794.000000
819.000000
847.000000
868.000000
881.000000
906.000000
925.000000
951.000000
972.000000
1013.000000
1048.000000
1069.000000
1098.000000
1129.000000
1203.000000
1232.000000
1267.000000
1301.000000
1373.000000
1410.000000
1432.000000
1456.000000
1483.000000
1530.000000
1560.000000
1579.000000
1604.000000
