1.000000
1.000000
1.000000
1.000000
1.000000
2.000000
2.000000
3.000000
3.000000
4.000000
4.000000
4.000000
5.000000
5.000000
5.000000
5.000000
6.000000
6.000000
6.000000
7.000000
8.000000
9.000000
10.000000
10.000000
11.000000
11.000000
11.000000
12.000000
12.000000
12.000000
12.000000
13.000000
14.000000
15.000000
16.000000
17.000000
17.000000
17.000000
17.000000
18.000000
18.000000
19.000000
21.000000
23.000000
25.000000
25.000000
33.000000
35.000000
35.000000
66.000000
92.000000
126.000000
176.000000
223.000000
243.000000
273.000000
296.000000
353.000000
378.000000
406.000000
427.000000
440.000000
465.000000
484.000000
510.000000
531.000000
572.000000
607.000000
628.000000
657.000000
688.000000
762.000000
791.000000
826.000000
860.000000
932.000000
969.000000
991.000000
1015.000000
1042.000000
1089.000000
1119.000000
1138.000000
1163.000000
1301.000000
1405.000000
1445.000000
1498.000000
1527.000000
1543.000000
1582.000000
1605.000000
1629.000000
1657.000000
1672.000000
