0.000000
1.000000
1.000000
1.000000
2.000000
2.000000
3.000000
3.000000
3.000000
3.000000
3.000000
3.000000
4.000000
4.000000
4.000000
5.000000
5.000000
6.000000
6.000000
6.000000
6.000000
7.000000
7.000000
7.000000
8.000000
8.000000
8.000000
9.000000
9.000000
9.000000
9.000000
10.000000
10.000000
10.000000
10.000000
11.000000
11.000000
11.000000
12.000000
12.000000
13.000000
13.000000
14.000000
14.000000
15.000000
15.000000
15.000000
15.000000
16.000000
16.000000
17.000000
18.000000
19.000000
19.000000
20.000000
21.000000
21.000000
23.000000
24.000000
24.000000
25.000000
28.000000
32.000000
35.000000
36.000000
38.000000
52.000000
58.000000
77.000000
82.000000
824.000000
850.000000
877.000000
922.000000
940.000000
976.000000
1143.000000
1197.000000
1213.000000
1231.000000
1249.000000
1280.000000
1306.000000
1340.000000
1390.000000
1437.000000
1457.000000
1487.000000
1510.000000
1567.000000
1592.000000
1620.000000
1641.000000
1654.000000
1679.000000
