1.000000
1.000000
1.000000
2.000000
2.000000
2.000000
2.000000
2.000000
2.000000
3.000000
3.000000
3.000000
3.000000
4.000000
5.000000
5.000000
6.000000
6.000000
7.000000
7.000000
8.000000
8.000000
8.000000
9.000000
9.000000
10.000000
10.000000
10.000000
10.000000
10.000000
10.000000
11.000000
11.000000
11.000000
11.000000
11.000000
12.000000
13.000000
15.000000
15.000000
18.000000
18.000000
18.000000
18.000000
18.000000
19.000000
19.000000
21.000000
22.000000
23.000000
23.000000
23.000000
25.000000
29.000000
33.000000
39.000000
45.000000
54.000000
77.000000
97.000000
125.000000
159.000000
200.000000
230.000000
289.000000
337.000000
360.000000
427.000000
446.000000
461.000000
508.000000
530.000000
546.000000
576.000000
623.000000
655.000000
683.000000
755.000000
812.000000
865.000000
906.000000
956.000000
967.000000
996.000000
1049.000000
1099.000000
1126.000000
1152.000000
1193.000000
1216.000000
1230.000000
1278.000000
1290.000000
1317.000000
1333.000000
