0.000000
0.000000
0.000000
0.000000
1.000000
1.000000
1.000000
2.000000
2.000000
3.000000
4.000000
4.000000
4.000000
5.000000
5.000000
5.000000
6.000000
6.000000
6.000000
6.000000
7.000000
8.000000
8.000000
9.000000
9.000000
9.000000
10.000000
10.000000
11.000000
11.000000
12.000000
12.000000
13.000000
13.000000
13.000000
13.000000
14.000000
15.000000
15.000000
15.000000
16.000000
16.000000
17.000000
19.000000
19.000000
21.000000
25.000000
27.000000
30.000000
34.000000
34.000000
47.000000
72.000000
91.000000
117.000000
138.000000
179.000000
214.000000
235.000000
264.000000
295.000000
369.000000
398.000000
433.000000
467.000000
539.000000
576.000000
598.000000
622.000000
649.000000
696.000000
726.000000
745.000000
770.000000
908.000000
1012.000000
1052.000000
1105.000000
1134.000000
1150.000000
1189.000000
1212.000000
1236.000000
1264.000000
1279.000000
1322.000000
1342.000000
1394.000000
1422.000000
1456.000000
1497.000000
1527.000000
1586.000000
1634.000000
1657.000000
