0.000000
1.000000
1.000000
2.000000
2.000000
2.000000
2.000000
2.000000
2.000000
2.000000
2.000000
2.000000
3.000000
3.000000
3.000000
3.000000
3.000000
3.000000
4.000000
4.000000
5.000000
5.000000
5.000000
5.000000
5.000000
5.000000
5.000000
6.000000
6.000000
6.000000
6.000000
6.000000
6.000000
6.000000
6.000000
7.000000
7.000000
7.000000
7.000000
8.000000
8.000000
9.000000
9.000000
9.000000
9.000000
9.000000
9.000000
9.000000
10.000000
11.000000
11.000000
11.000000
12.000000
13.000000
13.000000
14.000000
14.000000
14.000000
14.000000
15.000000
15.000000
15.000000
16.000000
16.000000
17.000000
17.000000
19.000000
21.000000
21.000000
22.000000
22.000000
22.000000
24.000000
25.000000
25.000000
25.000000
31.000000
34.000000
37.000000
49.000000
53.000000
56.000000
69.000000
1217.000000
1243.000000
1270.000000
1315.000000
1333.000000
1369.000000
1536.000000
1590.000000
1606.000000
1624.000000
1642.000000
1673.000000
