0.000000
0.000000
0.000000
0.000000
1.000000
1.000000
2.000000
2.000000
2.000000
2.000000
3.000000
3.000000
3.000000
3.000000
3.000000
4.000000
4.000000
4.000000
4.000000
4.000000
5.000000
6.000000
6.000000
6.000000
6.000000
6.000000
7.000000
8.000000
8.000000
10.000000
10.000000
10.000000
10.000000
10.000000
11.000000
11.000000
11.000000
11.000000
12.000000
12.000000
12.000000
13.000000
13.000000
14.000000
14.000000
14.000000
14.000000
14.000000
14.000000
15.000000
16.000000
16.000000
17.000000
18.000000
19.000000
22.000000
23.000000
25.000000
27.000000
33.000000
34.000000
46.000000
57.000000
62.000000
67.000000
110.000000
133.000000
200.000000
219.000000
234.000000
281.000000
303.000000
319.000000
349.000000
396.000000
428.000000
456.000000
528.000000
585.000000
638.000000
679.000000
729.000000
740.000000
769.000000
822.000000
872.000000
899.000000
925.000000
966.000000
989.000000
1003.000000
1051.000000
1063.000000
1090.000000
1106.000000
