0.000000
0.000000
0.000000
1.000000
1.000000
2.000000
2.000000
2.000000
2.000000
2.000000
2.000000
3.000000
3.000000
3.000000
4.000000
4.000000
4.000000
4.000000
4.000000
4.000000
5.000000
5.000000
5.000000
6.000000
6.000000
6.000000
6.000000
7.000000
7.000000
7.000000
8.000000
8.000000
8.000000
8.000000
8.000000
9.000000
9.000000
9.000000
9.000000
10.000000
10.000000
11.000000
11.000000
11.000000
11.000000
12.000000
12.000000
12.000000
13.000000
13.000000
14.000000
16.000000
16.000000
16.000000
16.000000
17.000000
18.000000
18.000000
19.000000
20.000000
20.000000
21.000000
23.000000
24.000000
24.000000
27.000000
28.000000
30.000000
36.000000
38.000000
47.000000
51.000000
61.000000
68.000000
80.000000
83.000000
111.000000
183.000000
240.000000
293.000000
334.000000
384.000000
395.000000
424.000000
477.000000
527.000000
554.000000
580.000000
621.000000
644.000000
658.000000
706.000000
718.000000
745.000000
761.000000
