1.000000
1.000000
2.000000
3.000000
3.000000
3.000000
3.000000
3.000000
3.000000
4.000000
4.000000
4.000000
5.000000
5.000000
5.000000
5.000000
7.000000
7.000000
7.000000
8.000000
8.000000
9.000000
9.000000
9.000000
9.000000
9.000000
10.000000
10.000000
10.000000
11.000000
11.000000
12.000000
12.000000
13.000000
13.000000
13.000000
13.000000
14.000000
14.000000
14.000000
15.000000
16.000000
16.000000
17.000000
17.000000
18.000000
20.000000
23.000000
24.000000
30.000000
30.000000
51.000000
73.000000
217.000000
243.000000
270.000000
315.000000
333.000000
369.000000
536.000000
590.000000
606.000000
624.000000
642.000000
673.000000
699.000000
733.000000
783.000000
830.000000
850.000000
880.000000
903.000000
960.000000
985.000000
1013.000000
1034.000000
1047.000000
1072.000000
1091.000000
1117.000000
1138.000000
1179.000000
1214.000000
1235.000000
1264.000000
1295.000000
1369.000000
1398.000000
1433.000000
1467.000000
1539.000000
1576.000000
1598.000000
1622.000000
1649.000000
