0.000000
1.000000
1.000000
1.000000
1.000000
1.000000
2.000000
2.000000
2.000000
3.000000
3.000000
4.000000
4.000000
4.000000
5.000000
5.000000
5.000000
6.000000
6.000000
6.000000
6.000000
6.000000
6.000000
6.000000
7.000000
7.000000
7.000000
8.000000
8.000000
8.000000
9.000000
11.000000
12.000000
12.000000
12.000000
12.000000
13.000000
13.000000
13.000000
14.000000
14.000000
16.000000
16.000000
17.000000
18.000000
20.000000
20.000000
21.000000
21.000000
25.000000
25.000000
34.000000
48.000000
83.000000
104.000000
133.000000
164.000000
238.000000
267.000000
302.000000
336.000000
408.000000
445.000000
467.000000
491.000000
518.000000
565.000000
595.000000
614.000000
639.000000
777.000000
881.000000
921.000000
974.000000
1003.000000
1019.000000
1058.000000
1081.000000
1105.000000
1133.000000
1148.000000
1191.000000
1211.000000
1263.000000
1291.000000
1325.000000
1366.000000
1396.000000
1455.000000
1503.000000
1526.000000
1593.000000
1612.000000
1627.000000
1674.000000
