0.000000
0.000000
1.000000
4.000000
4.000000
5.000000
5.000000
5.000000
6.000000
6.000000
6.000000
6.000000
6.000000
7.000000
7.000000
7.000000
7.000000
7.000000
8.000000
9.000000
9.000000
9.000000
11.000000
11.000000
11.000000
11.000000
11.000000
11.000000
12.000000
12.000000
12.000000
13.000000
13.000000
14.000000
14.000000
16.000000
17.000000
18.000000
19.000000
19.000000
19.000000
20.000000
22.000000
24.000000
25.000000
31.000000
32.000000
33.000000
34.000000
36.000000
91.000000
116.000000
144.000000
165.000000
178.000000
203.000000
222.000000
248.000000
269.000000
310.000000
345.000000
366.000000
395.000000
426.000000
500.000000
529.000000
564.000000
598.000000
670.000000
707.000000
729.000000
753.000000
780.000000
827.000000
857.000000
876.000000
901.000000
1039.000000
1143.000000
1183.000000
1236.000000
1265.000000
1281.000000
1320.000000
1343.000000
1367.000000
1395.000000
1410.000000
1453.000000
1473.000000
1525.000000
1553.000000
1587.000000
1628.000000
1658.000000
