0.000000
0.000000
2.000000
2.000000
2.000000
2.000000
3.000000
3.000000
3.000000
3.000000
4.000000
4.000000
5.000000
5.000000
5.000000
5.000000
6.000000
6.000000
6.000000
6.000000
7.000000
8.000000
9.000000
9.000000
9.000000
10.000000
11.000000
11.000000
11.000000
12.000000
13.000000
13.000000
14.000000
16.000000
16.000000
16.000000
17.000000
19.000000
21.000000
21.000000
22.000000
22.000000
22.000000
22.000000
24.000000
27.000000
29.000000
31.000000
31.000000
35.000000
57.000000
72.000000
101.000000
136.000000
170.000000
242.000000
279.000000
301.000000
325.000000
352.000000
399.000000
429.000000
448.000000
473.000000
611.000000
715.000000
755.000000
808.000000
837.000000
853.000000
892.000000
915.000000
939.000000
967.000000
982.000000
1025.000000
1045.000000
1097.000000
1125.000000
1159.000000
1200.000000
1230.000000
1289.000000
1337.000000
1360.000000
1427.000000
1446.000000
1461.000000
1508.000000
1530.000000
1546.000000
1576.000000
1623.000000
1655.000000
1683.000000
