1.000000
1.000000
1.000000
1.000000
1.000000
1.000000
2.000000
2.000000
2.000000
2.000000
2.000000
2.000000
2.000000
2.000000
3.000000
3.000000
3.000000
3.000000
3.000000
3.000000
4.000000
4.000000
4.000000
5.000000
5.000000
5.000000
5.000000
5.000000
6.000000
6.000000
6.000000
6.000000
6.000000
6.000000
6.000000
7.000000
7.000000
8.000000
8.000000
8.000000
8.000000
8.000000
8.000000
9.000000
9.000000
9.000000
10.000000
10.000000
10.000000
11.000000
11.000000
11.000000
11.000000
12.000000
12.000000
12.000000
12.000000
12.000000
13.000000
14.000000
14.000000
15.000000
15.000000
15.000000
15.000000
18.000000
19.000000
21.000000
21.000000
21.000000
22.000000
22.000000
22.000000
23.000000
23.000000
31.000000
33.000000
49.000000
56.000000
72.000000
78.000000
122.000000
133.000000
162.000000
215.000000
265.000000
292.000000
318.000000
359.000000
382.000000
396.000000
444.000000
456.000000
483.000000
499.000000
