0.000000
1.000000
1.000000
1.000000
2.000000
2.000000
2.000000
3.000000
3.000000
4.000000
4.000000
4.000000
5.000000
5.000000
6.000000
6.000000
7.000000
7.000000
8.000000
8.000000
8.000000
8.000000
8.000000
9.000000
10.000000
11.000000
11.000000
11.000000
12.000000
12.000000
12.000000
12.000000
12.000000
13.000000
14.000000
14.000000
15.000000
16.000000
17.000000
17.000000
18.000000
19.000000
21.000000
23.000000
38.000000
45.000000
51.000000
65.000000
86.000000
86.000000
112.000000
139.000000
184.000000
202.000000
238.000000
405.000000
459.000000
475.000000
493.000000
511.000000
542.000000
568.000000
602.000000
652.000000
699.000000
719.000000
749.000000
772.000000
829.000000
854.000000
882.000000
903.000000
916.000000
941.000000
960.000000
986.000000
1007.000000
1048.000000
1083.000000
1104.000000
1133.000000
1164.000000
1238.000000
1267.000000
1302.000000
1336.000000
1408.000000
1445.000000
1467.000000
1491.000000
1518.000000
1565.000000
1595.000000
1614.000000
1639.000000
