1.000000
1.000000
1.000000
2.000000
3.000000
4.000000
4.000000
4.000000
4.000000
4.000000
4.000000
4.000000
5.000000
5.000000
6.000000
6.000000
6.000000
7.000000
7.000000
7.000000
7.000000
8.000000
8.000000
8.000000
8.000000
9.000000
10.000000
10.000000
10.000000
10.000000
10.000000
11.000000
11.000000
11.000000
12.000000
12.000000
12.000000
12.000000
13.000000
13.000000
13.000000
16.000000
17.000000
18.000000
19.000000
19.000000
20.000000
22.000000
23.000000
23.000000
24.000000
25.000000
27.000000
28.000000
28.000000
32.000000
36.000000
36.000000
45.000000
54.000000
69.000000
71.000000
72.000000
99.000000
158.000000
206.000000
229.000000
296.000000
315.000000
330.000000
377.000000
399.000000
415.000000
445.000000
492.000000
524.000000
552.000000
624.000000
681.000000
734.000000
775.000000
825.000000
836.000000
865.000000
918.000000
968.000000
995.000000
1021.000000
1062.000000
1085.000000
1099.000000
1147.000000
1159.000000
1186.000000
1202.000000
