0.000000
1.000000
1.000000
1.000000
2.000000
2.000000
2.000000
2.000000
2.000000
3.000000
3.000000
4.000000
4.000000
4.000000
5.000000
5.000000
5.000000
7.000000
7.000000
7.000000
7.000000
8.000000
8.000000
8.000000
9.000000
9.000000
9.000000
9.000000
10.000000
10.000000
10.000000
11.000000
12.000000
12.000000
12.000000
13.000000
13.000000
13.000000
14.000000
16.000000
16.000000
18.000000
18.000000
19.000000
20.000000
20.000000
22.000000
22.000000
23.000000
26.000000
29.000000
37.000000
40.000000
56.000000
82.000000
103.000000
144.000000
179.000000
200.000000
229.000000
260.000000
334.000000
363.000000
398.000000
432.000000
504.000000
541.000000
563.000000
587.000000
614.000000
661.000000
691.000000
710.000000
735.000000
873.000000
977.000000
1017.000000
1070.000000
1099.000000
1115.000000
1154.000000
1177.000000
1201.000000
1229.000000
1244.000000
1287.000000
1307.000000
1359.000000
1387.000000
1421.000000
1462.000000
1492.000000
1551.000000
1599.000000
1622.000000
