1.000000
1.000000
1.000000
1.000000
1.000000
1.000000
2.000000
3.000000
3.000000
3.000000
3.000000
4.000000
4.000000
4.000000
4.000000
5.000000
5.000000
5.000000
6.000000
6.000000
6.000000
7.000000
7.000000
7.000000
7.000000
7.000000
7.000000
8.000000
8.000000
8.000000
8.000000
9.000000
9.000000
10.000000
11.000000
12.000000
13.000000
13.000000
14.000000
14.000000
14.000000
15.000000
15.000000
15.000000
15.000000
16.000000
17.000000
19.000000
20.000000
21.000000
22.000000
24.000000
26.000000
28.000000
32.000000
38.000000
65.000000
68.000000
396.000000
422.000000
449.000000
494.000000
512.000000
548.000000
715.000000
769.000000
785.000000
803.000000
821.000000
852.000000
878.000000
912.000000
962.000000
1009.000000
1029.000000
1059.000000
1082.000000
1139.000000
1164.000000
1192.000000
1213.000000
1226.000000
1251.000000
1270.000000
1296.000000
1317.000000
1358.000000
1393.000000
1414.000000
1443.000000
1474.000000
1548.000000
1577.000000
1612.000000
1646.000000
