0.000000
1.000000
1.000000
1.000000
2.000000
2.000000
2.000000
2.000000
3.000000
3.000000
3.000000
3.000000
4.000000
4.000000
4.000000
5.000000
5.000000
5.000000
5.000000
6.000000
6.000000
7.000000
7.000000
7.000000
7.000000
7.000000
7.000000
7.000000
8.000000
8.000000
8.000000
9.000000
9.000000
10.000000
10.000000
11.000000
11.000000
12.000000
12.000000
12.000000
12.000000
14.000000
14.000000
14.000000
15.000000
15.000000
16.000000
16.000000
16.000000
17.000000
18.000000
19.000000
19.000000
20.000000
21.000000
23.000000
23.000000
23.000000
23.000000
24.000000
26.000000
27.000000
30.000000
32.000000
42.000000
46.000000
48.000000
57.000000
70.000000
789.000000
815.000000
842.000000
887.000000
905.000000
941.000000
1108.000000
1162.000000
1178.000000
1196.000000
1214.000000
1245.000000
1271.000000
1305.000000
1355.000000
1402.000000
1422.000000
1452.000000
1475.000000
1532.000000
1557.000000
1585.000000
1606.000000
1619.000000
1644.000000
1663.000000
