0.000000
0.000000
1.000000
1.000000
1.000000
2.000000
2.000000
3.000000
3.000000
3.000000
4.000000
4.000000
5.000000
5.000000
5.000000
5.000000
6.000000
6.000000
6.000000
6.000000
6.000000
6.000000
6.000000
7.000000
8.000000
8.000000
8.000000
8.000000
9.000000
9.000000
10.000000
11.000000
11.000000
12.000000
12.000000
12.000000
14.000000
14.000000
14.000000
15.000000
15.000000
16.000000
16.000000
17.000000
20.000000
20.000000
23.000000
23.000000
24.000000
24.000000
24.000000
29.000000
34.000000
191.000000
245.000000
261.000000
279.000000
297.000000
328.000000
354.000000
388.000000
438.000000
485.000000
505.000000
535.000000
558.000000
615.000000
640.000000
668.000000
689.000000
702.000000
727.000000
746.000000
772.000000
793.000000
834.000000
869.000000
890.000000
919.000000
950.000000
1024.000000
1053.000000
1088.000000
1122.000000
1194.000000
1231.000000
1253.000000
1277.000000
1304.000000
1351.000000
1381.000000
1400.000000
1425.000000
1563.000000
1667.000000
