1.000000
1.000000
2.000000
2.000000
3.000000
4.000000
4.000000
4.000000
4.000000
4.000000
5.000000
5.000000
5.000000
5.000000
6.000000
6.000000
6.000000
7.000000
7.000000
8.000000
9.000000
9.000000
9.000000
10.000000
11.000000
11.000000
12.000000
12.000000
13.000000
13.000000
13.000000
16.000000
17.000000
17.000000
17.000000
17.000000
17.000000
17.000000
18.000000
18.000000
19.000000
19.000000
20.000000
22.000000
22.000000
22.000000
24.000000
29.000000
34.000000
43.000000
93.000000
140.000000
160.000000
190.000000
213.000000
270.000000
295.000000
323.000000
344.000000
357.000000
382.000000
401.000000
427.000000
448.000000
489.000000
524.000000
545.000000
574.000000
605.000000
679.000000
708.000000
743.000000
777.000000
849.000000
886.000000
908.000000
932.000000
959.000000
1006.000000
1036.000000
1055.000000
1080.000000
1218.000000
1322.000000
1362.000000
1415.000000
1444.000000
1460.000000
1499.000000
1522.000000
1546.000000
1574.000000
1589.000000
1632.000000
1652.000000
