1.000000
1.000000
2.000000
2.000000
3.000000
3.000000
4.000000
4.000000
4.000000
4.000000
5.000000
5.000000
6.000000
6.000000
6.000000
6.000000
7.000000
7.000000
7.000000
7.000000
8.000000
8.000000
9.000000
9.000000
9.000000
10.000000
11.000000
12.000000
12.000000
12.000000
12.000000
12.000000
12.000000
13.000000
14.000000
14.000000
15.000000
16.000000
16.000000
16.000000
17.000000
18.000000
19.000000
19.000000
19.000000
24.000000
25.000000
26.000000
27.000000
39.000000
51.000000
143.000000
183.000000
236.000000
265.000000
281.000000
320.000000
343.000000
367.000000
395.000000
410.000000
453.000000
473.000000
525.000000
553.000000
587.000000
628.000000
658.000000
717.000000
765.000000
788.000000
855.000000
874.000000
889.000000
936.000000
958.000000
974.000000
1004.000000
1051.000000
1083.000000
1111.000000
1183.000000
1240.000000
1293.000000
1334.000000
1384.000000
1395.000000
1424.000000
1477.000000
1527.000000
1554.000000
1580.000000
1621.000000
1644.000000
1658.000000
