1.000000
1.000000
1.000000
1.000000
1.000000
1.000000
1.000000
1.000000
1.000000
2.000000
2.000000
2.000000
2.000000
3.000000
4.000000
4.000000
4.000000
4.000000
4.000000
4.000000
5.000000
5.000000
5.000000
6.000000
7.000000
7.000000
8.000000
8.000000
8.000000
8.000000
8.000000
9.000000
10.000000
10.000000
10.000000
10.000000
11.000000
12.000000
12.000000
12.000000
13.000000
13.000000
14.000000
16.000000
17.000000
19.000000
20.000000
22.000000
22.000000
23.000000
24.000000
25.000000
26.000000
29.000000
36.000000
38.000000
39.000000
55.000000
63.000000
67.000000
71.000000
85.000000
104.000000
134.000000
193.000000
241.000000
264.000000
331.000000
350.000000
365.000000
412.000000
434.000000
450.000000
480.000000
527.000000
559.000000
587.000000
659.000000
716.000000
769.000000
810.000000
860.000000
871.000000
900.000000
953.000000
1003.000000
1030.000000
1056.000000
1097.000000
1120.000000
1134.000000
1182.000000
1194.000000
1221.000000
1237.000000
