0.000000
0.000000
0.000000
1.000000
1.000000
1.000000
1.000000
1.000000
1.000000
1.000000
1.000000
1.000000
1.000000
1.000000
1.000000
1.000000
1.000000
2.000000
2.000000
2.000000
2.000000
2.000000
2.000000
2.000000
2.000000
2.000000
2.000000
2.000000
2.000000
2.000000
2.000000
3.000000
3.000000
3.000000
3.000000
3.000000
3.000000
3.000000
3.000000
3.000000
3.000000
3.000000
3.000000
3.000000
3.000000
4.000000
4.000000
4.000000
4.000000
4.000000
4.000000
5.000000
5.000000
5.000000
5.000000
5.000000
5.000000
5.000000
5.000000
5.000000
5.000000
5.000000
5.000000
6.000000
6.000000
6.000000
6.000000
6.000000
6.000000
6.000000
6.000000
7.000000
7.000000
7.000000
7.000000
7.000000
7.000000
7.000000
7.000000
7.000000
7.000000
7.000000
7.000000
7.000000
7.000000
7.000000
8.000000
8.000000
8.000000
8.000000
8.000000
8.000000
8.000000
8.000000
8.000000
8.000000
9.000000
9.000000
9.000000
9.000000
9.000000
9.000000
9.000000
9.000000
9.000000
9.000000
9.000000
10.000000
10.000000
10.000000
10.000000
10.000000
10.000000
10.000000
10.000000
11.000000
11.000000
11.000000
11.000000
11.000000
11.000000
11.000000
11.000000
12.000000
12.000000
12.000000
12.000000
12.000000
12.000000
12.000000
13.000000
13.000000
13.000000
13.000000
13.000000
13.000000
13.000000
14.000000
14.000000
14.000000
14.000000
14.000000
14.000000
15.000000
15.000000
15.000000
15.000000
15.000000
15.000000
16.000000
16.000000
16.000000
16.000000
16.000000
16.000000
16.000000
17.000000
17.000000
17.000000
17.000000
17.000000
17.000000
18.000000
18.000000
18.000000
18.000000
18.000000
18.000000
18.000000
18.000000
19.000000
19.000000
19.000000
19.000000
19.000000
19.000000
19.000000
19.000000
20.000000
20.000000
20.000000
21.000000
21.000000
22.000000
22.000000
22.000000
23.000000
24.000000
28.000000
28.000000
29.000000
29.000000
29.000000
30.000000
34.000000
35.000000
35.000000
38.000000
38.000000
39.000000
41.000000
41.000000
45.000000
45.000000
49.000000
53.000000
54.000000
55.000000
57.000000
66.000000
79.000000
90.000000
94.000000
107.000000
109.000000
113.000000
119.000000
127.000000
150.000000
154.000000
155.000000
167.000000
182.000000
