0.000000
1.000000
2.000000
2.000000
3.000000
4.000000
4.000000
4.000000
4.000000
5.000000
5.000000
5.000000
5.000000
5.000000
6.000000
7.000000
7.000000
8.000000
8.000000
8.000000
9.000000
9.000000
10.000000
10.000000
10.000000
14.000000
14.000000
14.000000
17.000000
17.000000
20.000000
21.000000
21.000000
23.000000
24.000000
24.000000
25.000000
25.000000
28.000000
28.000000
30.000000
31.000000
32.000000
40.000000
46.000000
47.000000
52.000000
53.000000
64.000000
65.000000
68.000000
73.000000
77.000000
96.000000
97.000000
113.000000
126.000000
134.000000
146.000000
154.000000
291.000000
320.000000
354.000000
383.000000
411.000000
668.000000
724.000000
858.000000
893.000000
