1.000000
1.000000
2.000000
2.000000
2.000000
3.000000
3.000000
4.000000
4.000000
5.000000
5.000000
6.000000
6.000000
6.000000
7.000000
7.000000
7.000000
8.000000
8.000000
8.000000
9.000000
9.000000
9.000000
11.000000
11.000000
11.000000
11.000000
12.000000
14.000000
15.000000
16.000000
19.000000
20.000000
23.000000
26.000000
26.000000
28.000000
32.000000
32.000000
33.000000
37.000000
45.000000
50.000000
51.000000
52.000000
55.000000
71.000000
73.000000
110.000000
139.000000
142.000000
149.000000
159.000000
169.000000
198.000000
222.000000
267.000000
299.000000
335.000000
382.000000
398.000000
420.000000
487.000000
508.000000
665.000000
694.000000
728.000000
757.000000
785.000000
