0.000000
0.000000
0.000000
0.000000
1.000000
3.000000
3.000000
3.000000
5.000000
7.000000
7.000000
7.000000
7.000000
8.000000
8.000000
8.000000
9.000000
9.000000
9.000000
10.000000
11.000000
11.000000
11.000000
11.000000
12.000000
12.000000
12.000000
14.000000
19.000000
20.000000
21.000000
21.000000
21.000000
22.000000
24.000000
38.000000
45.000000
54.000000
55.000000
56.000000
58.000000
67.000000
68.000000
69.000000
78.000000
82.000000
84.000000
93.000000
108.000000
142.000000
174.000000
232.000000
271.000000
291.000000
320.000000
344.000000
389.000000
421.000000
457.000000
504.000000
520.000000
542.000000
609.000000
630.000000
787.000000
816.000000
850.000000
879.000000
907.000000
