1.000000
1.000000
2.000000
3.000000
3.000000
4.000000
4.000000
5.000000
5.000000
5.000000
5.000000
5.000000
6.000000
6.000000
6.000000
7.000000
9.000000
10.000000
10.000000
12.000000
13.000000
14.000000
14.000000
15.000000
16.000000
16.000000
17.000000
18.000000
22.000000
24.000000
26.000000
29.000000
35.000000
45.000000
49.000000
62.000000
65.000000
88.000000
91.000000
92.000000
109.000000
113.000000
125.000000
136.000000
137.000000
139.000000
150.000000
157.000000
199.000000
225.000000
404.000000
424.000000
462.000000
531.000000
572.000000
585.000000
615.000000
645.000000
669.000000
703.000000
735.000000
793.000000
832.000000
852.000000
881.000000
905.000000
950.000000
982.000000
1018.000000
