0.000000
0.000000
1.000000
1.000000
3.000000
4.000000
5.000000
6.000000
6.000000
6.000000
7.000000
7.000000
7.000000
8.000000
8.000000
9.000000
9.000000
9.000000
10.000000
11.000000
12.000000
13.000000
15.000000
16.000000
17.000000
17.000000
19.000000
19.000000
22.000000
23.000000
27.000000
27.000000
29.000000
29.000000
31.000000
39.000000
39.000000
41.000000
45.000000
47.000000
50.000000
51.000000
55.000000
65.000000
65.000000
67.000000
68.000000
70.000000
89.000000
92.000000
119.000000
136.000000
137.000000
149.000000
162.000000
169.000000
205.000000
252.000000
268.000000
290.000000
357.000000
378.000000
535.000000
564.000000
598.000000
627.000000
655.000000
912.000000
968.000000
