0.000000
1.000000
1.000000
2.000000
2.000000
3.000000
3.000000
3.000000
4.000000
4.000000
4.000000
5.000000
7.000000
7.000000
7.000000
8.000000
8.000000
9.000000
9.000000
10.000000
10.000000
12.000000
12.000000
17.000000
17.000000
18.000000
19.000000
19.000000
21.000000
21.000000
22.000000
22.000000
23.000000
24.000000
25.000000
28.000000
29.000000
30.000000
35.000000
39.000000
42.000000
51.000000
52.000000
60.000000
68.000000
81.000000
99.000000
121.000000
160.000000
190.000000
224.000000
244.000000
331.000000
345.000000
394.000000
420.000000
599.000000
619.000000
657.000000
726.000000
767.000000
780.000000
810.000000
840.000000
864.000000
898.000000
930.000000
988.000000
1027.000000
