1.000000
1.000000
1.000000
2.000000
2.000000
3.000000
3.000000
3.000000
4.000000
4.000000
5.000000
5.000000
8.000000
8.000000
10.000000
10.000000
10.000000
10.000000
11.000000
12.000000
12.000000
13.000000
13.000000
14.000000
15.000000
16.000000
18.000000
19.000000
21.000000
21.000000
22.000000
24.000000
25.000000
32.000000
33.000000
35.000000
41.000000
43.000000
43.000000
44.000000
44.000000
45.000000
48.000000
49.000000
53.000000
54.000000
59.000000
60.000000
64.000000
65.000000
73.000000
74.000000
76.000000
77.000000
81.000000
93.000000
103.000000
128.000000
194.000000
235.000000
271.000000
438.000000
469.000000
646.000000
690.000000
714.000000
744.000000
782.000000
821.000000
