0.000000
1.000000
1.000000
2.000000
2.000000
3.000000
4.000000
4.000000
4.000000
5.000000
5.000000
5.000000
5.000000
5.000000
8.000000
8.000000
9.000000
11.000000
11.000000
12.000000
13.000000
13.000000
14.000000
14.000000
15.000000
15.000000
21.000000
22.000000
22.000000
25.000000
26.000000
27.000000
28.000000
29.000000
31.000000
34.000000
35.000000
39.000000
74.000000
80.000000
94.000000
95.000000
104.000000
115.000000
138.000000
153.000000
158.000000
222.000000
263.000000
276.000000
306.000000
336.000000
360.000000
394.000000
426.000000
484.000000
523.000000
543.000000
572.000000
596.000000
641.000000
673.000000
709.000000
756.000000
772.000000
794.000000
861.000000
882.000000
1039.000000
