0.000000
1.000000
2.000000
2.000000
3.000000
3.000000
3.000000
4.000000
4.000000
4.000000
4.000000
5.000000
5.000000
7.000000
7.000000
9.000000
10.000000
10.000000
10.000000
10.000000
11.000000
11.000000
12.000000
13.000000
14.000000
15.000000
15.000000
15.000000
17.000000
17.000000
20.000000
22.000000
23.000000
23.000000
25.000000
27.000000
31.000000
35.000000
36.000000
36.000000
44.000000
46.000000
53.000000
53.000000
54.000000
56.000000
56.000000
58.000000
61.000000
65.000000
69.000000
70.000000
75.000000
78.000000
85.000000
131.000000
186.000000
290.000000
381.000000
422.000000
458.000000
625.000000
656.000000
833.000000
877.000000
901.000000
931.000000
969.000000
1008.000000
