1.000000
1.000000
2.000000
2.000000
2.000000
2.000000
3.000000
3.000000
5.000000
5.000000
5.000000
6.000000
6.000000
7.000000
7.000000
7.000000
8.000000
8.000000
8.000000
9.000000
10.000000
11.000000
11.000000
12.000000
12.000000
12.000000
13.000000
14.000000
14.000000
16.000000
20.000000
26.000000
26.000000
26.000000
27.000000
28.000000
28.000000
28.000000
34.000000
34.000000
34.000000
35.000000
40.000000
40.000000
45.000000
53.000000
56.000000
58.000000
62.000000
65.000000
70.000000
71.000000
74.000000
74.000000
96.000000
102.000000
117.000000
117.000000
133.000000
155.000000
359.000000
415.000000
549.000000
584.000000
755.000000
859.000000
950.000000
991.000000
1027.000000
