0.000000
1.000000
1.000000
2.000000
2.000000
4.000000
5.000000
5.000000
5.000000
6.000000
6.000000
6.000000
7.000000
7.000000
7.000000
8.000000
8.000000
8.000000
9.000000
9.000000
9.000000
10.000000
10.000000
10.000000
10.000000
11.000000
12.000000
14.000000
14.000000
15.000000
16.000000
16.000000
17.000000
19.000000
20.000000
20.000000
21.000000
22.000000
24.000000
27.000000
32.000000
33.000000
33.000000
39.000000
39.000000
45.000000
47.000000
48.000000
48.000000
49.000000
50.000000
52.000000
59.000000
61.000000
65.000000
66.000000
68.000000
78.000000
84.000000
86.000000
109.000000
251.000000
282.000000
459.000000
503.000000
527.000000
557.000000
595.000000
634.000000
