0.000000
1.000000
1.000000
1.000000
1.000000
1.000000
2.000000
2.000000
3.000000
3.000000
3.000000
4.000000
4.000000
5.000000
5.000000
7.000000
7.000000
8.000000
8.000000
9.000000
10.000000
10.000000
10.000000
12.000000
12.000000
13.000000
13.000000
14.000000
14.000000
18.000000
18.000000
19.000000
21.000000
21.000000
22.000000
23.000000
23.000000
23.000000
28.000000
33.000000
33.000000
45.000000
53.000000
55.000000
62.000000
178.000000
195.000000
223.000000
243.000000
286.000000
300.000000
312.000000
334.000000
360.000000
390.000000
408.000000
430.000000
469.000000
499.000000
533.000000
553.000000
640.000000
654.000000
703.000000
729.000000
908.000000
928.000000
966.000000
1035.000000
