0.000000
1.000000
1.000000
2.000000
2.000000
3.000000
3.000000
4.000000
4.000000
6.000000
7.000000
7.000000
7.000000
8.000000
8.000000
9.000000
9.000000
9.000000
11.000000
12.000000
12.000000
13.000000
14.000000
17.000000
18.000000
20.000000
21.000000
21.000000
25.000000
25.000000
27.000000
27.000000
27.000000
28.000000
28.000000
29.000000
32.000000
40.000000
44.000000
47.000000
48.000000
50.000000
51.000000
52.000000
54.000000
57.000000
66.000000
68.000000
70.000000
71.000000
72.000000
73.000000
76.000000
92.000000
99.000000
107.000000
128.000000
148.000000
162.000000
163.000000
297.000000
332.000000
503.000000
607.000000
698.000000
739.000000
775.000000
942.000000
973.000000
