0.000000
1.000000
1.000000
3.000000
3.000000
3.000000
3.000000
3.000000
3.000000
4.000000
4.000000
4.000000
4.000000
5.000000
6.000000
7.000000
7.000000
9.000000
10.000000
11.000000
11.000000
11.000000
11.000000
11.000000
12.000000
12.000000
12.000000
12.000000
13.000000
15.000000
16.000000
17.000000
18.000000
22.000000
22.000000
25.000000
26.000000
29.000000
31.000000
32.000000
39.000000
40.000000
40.000000
46.000000
48.000000
48.000000
51.000000
60.000000
61.000000
65.000000
66.000000
69.000000
70.000000
89.000000
93.000000
128.000000
138.000000
148.000000
162.000000
226.000000
255.000000
289.000000
318.000000
346.000000
603.000000
659.000000
793.000000
828.000000
999.000000
