0.000000
1.000000
2.000000
2.000000
2.000000
3.000000
3.000000
3.000000
4.000000
5.000000
6.000000
6.000000
6.000000
7.000000
8.000000
8.000000
8.000000
9.000000
9.000000
10.000000
10.000000
11.000000
11.000000
12.000000
14.000000
14.000000
14.000000
14.000000
17.000000
18.000000
22.000000
22.000000
31.000000
32.000000
36.000000
56.000000
58.000000
60.000000
60.000000
69.000000
70.000000
73.000000
89.000000
101.000000
121.000000
164.000000
178.000000
190.000000
212.000000
238.000000
268.000000
286.000000
308.000000
347.000000
377.000000
411.000000
431.000000
518.000000
532.000000
581.000000
607.000000
786.000000
806.000000
844.000000
913.000000
954.000000
967.000000
997.000000
1027.000000
