0.000000
0.000000
0.000000
2.000000
2.000000
3.000000
3.000000
3.000000
4.000000
5.000000
5.000000
6.000000
7.000000
7.000000
8.000000
8.000000
8.000000
8.000000
9.000000
10.000000
10.000000
11.000000
11.000000
12.000000
12.000000
13.000000
13.000000
14.000000
15.000000
17.000000
17.000000
21.000000
21.000000
22.000000
23.000000
25.000000
26.000000
32.000000
33.000000
41.000000
41.000000
42.000000
51.000000
51.000000
57.000000
61.000000
67.000000
70.000000
71.000000
73.000000
73.000000
81.000000
89.000000
95.000000
111.000000
120.000000
129.000000
161.000000
178.000000
199.000000
356.000000
385.000000
419.000000
448.000000
476.000000
733.000000
789.000000
923.000000
958.000000
