0.000000
0.000000
1.000000
1.000000
2.000000
2.000000
4.000000
5.000000
5.000000
6.000000
6.000000
6.000000
7.000000
7.000000
8.000000
8.000000
8.000000
9.000000
9.000000
9.000000
10.000000
11.000000
11.000000
12.000000
12.000000
12.000000
12.000000
13.000000
13.000000
17.000000
20.000000
21.000000
22.000000
23.000000
26.000000
32.000000
36.000000
42.000000
49.000000
57.000000
61.000000
65.000000
66.000000
113.000000
130.000000
158.000000
178.000000
221.000000
235.000000
247.000000
269.000000
295.000000
325.000000
343.000000
365.000000
404.000000
434.000000
468.000000
488.000000
575.000000
589.000000
638.000000
664.000000
843.000000
863.000000
901.000000
970.000000
1011.000000
1024.000000
