0.000000
1.000000
1.000000
2.000000
2.000000
3.000000
4.000000
4.000000
5.000000
5.000000
6.000000
8.000000
8.000000
9.000000
9.000000
9.000000
10.000000
10.000000
11.000000
11.000000
11.000000
12.000000
12.000000
13.000000
13.000000
13.000000
14.000000
15.000000
15.000000
15.000000
16.000000
17.000000
19.000000
20.000000
20.000000
21.000000
22.000000
22.000000
23.000000
23.000000
28.000000
37.000000
37.000000
44.000000
47.000000
47.000000
48.000000
49.000000
49.000000
51.000000
53.000000
54.000000
56.000000
66.000000
69.000000
71.000000
75.000000
81.000000
85.000000
92.000000
128.000000
129.000000
153.000000
183.000000
221.000000
260.000000
679.000000
788.000000
813.000000
