1.000000
1.000000
1.000000
2.000000
3.000000
3.000000
3.000000
4.000000
4.000000
4.000000
5.000000
5.000000
5.000000
6.000000
7.000000
8.000000
8.000000
8.000000
8.000000
9.000000
9.000000
10.000000
11.000000
11.000000
12.000000
13.000000
13.000000
16.000000
16.000000
16.000000
16.000000
17.000000
18.000000
21.000000
22.000000
25.000000
26.000000
29.000000
33.000000
33.000000
34.000000
40.000000
43.000000
59.000000
59.000000
62.000000
63.000000
65.000000
65.000000
65.000000
69.000000
81.000000
87.000000
89.000000
103.000000
121.000000
128.000000
153.000000
170.000000
191.000000
348.000000
377.000000
411.000000
440.000000
468.000000
725.000000
781.000000
915.000000
950.000000
