0.000000
2.000000
2.000000
2.000000
2.000000
3.000000
3.000000
3.000000
4.000000
4.000000
4.000000
4.000000
6.000000
8.000000
8.000000
9.000000
9.000000
9.000000
10.000000
10.000000
11.000000
11.000000
11.000000
11.000000
12.000000
14.000000
14.000000
15.000000
16.000000
16.000000
16.000000
17.000000
17.000000
18.000000
19.000000
22.000000
22.000000
26.000000
28.000000
36.000000
38.000000
39.000000
42.000000
43.000000
54.000000
64.000000
77.000000
85.000000
109.000000
123.000000
143.000000
167.000000
206.000000
226.000000
255.000000
279.000000
324.000000
356.000000
392.000000
439.000000
455.000000
477.000000
544.000000
565.000000
722.000000
751.000000
785.000000
814.000000
842.000000
