1.000000
3.000000
3.000000
4.000000
4.000000
5.000000
5.000000
5.000000
5.000000
6.000000
8.000000
8.000000
9.000000
10.000000
10.000000
10.000000
10.000000
11.000000
11.000000
11.000000
11.000000
11.000000
12.000000
12.000000
12.000000
12.000000
12.000000
14.000000
15.000000
16.000000
16.000000
17.000000
17.000000
17.000000
18.000000
19.000000
19.000000
20.000000
21.000000
23.000000
25.000000
27.000000
36.000000
37.000000
40.000000
42.000000
46.000000
47.000000
48.000000
49.000000
49.000000
51.000000
53.000000
61.000000
65.000000
65.000000
80.000000
108.000000
142.000000
149.000000
154.000000
186.000000
210.000000
240.000000
278.000000
317.000000
736.000000
845.000000
870.000000
