1.000000
2.000000
2.000000
2.000000
4.000000
4.000000
4.000000
4.000000
5.000000
5.000000
6.000000
6.000000
6.000000
6.000000
6.000000
6.000000
7.000000
8.000000
8.000000
8.000000
8.000000
8.000000
9.000000
10.000000
10.000000
10.000000
12.000000
14.000000
14.000000
15.000000
16.000000
16.000000
16.000000
16.000000
17.000000
18.000000
20.000000
25.000000
26.000000
26.000000
28.000000
31.000000
32.000000
32.000000
36.000000
40.000000
46.000000
52.000000
55.000000
70.000000
77.000000
552.000000
569.000000
597.000000
617.000000
660.000000
674.000000
686.000000
708.000000
734.000000
764.000000
782.000000
804.000000
843.000000
873.000000
907.000000
927.000000
1014.000000
1028.000000
