1.000000
1.000000
2.000000
2.000000
2.000000
2.000000
3.000000
3.000000
3.000000
4.000000
5.000000
5.000000
5.000000
6.000000
7.000000
7.000000
8.000000
9.000000
9.000000
10.000000
10.000000
11.000000
11.000000
12.000000
13.000000
13.000000
13.000000
13.000000
15.000000
17.000000
18.000000
22.000000
22.000000
26.000000
33.000000
34.000000
37.000000
38.000000
39.000000
40.000000
48.000000
49.000000
60.000000
61.000000
74.000000
82.000000
108.000000
138.000000
156.000000
178.000000
217.000000
247.000000
281.000000
301.000000
388.000000
402.000000
451.000000
477.000000
656.000000
676.000000
714.000000
783.000000
824.000000
837.000000
867.000000
897.000000
921.000000
955.000000
987.000000
