0.000000
0.000000
1.000000
1.000000
2.000000
3.000000
3.000000
3.000000
4.000000
4.000000
4.000000
4.000000
6.000000
6.000000
6.000000
6.000000
8.000000
10.000000
10.000000
11.000000
11.000000
13.000000
14.000000
16.000000
17.000000
18.000000
18.000000
21.000000
22.000000
22.000000
24.000000
24.000000
25.000000
26.000000
28.000000
31.000000
36.000000
36.000000
37.000000
37.000000
38.000000
38.000000
39.000000
47.000000
48.000000
49.000000
52.000000
53.000000
54.000000
58.000000
58.000000
69.000000
69.000000
70.000000
75.000000
81.000000
92.000000
110.000000
145.000000
316.000000
420.000000
511.000000
552.000000
588.000000
755.000000
786.000000
963.000000
1007.000000
1031.000000
