2.000000
2.000000
2.000000
4.000000
4.000000
5.000000
6.000000
6.000000
7.000000
8.000000
8.000000
8.000000
9.000000
9.000000
9.000000
9.000000
10.000000
11.000000
11.000000
11.000000
12.000000
13.000000
14.000000
14.000000
17.000000
18.000000
18.000000
18.000000
20.000000
20.000000
21.000000
22.000000
24.000000
25.000000
27.000000
29.000000
38.000000
40.000000
43.000000
44.000000
45.000000
47.000000
50.000000
50.000000
52.000000
54.000000
55.000000
60.000000
60.000000
63.000000
64.000000
64.000000
65.000000
69.000000
72.000000
80.000000
90.000000
95.000000
101.000000
147.000000
272.000000
316.000000
340.000000
370.000000
408.000000
447.000000
866.000000
975.000000
1000.000000
