0.000000
0.000000
0.000000
1.000000
2.000000
3.000000
3.000000
3.000000
3.000000
4.000000
4.000000
5.000000
5.000000
6.000000
6.000000
6.000000
7.000000
8.000000
8.000000
8.000000
9.000000
10.000000
10.000000
11.000000
11.000000
11.000000
12.000000
12.000000
12.000000
12.000000
12.000000
13.000000
13.000000
14.000000
15.000000
15.000000
16.000000
17.000000
17.000000
17.000000
18.000000
19.000000
20.000000
21.000000
21.000000
24.000000
25.000000
26.000000
26.000000
28.000000
32.000000
34.000000
37.000000
40.000000
43.000000
46.000000
50.000000
54.000000
57.000000
64.000000
69.000000
100.000000
108.000000
132.000000
139.000000
162.000000
240.000000
349.000000
374.000000
