0.000000
0.000000
1.000000
1.000000
1.000000
2.000000
2.000000
2.000000
3.000000
3.000000
3.000000
3.000000
4.000000
5.000000
5.000000
6.000000
8.000000
9.000000
9.000000
9.000000
10.000000
11.000000
12.000000
13.000000
13.000000
13.000000
14.000000
15.000000
17.000000
17.000000
17.000000
17.000000
19.000000
22.000000
22.000000
23.000000
23.000000
23.000000
24.000000
30.000000
36.000000
40.000000
40.000000
45.000000
67.000000
68.000000
68.000000
81.000000
308.000000
325.000000
353.000000
373.000000
416.000000
430.000000
442.000000
464.000000
490.000000
520.000000
538.000000
560.000000
599.000000
629.000000
663.000000
683.000000
770.000000
784.000000
833.000000
859.000000
1038.000000
