0.000000
1.000000
1.000000
2.000000
3.000000
4.000000
4.000000
5.000000
5.000000
5.000000
6.000000
7.000000
9.000000
9.000000
9.000000
10.000000
10.000000
10.000000
11.000000
14.000000
14.000000
15.000000
17.000000
18.000000
18.000000
19.000000
23.000000
26.000000
30.000000
35.000000
42.000000
43.000000
48.000000
49.000000
56.000000
59.000000
60.000000
60.000000
62.000000
66.000000
74.000000
89.000000
94.000000
114.000000
117.000000
137.000000
157.000000
165.000000
201.000000
215.000000
264.000000
290.000000
469.000000
489.000000
527.000000
596.000000
637.000000
650.000000
680.000000
710.000000
734.000000
768.000000
800.000000
858.000000
897.000000
917.000000
946.000000
970.000000
1015.000000
