0.000000
1.000000
1.000000
2.000000
2.000000
2.000000
3.000000
4.000000
5.000000
6.000000
6.000000
7.000000
7.000000
7.000000
7.000000
8.000000
9.000000
10.000000
11.000000
12.000000
13.000000
14.000000
15.000000
15.000000
15.000000
16.000000
17.000000
18.000000
18.000000
20.000000
20.000000
20.000000
22.000000
23.000000
23.000000
26.000000
29.000000
30.000000
34.000000
36.000000
38.000000
43.000000
44.000000
44.000000
47.000000
50.000000
54.000000
56.000000
56.000000
61.000000
64.000000
65.000000
70.000000
71.000000
76.000000
77.000000
78.000000
108.000000
127.000000
129.000000
160.000000
337.000000
381.000000
405.000000
435.000000
473.000000
512.000000
931.000000
1040.000000
