0.000000
1.000000
1.000000
2.000000
3.000000
3.000000
3.000000
4.000000
4.000000
5.000000
5.000000
6.000000
7.000000
7.000000
8.000000
8.000000
8.000000
8.000000
9.000000
9.000000
10.000000
10.000000
10.000000
10.000000
11.000000
12.000000
12.000000
13.000000
13.000000
15.000000
16.000000
18.000000
18.000000
21.000000
23.000000
23.000000
24.000000
24.000000
27.000000
29.000000
31.000000
35.000000
35.000000
36.000000
38.000000
39.000000
41.000000
42.000000
42.000000
42.000000
53.000000
58.000000
58.000000
62.000000
62.000000
67.000000
67.000000
73.000000
77.000000
166.000000
194.000000
225.000000
402.000000
446.000000
470.000000
500.000000
538.000000
577.000000
996.000000
