0.000000
0.000000
1.000000
1.000000
1.000000
1.000000
1.000000
2.000000
3.000000
3.000000
5.000000
5.000000
5.000000
6.000000
6.000000
7.000000
9.000000
13.000000
14.000000
14.000000
14.000000
15.000000
15.000000
15.000000
15.000000
16.000000
17.000000
19.000000
24.000000
25.000000
25.000000
26.000000
27.000000
28.000000
29.000000
31.000000
34.000000
42.000000
43.000000
45.000000
45.000000
48.000000
52.000000
53.000000
55.000000
57.000000
60.000000
62.000000
64.000000
69.000000
71.000000
74.000000
79.000000
84.000000
100.000000
104.000000
124.000000
133.000000
147.000000
156.000000
167.000000
196.000000
224.000000
481.000000
537.000000
671.000000
706.000000
877.000000
981.000000
