0.000000
0.000000
0.000000
0.000000
0.000000
0.000000
1.000000
2.000000
4.000000
4.000000
4.000000
5.000000
5.000000
6.000000
6.000000
7.000000
9.000000
9.000000
9.000000
10.000000
11.000000
11.000000
12.000000
14.000000
14.000000
15.000000
16.000000
18.000000
18.000000
19.000000
20.000000
20.000000
24.000000
24.000000
33.000000
34.000000
35.000000
46.000000
47.000000
48.000000
49.000000
50.000000
55.000000
55.000000
60.000000
63.000000
65.000000
68.000000
73.000000
83.000000
98.000000
121.000000
128.000000
130.000000
146.000000
152.000000
153.000000
168.000000
235.000000
256.000000
413.000000
442.000000
476.000000
505.000000
533.000000
790.000000
846.000000
980.000000
1015.000000
