1.000000
1.000000
1.000000
2.000000
2.000000
2.000000
3.000000
3.000000
3.000000
4.000000
4.000000
4.000000
5.000000
5.000000
5.000000
5.000000
6.000000
6.000000
6.000000
7.000000
7.000000
7.000000
8.000000
9.000000
9.000000
9.000000
10.000000
10.000000
11.000000
11.000000
11.000000
13.000000
13.000000
13.000000
13.000000
14.000000
14.000000
17.000000
17.000000
17.000000
18.000000
19.000000
19.000000
20.000000
21.000000
24.000000
24.000000
30.000000
32.000000
35.000000
35.000000
38.000000
42.000000
48.000000
54.000000
55.000000
57.000000
66.000000
67.000000
74.000000
84.000000
84.000000
112.000000
129.000000
142.000000
166.000000
305.000000
414.000000
439.000000
