0.000000
0.000000
0.000000
0.000000
0.000000
1.000000
1.000000
2.000000
2.000000
2.000000
3.000000
3.000000
3.000000
4.000000
4.000000
6.000000
7.000000
7.000000
7.000000
7.000000
8.000000
8.000000
10.000000
10.000000
11.000000
11.000000
11.000000
11.000000
12.000000
12.000000
12.000000
12.000000
13.000000
13.000000
13.000000
13.000000
14.000000
14.000000
16.000000
16.000000
17.000000
17.000000
17.000000
17.000000
21.000000
21.000000
22.000000
26.000000
32.000000
32.000000
33.000000
33.000000
35.000000
39.000000
46.000000
47.000000
51.000000
52.000000
53.000000
55.000000
55.000000
56.000000
59.000000
63.000000
71.000000
73.000000
87.000000
162.000000
187.000000
