1.000000
1.000000
1.000000
1.000000
1.000000
2.000000
2.000000
2.000000
2.000000
2.000000
3.000000
4.000000
4.000000
4.000000
5.000000
5.000000
5.000000
7.000000
8.000000
8.000000
9.000000
9.000000
9.000000
11.000000
11.000000
14.000000
14.000000
15.000000
15.000000
18.000000
18.000000
19.000000
22.000000
23.000000
24.000000
25.000000
25.000000
30.000000
30.000000
30.000000
32.000000
35.000000
41.000000
41.000000
49.000000
50.000000
54.000000
59.000000
61.000000
430.000000
447.000000
475.000000
495.000000
538.000000
552.000000
564.000000
586.000000
612.000000
642.000000
660.000000
682.000000
721.000000
751.000000
785.000000
805.000000
892.000000
906.000000
955.000000
981.000000
