0.000000
3.000000
3.000000
4.000000
4.000000
5.000000
5.000000
6.000000
6.000000
6.000000
7.000000
8.000000
8.000000
9.000000
10.000000
10.000000
11.000000
11.000000
12.000000
13.000000
15.000000
16.000000
16.000000
17.000000
18.000000
22.000000
23.000000
23.000000
26.000000
26.000000
26.000000
31.000000
34.000000
34.000000
36.000000
54.000000
57.000000
71.000000
89.000000
100.000000
123.000000
127.000000
137.000000
141.000000
153.000000
154.000000
184.000000
214.000000
238.000000
272.000000
304.000000
362.000000
401.000000
421.000000
450.000000
474.000000
519.000000
551.000000
587.000000
634.000000
650.000000
672.000000
739.000000
760.000000
917.000000
946.000000
980.000000
1009.000000
1037.000000
