0.000000
2.000000
4.000000
4.000000
4.000000
5.000000
7.000000
7.000000
7.000000
8.000000
8.000000
8.000000
8.000000
9.000000
9.000000
9.000000
10.000000
11.000000
11.000000
11.000000
12.000000
12.000000
13.000000
14.000000
14.000000
17.000000
17.000000
17.000000
18.000000
21.000000
21.000000
24.000000
28.000000
29.000000
31.000000
35.000000
35.000000
56.000000
57.000000
58.000000
71.000000
72.000000
76.000000
89.000000
119.000000
121.000000
147.000000
149.000000
173.000000
207.000000
239.000000
297.000000
336.000000
356.000000
385.000000
409.000000
454.000000
486.000000
522.000000
569.000000
585.000000
607.000000
674.000000
695.000000
852.000000
881.000000
915.000000
944.000000
972.000000
