2.000000
3.000000
3.000000
3.000000
3.000000
3.000000
3.000000
3.000000
4.000000
5.000000
6.000000
6.000000
7.000000
7.000000
7.000000
7.000000
8.000000
8.000000
9.000000
9.000000
10.000000
10.000000
10.000000
11.000000
14.000000
14.000000
16.000000
17.000000
22.000000
23.000000
25.000000
25.000000
30.000000
31.000000
39.000000
42.000000
43.000000
50.000000
70.000000
73.000000
88.000000
93.000000
96.000000
145.000000
157.000000
159.000000
198.000000
211.000000
241.000000
271.000000
295.000000
329.000000
361.000000
419.000000
458.000000
478.000000
507.000000
531.000000
576.000000
608.000000
644.000000
691.000000
707.000000
729.000000
796.000000
817.000000
974.000000
1003.000000
1037.000000
