2.000000
2.000000
3.000000
3.000000
3.000000
3.000000
3.000000
3.000000
4.000000
4.000000
4.000000
4.000000
4.000000
4.000000
5.000000
5.000000
7.000000
7.000000
8.000000
8.000000
9.000000
10.000000
10.000000
11.000000
11.000000
11.000000
12.000000
12.000000
13.000000
13.000000
15.000000
16.000000
17.000000
17.000000
18.000000
18.000000
19.000000
19.000000
22.000000
22.000000
25.000000
25.000000
28.000000
38.000000
41.000000
43.000000
45.000000
45.000000
48.000000
50.000000
55.000000
56.000000
57.000000
57.000000
69.000000
73.000000
88.000000
116.000000
146.000000
150.000000
157.000000
194.000000
218.000000
248.000000
286.000000
325.000000
744.000000
853.000000
878.000000
