0.000000
1.000000
1.000000
2.000000
2.000000
4.000000
5.000000
6.000000
7.000000
8.000000
8.000000
9.000000
9.000000
10.000000
11.000000
11.000000
12.000000
12.000000
12.000000
13.000000
14.000000
14.000000
15.000000
16.000000
17.000000
18.000000
19.000000
21.000000
23.000000
24.000000
25.000000
27.000000
29.000000
31.000000
33.000000
35.000000
37.000000
39.000000
47.000000
47.000000
53.000000
57.000000
58.000000
59.000000
70.000000
73.000000
75.000000
76.000000
81.000000
100.000000
111.000000
141.000000
144.000000
145.000000
154.000000
177.000000
213.000000
260.000000
276.000000
298.000000
365.000000
386.000000
543.000000
572.000000
606.000000
635.000000
663.000000
920.000000
976.000000
