0.000000
0.000000
1.000000
1.000000
1.000000
1.000000
4.000000
4.000000
4.000000
4.000000
5.000000
6.000000
6.000000
6.000000
7.000000
8.000000
9.000000
10.000000
12.000000
13.000000
14.000000
14.000000
15.000000
17.000000
17.000000
19.000000
20.000000
21.000000
24.000000
25.000000
26.000000
26.000000
33.000000
35.000000
35.000000
36.000000
36.000000
37.000000
40.000000
42.000000
44.000000
48.000000
58.000000
58.000000
59.000000
60.000000
62.000000
64.000000
65.000000
69.000000
78.000000
78.000000
79.000000
84.000000
99.000000
107.000000
136.000000
140.000000
155.000000
169.000000
289.000000
324.000000
495.000000
599.000000
690.000000
731.000000
767.000000
934.000000
965.000000
