0.000000
2.000000
2.000000
3.000000
3.000000
3.000000
5.000000
5.000000
5.000000
6.000000
6.000000
7.000000
8.000000
8.000000
9.000000
9.000000
9.000000
11.000000
11.000000
11.000000
12.000000
13.000000
13.000000
14.000000
14.000000
16.000000
17.000000
20.000000
21.000000
21.000000
21.000000
22.000000
23.000000
24.000000
28.000000
29.000000
30.000000
32.000000
35.000000
40.000000
45.000000
48.000000
50.000000
50.000000
53.000000
54.000000
60.000000
63.000000
63.000000
64.000000
64.000000
64.000000
68.000000
69.000000
76.000000
86.000000
142.000000
168.000000
259.000000
300.000000
336.000000
503.000000
534.000000
711.000000
755.000000
779.000000
809.000000
847.000000
886.000000
