0.000000
0.000000
2.000000
2.000000
3.000000
3.000000
4.000000
4.000000
5.000000
5.000000
5.000000
5.000000
5.000000
5.000000
6.000000
9.000000
9.000000
9.000000
11.000000
11.000000
11.000000
12.000000
12.000000
13.000000
13.000000
13.000000
13.000000
13.000000
14.000000
14.000000
14.000000
15.000000
15.000000
16.000000
17.000000
17.000000
17.000000
17.000000
17.000000
18.000000
20.000000
22.000000
24.000000
25.000000
33.000000
38.000000
41.000000
45.000000
47.000000
48.000000
53.000000
54.000000
55.000000
66.000000
69.000000
97.000000
108.000000
133.000000
804.000000
821.000000
849.000000
869.000000
912.000000
926.000000
938.000000
960.000000
986.000000
1016.000000
1034.000000
