1.000000
2.000000
3.000000
4.000000
4.000000
4.000000
4.000000
5.000000
6.000000
7.000000
7.000000
7.000000
8.000000
8.000000
9.000000
10.000000
10.000000
10.000000
11.000000
12.000000
13.000000
13.000000
15.000000
15.000000
15.000000
17.000000
18.000000
18.000000
18.000000
29.000000
30.000000
31.000000
31.000000
31.000000
46.000000
53.000000
60.000000
65.000000
69.000000
78.000000
100.000000
116.000000
136.000000
139.000000
160.000000
169.000000
180.000000
218.000000
287.000000
328.000000
341.000000
371.000000
401.000000
425.000000
459.000000
491.000000
549.000000
588.000000
608.000000
637.000000
661.000000
706.000000
738.000000
774.000000
821.000000
837.000000
859.000000
926.000000
947.000000
