1.000000
1.000000
1.000000
1.000000
2.000000
3.000000
4.000000
4.000000
5.000000
5.000000
5.000000
6.000000
6.000000
7.000000
8.000000
10.000000
10.000000
12.000000
12.000000
13.000000
14.000000
15.000000
17.000000
17.000000
17.000000
20.000000
20.000000
23.000000
23.000000
27.000000
29.000000
29.000000
31.000000
31.000000
37.000000
38.000000
39.000000
39.000000
40.000000
41.000000
43.000000
51.000000
55.000000
56.000000
59.000000
59.000000
60.000000
62.000000
63.000000
64.000000
65.000000
68.000000
73.000000
74.000000
91.000000
102.000000
127.000000
127.000000
131.000000
149.000000
159.000000
165.000000
416.000000
472.000000
606.000000
641.000000
812.000000
916.000000
1007.000000
