0.000000
1.000000
1.000000
2.000000
3.000000
4.000000
4.000000
4.000000
5.000000
5.000000
5.000000
5.000000
5.000000
6.000000
6.000000
6.000000
7.000000
7.000000
8.000000
8.000000
8.000000
9.000000
9.000000
9.000000
9.000000
9.000000
9.000000
9.000000
10.000000
10.000000
13.000000
14.000000
15.000000
16.000000
16.000000
17.000000
20.000000
23.000000
27.000000
28.000000
29.000000
30.000000
46.000000
51.000000
56.000000
58.000000
59.000000
64.000000
73.000000
89.000000
495.000000
512.000000
540.000000
560.000000
603.000000
617.000000
629.000000
651.000000
677.000000
707.000000
725.000000
747.000000
786.000000
816.000000
850.000000
870.000000
957.000000
971.000000
1020.000000
