0
0
0
0
0
0
0
0
0
0
0
0
0
0
0
0
0
0
0
0
0
0
0
0
0
0
0
0
0
0
0
0
0
0
0
0
0
0
0
0
0
0
0
0
0
0
0
0
0
0
0
0
0
0
0
0
0
0
0
0
0
0
0
0
0
0
0
0
0
0
0
0
0
0
0
0
0
0
0
0
0
0
0
0
0
0
0
0
0
0
0
0
0
0
0
0
0
0
0
0
0
0
0
0
0
0
0
0
0
0
0
0
0
0
0
0
0
0
0
0
0
0
0
0
0
0
0
0
0
0
0
0
0
0
0
0
0
0
0
0
0
0
0
0
0
0
0
0
0
0
0
0
0
0
0
0
0
0
0
0
0
0
0
0
0
0
0
0
0
0
0
0
0
0
0
0
0
0
0
0
0
0
0
0
0
0
0
0
0
0
0
0
0
0
0
0
0
0
0
0
0
0
0
0
0
0
0
0
0
0
0
0
0
0
0
0
0
0
0
0
0
0
0
0
0
0
0
0
0
0
0
0
0
0
0
0
0
0
0
0
0
0
0
0
0
0
0
0
0
0
0
0
0
0
0
0
0
0
0
0
0
0
0
0
0
0
0
0
0
0
0
0
0
0
0
0
0
0
0
0
0
0
0
0
0
0
0
0
0
0
0
0
0
0
0
0
0
0
0
0
0
0
0
0
0
0
0
0
0
0
0
0
0
0
0
0
0
0
0
0
0
0
0
0
0
0
0
0
0
0
0
0
0
0
0
0
0
0
0
0
0
0
0
0
0
0
0
0
0
0
0
0
0
0
0
0
0
0
0
0
0
0
0
0
0
0
0
0
0
0
0
0
0
0
0
0
0
0
0
0
0
0
0
0
0
0
0
0
0
0
0
0
0
0
0
0
0
0
0
0
0
0
0
0
0
0
0
0
0
0
0
0
0
0
0
0
0
0
0
0
0
0
0
0
0
0
0
0
0
0
0
0
0
0
0
0
0
0
0
0
0
0
0
0
0
0
0
0
0
0
0
0
0
0
0
0
0
0
0
0
0
0
0
0
0
0
0
0
0
0
0
0
0
0
0
0
0
0
0
0
0
0
0
0
0
0
0
0
0
0
0
0
0
0
0
0
0
0
0
0
0
0
0
0
0
0
0
0
0
0
0
0
0
0
0
0
0
0
0
0
0
0
0
0
0
0
0
0
0
0
0
0
0
0
0
0
0
0
0
0
0
0
0
0
0
0
0
0
0
0
0
0
0
0
0
0
0
0
0
0
0
0
0
0
0
0
0
0
0
0
0
0
0
0
0
0
0
0
0
0
0
0
0
0
0
0
0
0
0
0
0
0
0
0
0
0
0
0
0
0
0
0
0
0
0
0
0
0
0
0
0
0
0
0
0
0
0
0
0
0
0
0
0
0
0
0
0
0
0
0
0
0
0
0
0
0
0
0
0
0
0
0
0
0
0
0
0
0
0
0
0
0
0
0
0
0
0
0
0
0
0
0
0
0
0
0
0
0
0
0
0
0
0
0
0
0
0
0
0
0
0
0
0
0
0
0
0
0
0
0
0
0
0
0
0
0
0
0
0
0
0
0
0
0
0
0
0
0
0
0
0
0
0
0
0
0
0
0
0
0
0
0
0
0
0
0
0
0
0
0
0
0
0
0
0
0
0
0
0
0
0
0
0
0
0
0
0
0
0
0
0
0
0
0
0
0
0
0
0
0
0
0
0
0
0
0
0
0
0
0
0
0
0
0
0
0
0
0
0
0
0
0
0
0
0
0
0
0
0
0
0
0
0
0
0
0
0
0
0
0
0
0
0
0
0
0
0
0
0
0
0
0
0
0
0
0
0
0
0
0
0
0
0
0
0
0
0
0
0
0
0
0
0
0
0
0
0
0
0
0
0
0
0
0
0
0
0
0
0
0
0
0
0
0
0
0
0
0
0
0
0
0
0
0
0
0
0
0
0
0
0
0
0
0
0
0
0
0
0
0
0
0
0
0
0
0
0
0
0
0
0
0
0
0
0
0
0
0
0
0
0
0
0
0
0
0
0
0
0
0
0
0
0
0
0
0
0
0
0
0
0
0
0
0
0
0
0
0
0
0
0
0
0
0
0
0
0
0
0
0
0
0
0
0
0
0
0
0
0
0
0
0
0
0
0
0
0
0
0
0
0
0
0
0
0
0
0
0
0
0
0
0
0
0
0
0
0
0
0
0
0
0
0.0245
0.0834
0
0
0
0
0
0
0
0
0
0
0
0
0
0
0
0
0
0
0
0
0
0
0
0
0
0
0
0
0
0
0
0
0
0
0
0
0
0
0
0
0
0
0
0
0
0
0
0
0
0
0
0
0
0
0
0
0
0
0
0
0
0
0
0
0
0
0
0
0
0
0
0
0
0
0
0
0
0
0
0
0
0
0
0
0
0
0
0.0223
0
0
0
0
0
0
0
0
0.021
0.0169
0
0
0.0332
0
0
0
0
0
0
0
0
0
0
0
0
0
0
0.0591
0
0
0
0
0
0
0
0
0.016
0
0
0
0
0
0
0.0391
0.0156
0
0
0
0
0
0
0
0
0
0
0
0
0
0
0
0
0
0
0
0
0
0
0
0
0
0
0
0
0
0
0
0
0
0
0
0
0
0
0
0
0
0
0
0
0
0
0
0
0
0
0
0
0
0
0
0
0
0
0
0
0
0
0
0
0
0
0
0
0
0
0
0
0
0
0
0
0
0
0
0
0
0
0
0
0
0
0
0
0
0
0
0
0
0
0
0
0
0
0
0
0
0
0
0
0
0
0
0
0
0
0
0
0
0
0
0
0
0
0
0
0
0
0
0
0
0
0
0
0
0
0
0
0
0
0
0
0
0
0
0
0
0
0
0
0
0
0
0
0
0
0
0
0
0
0
0
0
0
0
0
0
0
0
0
0
0
0
0
0
0
0
0
0
0
0
0
0
0
0
0
0
0
0
0
0
0
0
0
0
0
0
0
0
0
0
0
0
0
0
0
0
0
0
0
0
0
0
0
0
0
0
0
0
0
0
0
0
0
0
0
0
0
0
0
0
0
0
0
0
0
0
0
0
0
0
0
0
0
0
0
0
0
0
0
0
0
0
0
0
0
0
0
0
0
0
0
0
0
0
0
0
0
0
0
0
0
0
0
0
0
0
0
0
0
0
0
0
0
0
0
0
0
0
0
0
0
0
0
0
0
0
0
0
0
0
0
0
0
0
0
0
0
0
0
0
0
0
0
0
0
0
0
0
0
0
0
0
0
0
0
0
0
0
0
0
0
0
0
0
0
0
0
0
0
0
0
0
0
0
0
0
0
0
0
0
0
0.0228
0
0
0
0
0
0
0
0
0
0
0
0
0
0
0
0
0
0
0.024
0
0
0
0
0
0
0
0
0
0
0
0
0
0
0
0
0
0
0
0
0
0
0
0
0
0
0
0
0
0
0
0
0
0
0
0
0
0
0
0
0
0
0
0
0
0
0
0
0
0
0
0
0
0
0
0
0
0
0
0
0
0
0
0
0
0
0
0
0
0
0
0
0
0
0
0
0
0
0
0
0
0
0
0
0
0
0
0
0
0
0
0.0176
0.0162
0
0
0
0
0
0
0
0.0223
0
0.0177
0
0.0217
0
0.0209
0
0.0058
0.0241
0
0
0
0
0
0
0
0
0.0394
0
0
0
0
0
0
0
0
0
0
0.0412
0
0
0
0
0
0
0.0415
0.0346
0
0
0
0
0
0
0
0
0
0
0
0
0
0
0
0
0
0
0
0
0
0
0.0046
0
0
0
0.0378
0.0198
0.0035
0
0
0.0176
0
0
0
0
0.0164
0
0
0
0
0
0
0
0
0
0
0
0
0.0221
0
0
0
0
0
0
0
0.0258
0
0
0
0
0
0
0
0
0
0
0
0
0
0
0
0
0
0
0
0
0
0
0
0
0
0.0178
0.0031
0.0381
0
0
0
0.0182
0.0387
0
0
0.0168
0
0
0
0
0
0
0
0
0
0
0
0
0
0
0
0.0208
0
0
0
0.028
0
0
0
0
0
0
0
0.0218
0
0
0.0193
0
0
0
0
0
0
0
0
0
0
0
0
0
0
0
0
0
0
0
0
0
0
0
0
0
0
0
0
0
0
0
0
0
0
0
0
0
0
0
0
0
0
0
0
0
0
0
0
0
0
0
0
0
0
0
0
0
0
0
0
0
0
0
0
0
0
0
0
0
0
0
0
0
0
0
0
0
0
0
0
0
0
0
0
0
0
0
0
0
0
0
0
0
0
0
0
0
0
0
0
0
0
0
0
0
0
0
0
0
0
0
0
0
0
0
0
0
0
0
0
0
0
0
0
0
0
0
0
0
0
0
0.0192
0
0
0
0
0.0193
0
0
0
0
0
0
0
0
0
0.0089
0.0289
0
0
0
0
0.0401
0.0228
0
0
0
0
0
0
0
0
0
0
0
0
0
0.0212
0
0
0.0199
0
0
0.0427
0
0
0
0
0
0
0
0
0
0
0
0
0
0
0
0
0
0
0
0
0
0
0
0
0
0
0
0
0
0
0
0
0
0
0
0
0
0
0
0
0
0
0
0
0.0199
0
0
0
0
0
0
0
0
0
0
0
0
0
0
0
0
0
0
0
0
0
0
0
0
0
0
0
0
0
0
0
0
0
0
0
0
0
0
0
0
0
0
0
0
0
0.0384
0.004
0
0.0202
0
0
0
0
0
0.0046
0.0178
0
0
0
0
0
0.018
0.0195
0
0
0
0
0
0.0156
0
0.0211
0
0
0
0
0
0
0
0
0
0
0
0
0.0177
0
0.0223
0
0.0278
0
0
0
0
0
0.0488
0
0
0.0367
0.0467
0
0
0
0
0
0
0
0
0
0
0
0
0
0.0195
0
0
0.0252
0
0
0
0
0
0
0
0
0
0
0
0
0
0
0
0
0
0
0
0
0.0191
0
0
0
0
0
0
0.0202
0
0
0
0
0
0
0
0
0.0436
0
0
0
0
0
0
0
0
0
0
0
0
0
0
0
0.0441
0
0.0202
0
0
0
0
0
0.0258
0
0
0
0
0.0768
0
0
0
0
0.0235
0
0
0
0
0
0
0
0
0
0
0
0
0
0.0229
0
0.0162
0.0044
0
0
0.0352
0.0043
0.0043
0.0188
0
0
0
0
0
0.0167
0
0
0
0
0
0
0
0
0
0
0
0
0
0
0
0
0
0
0
0
0
0.0426
0
0
0
0
0
0
0
0
0
0.0218
0
0
0
0
0
0
0.0354
0
0
0
0
0
0
0.0211
0
0
0
0
0
0
0
0
0.0248
0
0
0.0205
0
0
0
0
0
0
0.0235
0
0
0.0571
0
0.0205
0
0.0045
0.016
0
0.0458
0
0.0238
0.0416
0
0
0
0
0
0
0
0
0
0
0
0
0
0
0
0
0
0
0.0164
0
0
0
0
0
0
0
0
0
0.0164
0
0
0
0
0.0202
0
0
0
0
0
0
0
0.0197
0
0
0
0
0
0
0
0
0
0
0
0
0
0
0
0
0
0
0
0
0
0.0214
0
0
0.0189
0
0
0
0
0
0
0
0
0
0
0
0
0
0
0
0
0
0
0
0
0
0
0
0
0
0
0
0.0207
0
0
0
0
0
0
0
0.0205
0
0
0
0
0
0.0194
0
0
0.0218
0
0
0
0
0
0
0
0
0
0
0.0689
0.0483
0
0
0
0.0221
0
0
0
0
0
0
0.0202
0
0
0.0214
0
0
0
0
0.0406
0
0.0173
0
0
0
0
0
0
0
0
0
0
0
0
0
0
0
0
0
0
0
0
0
0
0
0
0
0
0
0
0
0
0
0
0.0452
0
0.0218
0
0
0
0
0
0
0
0
0
0.02
0
0
0
0
0
0
0.0463
0
0
0
0
0
0
0
0
0
0.0211
0
0
0.0217
0
0
0
0.0228
0
0
0
0
0
0
0
0
0
0
0
0
0
0
0
0
0
0
0
0
0
0
0
0
0
0
0
0
0
0
0
0
0
0.0199
0
0
0
0
0
0
0
0
0
0
0
0
0.0231
0
0
0
0
0
0
0
0
0
0
0
0
0
0
0
0
0
0
0
0.023
0
0
0
0
0
0
0
0
0
0
0
0
0
0
0
0
0
0
0
0.0559
0
0
0
0
0
0
0
0
0
0
0
0
0
0
0
0
0
0
0
0.0216
0
0.0219
0
0
0
0
0
0
0
0
0
0
0
0
0
0
0
0
0
0
0
0
0
0
0
0
0
0
0
0
0
0
0
0
0
0
0
0
0
0
0
0
0
0
0
0
0
0
0
0
0
0
0
0
0
0
0
0
0
0
0
0
0
0
0
0
0
0
0
0
0
0
0
0
0
0
0
0
0
0
0
0
0
0
0
0
0
0
0
0
0
0
0
0
0
0
0.0312
0
0
0
0.0201
0
0
0
0
0
0.0189
0
0
0.0403
0.0216
0.0269
0
0
0
0
0
0
0
0
0
0
0
0
0
0
0
0
0.0216
0.039
0
0.0545
0
0
0
0
0
0
0
0
0
0
0
0
0
0
0.0447
0
0
0
0
0.0367
0.0072
0
0
0
0.0242
0.0191
0
0
0
0
0
0
0
0
0
0
0
0
0
0
0
0
0
0
0
0
0
0
0.0208
0
0
0.0195
0
0
0
0
0
0
0
0
0
0
0
0
0.0407
0
0
0
0
0
0
0
0
0
0
0
0
0
0
0
0
0
0
0
0
0
0
0
0
0
0
0
0
0
0
0
0
0
0
0.0196
0
0
0
0
0
0
0
0.0381
0
0
0
0
0
0
0
0
0
0
0
0
0
0
0
0
0
0
0
0
0
0
0
0
0
0
0
0
0
0
0.0392
0
0
0
0
0
0
0
0
0.0144
0
0
0
0
0
0
0
0
0
0
0
0
0
0
0
0
0
0
0
0
0
0
0
0
0
0
0
0
0
0
0
0
0
0
0
0
0
0
0
0
0
0
0
0
0
0
0
0
0
0
0
0
0
0
0
0
0
0
0
0
0
0
0
0
0
0
0
0
0
0
0
0
0
0
0
0
0
0
0
0
0
0
0
0
0
0
0
0
0
0
0
0
0
0
0
0
0
0
0
0
0
0
0
0
0
0
0
0
0
0
0
0
0
0
0
0
0
0
0
0
0
0
0
0
0
0
0
0
0
0
0
0
0
0
0
0
0
0.0272
0
0
0
0.0194
0
0
0.0129
0.0233
0
0
0
0
0.0198
0
0
0
0
0
0
0
0
0
0.0285
0
0
0
0
0
0.0187
0
0
0
0
0
0
0
0
0
0
0
0
0
0
0
0
0
0
0.0196
0.0405
0
0
0.0627
0.0171
0
0
0.018
0
0
0.015
0
0
0.024
0.064
0
0
0
0
0
0
0
0
0
0.0297
0.0306
0
0
0
0
0
0
0
0
0
0
0
0
0
0
0
0
0
0
0
0
0
0
0
0
0
0
0
0
0
0.0407
0
0
0
0
0
0
0
0
0
0
0
0
0
0
0
0
0
0
0
0
0
0
0
0
0
0
0
0
0
0.0199
0
0
0
0
0
0
0
0
0.0218
0
0
0
0
0
0
0
0
0
0
0
0
0
0
0
0
0
0
0
0
0
0
0
0
0
0
0
0
0
0
0
0
0
0
0
0
0
0
0
0
0
0
0
0
0
0
0
0
0
0
0
0
0
0
0
0
0
0
0
0
0.0224
0
0
0
0
0
0
0
0
0
0
0.0214
0
0
0
0
0
0
0
0
0
0
0
0
0
0
0
0
0
0
0
0
0
0
0
0
0
0
0
0
0
0.0222
0
0
0
0
0
0
0
0
0
0.0408
0.0379
0
0
0
0
0
0
0
0
0
0
0
0
0
0
0
0
0
0
0
0
0
0.0424
0
0
0
0
0
0
0
0
0
0
0
0
0
0
0
0
0.0588
0
0
0
0.0306
0
0.0086
0.0037
0.0132
0
0
0
0
0
0
0
0
0
0.0412
0.0229
0
0
0
0
0
0
0
0
0
0.0213
0.0416
0
0
0
0.0606
0.0139
0
0
0
0
0
0
0
0
0
0
0
0
0
0
0
0.0468
0
0
0
0
0
0
0
0
0
0
0
0
0
0
0
0
0
0.0396
0
0
0
0
0.0078
0
0
0
0
0
0
0
0
0.0422
0
0
0
0
0
0
0
0
0
0
0
0
0
0.0236
0
0
0.0175
0
0
0.0207
0
0
0.0196
0
0
0.0367
0
0
0
0
0
0
0
0
0
0
0
0
0
0.0073
0.0216
0
0
0
0
0
0
0
0
0
0
0
0
0
0
0
0
0
0
0
0
0
0
0
0
0
0
0
0
0
0
0
0.0157
0.0307
0
0
0.0799
0.0427
0
0
0
0
0
0
0
0
0
0
0.054
0
0
0
0
0
0
0
0
0
0
0
0
0
0
0
0
0
0
0
0
0
0.0022
0
0
0
0
0
0.0171
0
0
0
0
0
0
0
0
0
0.0236
0.0188
0.0067
0
0
0.0176
0
0
0
0
0
0
0.0161
0
0
0
0
0.0188
0
0
0
0
0
0
0.0176
0
0.0225
0.0214
0
0
0
0
0
0
0
0.0572
0
0
0
0.0211
0
0
0
0
0
0
0
0
0
0
0.0171
0
0
0
0
0
0
0
0
0
0
0
0
0
0.0168
0
0
0
0
0
0
0.026
0.0358
0
0
0
0
0
0
0
0
0
0
0
0
0
0
0
0
0
0.0162
0
0
0
0
0
0
0
0
0.0435
0
0
0
0
0.0213
0
0.0345
0
0.0445
0
0
0.0399
0
0.0213
0.0808
0
0
0
0
0.005
0
0
0
0
0.0182
0.0613
0
0.038
0
0
0.0056
0
0
0
0
0
0
0
0.0219
0
0.0055
0.0305
0
0
0
0
0
0
0
0
0
0
0
0.0168
0
0
0
0
0
0
0
0
0
0
0
0
0
0
0
0
0.0408
0
0
0
0.0196
0
0.0797
0.0198
0
0
0
0
0
0
0
0.009
0
0
0
0
0
0
0
0.0653
0
0
0
0
0
0
0
0
0
0
0
0
0
0
0
0
0
0
0
0.007
0
0
0
0
0.0034
0
0.0779
0
0.0223
0
0
0
0
0
0
0
0
0
0
0
0
0
0.0198
0
0.0211
0.0236
0
0
0
0
0
0
0.0252
0
0.0317
0
0.0064
0
0.0352
0
0
0
0
0
0
0
0
0
0
0
0
0
0
0
0.0042
0.0382
0
0
0
0
0.0157
0
0
0
0
0.0197
0.0084
0
0
0.0237
0.0236
0
0
0
0
0
0
0
0
0
0
0
0.0178
0
0
0
0
0
0.0425
0.0228
0
0.02
0
0.0225
0
0.0398
0
0
0
0
0
0
0
0
0
0
0
0
0
0
0
0
0
0
0
0
0
0
0.0599
0.017
0
0
0
0
0
0
0.0165
0
0
0.087
0
0
0.0197
0
0
0
0.0372
0
0
0
0
0
0
0
0
0.0174
0
0.0176
0.022
0.017
0
0
0
0
0
0
0.0358
0
0.0157
0.0723
0
0
0
0
0.016
0
0
0.05
0
0
0.0192
0
0
0
0
0
0.019
0
0.0268
0
0.0176
0
0
0
0
0
0
0
0
0
0
0.0158
0
0
0
0
0.0393
0
0
0
0
0.0046
0
0.0374
0
0
0.0198
0
0.0392
0
0.0173
0.0378
0.0219
0.0204
0.0045
0
0.0346
0
0.0041
0
0
0
0
0
0
0
0
0
0
0
0
0
0
0.0417
0.0626
0
0
0
0
0.0176
0.0724
0
0
0
0.1004
0
0
0
0
0
0
0
0
0.0357
0
0
0
0.0088
0.0215
0
0
0
0
0
0
0
0
0
0
0
0.0172
0.018
0
0
0
0
0
0
0.0167
0
0
0
0.0179
0.021
0
0
0.02
0
0
0
0
0
0
0
0
0
0
0
0.0267
0
0
0.0373
0.0373
0
0
0
0
0
0.1069
0
0
0
0
0
0
0
0
0.0312
0.0238
0
0.0187
0
0
0
0
0
0
0
0
0
0
0.0164
0
0.0131
0
0
0
0
0
0
0.0256
0
0
0
0
0
0
0
0
0.0193
0.0342
0
0
0.0238
0.02
0
0
0
0
0
0
0
0
0
0
0
0
0
0.0201
0
0
0
0.0511
0
0
0
0.0214
0
0
0
0
0
0
0
0
0
0
0
0.0606
0.0195
0
0
0
0
0
0
0
0.0445
0.0199
0
0
0
0
0
0
0
0
0
0.02
0.0067
0
0
0
0.0201
0
0
0.0209
0.0215
0
0
0
0
0
0
0
0
0.0167
0.0207
0
0
0
0
0
0
0
0
0.0367
0
0
0
0
0.0434
0
0
0.0351
0
0.0387
0.0043
0
0.0131
0
0.0038
0
0
0
0
0
0
0
0.0232
0
0
0
0
0
0
0
0
0
0
0
0
0
0
0
0
0
0
0
0.0225
0
0
0
0
0
0
0
0
0
0.0415
0
0
0.0411
0
0
0
0
0
0
0.0213
0.0566
0
0.0227
0
0
0
0
0
0
0
0.0411
0
0
0
0
0
0
0
0
0
0
0
0
0
0
0.0854
0
0
0
0
0
0
0
0.0213
0.0174
0
0.0224
0
0
0
0
0
0.0199
0
0
0
0
0
0
0
0
0.0313
0
0.0159
0.0369
0
0.0407
0.0313
0.0173
0
0
0
0
0
0.0194
0
0
0
0
0.0233
0
0.0407
0
0
0
0
0.0208
0.0412
0.0164
0
0
0
0
0
0
0
0.0161
0.0188
0
0
0.0157
0
0
0
0.0373
0
0
0
0
0.0045
0
0
0.0192
0
0
0.067
0
0
0
0
0
0
0
0
0.0175
0.0406
0
0
0
0
0
0
0.058
0
0
0.0223
0
0
0.0204
0
0
0.0193
0.0191
0.0116
0.0271
0.0535
0.0248
0.0039
0.0246
0.0273
0.0215
0.0573
0.0171
0
0.0192
0
0.0212
0
0
0.0193
0.0208
0.0064
0
0.0054
0
0
0
0
0
0.0209
0
0.0356
0
0.0359
0
0
0
0.022
0
0
0
0.0149
0.0231
0.0369
0
0
0.0212
0.022
0
0
0
0.0178
0.0198
0
0
0
0
0
0.0702
0
0.0061
0.0107
0
0
0
0.0156
0.0687
0.0044
0
0
0
0
0
0
0
0.0032
0
0
0
0.0194
0.0151
0
0
0
0.0177
0
0.0631
0
0
0
0
0
0
0
0.0421
0
0.0138
0
0
0
0
0
0
0
0
0
0
0
0
0
0
0
0
0
0
0.0177
0
0
0
0
0
0
0
0
0
0
0
0.0363
0
0
0
0
0.0752
0
0
0
0
0
0
0
0
0
0
0
0
0
0
0
0
0
0
0
0
0
0
0
0.0255
0
0
0
0
0.0124
0
0
0
0
0
0
0
0
0
0
0
0
0.0149
0.0197
0
0
0
0
0
0
0.0349
0.0224
0
0
0
0
0
0
0.0201
0
0
0
0
0
0
0
0
0.0802
0
0
0
0
0
0
0
0.0038
0
0
0
0
0
0
0
0
0
0
0
0
0
0
0
0
0
0
0.0258
0.0253
0
0.0336
0.0355
0.0232
0
0
0
0
0
0
0
0.0219
0
0
0
0
0.0201
0.0172
0.0166
0
0.1285
0.019
0
0
0
0
0.0162
0.0218
0
0.019
0
0
0.0199
0
0.0193
0
0
0
0.0414
0
0
0
0
0
0
0.0198
0
0
0
0.0587
0.0471
0
0.0178
0
0.0165
0
0.0631
0.0195
0
0
0
0
0
0.0176
0
0
0.0198
0
0.046
0.0569
0.0506
0.0407
0
0.0163
0.0174
0
0.0556
0
0
0
0
0
0
0
0.0851
0.0384
0
0
0
0
0
0.0394
0
0
0
0
0.0036
0.0405
0
0
0.02
0
0
0
0.0199
0.0654
0
0
0
0.0225
0.0153
0
0
0
0
0
0
0
0.0193
0
0.039
0.0182
0
0.0157
0.0139
0
0
0.0229
0
0
0
0
0.0272
0.0105
0
0.016
0
0
0
0
0.0067
0.0209
0.0371
0
0
0.018
0
0
0
0.016
0
0.1004
0.0165
0
0
0.0511
0
0.0749
0.0332
0
0.0349
0
0.075
0.0659
0
0
0
0.0573
0.0527
0.0216
0.0206
0
0
0
0
0
0
0
0
0
0
0.0179
0.0209
0
0
0
0.0096
0.0788
0
0
0
0.07
0
0
0
0
0
0.0191
0
0
0
0.0864
0.013
0
0
0
0
0
0
0.0169
0
0
0.0033
0.0188
0.0303
0.0411
0
0.0169
0
0
0.0376
0
0
0
0
0
0.0594
0
0.0224
0.0799
0
0
0.0195
0
0
0
0.0046
0
0
0
