0
0
0
0
0
0
0.0031
0.0136
0.0217
0
0
0
0
0
0
0.0239
0
0
0
0
0
0
0
0
0.0215
0
0
0
0.0176
0
0
0
0.0372
0.0435
0.0139
0.0734
0.0159
0
0
0.0488
0.029
0
0
0.0189
0.0181
0
0
0
0.0225
0
0
0
0
0
0
0
0
0
0
0.0189
0
0
0
0.0156
0
0.0421
0
0.0274
0
0
0
0
0
0
0.022
0
0
0
0
0
0
0.0609
0
0
0
0
0
0.0392
0
0
0
0.0235
0
0
0.0169
0.0204
0
0
0.0363
0
0.017
0
0.0168
0
0.0167
0
0
0
0.0193
0
0
0
0
0
0
0
0
0.0199
0
0.0477
0.0177
0.0165
0.0179
0
0.019
0
0
0
0
0.024
0
0
0
0
0
0
0
0
0.0561
0
0
0.0197
0
0
0
0
0
0.0143
0.0155
0.0381
0.0264
0.0417
0
0
0
0.0224
0
0
0.0221
0
0
0
0
0
0
0
0
0
0.0369
0
0.0046
0
0.0437
0.0195
0.0186
0
0
0.0167
0
0
0.0184
0
0
0.0162
0
0
0.0188
0
0
0
0
0
0
0
0
0
0.0204
0
0
0
0
0
0
0
0
0.0204
0.0199
0
0
0
0
0
0
0
0
0
0.0194
0
0
0
0
0
0
0.0168
0
0
0
0
0.011
0.0075
0.0599
0
0.0178
0.0165
0.0189
0
0.0409
0
0.0227
0
0
0
0
0.0155
0
0
0
0
0
0.0364
0.0208
0
0
0
0
0
0
0
0
0
0
0
0
0
0
0.0305
0
0
0
0
0
0
0
0
0
0
0
0
0
0
0
0
0
0
0
0
0
0
0
0
0
0
0
0.0182
0
0
0
0.0169
0
0
0
0.0337
0
0.02
0
0
0
0
0
0
0.0512
0.0181
0.0184
0
0
0
0
0
0
0
0
0.0197
0.0236
0
0
0
0
0
0
0
0
0
0.0201
0
0
0.0377
0.0208
0
0.0568
0.0231
0
0.0212
0
0
0.0191
0.0769
0
0
0
0
0
0
0.0406
0
0.0159
0
0
0
0
0.0312
0.0157
0
0.1074
0
0
0
0.0956
0
0.0222
0
0.0271
0
0.0671
0
0
0.0025
0.018
0.0448
0
0
0
0
0.0171
0.0236
0
0
0.0191
0.0497
0
0.0231
0
0
0
0
0
0.034
0
0
0
0
0
0.0194
0.0487
0
0
0
0.0407
0.0169
0.0208
0
0.0181
0
0
0
0
0.021
0
0
0
0
0
0
0
0.0176
0
0.0176
0
0
0
0
0
0
0.0229
0
0
0
0
0
0
0.0199
0
0
0
0
0
0
0
0
0
0
0.0572
0
0
0
0
0.0803
0
0
0
0.0158
0
0
0
0
0.017
0.0367
0
0
0.0144
0.0216
0
0
0
0
0
0
0
0
0.0433
0.0026
0
0
0
0
0
0
0
0.0146
0
0
0
0
0
0
0
0
0
0
0.075
0
0.0199
0
0
0
0.015
0
0
0.0215
0.0421
0
0
0
0
0
0
0
0
0
0
0
0
0
0
0.0696
0.0204
0
0
0
0
0.0484
0.0379
0
0
0
0
0
0
0
0
0.0411
0
0
0
0
0
0.0163
0.0186
0
0
0
0
0.0431
0
0
0
0
0
0
0
0
0
0
0
0.0196
0.019
0
0
0
0
0
0
0
0
0
0
0
0
0
0.0205
0
0
0
0
0
0
0
0
0
0
0
0
0
0
0
0
0.0032
0
0
0
0
0
0
0
0
0
0
0
0
0
0
0
0
0
0
0
0
0
0
0
0
0
0
0
0
0
0
0
0
0
0
0
0
0
0
0
0
0
0.0235
0
0
0
0
0
0
0
0
0.038
0
0
0
0
0
0
0.0222
0
0
0
0
0
0
0
0
0
0
0
0
0
0.0175
0
0
0
0
0
0
0
0
0
0
0
0
0
0
0
0
0
0
0
0
0.0046
0
0.0138
0.0078
0
0
0
0
0
0
0
0
0
0
0.0183
0
0.0232
0
0
0
0
0
0.0672
0
0
0
0
0
0
0
0
0
0
0
0
0
0
0
0
0
0
0
0
0
0
0
0
0
0.0226
0
0
0
0
0
0
0
0
0
0
0
0
0
0
0
0
0
0
0
0
0
0
0
0
0.0209
0
0
0
0
0
0
0
0
0
0
0
0
0
0.0348
0
0
0
0
0
0
0
0
0
0.0375
0
0
0.0249
0
0
0
0
0
0
0
0
0
0.0039
0
0
0
0
0
0
0
0
0
0
0
0
0
0
0
0
0.0397
0
0
0.062
0
0
0
0
0.0202
0.065
0
0.0197
0.0189
0
0
0
0
0
0
0
0
0
0
0
0.0377
0
0
0
0
0
0
0
0.0192
0
0.0626
0.023
0
0
0
0
0
0.0199
0
0
0
0
0
0
0
0.0164
0.0235
0
0.0241
0.0217
0.0524
0.0212
0
0
0
0
0
0
0
0
0.0033
0.0168
0
0
0
0
0
0
0
0
0.0402
0
0
0.0378
0
0.0195
0
0
0
0
0.021
0.0957
0.0179
0
0
0.0343
0
0
0
0.0188
0
0.026
0
0
0.017
0
0
0
0
0.0204
0
0.0164
0
0
0.0406
0
0
0
0
0
0
0
0
0
0
0
0
0
0
0
0
0
0
0.0204
0
0
0
0
0.0858
0
0
0.0395
0
0
0
0
0
0
0
0
0
0.0329
0.0184
0
0
0.0222
0.0031
0.0182
0
0
0.0209
0
0
0
0
0
0
0
0
0
0.019
0.0175
0
0
0
0.0282
0
0.0026
0
0.0228
0
0.0157
0.0138
0
0
0
0.0479
0
0
0
0
0
0
0
0
0
0
0
0
0
0.0197
0
0
0
0.0162
0
0
0
0.0188
0
0
0
0
0
0
0
0
0
0
0
0.0175
0
0
0
0
0
0
0
0
0
0.0465
0
0.0366
0.0158
0
0
0
0
0.0181
0
0
0.0235
0
0.0662
0
0
0
0
0
0
0.0213
0
0
0
0
0
0
0.038
0
0
0
0
0
0
0
0
0
0
0
0
0
0
0
0
0.0241
0
0.0369
0
0
0
0
0
0
0.029
0
0
0
0.0186
0.0394
0
0
0
0
0
0
0
0
0
0
0
0
0
0
0
0
0
0
0
0
0
0
0
0.0079
0
0
0.0393
0
0.0296
0
0
0
0
0
0
0
0
0.0236
0
0
0.0042
0
0
0
0
0
0
0
0
0
0
0
0
0
0
0
0
0
0
0
0
0
0
0
0
0
0
0
0.0177
0
0
0
0
0
0.0178
0
0
0
0
0
0
0
0
0
0
0
0
0.0181
0.018
0.0203
0
0.0159
0.0326
0
0
0.0403
0.0172
0.0208
0
0
0.0887
0.0157
0.0351
0
0
0.0335
0
0
0
0
0
0.0213
0.0074
0
0
0
0
0
0
0
0
0
0
0
0
0.0029
0
0.0202
0
0
0
0.0193
0
0
0.0176
0
0
0
0
0.0479
0
0.0208
0.0225
0
0
0
0
0
0
0
0
0
0
0
0
0
0
0
0
0
0
0
0
0
0
0
0
0.0211
0
0
0
0
0
0
0
0
0
0.0226
0.0193
0
0
0
0
0
0
0
0.02
0
0
0
0.048
0
0
0
0
0.0636
0
0
0
0
0
0
0
0
0
0
0
0
0
0
0
0
0.0209
0
0
0
0
0
0
0
0
0.0167
0
0.023
0
0.0195
0
0
0.042
0
0
0.0373
0
0
0
0
0
0
0
0
0
0
0.0144
0
0.0158
0.1145
0
0
0
0.022
0
0
0
0.0393
0.0221
0.0216
0.0243
0.0058
0.0413
0
0.0143
0
0
0.019
0
0
0
0
0.0177
0
0
0
0.02
0.0614
0.0331
0
0
0
0
0
0
0
0
0
0.0041
0
0
0
0
0
0
0
0
0
0
0
0
0
0
0
0
0
0
0.0166
0
0
0
0
0.0174
0
0.0229
0
0.0226
0
0
0
0.0031
0
0
0
0
0
0.0172
0
0
0
0
0
0
0
0
0
0
0
0
0
0
0
0
0
0.018
0
0
0
0
0
0
0
0
0
0
0
0
0
0
0
0
0
0
0
0
0
0
0
0
0
0
0.0044
0
0
0
0
0
0
0
0
0.0206
0
0
0
0
0
0
0
0
0
0
0
0
0
0
0
0
0
0
0
0
0
0
0
0
0
0
0
0
0
0
0
0
0
0
0
0
0
0
0
0
0
0
0.0229
0
0
0
0
0
0
0
0
0
0
0
0
0
0
0
0
0.0203
0
0
0
0
0
0
0
0
0
0
0
0
0
0
0
0
0
0
0
0
0
0
0
0
0
0
0
0
0
0
0
0
0
0
0
0
0
0
0
0
0
0
0
0
0
0
0
0
0
0
0
0
0
0
0
0
0
0
0
0
0
0
0
0
0
0
0
0
0
0
0
0
0
0
0
0
0
0
0
0
0
0
0
0
0
0
0
0
0
0
0
0
0
0
0
0
0
0
0
0
0
0
0
0
0
0
0
0
0
0
0
0
0
0
0
0
0
0
0
0
0
0
0
0
0
0
0
0
0
0
0
0
0
0
0
0
0
0
0
0
0
0
0
0
0
0
0
0
0
0
0
0
0
0
0
0
0
0
0
0
0
0
0
0
0
0
0
0
0
0
0
0
0
0
0
0
0
0
0
0
0
0
0
0
0
0
0
0
0
0
0
0
0
0
0
0
0
0
0
0
0
0
0
0
0
0
0
0
0
0
0
0
0
0
0
0
0
0
0
0
0
0
0
0
0
0
0
0
0
0
0
0
0
0
0
0
0
0
0
0
0
0
0
0
0
0
0
0
0
0
0
0
0
0
0
0
0
0
0
0
0
0
0
0
0
0
0
0
0
0
0
0
0
0
0
0
0
0
0
0
0
0
0
0
0
0
0
0
0
0
0
0
0
0
0
0
0
0
0
0
0
0
0
0
0
0
0
0
0
0
0
0
0
0
0
0
0
0
0
0
0
0
0
0
0
0.0382
0
0
0
0
0
0
0
0
0.0176
0
0.0646
0
0
0
0
0
0
0
0.0196
0.056
0
0
0
0
0
0
0.0234
0
0
0
0
0
0
0.0183
0
0
0
0
0
0
0
0
0.0035
0.0391
0
0
0
0
0
0
0
0
0
0
0
0
0
0
0
0
0
0
0
0
0
0
0
0.0172
0
0
0
0
0.0376
0.0395
0
0
0
0
0
0
0
0
0
0
0
0.0444
0
0
0
0.0422
0
0
0
0
0
0
0
0
0
0
0
0
0.042
0
0
0
0
0.0223
0
0.0214
0
0
0
0
0
0.0237
0.0205
0
0
0
0
0.0723
0
0
0
0.0179
0
0
0
0.0722
0
0.016
0.0155
0.0188
0
0
0.0232
0
0
0
0.0363
0.0038
0.0198
0.015
0
0
0
0
0
0
0
0
0
0
0
0
0
0
0
0.0162
0
0
0
0.0082
0
0
0.0162
0
0
0.0371
0
0.0152
0.0176
0
0
0.0258
0
0
0
0
0
0
0
0.0603
0
0
0
0.0187
0
0
0.0644
0
0.0618
0.0401
0
0.0369
0
0
0.0214
0
0
0
0.0225
0
0
0
0
0
0.0415
0
0
0
0.0169
0
0.018
0
0.0034
0
0
0
0
0
0
0
0
0
0
0.0244
0.001
0
0
0
0
0.003
0.0183
0.019
0
0
0
0
0
0
0
0
0
0
0
0.0329
0
0
0
0
0
0.0196
0
0.0279
0
0
0
0
0
0.0536
0.0228
0
0
0
0
0
0
0
0
0
0
0
0
0.0248
0
0
0
0
0.0216
0
0
0
0
0
0
0
0
0
0
0
0
0
0
0
0
0.0217
0
0
0
0
0
0
0
0
0.0214
0
0.0169
0
0
0
0
0
0
0
0
0.0394
0
0
0
0
0
0
0
0
0
0
0
0
0
0
0
0
0
0
0
0
0
0
0
0
0
0
0
0
0
0
0
0
0
0
0
0.0157
0
0
0
0
0.0191
0
0.0206
0
0
0
0
0
0.0189
0
0
0.0199
0
0
0
0
0
0.0246
0
0
0
0
0
0
0
0.0182
0
0
0
0
0
0
0
0
0
0.0221
0
0
0
0
0
0
0
0
0
0
0
0.0178
0
0
0.037
0
0
0
0
0
0
0
0
0
0
0
0.0214
0
0
0
0
0
0
0
0
0
0
0
0
0
0
0
0
0
0
0
0
0
0
0.0152
0
0
0
0
0
0
0
0.0364
0
0
0
0
0
0
0
0
0
0
0.0203
0.0234
0.04
0
0
0.0158
0
0
0
0
0
0
0
0
0
0
0.0287
0
0
0.0452
0.0067
0
0
0.0083
0.0084
0
0
0
0
0.0412
0
0
0
0
0
0.0046
0
0
0
0
0
0
0
0
0.0185
0
0.0558
0.0112
0
0
0
0
0
0.0179
0.0404
0
0
0.0202
0
0
0
0
0
0
0
0
0
0
0
0
0
0
0.0441
0
0
0
0
0
0
0
0
0
0
0
0
0
0
0
0
0
0
0.0408
0
0
0
0
0
0
0
0.019
0
0
0
0
0
0
0
0
0
0
0
0
0
0
0
0
0
0
0
0
0
0
0
0
0
0
0
0
0
0
0
0
0
0
0.0221
0
0
0
0
0
0
0
0
0
0
0
0
0
0
0
0
0
0
0
0
0
0.023
0
0
0.0406
0
0
0
0
0.0405
0
0
0
0
0
0
0
0.0486
0
0
0
0
0
0
0
0
0.021
0
0.0165
0.0443
0
0
0
0
0
0
0
0
0
0
0
0
0
0
0
0
0
0
0
0
0
0
0
0
0
0
0.0194
0
0
0
0
0
0
0
0.0169
0
0
0
0
0
0
0
0
0
0
0
0
0
0
0
0
0
0
0
0
0
0
0
0
0
0
0
0
0
0
0
0
0.0217
0
0
0
0.0249
0
0
0
0
0
0
0
0
0
0
0
0
0
0
0
0
0
0
0
0
0
0
0
0
0
0
0
0
0
0
0
0
0
0
0
0
0
0
0
0
0
0
0
0
0
0
0
0
0
0
0
0
0
0
0
0
0.0173
0
0
0
0
0
0.0163
0
0
0
0
0
0
0
0.0167
0
0
0
0
0
0
0
0
0
0
0
0
0
0
0
0
0
0
0
0
0
0
0
0
0
0
0
0
0
0.0384
0
0
0
0
0
0
0
0
0
0
0
0
0
0.0212
0
0
0
0
0
0
0
0
0
0
0
0
0
0
0
0
0
0
0
0
0
0
0
0
0
0
0
0
0
0
0
0
0
0
0
0
0
0.0175
0
0
0
0
0
0
0
0
0
0
0
0.0583
0
0.0229
0
0
0
0
0
0
0
0
0
0
0
0
0
0
0
0
0
0
0
0
0
0
0.0189
0
0
0
0
0
0
0
0
0
0
0
0
0
0
0
0
0.0177
0
0.0576
0
0
0
0
0.0126
0.0065
0
0
0
0
0
0
0
0
0
0
0.0208
0
0.0035
0.0337
0.0035
0
0
0
0
0
0
0.0208
0
0
0.0223
0
0.023
0
0
0
0.0395
0.0213
0
0
0
0
0
0
0.0208
0
0
0
0
0
0.0156
0
0
0
0
0
0
0
0
0
0
0
0
0
0
0
0
0
0
0
0
0
0
0
0
0
0
0
0
0
0
0
0
0.0185
0
0
0.022
0
0.0349
0.0119
0
0
0
0
0.0207
0
0.0194
0
0
0
0
0
0.0265
0
0
0
0
0
0
0
0
0
0
0
0
0
0
0
0
0.0213
0
0
0
0.0199
0.0067
0
0
0
0
0
0
0
0
0
0
0
0
0
0
0
0
0
0
0
0
0.0229
0
0
0
0
0
0.0153
0
0
0
0
0
0
0
0
0
0
0
0.0327
0.0217
0
0
0
0
0
0
0
0.0196
0
0
0
0
0
0.0058
0
0
0
0
0
0
0
0
0
0
0
0.0147
0
0
0.0391
0.0204
0
0
0
0.0226
0
0
0
0
0
0
0
0
0
0
0
0
0
0
0
0.0432
0
0.039
0
0
0
0
0
0
0
0
0
0
0
0
0
0
0
0
0
0
0
0
0
0
0
0.0209
0
0
0
0
0
0
0
0
0
0
0
0
0
0
0
0
0
0
0.0198
0
0
0
0
0
0
0
0
0
0
0
0
0
0
0
0
0
0
0.0199
0
0
0
0
0
0
0
0
0
0
0
0
0
0
0
0
0
0
0
0
0
0
0
0
0
0.0262
0
0
0
0
0
0
0
0
0
0.0221
0
0
0
0
0
0
0
0
0
0
0
0
0
0
0
0
0
0
0
0
0.015
0
0
0
0
0
0
0
0
0
0
0
0
0
0
0
0
0
0
0
0
0
0
0
0
0
0
0
0
0
0
0
0
0
0
0
0
0
0
0
0
0
0
0
0.0221
0
0
0
0
0
0
0
0
0
0
0
0
0
0
0
0.0381
0
0
0
0
0
0
0
0
0
0
0
0
0
0
0
0
0
0
0
0
0
0
0
0
0.0182
0
0
0.0215
0
0
0
0.0223
0
0
0
0
0
0.0166
0
0
0
0
0
0
0
0
0
0
0.0218
0
0
0
0
0
0
0
0
0.0188
0
0
0
0
0
0
0
0
0
0
0
0
0.0208
0
0.0193
0
0.0234
0
0
0.0528
0
0
0
0
0
0.0223
0.0471
0
0
0
0
0
0
0
0.0419
0
0
0
0
0.0197
0
0
0
0
0
0
0
0
0
0
0
0
0
0
0
0
0
0
0
0.0396
0
0
0
0
0.0597
0.0712
0
0
0
0
0
0
0
0.0187
0.0054
0.0041
0
0
0
0
0
0
0
0
0
0
0
0
0
0
0
0
0
0.0162
0
0
0
0
0
0
0
0
0
0
0
0
0.0214
0
0
0.0421
0
0
0
0
0
0
0
0
0
0
0
0
0.0149
0
0.0601
0
0
0.019
0.0139
0
0
0
0
0.0477
0.0232
0
0
0
0
0
0
0.0182
0
0.0383
0
0.0383
0
0
0
0
0
0
0
0
0.0041
0
0
0.0378
0
0
0
0.0203
0
0
0
0
0.032
0.0417
0
0
0
0.0194
0
0
0
0
0
0
0
0.0537
0
0.0202
0
0
0.0383
0
0
0.0193
0
0.0447
0
0
0
0
0
0
0
0.0355
0
0
0.0235
0
0
0.0167
0
0
0.0198
0
0
0.0161
0
0
0
0
0.0179
0
0
0
0
0
0
0
0
0
0
0
0
0
0
0
0
0
0
0
0
0
0
0
0
0
0
0
0
0.0167
0.0428
0
0
0
0
0.0174
0
0.0574
0.0171
0.0069
0.0185
0
0
0.0729
0
0.0374
0
0
0
0
0
0
0
0
0
0
0.0226
0.0024
0.0183
0
0
0.0216
0
0
0
0
0
0
0
0
0
0
0
0
0.0178
0
0
0
0
0
0.0188
0
0
0
0
0
0
0
0
0
0.0328
0
0
0
0
0
0
0
0.0183
0
0
0
0
0
0
0
0
0
0
0
0
0
0
0
0
0
0
0
0
0
0
0
0
0
0
0
0
0
0
0
0.0131
0
0
0
0
0
0
0
0
0
0
0
0
0
0
0
0
0
0
0
0
0
0
0
0
0
0
0
0
0
0
0
0
0
0
0
0
0
0
0
0
0
0.041
0
0
0
0
0
0
0
0
0
0
0
0
0
0
0
0
0
0
0
0
0.0295
0
0
0
0
0
0
0.0433
0
0
0
0
0
0
0
0
0
0
0
0
0.0738
0
0
0
0
0
0
0
0
0
0
0
0
0
0
0
0
0
0
0
0
0
0
0
0
0
0
0
0
0
0
0
0.0194
0
0
0
0
0
0
0
0
0
0
0
0
0
0
0
0
0
0
0
0
0
0
0
0
0
0
0
0
0
0
0
0
0.063
0
0
0
0
0
0
0
0
0
0
0
0
0
0
0
0
0
0
0
0
0
0
0
0
0
0.0405
0
0
0
0
0
0
0
0
0
0.0127
0.005
0
0
0
0
0
0
0
0
0
0
0
0
0
0
0
0
0
0
0
0
0
0
0
0
0
0
0
0
0
0
0.0658
0
0
0
0
0
0
0
0
0
0
0
0
0
0
0
0
0
0
0
0
0
0
0
0
0
0
0
0
0
0
0
0
0.0167
0
0
0
0
0
0
0
0
0
0
0
0
0
0
0
0
0
0
0
0
0
0
0
0
0
0
0
0
0
0
0
0
0
0
0
0
0
0
0
0
0
0
0.0169
0
0
0
0
0
0.0199
0.0159
0
0
0
0
0
0
0
0
0
0
0
0
0
0
0
0
0.0132
0
0
0
0
0
0
0
0
0
0
0
0
0
0
0
0
0
0
0
0
0
0
0
0.0061
0.0304
0
0
0
0.0204
0
0
0
0
0.017
0
0.0171
0
0
0
0
0
0
0
0
0.0048
0
0
0
0
0
0
0.0213
0
0
0
0
0
0
0
0
0
0
0
0.0276
0.0201
0
0
0
0.0842
0
0.0049
0
0.0064
0.0056
0
0
0
0
0
0
0
0
0
0
0
0
0
0
0
0
0
0
0
0
0
0
0
0
0
0
0
0
0
0
0
0
0
0
0
0
0
0
0
0
0
0
0
0
0
0
0
0
0
0
0
0
0
0
0
0
0
0
0
0
0
0.0032
0
0
0
0
0
0
0
0.0188
0
0
0
0
0
0
0
0
0
0
0
0
0
0
0
0
0
0
0
0
0
0
0
0
0
0
0
0
0
0
0
0
0
0
0
0
0
0
0
0
0
0.0035
0
0
0
0
0
0
0
0
0.0186
0
0
0
0
0
0
0
0
0
0
0
0
0.0392
0
0
0
0
0.0163
0.0457
0
0
0
0
0
0
0
0
0
0
0
0
0
0
0
0
0
0
0.0064
0
0
0
0
0
0.0427
0
0
0
0
0
0
0
0
0
0
0
0
0
0
0
0
0
0
0
0
0
0
0
0
0.0107
0
0
0
0
0
0
0
0
0
0
0
0
0
0
0
0
0
0
0
0
0
0
0
0
0
0
0
0
0
0
0
0
0
0
0
0
0
0
0
0.0418
0
0
0
0
0
0
0
0.022
0
0.0155
0.0407
0
0
0
0
0
0.0245
0.0223
0
0
0
0
0
0
0.0192
0
0
0
0
0
0
0
0
0.021
0
0
0
0.0195
0
0
0
0
0
0
0
0
0
0
0
0
0
0
0
0
0
0
0
0
0
0
0
0
0
0
0
0
0
0
0.0226
0.0185
0
0
0
0.0256
0
0
0
0.0339
0
0
0
0
0
0
0
0
0
0
0
0
0
0
0
0
0.0055
0
0
0
0
0
0
0
0
0
0
0
0
0
0
0
0
0
0
0
0
0
0
0
0
0
0
0
0
0
0
0
0
0
0.0161
0
0
0.0104
0
0
0
0
0
0
0
0
0
0
0
0
0
0
0.0188
0
0
0
0
0
0
0
0
0
0
0
0
0
0
0
0
0
0
0.0204
0.0183
0
0
0
0
0
0
0
0
0
0
0
0
0
0
0
0
0
0
0
0
0
0
0
0
0
0
0
0
0
0
0
0
0
0
0
0
0
0
0
0
0
0.0215
0
0
0
0
0
0
0
0
0
0
0
0
0
0
0
0
0
0
0
0
0
0
0
0
0
0.0215
0
0
0
0.0356
0
0
0
0
0
0
0
0
0
0
0
0
0
0
0
0
0
0
0
0
0
0
0
0
0
0
0
0
0
0.0044
0.0158
0
0
0
0
0
0
0
0
0
0
0
0
0
0
0
0
0
0
0
0
0
0
0
0
0
0
0
0
0
0
0
0
0
0
0
0
0.0204
0
0
0
0
0
0
0
0
0
0
0
0
0
0.0458
0
0
0
0
0
0
0
0
0
0
0
0
0
0
0
0
0.0316
0.0187
0
0.0392
0
0
0
0
0
0
0
0
0
0
0
0
0
0
0
0
0.0245
0
0
0
0.0187
0
0
0
0
0
0
0
0
0
0
0
0
0
0
0
0
0
0
0
0
0
0
0
0
0
0
0
0
0
0
0
0
0
0
0
0
0.0544
0
0
0
0
0
0
0
0
0.0044
0
0
0
0
0
0
0
0
0
0
0
0
0
0.0163
0
0
0.017
0
0
0
0
0.0033
0
0.0351
0
0
0
0
0
0
0.025
0.0328
0
0
0.0239
0
0
0
0
0
0
0
0
0
0
0
0
0
0
0
0
0
0
0
0
0
0
0
0
0
0
0
0
0
0
0
0
0
0
0
0
0.0269
0
0
0
0
0
0
0
0
0
0
0.02
0.024
0
0.0211
0
0
0
0
0
0
0
0
0
0.0165
0
0
0
0
0.018
0
0
0
0
0
0
0
0
0
0
0
0
0
0
0
0
0
0
0
0
0
0
0
0
0
0
0
0.0167
0
0
0
0
0
0
0
0.0207
0
0
0
0
0
0.0423
0
0
0
0.0343
0
0
0.0802
0.0159
0
0.0201
0
0
0
0
0
0
0
0
0
0
0
0
0
0
0
0
0
0
0
0
0
0
0
0
0
0
0
0
0
0
0
0
0
0
0
0
0
0
0
0
0
0
0
0
0
0
0
0
0
0
0
0
0
0
0
0
0
0
0
0
0
0
0
0
0
0
0.0224
0
0
0
0
0
0
0
0
0
0
0
0
0
0
0.0201
0
0.0192
0
0
0.017
0
0
0
0
0
0.0206
0
0
0
0
0
0
0
0
0
0
0.0374
0
0
0
0
0
0.019
0.0215
0
0
0
0
0
0
0
0
0
0.0211
0
0
0
0
0
0
0.0071
0
0
0
0
0
0.0559
0.0433
0
0.0408
0
0
0
0
0
0.0346
0
0
0.0188
0
0
0
0
0.0191
0
0
0
0
0
0
0
0
0
0
0
0
0
0
0
0
0
0
0
0
0
0
0
0
0
0
0
0
0
0
0
0
0
0
0
0
0
0
0
0
0
0
0.0203
0
0
0
0
0
0
0
0
0
0
0
0
0
0
0
0
0
0
0
0
0
0
0
0
0
0
0
0
0
0
0
0
0
0
0
0
0
0
0
0
0
0
0.0224
0
0
0
0
0
0
0
0
0
0
0
0
0
0
0
0
0
0
0
0
0
0
0
0
0
0
0
0
0
0
0
0
0
0
0
0
0
0
0
0
0
0
0
0
0
0
0
0
0
0
0
0
0
0
0
0
0
0
0
0
0
0
0
0
0
0
0
0
0
0
0
0
0
0
0
0
0
0
0
0
0
0
0
0
0
0
0
0
0
0
0
0
0
0
0
0
0
0
0
0
0
0
0
0
0
0
0
0
0
0
0
0
0
0
0.0198
0
0.0249
0
0
0
0
0
0
0
0
0
0
0
0
0
0.0169
0
0
0
0
0
0
0.0161
0
0
0
0
0
0
0
0
0
0
0
0
0
0
0.0224
0
0
0
0.0236
0
0
0
0
0
0
0
0
0
0
0
0
0.0418
0.0197
0
0
0
0
0
0
0
0
0
0
0
0
0
0
0
0
0
0
0
0
0
0
0
0
0
0
0
0
0
0
0
0
0
0
0
0
0
0
0
0
0
0
0
0
0
0
0
0
0
0
0
0
0
0
0
0
0
0
0
0
0
0.0265
0
0
0
0
0.061
0
0
0
0
0
0
0
0
0
0
0.0517
0.0768
0
0
0
0
0
0
0
0
0
0
0
0
0
0
0
0
0
0
0
0
0
0
0
0
0
0
0
0
0
0
0
0
0
0
0
0
0
0
0
0
0
0
0
0
0
0.0188
0
0
0
0
0.0372
0
0.0199
0.0228
0
0
0
0
0
0
0
0
0
0
0
0
0
0
0
0.0353
0
0
0
0
0
0
0
0
0
0
0
0
0
0.0296
0
0
0
0
0
0
0
0
0
0
0
0
0
0.0232
0
0
0
0
0
0
0
0
0
0
0
0
0
0
0
0
0
0
0
0
0
0
0
0
0
0
0
0
0
0
0
0
0
0.0041
0
0
0
0
0
0
0
0
0
0
0
0
0
0
0
0
0
0
0
0
0
0
0
0
0
0
0
0
0
0
0.0171
0
0.0191
0
0
0
0
0
0
0
0
0
0.0289
0.0191
0
0
0
0
0
0
0
0
0
0
0
0
0
0
0
0
0
0
0
0
0
0
0
0
0
0
0
0
0.0401
0
0
0
0
0
0
0.052
0
0.0623
0
0
0
0
0
0
0
0
0.0207
0
0
0
0
0.0043
0
0
0
0
0
0
0
0
0
0
0
0
0
0
0
0
0
0
0
0
0.0174
0.0132
0
0
0
0.0165
0
0
0
0
0
0
0
0.0168
0
0
0
0
0
0
0.0237
0
0
0
0
0
0
0
0
0
0
0
0
0
0
0
0
0
0.0155
0
0
0
0
0
0
0
0
0
0
0
0
0
0
0
0.0196
0
0
0
0
0
0
0
0
0
0
0
0.0196
0.0241
0
0
0.037
0
0
0
0
0
0
0
0
0
0
0
0.0186
0
0
0.0217
0.0218
0
0.0163
0.0184
0.0213
0
0
0
0
0
0
0.0217
0
0
0
0
0
0
0
0
0.017
0
0
0
0
0
0.0255
0
0.0179
0
0
0
0
0
0
0
0
0
0
0
0
0
0
0
0
0
0
0
0
0
0
0
0
0.0223
0
0
0
0
0
0
0
0
0
0
0
0
0
0
0
0
0
0
0
0
0
0.0194
0.0227
0
0
0.0168
0.0156
0
0
0
0
0
0.0245
0
0
0
0.0348
0
0
0
0
0
0
0
0.0315
0
0
0
0
0
0
0
0
0
0
0
0
0
0
0.0182
0
0
0
0
0.0405
0
0
0
0
0
0.0141
0.0195
0
0
0
0
0
0
0
0
0
0.0187
0
0
0
0
0
0
0
0
0
0
0
0
0
0
0
0
0
0
0
0
0
0
0
0
0
0
0
0.0177
0
0
0.0545
0
0.0606
0.0037
0
0
0
0
0
0
0
0
0
0
0
0
0.0459
0
0
0
0
0.0369
0
0.0179
0
0
0
0
0.0057
0
0.014
0.02
0
0.0189
0
0
0
0
0
0
0.0196
0
0
0
0.0201
0
0
0
0
0
0
0
0
0
0
0
0
0
0
0
0
0
0
0
0
0
0
0
0
0
0
0
0
0
0
0
0
0
0
0
0
0
0
0
0.0536
0
0
0
0
0
0
0
0
0
0
0
0
0
0
0
0
0
0
0
0
0
0
0
0
0
0.0387
0
0
0
0
0
0
0
0
0
0.0171
0
0
0
0
0
0
0
0
0
0
0
0
0
0
0
0
0
0
0
0
0
0
0
0
0
0.0394
0.0181
0
0
0
0
0
0
0
0
0
0
0
0
0.0242
0
0
0
0
0
0
0
0
0
0
0
0
0
0
0
0
0
0
0
0
0
0
0
0
0
0
0
0
0
0
0
0
0
0.025
0
0
0
0
0
0
0
0
0
0
0
0
0
0.0196
0
0
0
0.0202
0
0
0
0
0
0
0
0
0
0
0
0
0
0
0
0
0.0775
0
0
0
0
0
0
0
0
0.0195
0.0166
0
0
0.0223
0.0786
0
0
0
0.0177
0
0
0
0
0.0159
0
0
0
0
0.0205
0
0
0
0
0.02
0.0373
0
0.0203
0
0
0
0.0535
0
0
0.0579
0
0
0.0176
0
0
0
0
0
0.0184
0
0
0
0.0223
0
0
0.0273
0
0
0
0
0
0
0.0159
0
0
0
0
0
0
0
0
0.0437
0
0
0
0
0
0
0
0.0375
0
0
0
0
0.0184
0
0
0
0
0
0
0
0
0
0
0
0
0
0.0056
0
0
0
0
0
0
0
0
0
0
0
0
0
0
0
0
0
0
0
0
0
0
0
0
0
0
0.02
0
0
0
0
0
0
0
0
0
0
0
0
0
0
0
0
0
0
0
0
0
0
0
0
0
0
0
0
0
0
0
0
0.0612
0
0
0
0.016
0
0
0
0
0.0045
0
0
0.0038
0
0
0
0
0
0
0.0372
0
0
0
0
0
0
0
0
0
0
0
0
0
0
0
0
0
0.0179
0
0
0
0
0
0
0
0
0
0.0045
0
0
0
0
0
0
0
0
0
0
0
0
0
0
0
0
0.0053
0
0
0
0
0
0.0199
0
0
0
0
0
0
0
0
0
0
0
0
0
0
0
0
0
0
0
0
0
0.0368
0
0
0
0
0
0
0
0
0.0576
0.0169
0
0
0.0194
0
0
0
0
0
0
0
0.0178
0
0
0
0
0
0
0.0194
0.0469
0
0
0
0
0
0
0
0
0
0
0
0
0
0
0
0
0
0
0
0
0
0
0.016
0.0168
0
0.0188
0
0
0
0
0
0
0
0
0
0
0
0.0211
0
0
0
0
0
0
0.0212
0
0
0
0
0
0.0169
0.044
0
0
0.0194
0
0
0
0
0
0
0
0
0
0
0
0
0
0
0
0
0
0
0
0.0368
0
0
0
0
0
0
0
0.0396
0
0
0
0
0
0
0
0
0
0
0
0
0
0
0
0
0
0
0.02
0
0
0.0374
0
0
0
0
0
0
0
0
0
0
0
0
0
0
0
0
0
0
0
0
0
0
0
0
0
0
0
0
0
0
0
0
0
0.0204
0
0
0
0
0
0
0
0
0
0.0203
0
0.0192
0
0.0392
0
0
0
0
0
0
0
0
0
0.0231
0
0
0
0
0
0
0
0
0
0
0
0
0
0
0
0
0
0
0
0
0
0.0184
0
0
0
0
0
0
0
0
0
0
0
0
0
0
0
0
0
0
0
0
0
0
0
0
0
0
0
0
0
0
0
0
0
0
0
0
0
0
0
0
0
0
0
0
0
0
0
0
0
0
0
0
0
0
0
0
0
0
0
0
0.003
0
0
0
0
0
0
0
0
0
0
0
0
0
0
0
0
0.0463
0
0
0
0
0
0
0
0
0
0
0
0
0
0
0
0
0
0
0
0
0
0
0
0.0427
0
0
0
0
0.0445
0
0
0
0
0
0
0
0
0
0
0
0
0
0
0
0
0
0
0
0
0
0
0
0
0
0
0
0
0
0
0
0
0
0
0
0
0
0
0
0
0
0
0
0
0
0
0
0
0
0
0
0
0
0
0
0
0
0
0
0
0
0
0
0
0
0
0
0
0
0
0
0
0
0
0
0
0
0.0158
0
0
0
0
0
0
0
0
0
0
0
0
0
0
0
0
0
0
0
0
0
0
0
0
0
0
0
0
0
0
0
0
0
0
0
0
0
0
0
0
0
0
0
0
0
0
0
0.0444
0
0
0
0
0
0
0
0
0
0
0
0
0
0
0
0
0
0
0
0
0
0
0
0
0
0
0
0
0
0
0
0
0
0
0
0
0
0
0
0
0
0
0
0
0
0
0
0
0
0
0
0
0
0
0
0
0
0
0
0
0
0
0
0
0
0
0
0
0
0
0.0458
0
0.0036
0
0
0
0
0
0
0
0
0.0198
0.0129
0
0
0.018
0
0
0
0
0
0
0
0
0
0
0
0
0
0
0
0
0
0
0
0
0
0.0409
0.0236
0
0
0
0
0
0
0
0
0
0
0
0
0
0
0
0
0.0237
0.0363
0
0
0
0
0
0
0
0
0
0
0
0
0
0
0
0
0
0
0
0
0
0
0.0183
0
0
0
0
0
0.0167
0.0022
0
0
0.0387
0
0
0
0
0
0
0
0
0
0
0
0
0
0
0
0
0
0
0
0
0
0
0.0207
0
0
0
0
0
0
0
0
0.0211
0
0
0
0
0
0
0
0
0
0
0.0392
0
0.0021
0
0.0247
0
0
0.0272
0
0
0
0
0.0143
0
0
0
0.0213
0
0
0
0
0
0
0
0
0
0
0
0
0
0
0
0
0
0
0
0
0
0
0
0
0
0
0
0
0
0.0203
0
0.0186
0
0
0
0
0
0
0
0
0
0
0
0
0
0
0.0188
0
0
0
0
0
0
0
0
0
0
0
0
0
0
0
0
0
0
0
0
0
0.0411
0
0
0
0
0
0
0
0
0
0
0
0
0
0
0
0
0
0.0167
0.0191
0
0
0
0
0
0.021
0
0
0
0
0
0.0237
0
0
0
0
0
0
0
0
0
0
0
0
0
0
0
0
0
0
0
0
0
0
0.0234
0
0
0
0
0
0
0
0
0
0
0
0
0
0
0
0
0
0
0
0
0
0
0
0
0
0
0
0
0
0
0
0
0
0
0
0
0
0
0
0
0
0
0
0
0
0
0
0
0
0
0
0.0047
0
0
0
0
0
0
0
0
0
0
0
0
0.019
0
0.0221
0
0
0
0
0
0.0245
0
0
0
0
0
0
0
0
0
0
0
0.0546
0
0
0
0
0
0
0
0
0
0
0
0
0
0
0
0
0
0
0
0
0
0
0
0
0
0
0
0
0
0
0
0
0
0
0
0
0
0
0
0
0.0452
0
0
0
0
0.0182
0
0
0
0
0
0
0
0
0.016
0
0
0
0
0
0
0
0
0
0
0
0
0
0
0.0425
0
0
0
0
0
0
0
0.0426
0
0
0.0143
0.0195
0
0
0
0
0
0
0
0
0
0
0.0162
0
0
0
0
0
0
0
0
0
0.0368
0
0
0
0
0
0
0
0
0
0
0
0
0
0
0
0
0
0
0
0.0599
0
0
0
0
0
0
0
0
0
0
0
0
0
0
0
0
0
0
0
0
0
0
0
0.0205
0.0342
0
0
0.0785
0
0
0
0
0
0
0
0
0
0
0
0
0
0.0038
0
0
0
0
0
0.0201
0
0.0198
0
0
0
0
0.0211
0.0585
0
0
0
0
0
0
0
0
0
0.0255
0
0
0
0
0
0
0
0
0
0
0
0
0
0.0217
0
0
0
0
0
0
0
0
0
0
0
0.0184
0
0
0
0
0
0
0
0
0
0
0.0235
0
0.0204
0
0
0
0
0
0
0.0193
0
0
0
0
0
0
0
0
0
0
0
0
0.0177
0
0
0
0
0
0
0
0
0
0
0
0
0
0
0
0
0
0
0
0.0643
0
0
0
0
0
0
0
0
0
0
0.0174
0
0
0
0
0.02
0
0
0
0
0
0
0
0
0.0172
0
0
0
0
0
0
0
0.0369
0
0
0.0062
0.0199
0
0
0
0
0
0
0
0
0
0
0
0
0
0
0
0
0
0
0
0
0
0
0.0235
0
0
0
0
0
0
0
0
0
0
0
0
0
0
0
0
0
0
0.0174
0
0
0
0
0
0
0.0447
0
0
0
0
0
0
0
0.015
0
0
0.0205
0
0.0463
0
0
0
0
0
0
0
0
0
0
0
0
0
0
0
0
0
0
0
0
0
0
0
0.0224
0
0
0
0
0
0
0
0
0
0
0
0
0
0
0
0
0
0
0
0
0.0055
0
0.0171
0
0
0
0
0
0
0
0
0.0421
0
0
0.02
0
0
0
0
0
0
0.0186
0.0186
0
0
0
0
0
0
0
0
0
0
0
0
0
0
0.0258
0
0
0
0
0
0
0
0
0.0047
0
0
0
0
0
0
0
0
0
0
0
0
0
0
0
0
0
0
0
0
0
0
0
0.0418
0
0.0096
0
0
0
0
0
0
0
0
0
0
0.0172
0
0
0
0
0
0
0
0
0
0
0
0
0
0
0
0
0.0215
0.0715
0.0405
0.0356
0
0
0
0
0
0.0189
0
0
0
0
0
0
0.0266
0
0
0.0187
0
0
0
0
0
0
0
0
0
0
0
0
0
0.0157
0
0
0
0.0181
0.0198
0
0
0
0
0
0
0
0
0
0
0
0.0622
0
0
0
0
0
0
0
0
0
0
0
0
0
0
0
0
0
0
0.0068
0.0098
0
0.0187
0
0
0
0
0
0.0413
0
0.0349
0
0.0161
0.0214
0.0215
0
0.0239
0
0
0
0.0547
0
0
0
0.0367
0
0
0
0
0
0
0
0.0189
0
0
0
0
0
0
0
0
0
0
0
0
0
0
0
0
0
0
0
0
0
0
0
0
0
0
0
0
0
0
0
0
0
0
0
0.0205
0
0
0
0
0
0
0
0
0
0
0.0419
0
0
0
0
0.023
0
0
0
0
0
0
0
0
0
0
0
0
0.0249
0.0345
0
0
0
0
0
0
0
0
0
0
0
0
0
0
