0
0
0
0
0
0
0
0
0
0
0
0
0
0
0
0
0
0
0
0
0
0
0
0
0
0
0
0
0
0
0
0
0
0
0
0
0
0
0
0
0
0
0
0
0
0
0
0
0
0
0
0
0
0
0
0
0
0
0
0
0
0
0
0
0
0
0
0
0
0
0
0
0
0
0
0
0
0
0
0
0
0
0
0
0
0
0
0
0
0
0
0
0
0
0
0
0
0
0
0
0
0
0
0
0
0
0
0
0
0
0
0
0
0
0
0
0
0
0
0
0
0
0
0
0
0
0
0
0
0
0
0
0
0
0
0
0
0
0
0
0
0
0
0
0
0
0
0
0
0
0
0
0
0
0
0
0
0
0
0
0
0
0
0
0
0
0
0
0
0
0
0
0
0
0
0
0
0
0
0
0
0
0
0
0
0
0
0
0
0
0
0
0
0
0
0
0
0
0
0
0
0
0
0
0
0
0
0
0
0
0
0
0
0
0
0
0
0
0
0
0
0
0
0
0
0
0
0
0
0
0
0
0
0
0
0
0
0
0
0
0
0
0
0
0
0
0
0
0
0
0
0
0
0
0
0
0
0
0
0
0
0
0
0
0
0
0
0
0
0
0
0
0
0
0
0
0
0
0
0
0
0
0
0
0
0
0
0
0
0
0
0
0
0
0
0
0
0
0
0
0
0
0
0
0
0
0
0
0
0
0
0
0
0
0
0
0
0
0
0
0
0
0
0
0
0
0
0
0
0
0
0
0
0
0
0
0
0
0
0
0
0
0
0
0
0
0
0
0
0
0
0
0
0
0
0
0
0
0
0
0
0
0
0
0
0
0
0
0
0
0
0
0
0
0
0
0
0
0
0
0
0
0
0
0
0
0
0
0
0
0
0
0
0
0
0
0
0
0
0
0
0
0
0
0
0
0
0
0
0
0
0
0
0
0
0
0
0
0
0
0
0
0
0
0
0
0
0
0
0
0
0
0
0
0
0
0
0
0
0
0
0
0
0
0
0
0
0
0
0
0
0
0
0
0
0
0
0
0
0
0
0
0
0
0
0
0
0
0
0
0
0
0
0
0
0
0
0
0
0
0
0
0
0
0
0
0
0
0
0
0
0
0
0
0
0
0
0
0
0
0
0
0
0
0
0
0
0
0
0
0
0
0
0
0
0
0
0
0
0
0
0
0
0
0
0
0
0
0
0
0
0
0
0
0
0
0
0
0
0
0
0
0
0
0
0
0
0
0
0
0
0
0
0
0
0
0
0
0
0
0
0
0
0
0
0
0
0
0
0
0
0
0
0
0
0
0
0
0
0
0
0
0
0
0
0
0
0
0
0
0
0
0
0
0
0
0
0
0
0
0
0
0
0
0
0
0
0
0
0
0
0
0
0
0
0
0
0
0
0
0
0
0
0
0
0
0
0
0
0
0
0
0
0
0
0
0
0
0
0
0
0
0
0
0
0
0
0
0
0
0
0
0
0
0
0
0
0
0
0
0
0
0
0
0
0
0
0
0
0
0
0
0
0
0
0
0
0
0
0
0
0
0
0
0
0
0
0
0
0
0
0
0
0
0
0
0
0
0
0
0
0
0
0
0
0
0
0
0
0
0
0
0
0
0
0
0
0
0
0
0
0
0
0
0
0
0
0
0
0
0
0
0
0
0
0
0
0
0
0
0
0
0
0
0
0
0
0
0
0
0
0
0
0
0
0
0
0
0
0
0
0
0
0
0
0
0
0
0
0
0
0
0
0
0
0
0
0
0
0
0
0
0
0
0
0
0
0
0
0
0
0
0
0
0
0
0
0
0
0
0
0
0
0
0
0
0
0
0
0
0
0
0
0
0
0
0
0
0
0
0
0
0
0
0
0
0
0
0
0
0
0
0
0
0
0
0
0
0
0
0
0
0
0
0
0
0
0
0
0
0
0
0
0
0
0
0
0
0
0
0
0
0
0
0
0
0
0
0
0
0
0
0
0
0
0
0
0
0
0
0
0
0
0
0
0
0
0
0
0
0
0
0
0
0
0
0
0
0
0
0
0
0
0
0
0
0
0
0
0
0
0
0
0
0
0
0
0
0
0
0
0
0
0
0
0
0
0
0
0
0
0
0
0
0
0
0
0
0
0
0
0
0
0
0
0
0
0
0
0
0
0
0
0
0
0
0
0
0
0
0
0
0
0
0
0
0
0
0
0
0
0
0
0
0
0.0719
0
0
0
0
0
0
0.0414
0.0746
0
0
0
0
0
0
0
0
0
0
0
0
0
0
0
0
0
0
0
0
0
0
0
0
0
0
0
0
0
0
0
0
0
0
0
0
0
0
0
0
0
0
0
0
0
0
0
0
0
0
0
0
0
0
0
0
0
0
0
0
0.0314
0
0
0
0
0
0
0
0
0
0
0
0
0.0208
0
0
0
0
0
0
0
0
0
0
0
0
0
0
0
0
0
0
0
0
0
0
0
0
0
0
0
0
0
0
0
0.0355
0
0
0
0
0
0
0
0
0
0
0
0
0
0
0
0
0
0
0
0.0179
0
0
0.0225
0
0
0
0
0
0.0368
0
0
0
0
0
0
0
0
0
0
0
0
0
0
0
0
0
0
0
0
0
0
0
0
0
0
0
0
0
0
0
0
0
0
0
0
0
0
0
0
0
0
0
0
0
0
0
0
0
0
0
0
0
0
0
0
0
0
0
0
0
0
0
0
0
0
0
0
0
0
0
0
0
0
0
0
0
0
0
0
0
0
0
0
0
0
0
0
0
0
0
0
0
0
0
0
0
0
0
0
0
0
0
0
0
0
0
0
0
0
0
0
0
0
0
0
0
0
0
0
0
0
0
0
0
0
0
0
0
0
0
0
0
0
0
0
0
0
0
0
0
0
0
0
0
0
0
0
0
0
0
0
0
0
0
0
0
0
0
0
0
0
0
0
0
0
0
0
0
0
0
0
0
0
0
0
0
0
0
0
0
0
0
0
0
0
0
0
0
0
0
0
0
0
0
0
0
0
0
0
0
0
0
0
0
0
0
0
0
0
0
0
0
0
0
0
0
0
0
0
0
0
0
0
0
0
0
0
0
0
0
0
0
0
0
0
0
0
0
0
0
0
0
0
0
0
0
0
0
0
0
0
0
0
0
0
0
0
0
0
0
0
0
0
0
0
0
0
0
0
0
0
0
0
0
0
0
0
0
0
0
0
0
0
0
0
0
0
0
0
0
0
0
0
0
0
0
0
0
0
0
0
0
0
0
0
0
0
0
0
0
0
0
0
0
0
0
0
0
0
0
0.0237
0
0
0
0
0
0
0
0
0
0
0
0
0
0
0
0
0
0
0
0
0
0
0
0
0
0
0
0
0
0
0
0
0
0
0
0
0
0
0
0
0
0
0
0.0164
0
0
0
0
0
0
0
0
0
0
0
0
0
0
0
0
0
0
0
0
0
0
0
0
0
0
0
0
0
0
0
0
0
0
0
0
0
0
0
0
0.0413
0.0171
0
0
0
0
0
0
0
0.016
0
0.0183
0
0
0.0439
0
0
0
0
0
0
0
0
0.023
0
0
0.0057
0
0
0
0
0.0203
0
0
0
0
0
0
0.0169
0.0166
0
0.0262
0
0
0
0
0
0
0
0.0212
0.1407
0
0
0
0
0
0
0.0244
0.004
0
0
0
0
0
0
0.0236
0.0229
0
0.0383
0
0.0269
0
0
0
0
0
0
0
0
0.0047
0.0428
0
0
0
0.0204
0.0183
0
0.0574
0
0
0
0
0
0
0
0.0144
0
0
0
0
0
0
0
0
0
0
0
0
0
0
0
0
0
0
0
0
0
0
0.0679
0
0
0
0
0
0
0
0
0
0
0
0
0
0
0
0
0
0
0
0
0
0
0
0
0
0
0
0
0
0
0
0
0
0
0
0
0
0
0
0
0.0215
0.0203
0
0
0
0
0
0
0
0.0244
0
0
0
0
0
0.0014
0.0216
0
0
0
0
0
0
0
0.02
0
0.0378
0
0
0
0
0.0564
0
0
0
0
0.0391
0.01
0.0085
0
0
0.0205
0
0
0
0
0
0
0
0
0
0
0
0
0
0
0
0
0
0
0
0
0
0
0
0
0
0
0
0
0
0
0
0
0
0
0
0
0
0
0
0
0
0
0
0
0
0
0
0
0
0
0
0
0
0
0.0226
0
0
0
0
0
0
0
0
0
0
0
0
0
0
0
0
0
0
0
0
0
0
0
0
0
0
0
0
0
0
0
0
0
0
0
0
0
0
0
0
0
0.0051
0
0
0
0
0
0
0
0
0
0
0
0
0
0.0231
0
0
0
0
0
0
0
0
0
0
0
0
0
0
0
0
0
0
0
0
0
0
0
0
0
0
0
0
0
0
0
0
0
0
0
0
0
0
0
0
0
0
0
0
0
0
0
0
0
0
0
0
0
0
0
0
0
0
0
0.0159
0
0.0188
0
0
0
0
0
0
0
0
0
0
0
0
0
0
0.0182
0
0
0
0
0
0.0182
0
0.0223
0
0
0
0
0
0
0
0
0
0
0
0
0
0
0
0
0.0175
0.0083
0
0
0
0
0
0
0
0
0
0
0
0
0
0
0
0
0
0
0
0
0
0
0
0
0
0
0
0
0
0
0
0
0
0
0
0
0
0
0
0
0
0.0235
0
0
0.004
0
0
0
0
0
0
0
0
0
0
0
0
0
0
0
0
0
0
0
0
0
0
0
0
0
0
0
0
0.0159
0
0
0
0
0
0
0
0.0157
0
0
0
0
0
0
0.0144
0
0.0188
0
0
0
0
0
0
0
0
0
0
0
0
0
0
0
0
0
0
0
0
0
0
0
0
0.0218
0
0
0
0
0.0455
0
0
0
0
0.0045
0
0
0
0
0
0
0
0
0.0263
0
0
0
0
0
0
0.0098
0
0
0
0
0
0
0
0
0
0
0
0
0
0
0
0
0
0.0185
0
0
0
0
0
0
0
0.0253
0
0
0
0
0
0
0
0
0
0
0
0
0
0
0
0
0
0
0
0
0
0
0
0
0
0
0.0204
0
0
0
0
0
0
0
0
0.0192
0
0
0
0
0
0
0
0
0
0
0
0.0166
0
0
0.021
0
0
0
0
0
0.0389
0
0
0
0
0
0
0
0
0
0
0
0
0
0
0
0
0
0
0
0
0.0036
0
0
0
0
0
0
0
0
0
0
0
0
0
0
0
0
0
0
0
0
0
0
0
0
0
0
0
0
0
0.0214
0
0
0.0207
0
0
0.0193
0
0
0
0
0
0
0
0
0
0.0166
0.0167
0
0.0044
0
0.0175
0
0
0
0
0
0
0
0
0
0
0
0
0
0
0
0.0361
0
0
0.0178
0
0
0
0
0
0
0
0
0
0
0.0163
0
0
0
0
0.0252
0
0
0
0
0
0
0
0
0
0
0
0.0165
0
0
0
0
0
0
0
0.0148
0
0
0
0
0
0
0
0
0.0242
0
0
0
0
0
0
0
0
0
0
0
0
0
0
0
0
0
0
0
0
0
0.0062
0
0
0
0
0
0
0
0
0
0
0
0.0058
0
0
0
0
0
0.0196
0
0.0198
0
0
0
0
0
0
0
0
0
0
0
0
0
0
0
0.0829
0.0214
0.0225
0
0
0
0
0
0
0
0
0
0
0
0
0
0
0
0
0
0
0
0
0
0
0
0
0
0
0
0
0
0
0
0
0
0
0
0
0
0
0
0
0
0
0.0054
0
0
0
0
0
0
0
0
0
0
0
0
0
0
0
0
0
0
0
0
0
0
0
0
0
0
0
0
0
0
0.0197
0
0
0
0
0
0
0
0
0
0
0
0
0
0.0226
0
0
0
0
0
0
0
0
0
0
0
0
0
0
0
0
0
0
0
0
0
0
0
0
0
0
0
0
0.0225
0
0
0
0
0
0
0
0
0
0.0024
0.0104
0
0
0
0.0253
0
0
0
0
0
0
0
0
0
0
0
0
0
0
0
0
0
0
0
0
0
0
0
0
0
0
0
0
0
0
0
0
0
0
0
0
0
0
0
0
0
0
0
0
0
0
0
0
0
0
0
0
0
0
0
0
0
0
0
0
0
0.0196
0
0
0
0
0
0
0
0
0
0
0
0
0.0226
0
0
0
0
0
0
0
0
0
0
0
0
0
0
0
0.0211
0
0
0
0
0
0
0
0
0
0
0
0
0
0
0
0
0
0
0
0
0
0
0
0
0
0
0
0.0221
0
0
0
0
0
0
0
0.0165
0
0
0
0
0
0.0362
0
0
0
0
0
0
0
0
0
0
0
0
0
0
0
0
0
0
0
0
0
0
0
0
0
0
0
0
0
0
0
0
0
0.0055
0
0
0
0
0
0
0
0
0
0
0
0
0
0
0
0
0
0
0
0
0
0
0
0
0
0
0
0
0
0
0
0
0
0
0
0
0
0
0
0
0
0
0
0
0
0
0
0
0
0
0.0391
0
0
0
0
0
0
0
0
0
0
0
0.0237
0
0
0
0
0
0
0
0
0
0
0
0
0
0
0
0
0
0
0
0
0
0.0259
0
0
0
0
0
0.0076
0
0
0
0
0
0
0
0
0
0
0
0
0
0
0
0
0
0
0
0
0
0
0
0
0
0
0
0
0
0
0
0
0
0
0
0
0
0
0
0
0
0
0
0
0
0
0
0
0
0
0
0.0219
0
0
0
0
0
0
0
0
0
0
0
0
0
0
0
0
0
0
0
0
0
0
0
0
0
0
0
0
0
0
0
0
0
0
0
0
0
0
0
0
0
0
0
0
0
0
0
0
0
0
0
0.0188
0.0131
0
0
0
0
0
0
0
0
0
0
0
0
0
0
0
0
0
0
0
0
0
0
0
0
0
0
0
0
0
0
0
0
0.0206
0
0
0
0
0
0
0
0
0
0
0
0
0
0
0
0
0
0
0
0
0
0
0
0
0
0
0
0
0
0
0
0
0
0
0
0
0
0
0
0
0
0
0
0
0
0
0
0
0
0
0
0
0
0
0
0
0
0
0
0.0232
0
0.0466
0
0
0
0
0
0
0
0
0
0
0
0
0
0.02
0
0
0
0
0
0
0
0
0
0
0
0
0
0
0
0
0
0
0
0
0
0
0
0
0
0
0
0
0
0
0
0
0
0
0
0.0056
0.0092
0
0.0206
0
0
0
0
0
0
0
0.0204
0
0
0
0
0
0
0
0
0
0
0.0216
0
0
0
0
0
0
0.0234
0
0.0234
0
0
0.0213
0
0.037
0
0
0.0561
0
0
0
0
0.0295
0
0
0
0
0
0
0
0
0
0
0
0.0394
0
0
0
0.0295
0
0
0
0
0
0
0.0684
0.0147
0
0
0
0
0
0
0
0
0
0
0
0
0
0.0161
0
0.0184
0
0
0
0
0
0
0
0
0
0
0
0
0
0
0
0.0142
0.025
0.0303
0
0
0
0
0
0
0
0
0
0
0
0
0
0
0.0199
0
0
0.02
0
0
0
0
0
0
0
0
0
0
0
0
0
0
0
0
0
0
0
0
0
0
0
0
0
0
0
0
0
0
0.0231
0
0
0
0
0
0
0
0
0
0
0
0
0
0
0
0
0
0
0
0
0
0
0
0
0
0
0
0
0
0
0
0
0
0
0
0
0
0.0381
0
0
0
0
0
0
0.0185
0
0
0
0
0
0
0
0
0
0
0
0
0
0
0
0
0
0
0
0
0
0
0
0
0
0
0
0
0
0
0
0
0
0
0
0
0
0
0
0.0196
0
0
0
0
0.0162
0
0
0
0.0347
0
0
0
0
0
0
0
0
0
0
0
0
0
0
0
0
0
0
0
0
0
0
0.0175
0
0
0
0.0158
0
0
0.0031
0
0
0
0
0.018
0
0.0195
0.0441
0
0
0
0
0
0
0
0
0
0.016
0
0
0.0198
0
0.017
0
0
0
0.0173
0
0
0
0
0.0035
0.0161
0.0035
0.08
0
0
0
0
0
0
0
0.0173
0
0
0
0
0
0
0
0
0
0
0
0
0
0
0
0
0
0
0
0
0
0
0
0
0
0
0
0
0
0.0222
0
0
0
0
0
0
0
0
0
0
0
0
0
0
0
0
0
0
0
0
0
0
0
0
0
0
0
0.0292
0
0.0326
0
0
0
0
0
0
0
0
0
0.0056
0
0
0.0646
0
0
0.0045
0.0192
0
0
0
0.0338
0.0201
0
0
0
0
0
0
0
0
0.0106
0
0
0
0
0
0
0
0
0
0
0
0
0
0
0
0
0
0
0
0
0
0
0
0
0
0
0
0
0
0
0
0
0
0.0221
0
0
0
0
0.0513
0
0
0
0.0188
0
0
0
0
0
0
0
0
0
0
0
0
0
0
0
0
0.019
0
0
0
0.0166
0.0224
0.0272
0
0
0
0
0
0
0
0
0
0.023
0.0241
0
0
0
0.0211
0.0088
0
0
0
0
0.0175
0
0
0
0
0.1229
0.0146
0
0
0
0
0
0
0
0
0
0
0
0
0
0
0
0
0
0
0
0
0
0
0.0419
0
0
0
0
0
0.0233
0
0
0
0
0
0
0
0.0144
0.0263
0
0
0
0.0377
0
0
0
0
0
0
0
0
0
0
0
0
0
0.0201
0
0
0
0
0
0
0
0
0
0
0
0
0
0.0206
0
0
0
0
0
0
0
0
0
0
0
0
0
0
0.0045
0.0212
0
0
0
0
0.0219
0
0
0
0
0.0202
0.02
0
0
0
0
0
0
0
0
0
0
0
0
0
0
0
0
0
0.0222
0
0
0
0
0.0258
0.0077
0.0119
0.0102
0.0475
0
0.0331
0
0
0.0219
0
0
0.0173
0.0369
0.023
0
0
0.0325
0
0
0
0
0
0
0
0.0198
0
0
0
0
0
0
0
0
0
0.0075
0
0
0
0
0
0
0.0156
0
0
0
0
0
0.0139
0
0
0
0
0
0
0
0.021
0
0
0
0
0
0
0
0
0
0
0
0
0
0
0
0
0
0.0201
0
0.0423
0
0
0
0
0
0
0
0
0
0.0045
0
0
0
0
0
0.0233
0
0
0
0
0
0
0
0
0
0.0167
0
0
0
0
0
0
0.0597
0
0
0
0
0
0.0044
0
0
0.0258
0.016
0.0264
0
0
0.0608
0
0
0
0
0.0191
0.0196
0.0944
0
0
0
0
0
0
0
0.0226
0
0
0
0
0
0
0
0
0.0235
0
0
0
0
0
0.0177
0
0.0163
0
0
0.0176
0.0177
0
0
0.0022
0
0
0
0
0
0
0
0
0
0
0
0
0
0
0
0.0367
0.0171
0
0
0
0
0
0
0
0
0
0
0
0
0
0
0
0
0
0
0
0
0
0.0449
0
0
0
0
0
0
0.0149
0
0.0145
0.0302
0
0
0
0
0.0166
0
0
0
0
0
0.0257
0
0
0
0
0
0
0.0157
0
0
0
0
0
0
0.0191
0
0
0
0
0.0085
0.0015
0
0
0
0
0.0062
0
0.0097
0
0
0.0885
0
0
0
0.0191
0
0
0
0.0048
0.0269
0
0
0
0
0.0166
0
0
0
0.0372
0.0648
0
0
0
0
0
0
0
0
0
0
0
0
0
0
0
0
0
0.0211
0.1072
0
0
0
0.0032
0
0
0
0
0
0
0
0
0
0
0
0.0224
0
0
0
0
0
0
0
0
0
0.0172
0
0
0
0
0
0
0
0
0
0
0.0056
0
0
0
0
0
0
0
0
0.0045
0
0
0
0
0
0
0
0
0
0
0.0024
0
0
0
0
0
0.02
0
0
0.0212
0
0
0.0399
0
0
0.0179
0
0
0
0
0
0
0.036
0
0
0
0.0158
0
0
0
0
0
0
0
0.0079
0.0234
0
0
0
0
0
0
0
0.0547
0
0
0
0
0.0507
0.0164
0
0
0
0.0056
0
0
0
0
0
0
0
0
0
0
0.0186
0
0.0288
0.0689
0
0.0057
0
0
0
0.0485
0
0
0
0
0
0
0
0
0
0
0.0217
0
0.0703
0.0117
0.0044
0.0217
0
0
0
0
0
0
0
0
0
0.0478
0
0
0.0176
0.0752
0
0
0
0
0
0
0
0
0
0
0
0
0
0
0
0.0187
0
0
0
0.0179
0
0
0
0
0.0372
0
0
0
0
0
0
0
0
0
0
0.0261
0
0
0.0444
0
0
0
0
0
0
0
0
0
0
0
0
0
0
0
0
0
0
0
0.0218
0
0
0
0
0
0
0.0179
0
0
0
0
0
0
0.018
0
0
0.0233
0
0
0.0195
0
0
0
0
0
0
0
0
0.0255
0
0
0
0.0193
0
0
0
0.0042
0
0
0
0.0168
0
0
0
0.0179
0
0
0
0
0
0
0
0
0
0
0
0
0
0
0
0
0
0
0
0
0
0
0
0
0
0
0.0042
0
0
0
0
0
0
0.0195
0.0181
0
0
0
0
0
0
0
0
0
0
0
0
0
0
0
0
0
0
0
0
0
0
0
0
0
0
0
0
0
0
0
0
0
0.0215
0
0
0
0
0
0
0
0
0.0172
0
0
0
0
0
0
0.0241
0
0
0.0391
0
0
0
0
0
0
0
0
0
0
0
0
0
0
0
0
0
0.0174
0
0
0.0493
0
0
0
0
0
0
0
0
0
0
0
0
0
0
0
0.0239
0
0.0202
0.0227
0
0.0206
0
0
0
0.0207
0
0
0
0
0
0
0
0
0
0
0.0199
0
0
0
0
0
0
0
0
0.0351
0
0
0
0.0136
0.0093
0.0527
0
0
0.0163
0
0.0144
0.0239
0.1231
0.0184
0.0187
0
0
0
0.0157
0
0.0219
0.0169
0
0
0
0
0.0167
0
0
0
0
0
0
0
0
0
0
0.0168
0
0
0
0
0
0
0
0
0
0.0319
0
0
0
0
0
0
0
0
0.0195
0.0797
0
0
0.0645
0
0
0
0.0197
0.0507
0
0.0159
0
0.0221
0
0
0
0
0
0
0
0
0
0.0164
0
0
0
0
0
0.017
0
0.0184
0
0
0
0
0
0.0372
0
0
0
0.0387
0
0
0.0449
0
0
0
0.0377
0
0
0
0.0416
0.0209
0
0
0
0
0
0.0354
0
0
0
0
0
0
0
0
0
0
0
0
0
0
0
0
0
0
0
0
0
0
0
0
0
0
0.0217
0
0
0
0
0.0218
0.0209
0
0
0
0
0
0
0
0
0
0
0
0
0
0
0
0
0
0
0
0
0
0
0
0
0
0
0.0196
0
0
0.0163
0
0
0
0
0.0394
0.0153
0
0
0.0177
0
0
0
0
0.0222
0
0
0
0
0
0
0.0236
0
0
0
0
0
0
0
0
0
0
0
0
0.0061
0
0
0
0
0
0
0
0
0
0
0
0
0
0
0
0
0
0
0
0
0
0
0
0
0
0.0231
0
0.0453
0.0466
0
0
0.0497
0
0
0
0
0
0
0
0
0.0381
0
0
0
0
0
0
0.0076
0
0.0369
0
0
0
0.0043
0
0.0188
0
0
0
0.0203
0.0179
0
0
0.0229
0
0
0
0
0.0219
0.0172
0
0
0
0
0
0
0
0.0174
0.0106
0.0704
0
0
0
0.0206
0
0.0094
0
0
0.0037
0.0285
0
0
0
0
0
0
0.0209
0.0177
0
0
0
0
0.0166
0.037
0.0164
0.0302
0.018
0
0
0
0
0
0
0
0.0205
0
0
0
0
0
0
0
0
0.0176
0
0
0.0165
0
0
0
0
0
0
0
0.0229
0
0
0
0
0.0421
0
0
0
0
0
0
0
0
0
0
0
0
0
0.0596
0
0.0234
0
0
0
0.0194
0.0184
0
0
0
0
0
0
0
0
0
0
0
0
0
0
0
0
0
0
0.0199
0
0
0
0
0
0
0
0
0
0
0
0
0
0
0.0487
0
0.0177
0
0.0391
0
0
0
0
0
0
0.0169
0
0
0
0
0
0
0
0.0357
0
0
0.0342
0
0.0183
0
0.0442
0
0
0
0
0
0.0247
0
0
0
0.0513
0
0
0
0
0
0
0
0.0037
0
0
0
0.0427
0.0332
0
0
0
0
0
0
0
0
0
0
0
0
0
0
0.0258
0
0
0.0381
0
0
0
0
0
0
0
