0
0
0
0
0
0
0
0
0
0
0
0
0
0
0
0
0
0
0
0
0
0
0
0
0
0
0
0
0
0
0
0
0
0
0
0
0
0
0
0
0
0
0
0
0
0
0
0
0
0
0
0
0
0
0
0
0
0
0
0
0
0
0
0
0
0
0
0
0
0
0
0
0
0
0
0
0
0
0
0
0
0
0
0
0
0
0
0
0
0
0
0
0
0
0
0
0
0
0
0
0
0
0
0
0
0
0
0
0
0
0
0
0
0
0
0
0
0
0
0
0
0
0
0
0
0
0
0
0
0
0
0
0
0
0
0
0
0
0
0
0
0
0
0
0
0
0
0
0
0
0
0
0
0
0
0
0
0
0
0
0
0
0
0
0
0
0
0
0
0
0
0
0
0
0
0
0
0
0
0
0
0
0
0
0
0
0
0
0
0
0
0
0
0
0
0
0
0
0
0
0
0
0
0
0
0
0
0
0
0
0
0
0
0
0
0
0
0
0
0
0
0
0
0
0
0
0
0
0
0
0
0
0
0
0
0
0
0
0
0
0
0
0
0
0
0
0
0
0
0
0
0
0
0
0
0
0
0
0
0
0
0
0
0
0
0
0
0
0
0
0
0
0
0
0
0
0
0
0
0
0
0
0
0
0
0
0
0
0
0
0
0
0
0
0
0
0
0
0
0
0
0
0
0
0
0
0
0
0
0
0
0
0
0
0
0
0
0
0
0
0
0
0
0
0
0
0
0
0
0
0
0
0
0
0
0
0
0
0
0
0
0
0
0
0
0
0
0
0
0
0
0
0
0
0
0
0
0
0
0
0
0
0
0
0
0
0
0
0
0
0
0
0
0
0
0
0
0
0
0
0
0
0
0
0
0
0
0
0
0
0
0
0
0
0
0
0
0
0
0
0
0
0
0
0
0
0
0
0
0
0
0
0
0
0
0
0
0
0
0
0
0
0
0
0
0
0
0
0
0
0
0
0
0
0
0
0
0
0
0
0
0
0
0
0
0
0
0
0
0
0
0
0
0
0
0
0
0
0
0
0
0
0
0
0
0
0
0
0
0
0
0
0
0
0
0
0
0
0
0
0
0
0
0
0
0
0
0
0
0
0
0
0
0
0
0
0
0
0
0
0
0
0
0
0
0
0
0
0
0
0
0
0
0
0
0
0
0
0
0
0
0
0
0
0
0
0
0
0
0
0
0
0
0
0
0
0
0
0
0
0
0
0
0
0
0
0
0
0
0
0
0
0
0
0
0
0
0
0
0
0
0
0
0
0
0
0
0
0
0
0
0
0
0
0
0
0
0
0
0
0
0
0
0
0
0
0
0
0
0
0
0
0
0
0
0
0
0
0
0
0
0
0
0
0
0
0
0
0
0
0
0
0
0
0
0
0
0
0
0
0
0
0
0
0
0
0
0
0
0
0
0
0
0
0
0
0
0
0
0
0
0
0
0
0
0
0
0
0
0
0
0
0
0
0
0
0
0
0
0
0
0
0
0
0
0
0
0
0
0
0
0
0
0
0
0
0
0
0
0
0
0
0
0
0
0
0
0
0
0
0
0
0
0
0
0
0
0
0
0
0
0
0
0
0
0
0
0
0
0
0
0
0
0
0
0
0
0
0
0
0
0
0
0
0
0
0
0
0
0
0
0
0
0
0
0
0
0
0
0
0
0
0
0
0
0
0
0
0
0
0
0
0
0
0
0
0
0
0
0
0
0
0
0
0
0
0
0
0
0
0
0
0
0
0
0
0
0
0
0
0
0
0
0
0
0
0
0
0
0
0
0
0
0
0
0
0
0
0
0
0
0
0
0
0
0
0
0
0
0
0
0
0
0
0
0
0
0
0
0
0
0
0
0
0
0
0
0
0
0
0
0
0
0
0
0
0
0
0
0
0
0
0
0
0
0
0
0
0
0
0
0
0
0
0
0
0
0
0
0
0
0
0
0
0
0
0
0
0
0
0
0
0
0
0
0
0
0
0
0
0
0
0
0
0
0
0
0
0
0
0
0
0
0
0
0
0
0
0
0
0
0
0
0
0
0
0
0
0
0
0
0
0
0
0
0
0
0
0
0
0
0
0
0
0
0
0
0
0
0
0
0
0
0
0
0
0
0
0
0
0
0
0
0
0
0
0
0
0
0
0
0
0
0
0
0
0
0
0
0
0
0
0
0
0
0
0
0
0
0
0
0
0
0
0
0
0
0
0
0
0
0
0.042
0.0423
0
0
0
0
0
0
0
0
0
0
0
0
0
0
0
0
0
0
0
0
0
0
0
0
0
0
0
0
0
0
0
0
0
0
0
0
0
0
0
0
0
0
0
0
0
0
0
0
0
0
0
0
0
0
0
0.0188
0
0
0
0
0
0
0
0
0
0
0
0
0
0
0
0
0
0
0
0
0
0
0
0
0
0
0
0
0
0
0
0
0.0223
0
0
0
0
0
0
0
0
0
0
0
0
0
0.0382
0
0
0
0
0
0
0
0
0
0
0
0
0.0142
0
0
0
0
0.0205
0.0294
0
0.0207
0
0.0421
0
0
0
0
0
0
0
0
0.0155
0
0
0
0
0
0
0
0
0
0
0
0
0
0
0
0
0
0
0
0
0
0
0
0
0
0
0
0
0
0
0
0
0
0
0
0
0
0
0
0
0
0
0
0
0
0
0
0
0
0
0
0
0
0
0
0
0
0
0
0
0
0
0
0
0
0
0
0
0
0
0
0
0
0
0
0
0
0
0
0
0
0
0
0
0
0
0
0
0
0
0
0
0
0
0
0
0
0
0
0
0
0
0
0
0
0
0
0
0
0
0
0
0
0
0
0
0
0
0
0
0
0
0
0
0
0
0
0
0
0
0
0
0
0
0
0
0
0
0
0
0
0
0
0
0
0
0
0
0
0
0
0
0
0
0
0
0
0
0
0
0
0
0
0
0
0
0
0
0
0
0
0
0
0
0
0
0
0
0
0
0
0
0
0
0
0
0
0
0
0
0
0
0
0
0
0
0
0
0
0
0
0
0
0
0
0
0
0
0
0
0
0
0
0
0
0
0
0
0
0
0
0
0
0
0
0
0
0
0
0
0
0
0
0
0
0
0
0
0
0
0
0
0
0
0
0
0
0
0
0
0
0
0
0
0
0
0
0
0
0
0
0
0
0
0
0
0
0
0
0
0
0
0
0
0
0
0
0
0
0
0
0
0
0
0
0
0
0
0
0
0
0
0
0
0
0
0
0
0
0
0
0
0
0
0
0
0
0
0
0
0
0
0
0
0
0
0.0051
0
0
0
0
0
0
0
0
0
0
0
0
0
0
0
0
0
0
0
0
0
0
0
0
0
0.0052
0
0
0
0
0
0
0
0
0
0
0
0
0
0
0
0
0
0
0
0
0
0
0
0
0
0
0
0
0
0
0
0
0
0
0
0
0
0
0
0
0
0
0
0
0
0
0
0
0
0
0
0
0
0
0
0
0
0
0
0
0
0
0
0
0
0
0
0
0
0
0
0
0
0.016
0
0
0
0
0
0
0
0.0088
0
0
0.0179
0
0
0
0.0429
0
0
0
0
0
0
0
0
0
0
0
0.0185
0
0.02
0
0.0072
0.0238
0
0
0.0195
0
0
0.0225
0.054
0.0349
0
0
0.0421
0
0
0
0.0331
0
0.0221
0
0.0445
0
0
0.0247
0.0173
0.0041
0.0329
0.0118
0
0.0076
0.0217
0.101
0
0.0168
0
0.0191
0
0.0236
0.062
0.0462
0
0
0
0
0
0.0208
0.0059
0.0492
0.0425
0
0
0
0.0297
0
0
0
0
0
0
0
0
0
0
0
0
0.0116
0
0.0162
0
0
0.0199
0.0116
0
0.0285
0.0077
0.0142
0
0.0025
0
0
0
0
0
0
0
0
0.0281
0
0
0
0
0
0
0
0
0
0.0266
0
0
0
0
0
0
0
0
0
0
0.0168
0
0
0
0.0177
0
0
0
0
0
0
0
0
0
0
0
0
0
0
0
0.0048
0
0
0
0
0
0
0
0
0
0
0
0.0048
0.0357
0
0.0139
0.0241
0.0174
0.0363
0
0
0
0
0
0
0
0
0
0
0
0
0
0
0
0.0217
0
0
0
0
0
0
0
0
0
0
0
0.0194
0
0
0
0
0
0
0
0
0.0207
0
0
0
0
0
0
0
0
0
0
0
0
0.017
0
0
0.0201
0
0.0291
0
0
0
0
0
0
0
0
0
0
0
0.0227
0
0.0051
0
0
0
0
0
0
0
0
0
0
0.0229
0
0
0
0
0
0
0
0
0
0
0
0
0
0
0
0
0
0
0
0
0.0054
0
0
0
0
0
0
0
0.0127
0
0
0
0
0
0
0
0
0
0
0.016
0
0
0
0
0
0
0
0
0
0
0
0.0114
0
0
0
0
0
0
0
0
0
0
0
0
0
0
0
0
0.041
0
0
0
0
0
0
0
0
0
0
0
0
0
0
0.0362
0
0
0
0
0
0
0
0
0
0
0
0
0
0.0055
0
0
0.0033
0
0.0026
0.0162
0
0.0326
0.0424
0.0073
0
0
0
0
0
0
0
0
0.0188
0.0048
0.0092
0
0
0
0
0
0.0157
0.0173
0
0
0
0
0
0
0
0
0
0
0
0
0
0
0
0
0
0
0
0
0.0162
0
0
0
0
0.0336
0
0
0
0
0
0
0
0
0
0
0
0
0
0
0.0188
0
0
0
0
0
0
0
0
0
0
0
0.0194
0
0
0
0
0
0
0
0
0.0221
0
0
0
0.0056
0
0
0
0.0053
0
0
0
0
0.0056
0
0
0
0
0
0.0253
0.0213
0
0
0.0371
0.019
0
0
0.0237
0.0238
0
0.019
0.027
0.0356
0
0
0
0.0367
0.0206
0
0
0
0
0
0
0
0
0
0
0
0
0
0.0055
0.0196
0
0
0
0
0
0.0103
0
0
0
0
0
0
0
0
0
0
0
0
0
0
0
0.0075
0
0
0
0
0
0
0
0
0
0.0234
0
0
0
0
0
0
0
0
0
0
0
0
0
0
0
0
0.0043
0
0
0
0
0
0
0
0
0
0
0
0
0
0
0
0.0177
0
0
0
0
0
0
0
0
0
0
0
0.0067
0
0
0
0
0.0038
0
0
0
0
0
0
0
0
0
0
0
0
0
0
0
0
0
0
0
0
0
0.017
0
0
0
0
0
0
0
0
0
0
0
0
0
0
0
0
0
0
0
0
0
0.016
0.022
0.0197
0
0
0
0
0
0
0
0
0
0
0
0
0
0
0
0
0
0
0
0
0
0.0183
0
0
0
0
0
0
0
0
0
0
0
0
0
0
0
0
0
0
0
0
0
0
0
0.0092
0
0
0
0.0181
0
0
0.0362
0
0
0
0
0
0.0609
0.019
0
0
0
0
0
0
0
0
0
0
0
0
0
0
0
0.0062
0
0
0
0.0129
0
0
0.0403
0
0
0
0
0
0
0
0
0
0
0.0203
0
0.0278
0
0.036
0
0
0
0
0
0
0
0
0
0
0
0
0.0233
0
0.0048
0
0
0
0
0
0.0118
0
0
0
0.0221
0
0
0
0.0399
0
0
0
0.0179
0
0
0
0
0
0
0
0
0
0
0
0
0
0
0
0.025
0
0
0.0052
0.0045
0
0.0098
0
0
0
0
0
0
0
0.0456
0
0
0
0
0
0
0
0
0
0
0
0.0038
0
0
0
0
0
0
0.0204
0
0
0.0409
0
0
0
0
0
0.011
0.0247
0
0
0.0401
0
0
0
0
0.0203
0
0.0513
0.0105
0
0
0
0
0
0
0
0
0
0
0
0
0
0.0123
0
0
0
0
0
0
0
0
0
0.0265
0
0
0
0
0.0573
0
0.0127
0
0
0
0
0
0
0
0
0.0058
0.0411
0
0
0
0
0
0.0141
0
0
0
0
0
0
0
0
0
0
0
0
0
0
0
0
0
0
0
0
0
0
0.0123
0
0
0.038
0
0
0
0
0
0
0
0
0.024
0
0
0
0
0
0
0
0
0
0
0.0078
0
0
0
0
0
0
0
0
0
0
0
0
0.0123
0
0
0
0
0
0
0
0
0
0
0.0361
0
0
0
0
0
0
0
0
0
0
0
0
0
0.0396
0
0
0
0
0
0
0
0
0
0
0
0
0
0
0
0.0157
0.0081
0
0
0
0
0
0
0
0
0.0258
0
0
0
0
0
0
0
0.0437
0
0
0
0
0
0
0
0
0
0
0
0
0
0
0
0
0
0
0
0
0
0
0
0
0
0
0
0
0
0
0
0
0
0
0
0
0
0
0
0
0
0
0
0
0
0
0
0
0.0337
0
0
0
0
0
0
0
0
0
0
0
0
0
0
0
0
0
0
0
0
0
0
0.0322
0
0
0
0
0
0
0
0.0203
0
0
0.0304
0
0
0
0
0.0083
0
0
0
0
0
0.0068
0
0
0
0
0.0242
0
0
0
0
0
0
0
0
0
0
0
0
0
0
0.0206
0
0.0458
0.0272
0
0
0
0.0044
0
0
0
0
0
0.0192
0
0
0
0
0
0
0
0
0.0423
0
0
0
0
0
0
0
0
0
0.0385
0
0
0.0137
0
0
0
0
0
0
0
0.0272
0
0
0
0
0
0
0
0
0
0.0167
0.0139
0
0.0095
0
0.027
0
0
0
0
0
0
0
0
0.0367
0
0
0
0
0
0
0
0
0
0
0
0
0
0
0
0
0
0
0
0
0.0205
0
0
0
0
0.0105
0
0
0
0
0.022
0
0
0
0
0
0
0
0
0
0
0
0
0
0
0.0193
0
0
0
0.0162
0
0
0
0
0
0.0171
0
0
0
0
0
0
0
0
0
0
0
0
0.0049
0.0351
0
0
0
0
0
0
0
0
0
0
0
0.004
0
0
0
0
0
0.0156
0
0
0
0
0
0
0
0
0
0
0
0
0
0
0
0
0
0
0.0189
0
0
0
0
0
0
0
0
0
0
0
0
0
0
0
0
0.0373
0
0
0
0
0
0
0
0
0
0
0
0
0
0
0
0.0239
0
0
0
0
0
0
0
0
0
0.0268
0
0
0
0
0
0
0
0
0
0
0
0
0
0
0
0
0
0
0
0
0
0
0
0
0
0
0
0
0
0
0
0
0
0
0.0058
0
0
0
0
0
0
0
0
0
0
0
0
0
0
0
0
0
0
0
0
0
0
0
0
0
0
0
0
0
0
0
0
0
0
0
0
0
0
0
0
0
0
0
0
0
0
0
0
0
0
0
0
0
0
0
0
0
0
0
0
0
0
0
0
0
0
0
0
0
0
0.0224
0.0168
0
0
0
0
0
0
0
0.0253
0.0161
0
0.0053
0
0
0
0
0
0
0
0.0396
0
0
0.0251
0
0
0
0
0
0
0.0229
0
0
0
0
0
0
0
0
0
0
0
0
0
0.0091
0.0125
0
0
0
0
0
0.0076
0.0214
0
0
0
0
0
0
0
0
0
0
0.0186
0.0094
0
0
0
0
0
0
0
0.0011
0.0386
0.0408
0
0
0.0468
0
0.0253
0.0673
0
0.0496
0.0217
0
0
0.0227
0.0087
0.0219
0
0.036
0.0124
0
0.0211
0
0
0
0.0054
0
0.0191
0
0
0
0
0.0223
0.0304
0.01
0.0412
0
0
0.0062
0
0.0255
0
0
0
0
0
0
0
0
0
0
0
0
0
0
0
0
0
0
0.0063
0
0.0161
0
0
0
0.0153
0.0065
0.0042
0.0259
0.0395
0.0161
0.0382
0
0
0.0687
0
0
0
0
0
0
0
0
0
0
0
0
0
0
0
0
0
0
0.0174
0
0
0
0
0.0191
0.0231
0
0
0
0
0
0
0.025
0
0
0
0
0
0
0
0
0
0
0
0
0
0
0
0
0
0
0
0
0
0
0
0
0
0
0
0
0
0.0129
0
0
0
0
0
0
0
0
0
0
0
0
0
0
0
0
0
0
0
0
0
0.0178
0
0.0081
0
0
0
0
0
0
0
0
0
0
0
0
0
0
0
0
0
0
0
0
0
0
0
0
0
0
0
0.0368
0
0
0.0195
0
0
0
0
0.0163
0
0
0
0.0092
0
0
0
0
0
0
0
0
0
0
0
0
0
0
0
0.0109
0.0489
0.0154
0
0
0
0
0
0
0
0
0
0
0
0
0
0
0
0
0
0
0
0
0
0
0
0
0.0116
0
0
0
0
0
0
0
0
0
0
0
0
0.0233
0
0
0.0243
0
0
0
0
0
0
0
0
0
0.03
0
0
0.0345
0
0
0.007
0.0043
0
0
0
0.0083
0
0
0
0
0
0
0
0
0
0
0
0
0
0
0
0.0266
0.0362
0
0
0
0
0
0
0
0
0
0
0
0.0408
0.0227
0
0
0
0
0.0357
0
0
0
0
0
0
0
0
0
0
0
0
0
0
0
0
0
0
0
0
0
0
0
0
0
0
0.0204
0.0351
0.0042
0
0
0
0.0558
0
0
0
0
0
0
0
0
0
0
0
0
0.0169
0
0
0.0168
0
0
0
0.0209
0
0
0
0
0
0
0
0
0
0.0241
0.0325
0.0306
0
0
0
0
0
0
0
0
0
0
0
0
0
0
0
0.0036
0
0
0
0
0
0
0
0
0
0
0
0
0
0
0
0
0.0247
0
0
0.0362
0
0
0
0
0
0
0
0
0
0
0
0
0
0
0
0
0
0
0
0.0148
0
0
0
0
0
0.0083
0
0
0
0
0
0
0
0
0.0253
0.018
0
0
0
0
0.0883
0
0
0
0
0
0
0
0
0
0.0438
0
0
0
0
0.024
0
0
0
0
0
0
0
0
0
0
0
0
0
0
0
0.0094
0
0
0
0.0086
0
0.0348
0.0107
0
0
0.032
0
0
0
0.0208
0
0
0
0
0
0
0
0.018
0.0168
0
0
0.022
0.0052
0.0269
0
0
0
0
0
0
0
0
0
0
0
0
0
0
0
0
0.0263
0.0162
0
0
0
0.0609
0
0
0
0
0
0
0
0
0
0
0
0
0
0
0
0
0
0.016
0
0
0
0
0
0
0.0568
0
0.023
0
0
0
0
0
0
0
0
0
0
0
0
0
0
0
0
0
0
0.0201
0
0
0
0
0
0
0
0
0.0201
0
0
0.0193
0
0
0
0
0
0.0356
0.0184
0.0208
0.0889
0
0.0429
0
0
0.0037
0.0043
0.0195
0.0608
0
0
0
0
0
0
0
0
0
0
0
0
0
0
0
0
0
0.0185
0
0
0
0
0.0036
0.0182
0.0149
0.0035
0
0
0
0
0
0
0
0
0
0
0.0488
0.0198
0.0151
0.0646
0
0
0.0486
0
0
0
0
0
0
0
0
0
0
0
0.0612
0
0
0
0
0
0
0
0
0
0
0
0
0
0
0
0
0
0
0
0
0
0
0
0
0
0
0.0089
0
0
0
0
0
0
0
0
0
0
0
0
0
0
0
0
0
0
0
0.0407
0
0
0
0
0
0
0
0
0
0
0
0
0
0
0
0
0
0
0
0.0751
0
0
0
0
0
0.0186
0
0
0
0
0.0392
0
0
0
0
0
0
0
0
0
0
0
0
0
0
0
0
0
0
0
0
0
0
0
0
0
0
0
0
0
0
0
0
0
0
0
0
0
0
0
0
0
0
0
0
0
0.0334
0
0
0
0
0
0
0
0
0
0
0
0
0
0
0
0
0
0.0037
0
0
0
0
0
0
0
0
0
0
0
0
0
0
0
0
0
0
0.011
0.0058
0
0
0
0
0
0
0
0
0.0148
0
0.0189
0
0
0
0.005
0
0
0
0
0
0
0
0
0
0
0
0
0.0196
0
0
0
0
0
0
0
0
0
0
0
0
0
0
0
0
0
0.0168
0
0
0
0
0
0
0
0
0
0
0
0
0
0
0
0
0
0
0
0
0
0
0
0
0
0
0
0
0.0415
0
0
0
0
0
0
0
0
0
0
0
0
0
0
0
0
0
0
0
0
0.0204
0
0
0
0
0
0
0
0
0.0216
0
0
0
0.0442
0
0.0251
0
0
0
0
0
0
0
0
0
0
0
0
0
0
0
0
0
0.0326
0
0
0
0
0
0
0
0.017
0
0
0
0
0
0
0
0
0.0032
0
0.0033
0
0
0
0
0.0234
0
0
0
0.018
0
0
0
0
0
0
0
0
0
0
0
0
0
0.0266
0
0
0
0
0
0
0
0
0
0.0049
0
0
0
0
0
0
0
0
0
0
0
0
0
0
0
0.0384
0.0181
0
0
0.0201
0
0
0.0221
0
0
0
0
0
0
0
0
0
0
0.0175
0
0.0039
0
0
0
0
0
0
0
0
0
0
0.0167
0
0
0.0217
0
0
0.0043
0
0
0
0
0
0
0
0
0
0
0
0
0
0
0
0
0
0
0
0
0
0
0
0
0
0
0
0
0.0158
0
0
0
0
0
0
0
0
0
0
0
0
0
0
0
0
0
0
0
0
0.0154
0.0026
0
0
0
0
0
0
0
0
0
0
0
0
0
0
0
0
0
0
0
0
0
0
0
0
0
0
0
0
0
0
0
0
0
0
0
0
0
0
0
0
0
0
0
0
0
0
0
0
0
0
0
0
0.0174
0
0
0
0
0
0
0
0
0
0
0
0
0
0
0
0
0
0
0
0
0
0
0
0
0
0
0
0
0
0
0
0
0
0
0
0
0
0
0.0163
0
0
0
0
0
0
0
0
0.0012
0.0182
0
0
0
0
0
0
0
0
0
0
0
0
0
0.0334
0
0
0
0
0
0
0
0
0
0
0
0
0
0
0
0
0
0
0
0
0
0
0
0
0
0
0.0182
0.0001
0.0177
0.0208
0
0
0
0
0
0
0
0
0
0
0
0
0.0179
0
0
0
0.0195
0
0
0
0
0
0
0.0189
0
0.0247
0
0
0
0
0
0
0.0067
0.012
0.0051
0
0
0
0
0
0
0
0
0
0
0
0
0.0546
0.0402
0
0
0
0
0.0182
0
0.0191
0
0.0915
0
0
0.0371
0
0
0
0
0
0
0
0.0303
0
0
0.017
0
0
0
0
0
0
0
0
0
0
0
0
0
0
0
0.0176
0
0
0
0
0
0
0
0
0
0.0157
0
0
0
0
0
0
0
0
0
0
0
0
0
0
0
0
0
0
0
0
0.0178
0
0
0
0
0
0
0
0
0
0
0.0138
0
0
0
0.0808
0.0117
0
0
0
0.02
0
0
0
0
0
0
0
0
0
0
0
0
0
0
0
0
0
0
0
0
0
0
0
0
0
0
0
0
0
0
0
0
0
0
0.0193
0
0
0
0
0
0
0
0
0
0
0
0
0
0
0
0
0
0
0
0
0
0
0
0
0
0
0
0
0
0
0
0
0
0
0
0
0
0
0
0
0
0.0105
0
0
0
0
0
0.0199
0
0.0332
0.0084
0
0
0.0565
0
0
0
0
0
0
0
0
0.017
0
0
0
0
0
0
0
0
0
0
0.019
0
0
0
0
0
0
0
0
0
0
0
0
0
0
0
0
0
0
0
0
0
0
0
0.0062
0.0175
0
0
0
0
0.0148
0
0.0168
0
0.0186
0
0
0
0
0
0
0
0
0
0
0.0158
0
0
0
0
0
0
0
0.0315
0
0
0
0
0.0759
0
0.0066
0
0
0
0
0
0
0
0
0
0
0
0.0299
0
0
0
0
0
0
0.02
0.0407
0
0.0167
0.0065
0.1164
0
0.0372
0
0
0
0
0.0397
0
0.0199
0
0
0
0.0143
0
0
0
0
0
0.02
0
0
0.07
0
0
0
0
0
0
0
0
0
0
0
0
0
0
0
0
0
0.018
0
0
0.0269
0
0
0
0
0.0163
0
0
0
0
0
0
0.036
0.0198
0
0
0
0
0
0
0
0
0
0
0
0
0
0.0207
0
0
0
0
0
0.0159
0
0
0
0
0
0
0
0
0
0
0
0
0
0
0
0
0
0
0
0
0
0
0
0
0
0
0
0
0
0
0
0
0
0
0
0
0
0
0
0
0
0
0.0038
0.0154
0
0
0
0
0
0
0
0
0
0
0
0
0.0934
0.0179
0.0184
0
0
0.0052
0
0
0
0
0
0
0
0
0.075
0
0
0
0
0.0038
0
0
0
0
0
0
0
0.0467
0
0
0.0183
0
0
0
0
0
0.0127
0
0
0
0
0
0.0336
0
0
0.0199
0
0
0
0.0159
0
0
0
