0
0
0
0
0
0
0
0
0
0
0
0
0
0
0
0
0
0
0
0
0
0
0
0
0
0
0
0
0
0
0
0
0
0
0
0
0
0
0
0
0
0
0
0
0
0
0
0
0
0
0
0
0
0
0
0
0
0
0
0
0
0
0
0
0
0
0
0
0
0
0
0
0
0
0
0
0
0
0
0
0
0
0
0
0
0
0
0
0
0
0
0
0
0
0
0
0
0
0
0
0
0
0
0
0
0
0
0
0
0
0
0
0
0
0
0
0
0
0
0
0
0
0
0
0
0
0
0
0
0
0
0
0
0
0
0
0
0
0
0
0
0
0
0
0
0
0
0
0
0
0
0
0
0
0
0
0
0
0
0
0
0
0
0
0
0
0
0
0
0
0
0
0
0
0
0
0
0
0
0
0
0
0
0
0
0
0
0
0
0
0
0
0
0
0
0
0
0
0
0
0
0
0
0
0
0
0
0
0
0
0
0
0
0
0
0
0
0
0
0
0
0
0
0
0
0
0
0
0
0
0
0
0
0
0
0
0
0
0
0
0
0
0
0
0
0
0
0
0
0
0
0
0
0
0
0
0
0
0
0
0
0
0
0
0
0
0
0
0
0
0
0
0
0
0
0
0
0
0
0
0
0
0
0
0
0
0
0
0
0
0
0
0
0
0
0
0
0
0
0
0
0
0
0
0
0
0
0
0
0
0
0
0
0
0
0
0
0
0
0
0
0
0
0
0
0
0
0
0
0
0
0
0
0
0
0
0
0
0
0
0
0
0
0
0
0
0
0
0
0
0
0
0
0
0
0
0
0
0
0
0
0
0
0
0
0
0
0
0
0
0
0
0
0
0
0
0
0
0
0
0
0
0
0
0
0
0
0
0
0
0
0
0
0
0
0
0
0
0
0
0
0
0
0
0
0
0
0
0
0
0
0
0
0
0
0
0
0
0
0
0
0
0
0
0
0
0
0
0
0
0
0
0
0
0
0
0
0
0
0
0
0
0
0
0
0
0
0
0
0
0
0
0
0
0
0
0
0
0
0
0
0
0
0
0
0
0
0
0
0
0
0
0
0
0
0
0
0
0
0
0
0
0
0
0
0
0
0
0
0
0
0
0
0
0
0
0
0
0
0
0
0
0
0
0
0
0
0
0
0
0
0
0
0
0
0
0
0
0
0
0
0
0
0
0
0
0
0
0
0
0
0
0
0
0
0
0
0
0
0
0
0
0
0
0
0
0
0
0
0
0
0
0
0
0
0
0
0
0
0
0
0
0
0
0
0
0
0
0
0
0
0
0
0
0
0
0
0
0
0
0
0
0
0
0
0
0
0
0
0
0
0
0
0
0
0
0
0
0
0
0
0
0
0
0
0
0
0
0
0
0
0
0
0
0
0
0
0
0
0
0
0
0
0
0
0
0
0
0
0
0
0
0
0
0
0
0
0
0
0
0
0
0
0
0
0
0
0
0
0
0
0
0
0
0
0
0
0
0
0
0
0
0
0
0
0
0
0
0
0
0
0
0
0
0
0
0
0
0
0
0
0
0
0
0
0
0
0
0
0
0
0
0
0
0
0
0
0
0
0
0
0
0
0
0
0
0
0
0
0
0
0
0
0
0
0
0
0
0
0
0
0
0
0
0
0
0
0
0
0
0
0
0
0
0
0
0
0
0
0
0
0
0
0
0
0
0
0
0
0
0
0
0
0
0
0
0
0
0
0
0
0
0
0
0
0
0
0
0
0
0
0
0
0
0
0
0
0
0
0
0
0
0
0
0
0
0
0
0
0
0
0
0
0
0
0
0
0
0
0
0
0
0
0
0
0
0
0
0
0
0
0
0
0
0
0
0
0
0
0
0
0
0
0
0
0
0
0
0
0
0
0
0
0
0
0
0
0
0
0
0
0
0
0
0
0
0
0
0
0
0
0
0
0
0
0
0
0
0
0
0
0
0
0
0
0
0
0
0
0
0
0
0
0
0
0
0
0
0
0
0
0
0
0
0
0
0
0
0
0
0
0
0
0
0
0
0
0
0
0
0
0
0
0
0
0
0
0
0
0
0
0
0
0
0
0
0
0
0
0
0
0
0
0
0
0
0
0
0
0
0
0
0
0
0
0
0
0
0
0
0
0
0
0
0
0
0
0
0
0
0
0
0
0
0
0
0
0
0
0
0
0
0
0
0
0
0
0
0
0
0
0
0
0
0
0
0
0
0
0
0
0
0.3249
0.1879
0
0
0
0
0
0
0
0
0
0
0
0
0
0
0
0
0
0
0
0
0
0
0
0
0
0
0
0
0
0
0
0
0
0
0
0
0
0
0
0
0
0
0
0
0
0
0
0
0
0
0
0
0
0
0
0
0
0
0
0
0
0
0
0
0
0
0
0
0
0
0
0
0
0
0
0
0.0196
0
0
0
0
0
0
0
0
0
0
0
0
0
0.0258
0.0014
0.0172
0
0
0
0
0
0
0
0
0
0
0
0
0.0055
0
0.0408
0
0
0
0
0
0
0
0
0
0
0.0171
0
0
0
0
0
0
0.0205
0.016
0
0
0
0
0
0
0
0
0
0
0
0
0
0
0
0
0
0
0
0
0
0
0
0
0
0
0
0
0
0
0
0
0
0
0
0
0
0
0
0
0
0
0
0
0
0
0
0
0
0
0
0
0
0
0
0
0
0
0
0
0
0
0
0
0
0
0
0
0
0
0
0
0
0
0
0
0
0
0
0
0
0
0
0
0
0
0
0
0
0
0
0
0
0
0
0
0
0
0
0
0
0
0
0
0
0
0
0
0
0
0
0
0
0
0
0
0
0
0
0
0
0
0
0
0
0
0
0
0
0
0
0
0
0
0
0
0
0
0
0
0
0
0
0
0
0
0
0
0
0
0
0
0
0
0
0
0
0
0
0
0
0
0
0
0
0
0
0
0
0
0
0
0
0
0
0
0
0
0
0
0
0
0
0
0
0
0
0
0
0
0
0
0
0
0
0
0
0
0
0
0
0
0
0
0
0
0
0
0
0
0
0
0
0
0
0
0
0
0
0
0
0
0
0
0
0
0
0
0
0
0
0
0
0
0
0
0
0
0
0
0
0
0
0
0
0
0
0
0
0
0
0
0
0
0
0
0
0
0
0
0
0
0
0
0
0
0
0
0
0
0
0
0
0
0
0
0
0
0
0
0
0
0
0
0
0
0
0
0
0
0
0
0
0
0
0
0
0
0
0
0
0
0
0
0
0
0
0
0
0
0
0
0
0
0
0
0
0
0
0
0
0
0
0
0
0
0
0
0
0
0
0
0
0
0
0
0
0
0
0
0
0
0
0
0
0
0
0
0
0
0
0
0
0
0
0
0
0
0
0
0
0
0
0
0
0
0
0
0.0167
0
0
0
0
0
0
0
0
0
0
0
0
0
0
0
0
0
0
0
0
0
0
0
0
0
0
0
0
0
0
0
0
0
0
0
0
0
0
0
0
0
0
0
0.0206
0
0
0
0
0
0
0
0
0
0
0
0
0
0
0.0178
0
0
0
0
0
0
0
0
0
0
0
0
0
0
0
0
0
0
0
0
0
0
0
0
0
0
0
0
0
0
0
0
0
0
0
0
0.1932
0
0
0
0
0
0
0.0509
0
0
0
0
0
0
0
0
0.0463
0
0
0
0.0107
0
0
0
0
0
0
0
0
0.0138
0.0182
0
0
0
0
0
0
0.0247
0
0
0
0
0
0
0
0
0
0.0158
0
0
0
0
0
0
0
0
0
0
0.0131
0
0
0
0.0347
0
0
0
0
0
0.0865
0
0
0
0
0
0
0.0529
0
0
0
0
0
0
0
0
0
0
0
0
0
0.0106
0
0
0
0
0
0
0
0
0
0
0
0
0
0
0.0239
0
0
0
0
0
0
0
0
0
0
0
0
0
0
0
0
0
0
0
0
0
0
0
0
0
0
0.0214
0.0216
0
0.0185
0.099
0.0423
0
0
0
0
0
0
0
0
0
0
0.0179
0
0
0
0.0247
0
0
0
0
0
0
0
0
0.0168
0
0
0
0
0.0063
0
0
0
0
0
0
0
0
0
0
0
0
0
0
0
0
0
0
0
0
0
0
0
0
0
0
0
0
0
0
0
0
0
0
0
0
0
0
0
0
0.0295
0
0
0
0
0
0
0
0
0
0
0.0236
0
0
0
0
0
0
0
0
0
0
0
0
0
0
0
0
0
0
0
0
0
0
0
0.0041
0
0
0
0
0
0
0
0
0
0
0
0
0
0
0
0
0
0
0
0
0
0
0
0
0.0187
0
0
0
0
0
0
0
0
0
0
0
0
0
0
0
0
0
0
0
0
0
0
0
0
0
0
0
0
0
0.0186
0
0
0
0
0
0
0
0
0
0
0.0377
0
0.0174
0
0
0
0
0
0
0
0
0
0.0161
0
0
0
0
0
0
0
0
0
0.0231
0
0
0
0
0
0
0
0
0
0
0
0
0
0
0
0
0
0
0
0
0
0
0
0
0
0
0
0
0
0
0
0
0
0
0
0
0
0
0
0
0
0
0
0
0.0246
0
0
0
0
0
0
0
0
0
0
0
0
0
0
0
0
0
0
0
0
0
0
0
0
0
0
0
0.0056
0.0106
0
0
0
0
0
0
0
0
0
0
0
0
0
0
0
0
0
0.0246
0
0
0
0
0
0
0
0
0
0
0
0
0
0
0
0
0.0539
0
0
0
0
0
0
0
0.0055
0
0
0
0
0.022
0
0
0
0
0
0
0
0
0
0
0
0
0
0
0
0
0
0
0
0
0
0
0.0157
0
0
0
0
0.021
0
0
0
0
0
0
0
0.0242
0
0
0
0
0
0
0
0
0
0
0.0097
0
0
0
0
0
0
0
0
0
0
0
0
0
0
0
0
0
0
0
0.0208
0.0033
0
0
0
0
0
0
0
0
0
0
0
0
0
0.0338
0.0065
0
0
0
0
0
0
0
0
0
0
0
0
0
0.0229
0
0
0
0
0
0
0
0
0
0
0
0
0
0
0
0
0
0
0
0
0
0
0
0
0
0
0
0
0
0
0
0.0259
0
0
0
0
0
0
0
0
0
0
0
0
0
0
0
0
0
0
0
0
0
0
0
0
0
0
0.0229
0
0
0
0
0
0
0
0
0
0
0
0
0
0.0158
0
0
0
0
0.0048
0
0
0.0159
0
0
0
0
0
0
0
0
0
0
0
0
0
0
0
0
0
0
0
0
0
0
0
0
0
0
0
0
0
0
0
0
0.014
0
0
0
0
0
0
0
0
0
0
0
0
0
0
0.0305
0
0.0402
0.0043
0
0.0844
0.0256
0
0
0
0.0211
0
0
0.0204
0
0
0
0
0
0
0
0
0.0168
0
0
0
0
0
0
0
0
0
0
0
0
0
0.017
0
0.024
0
0
0
0
0
0
0
0
0
0
0
0
0
0
0
0
0
0.014
0
0
0
0
0
0.0036
0
0
0
0
0
0
0
0.0388
0
0
0
0
0
0
0
0
0
0
0
0
0
0
0
0
0
0
0
0
0
0
0
0
0
0
0
0
0.0133
0
0
0
0
0
0
0
0
0
0
0
0
0
0
0
0
0
0.0215
0
0
0
0
0
0
0
0
0
0
0
0
0
0
0
0
0
0
0
0
0
0
0
0
0
0
0
0
0
0
0
0
0
0
0
0
0
0
0
0
0
0
0
0
0
0
0
0
0
0
0
0
0
0
0
0
0
0
0.0237
0
0
0
0
0
0
0
0
0
0
0
0
0
0
0
0
0
0
0
0
0
0
0
0
0
0
0
0
0
0
0
0
0
0
0
0
0
0
0
0
0
0
0
0
0
0
0
0
0
0
0
0
0
0
0
0
0
0
0
0
0
0
0
0
0
0
0
0
0
0.0174
0.0074
0
0
0
0
0
0
0
0
0
0
0
0
0
0
0
0
0
0
0
0
0
0
0
0
0
0
0
0
0
0
0
0
0
0
0
0
0
0
0
0
0
0
0
0
0
0
0
0
0
0
0
0
0
0
0
0
0
0
0
0
0
0
0
0
0
0
0
0
0
0
0
0
0
0
0
0
0
0
0
0
0
0
0
0
0
0
0
0
0
0
0
0
0
0
0
0
0
0
0
0
0
0
0.0279
0
0
0
0
0.0102
0
0
0
0
0
0
0
0
0
0
0
0
0.0214
0
0
0
0
0
0.0428
0
0
0
0
0
0
0
0
0
0
0
0
0
0
0
0
0
0
0
0
0
0
0
0
0
0
0
0
0
0
0
0
0
0
0
0
0
0
0
0.0075
0
0
0
0
0
0
0
0
0
0
0.0043
0
0
0
0
0
0
0.0219
0
0.0194
0
0
0
0
0
0
0
0.0182
0
0
0
0
0
0
0
0
0
0.0444
0
0
0
0
0
0.0264
0
0
0
0
0
0
0
0
0
0
0
0
0
0
0
0
0.0027
0
0
0
0
0
0
0
0
0
0
0
0
0
0
0
0
0
0
0
0
0
0
0
0
0
0
0
0
0
0
0
0
0
0.0256
0
0
0
0
0
0
0.0274
0
0
0.0058
0
0
0
0
0
0
0
0
0
0
0
0
0
0
0
0
0
0
0
0
0
0
0
0
0.0059
0.0208
0
0
0
0
0
0
0
0
0
0
0
0
0
0
0
0
0
0
0
0
0
0
0
0
0
0
0
0
0
0
0
0
0
0
0
0
0
0
0
0
0
0
0
0
0
0
0
0
0
0
0
0
0
0
0
0
0
0
0
0
0
0
0
0
0
0
0
0
0
0
0
0
0
0
0
0
0
0
0
0
0
0
0
0
0
0
0
0
0
0
0
0
0
0
0
0
0
0
0
0
0
0
0
0
0
0
0
0
0
0
0
0
0
0
0
0
0
0
0
0
0
0
0
0
0
0
0
0
0
0
0
0
0
0
0
0
0
0
0
0
0.0043
0.0593
0
0
0
0
0
0
0
0
0
0
0
0
0.0217
0
0
0
0
0
0
0
0
0
0
0
0
0
0
0
0
0
0
0.0197
0
0
0
0
0
0
0.0191
0
0
0
0
0
0
0
0
0
0
0
0
0
0
0
0
0
0
0
0
0
0
0
0
0
0
0
0
0
0
0
0
0
0.0202
0
0
0
0
0
0
0
0
0
0
0
0
0.0359
0
0
0
0
0
0
0
0
0
0
0.1024
0
0
0.0293
0
0
0.0205
0
0.0224
0.05
0
0
0
0
0
0
0
0
0
0
0
0
0
0
0
0
0
0
0
0
0
0.0399
0.0049
0
0
0
0
0.0174
0
0
0
0.0486
0
0
0
0
0
0
0
0
0
0
0
0
0
0
0
0
0
0
0
0
0.0158
0
0.0249
0.0268
0.0616
0
0
0
0
0.0183
0
0
0
0
0
0
0
0
0.0252
0
0.0053
0.0155
0
0
0.0266
0
0
0
0
0
0
0
0
0
0
0
0
0.0076
0
0
0
0
0
0
0
0
0
0
0
0
0
0
0
0
0
0
0
0
0
0
0
0
0
0
0
0
0
0
0
0
0
0.02
0
0.0246
0
0
0
0
0
0
0
0
0
0
0
0.0224
0
0
0
0
0
0
0
0
0
0
0
0
0
0
0
0
0
0
0
0
0
0
0
0
0
0
0
0
0
0
0
0
0
0
0
0
0
0
0.0171
0
0
0
0
0
0
0
0
0
0
0
0
0
0
0
0
0
0
0
0.0185
0
0
0
0
0
0
0
0.02
0
0
0
0
0
0
0
0
0.0208
0
0
0
0
0
0
0
0
0
0
0
0
0.0255
0
0.0426
0
0
0.0043
0
0
0
0
0
0
0
0
0
0
0
0.0575
0
0
0
0
0
0
0
0.0252
0
0
0.0374
0
0
0.0187
0
0
0
0
0
0.0053
0.1843
0.02
0
0
0
0
0
0
0
0
0
0
0
0
0
0
0
0
0
0
0.0234
0
0
0
0
0
0
0
0
0
0.0437
0
0
0
0
0
0
0
0
0
0
0.0429
0
0
0
0.0427
0
0
0
0
0
0
0
0.0094
0.0191
0.027
0
0.0329
0.0356
0.0045
0
0
0
0
0
0.0421
0.0493
0.0247
0
0
0
0
0.0175
0
0
0
0
0
0
0
0
0.0308
0
0.0103
0.0096
0
0.04
0.0209
0.1403
0
0
0
0.0083
0
0
0
0
0
0
0
0.0223
0.0185
0
0
0.0306
0
0
0
0
0.0055
0
0
0
0
0
0.0167
0
0.0047
0.03
0
0
0
0
0
0
0
0
0.0027
0
0
0
0
0.0211
0.0464
0
0
0
0
0
0
0.0228
0
0
0
0
0
0
0.0199
0
0
0
0
0
0.0048
0
0
0
0
0.0231
0.0341
0.0212
0
0
0.039
0
0.0258
0
0.0298
0
0.0239
0
0
0
0
0
0.0246
0.0204
0
0
0.0221
0.0485
0.1185
0.0596
0
0
0
0.0197
0
0
0
0
0.0853
0
0
0
0
0.0283
0
0
0
0
0
0
0
0
0
0
0
0
0
0.0301
0
0
0
0
0
0
0.0048
0.0385
0
0
0.0183
0.0498
0
0.0428
0
0.0114
0
0
0
0
0
0.0198
0
0
0
0
0
0
0
0
0
0
0
0
0
0.0095
0.0073
0
0
0
0
0
0
0
0
0
0
0
0
0
0
0
0
0
0
0
0
0
0
0
0
0
0
0
0
0
0
0
0
0
0
0
0
0
0
0
0
0.0124
0
0
0
0
0
0
0
0
0
0.0028
0.0055
0
0
0
0
0
0
0
0
0
0
0
0
0
0.0103
0.0208
0
0.014
0
0.0315
0
0
0
0
0
0
0
0.0457
0
0
0
0.0386
0
0.0044
0
0
0
0
0.0746
0.0418
0
0
0
0.0217
0
0
0
0
0.0442
0
0
0
0
0.0104
0
0
0
0
0
0.0055
0
0.0298
0.0078
0
0
0
0
0.0171
0.0286
0.0191
0
0
0
0
0.0402
0.0319
0.034
0
0
0
0
0
0
0.0298
0
0
0
0
0
0
0
0
0
0
0
0.0245
0
0
0
0
0
0
0
0
0
0
0
0
0
0
0
0
0
0
0
0
0
0
0
0
0
0
0
0.0082
0
0
0.0182
0.0209
0
0
0
0
0
0
0.0477
0
0.0133
0
0.0164
0
0
0
0
0.0451
0.0147
0
0
0
0
0
0
0
0
0
0
0
0
0.0147
0
0.02
0.0517
0.0237
0
0
0
0
0.0566
0
0
0
0
0.0191
0.0434
0
0.0222
0
0
0
0
0
0
0
0
0
0
0
0
0
0
0
0
0
0.0067
0
0
0
0
0
0
0
0.0084
0.0207
0
0
0
0
0
0
0
0
0.0066
0
0
0
0.0284
0
0
0
0
0
0
0
0
0
0.0384
0.0263
0.0003
0.0086
0
0
0
0
0
0
0.0401
0.035
0
0
0
0
0
0
0
0
0
0
0
0
0
0
0.0536
0
0
0
0.0401
0.0151
0
0
0
0
0
0.0333
0
0
0
0.0699
0
0
0
0
0.0367
0
0
0.0207
0
0
0.0242
0.0159
0
0
0
0
0
0.0232
0.0622
0
0.0058
0
0
0
0
0.0218
0
0
0
0
0
0
0
0
0.0191
0
0
0
0
0
0
0
0
0
0
0
0
0
0
0.0217
0
0
0
0.0315
0
0
0
0
0
0
0
0
0
0
0
0
0
0
0
0
0
0.0122
0
0
0.0139
0.0194
0
0
0
0
0
0
0
0
0
0
0
0
0
0
0
0
0
0
0
0
0
0.0188
0
0
0
0
0
0
0
0
0
0
0
0.0442
0
0
0
0
0
0
0
0
0
0
0.0271
0
0
0
0
0
0
0
0
0
0
0
0
0
0
0.0189
0
0
0.0195
0.0233
0
0.0063
0.0631
0
0
0
0
0
0.029
0
0
0
0
0
0
0
0
0
0
0
0.0398
0
0
0
0
0
0
0
0
0
0.0417
0
0.0176
0
0
0.005
0
0
0.0099
0
0.0419
0
0.0259
0.0344
0
0
0.0152
0
0
0
0
0
0.0267
0.0642
0
0
0.0228
0.0626
0
0.0173
0.0221
0
0
0.0068
0.0091
0
0
0
0
0
0
0
0
0
0.0535
0
0
0
0
0
0
0
0
0
0
0
0
0.0056
0
0.0161
0
0
0
0
0
0
0.0186
0
0
0
0
0
0
0
0
0
0
0
0
0
0
0
0
0
0
0
0
0
0
0
0
0
0
0
0
0
0
0.0052
0
0
0
0
0
0
0
0
0
0
0
0.0222
0
0
0
0
0
0
0
0
0
0
0
0
0
0
0
0
0
0
0
0
0
0
0
0
0
0
0
0
0
0
0
0
0
0
0
0
0
0
0
0
0
0
0.0168
0
0
0
0
0
0
0
0
0
0
0
0
0
0
0
0
0
0
0
0
0
0
0
0
0
0
0
0
0
0
0
0
0
0
0
0
0
0
0
0
0
0
0
0
0
0
0
0
0.0072
0
0
0
0
0
0
0
0
0
0
0
0
0
0
0
0
0
0
0
0
0
0
0
0
0
0
0.0185
0.0009
0
0
0
0
0.0069
0
0.016
0
0
0
0
0
0.0054
0
0
0
0
0
0
0
0
0
0
0
0
0
0
0
0
0
0
0
0
0
0.0442
0
0
0
0
0
0
0
0
0.0337
0
0.0221
0
0
0.0231
0
0
0
0
0
0.006
0.0204
0
0.0114
0
0
0.021
0
0.0226
0
0.0388
0.0362
0
0.0441
0.0198
0
0.0316
0
0
0.0341
0
0
0
0.0065
0.0208
0.0093
0
0.0057
0
0
0
0
0.0266
0
0
0.0152
0.0107
0
0
0
0
0
0.0432
0
0
0
0
0
0.0094
0
0.0195
0
0
0.0458
0
0
0.0156
0
0.0106
0.0142
0
0
0.0142
0.0223
0
0
0.0159
0.0641
0
0
0.0281
0
0
0
0
0
0.0268
0.0015
0
0
0.0197
0
0
0.0208
0
0.0198
0
0.0046
0
0.0184
0
0
0
0
0
0
0
0
0
0
0.0414
0
0.0217
0
0.0364
0.0175
0
0
0
0
0.115
0.0033
0.0161
0
0
0
0
0.038
0
0
0
0
0
0
0
0
0
0.0191
0
0
0
0
0
0.0162
0
0
0
0
0
0
0
0
0.0504
0
0
0
0
0
0.0221
0
0.0212
0
0
0
0
0
0
0
0
0
0
0
0
0
0
0
0
0
0
0
0.0219
0
0
0
0
0
0
0.02
0
0
0
0
0
0
0.0876
0.0039
0.0199
0
0
0.0566
0
0.0177
0
0
0
0.0082
0
0
0.0375
0.057
0
0.0525
0
0
0.0067
0
0
0
0
0
0
0
0
0
0.0082
0
0
0.0069
0
0
0
0
0
0
0
0
0
0
0
0
0
0
0
0
0
0
0
0
0
0.016
0
0
0.0105
0
0
0
0
0
0
0.0285
0.0095
0
0
0
0
0.0176
0
0
0
0
0
0
0.0219
0
0.016
0
0
0.024
0.0215
0
0
0.0235
0
0
0.0303
0
0
0
0
0.0045
0
0
0
0
0
0
0
0
0
0
0
0
0
0.0064
0.0247
0
0
0.0511
0.0353
0.0176
0.0305
0
0
0
0
0
0.0621
0.0367
0
0.0101
0
0
0.0169
0.0404
0.0416
0
0
0
0
0.02
0.0318
0
0
0
0
0
0
0
0
0
0
0.0072
0
0
0
0
0
0
0.0373
0.0545
0
0.0228
0.0059
0.0663
0.0232
0.0154
0
0
0
0.0185
0.0231
0.0617
0
0.0241
0.1124
0
0
0
0
0
0.009
0
0
0.0043
0
0
0
0
0.009
0
0
0
0.0066
0
0
0
0
0
0
0
0
0
0
0
0
0
0.0043
0
0
0
0
0
0
0
0
0
0.0217
0.0064
0
0
0
0
0
0
0.0211
0
0
0
0
0
0.0352
0
0
0
0
0
0
0
0
0
0
0
0.016
0
0.0412
0
0
0.0626
0.0396
0
0
0.0117
0
0
0
0.0271
0
0.0077
0
0
0
0.0302
0
0
0.0267
0.0427
0
0
0
0
0
0
0
0
0
0.0242
0
0.0272
0.0402
0
0
0
0
0
0
0
0
0
0
0
0
0
0
0
0
0
0.0383
0
0.0326
0
0.0406
0
0
0
