0
0
0
0
0
0
0
0
0
0
0
0
0
0
0
0
0
0
0
0
0
0
0
0
0
0
0
0
0
0
0
0
0
0
0
0
0
0
0
0
0
0
0
0
0
0
0
0
0
0
0
0
0
0
0
0
0
0
0
0
0
0
0
0
0
0
0
0
0
0
0
0
0
0
0
0
0
0
0
0
0
0
0
0
0
0
0
0
0
0
0
0
0
0
0
0
0
0
0
0
0
0
0
0
0
0
0
0
0
0
0
0
0
0
0
0
0
0
0
0
0
0
0
0
0
0
0
0
0
0
0
0
0
0
0
0
0
0
0
0
0
0
0
0
0
0
0
0
0
0
0
0
0
0
0
0
0
0
0
0
0
0
0
0
0
0
0
0
0
0
0
0
0
0
0
0
0
0
0
0
0
0
0
0
0
0
0
0
0
0
0
0
0
0
0
0
0
0
0
0
0
0
0
0
0
0
0
0
0
0
0
0
0
0
0
0
0
0
0
0
0
0
0
0
0
0
0
0
0
0
0
0
0
0
0
0
0
0
0
0
0
0
0
0
0
0
0
0
0
0
0
0
0
0
0
0
0
0
0
0
0
0
0
0
0
0
0
0
0
0
0
0
0
0
0
0
0
0
0
0
0
0
0
0
0
0
0
0
0
0
0
0
0
0
0
0
0
0
0
0
0
0
0
0
0
0
0
0
0
0
0
0
0
0
0
0
0
0
0
0
0
0
0
0
0
0
0
0
0
0
0
0
0
0
0
0
0
0
0
0
0
0
0
0
0
0
0
0
0
0
0
0
0
0
0
0
0
0
0
0
0
0
0
0
0
0
0
0
0
0
0
0
0
0
0
0
0
0
0
0
0
0
0
0
0
0
0
0
0
0
0
0
0
0
0
0
0
0
0
0
0
0
0
0
0
0
0
0
0
0
0
0
0
0
0
0
0
0
0
0
0
0
0
0
0
0
0
0
0
0
0
0
0
0
0
0
0
0
0
0
0
0
0
0
0
0
0
0
0
0
0
0
0
0
0
0
0
0
0
0
0
0
0
0
0
0
0
0
0
0
0
0
0
0
0
0
0
0
0
0
0
0
0
0
0
0
0
0
0
0
0
0
0
0
0
0
0
0
0
0
0
0
0
0
0
0
0
0
0
0
0
0
0
0
0
0
0
0
0
0
0
0
0
0
0
0
0
0
0
0
0
0
0
0
0
0
0
0
0
0
0
0
0
0
0
0
0
0
0
0
0
0
0
0
0
0
0
0
0
0
0
0
0
0
0
0
0
0
0
0
0
0
0
0
0
0
0
0
0
0
0
0
0
0
0
0
0
0
0
0
0
0
0
0
0
0
0
0
0
0
0
0
0
0
0
0
0
0
0
0
0
0
0
0
0
0
0
0
0
0
0
0
0
0
0
0
0
0
0
0
0
0
0
0
0
0
0
0
0
0
0
0
0
0
0
0
0
0
0
0
0
0
0
0
0
0
0
0
0
0
0
0
0
0
0
0
0
0
0
0
0
0
0
0
0
0
0
0
0
0
0
0
0
0
0
0
0
0
0
0
0
0
0
0
0
0
0
0
0
0
0
0
0
0
0
0
0
0
0
0
0
0
0
0
0
0
0
0
0
0
0
0
0
0
0
0
0
0
0
0
0
0
0
0
0
0
0
0
0
0
0
0
0
0
0
0
0
0
0
0
0
0
0
0
0
0
0
0
0
0
0
0
0
0
0
0
0
0
0
0
0
0
0
0
0
0
0
0
0
0
0
0
0
0
0
0
0
0
0
0
0
0
0
0
0
0
0
0
0
0
0
0
0
0
0
0
0
0
0
0
0
0
0
0
0
0
0
0
0
0
0
0
0
0
0
0
0
0
0
0
0
0
0
0
0
0
0
0
0
0
0
0
0
0
0
0
0
0
0
0
0
0
0
0
0
0
0
0
0
0
0
0
0
0
0
0
0
0
0
0
0
0
0
0
0
0
0
0
0
0
0
0
0
0
0
0
0
0
0
0
0
0
0
0
0
0
0
0
0
0
0
0
0
0
0
0
0
0
0
0
0
0
0
0
0
0
0
0
0
0
0
0
0
0
0
0
0
0
0
0
0
0
0
0
0
0
0
0
0
0
0
0
0
0
0
0
0
0
0
0
0
0
0
0
0
0
0
0
0
0
0
0
0
0
0
0
0
0
0
0
0
0
0
0
0
0
0
0
0
0
0
0
0
0
0
0
0
0
0
0
0
0
0
0
0
0
0
0
0
0
0
0
0
0
0
0
0
0
0
0
0
0
0
0
0
0
0
0
0
0
0
0
0
0
0
0
0
0
0
0
0
0
0
0
0
0
0
0
0
0
0
0
0
0
0
0
0
0
0
0
0
0
0
0
0
0
0
0
0
0
0
0
0
0
0
0
0
0
0
0
0
0
0
0
0
0
0
0
0
0
0
0
0
0
0
0
0
0
0
0
0
0
0
0
0
0
0
0
0
0
0
0
0
0
0
0
0
0
0
0
0
0
0
0
0
0
0
0
0
0
0
0
0
0
0
0
0
0
0
0
0
0
0
0
0
0
0
0
0
0
0
0
0
0
0
0
0
0
0
0
0
0
0
0
0
0
0
0
0
0
0
0
0
0
0
0
0
0
0
0
0
0
0
0
0
0
0
0
0
0
0
0
0
0
0
0
0
0
0
0
0
0
0
0
0
0
0
0
0
0
0
0
0
0
0
0
0
0
0
0
0
0
0
0
0
0
0
0
0
0
0
0
0
0
0
0
0
0
0
0
0
0
0
0
0
0
0
0
0
0
0
0
0
0
0
0
0
0
0
0
0
0
0
0
0
0
0
0
0
0
0
0
0
0
0
0
0
0
0
0
0
0
0
0
0
0
0
0
0
0
0
0
0
0
0
0
0
0
0
0
0
0
0
0
0
0
0
0
0
0
0
0
0
0
0
0
0
0
0
0
0
0
0
0
0
0
0
0
0
0
0
0
0
0
0
0
0
0
0
0
0
0
0
0
0
0
0
0
0
0
0
0
0
0
0
0
0
0
0
0
0
0
0
0
0
0
0
0
0
0
0
0
0
0
0
0
0
0
0
0
0
0
0
0
0
0
0
0
0
0
0
0
0
0
0
0
0
0
0
0
0
0
0
0
0
0
0
0
0
0
0
0
0
0
0
0
0
0
0
0
0
0
0
0
0
0
0
0
0
0
0
0
0
0
0
0
0
0
0
0
0
0
0
0
0
0
0
0
0
0
0
0
0
0
0
0
0
0
0
0
0
0
0
0
0
0
0
0
0
0
0
0
0
0
0
0
0
0
0
0
0
0
0
0
0
0
0
0
0
0
0
0
0
0
0
0
0
0
0
0
0
0
0
0
0
0
0
0
0
0
0
0
0
0
0
0
0
0
0
0
0
0
0
0
0
0
0
0
0
0
0
0
0
0
0
0
0
0
0
0
0
0
0
0
0
0
0
0
0
0
0
0
0
0
0
0
0
0
0
0
0
0
0
0
0
0
0
0
0
0
0
0
0
0
0
0
0
0
0
0
0
0
0
0
0
0
0
0
0
0
0
0
0
0
0
0
0
0
0
0
0
0
0
0
0
0
0
0
0
0
0
0
0
0
0
0
0
0
0
0
0
0
0
0
0
0
0
0
0
0
0
0
0
0
0
0
0
0
0
0
0
0
0
0
0
0
0
0
0
0
0
0
0
0
0
0
0
0
0
0
0
0
0
0
0
0
0
0
0
0
0
0
0
0
0
0
0
0
0
0
0
0
0
0
0
0
0
0
0
0
0
0
0
0
0
0
0
0
0
0
0
0
0
0
0.0053
0
0
0
0
0
0.0297
0
0
0.0229
0
0
0
0
0.015
0
0
0
0
0.0257
0
0
0
0.0156
0.0237
0
0
0
0
0
0
0.0196
0
0.0336
0
0
0
0
0
0
0
0
0
0
0
0
0
0
0
0
0
0
0
0
0
0
0
0
0
0
0
0
0
0
0.0044
0
0
0
0
0
0
0.0268
0
0.0272
0
0
0
0
0
0
0
0
0.0167
0
0
0.0167
0
0
0
0.0169
0
0
0
0
0
0
0
0.009
0
0
0
0
0.0158
0
0.0368
0
0.0312
0
0
0
0
0
0
0
0
0
0
0.0767
0.0054
0
0
0
0
0
0
0
0
0
0
0
0
0
0.0645
0.0523
0
0
0
0.0221
0
0
0
0
0
0
0.0212
0.0298
0.0552
0
0
0
0.0199
0
0.0982
0
0
0
0.0197
0
0
0
0
0
0.0046
0
0
0
0
0
0
0
0
0
0
0
0
0
0
0
0
0
0
0
0
0
0
0
0
0
0
0
0
0
0
0
0
0
0
0
0
0
0
0.0175
0
0.0206
0
0
0
0
0.1111
0
0
0
0.0513
0
0
0.0077
0.0451
0.0561
0
0.1188
0
0.1055
0.059
0
0
0
0.0419
0
0
0
0
0
0
0.0221
0.0302
0
0
0.0059
0
0
0.0159
0
0
0
0
0
0.0918
0.1729
0.0516
0.0106
0
0
0.1761
0
0
0
0
0
0
0.018
0
0
0
0
0
0
0
0.0257
0
0.0209
0
0
0
0
0.0469
0
0.0751
0.1682
0.039
0.0097
0.048
0
0.0512
0.0196
0
0
0
0
0
0.0617
0.0286
0
0
0.0755
0.0274
0.0432
0.0166
0
0.043
0
0
0.04
0.0147
0.0033
0
0.0104
0.0956
0.0712
0
0
0.0193
0.016
0.1982
0
0.0214
0.0339
0.0452
0.1115
0.0229
0.0188
0.0614
0
0
0
0
0.0072
0
0
0.0281
0.0193
0
0.0206
0.0278
0.0188
0.0224
0
0.0325
0
0
0
0
0
0
0
0
0.0162
0
0
0
0
0
0
0
0
0
0
0
0
0
0
0
0
0
0
0
0
0
0
0
0
0
0
0
0
0
0
0
0
0
0
0.0693
0
0.0393
0
0.0785
0.023
0
0
0.0257
0
0.0197
0.0826
0.0804
0
0.0202
0
0.0198
0.0162
0
0.0569
0.0056
0.0388
0.0416
0.0198
0
0.0587
0
0
0
0
0
0.0129
0
0
0
0
0.0663
0
0
0.1721
0
0.0435
0
0
0
0.0243
0.0053
0.0858
0.1363
0.0118
0
0
0.019
0.1416
0
0
0
0.04
0.0513
0.0866
0.026
0.3639
0.2495
0.056
0.0088
0.0388
0.02
0.027
0
0.0452
0.022
0.0432
0
0
0
0
0
0
0
0
0
0
0
0
0
0
0
0
0
0
0
0
0
0
0
0
0
0
0
0
0
0
0
0
0
0.0275
0.0241
0.0047
0
0
0
0
0
0
0
0
0
0
0.0304
0.0748
0
0
0
0.0249
0.2266
0.1191
0.0864
0.194
0.0869
0.0811
0
0.0237
0.043
0.0202
0.0277
0.1698
0.0453
0.1214
0.0188
0.0264
0.0057
0.0382
0
0.0661
0.02
0.0154
0.0126
0.0224
0.1104
0.0174
0
0
0.0772
0
0.0294
0.0414
0.0702
0
0.0203
0.0331
0.0063
0.0054
0
0
0.0249
0.0201
0
0.0078
0.0269
0
0.0165
0.0071
0.0695
0
0
0
0
0
0.0192
0
0.0644
0.0038
0
0
0
0.0143
0
0
0
0
0
0.0387
0
0
0
0.04
0
0.0337
0.0136
0
0.0212
0.0055
0
0
0.0434
0
0
0
0.0308
0.0247
0
0.0244
0.055
0.0621
0.095
0.0708
0.044
0
0
0.0363
0
0.0148
0
0
0
0.03
0
0.06
0.036
0
0
0
0
0
0.0295
0
0
0.0208
0
0.0045
0
0
0
0
0.0156
0
0.0178
0
0
0.0073
0
0.0168
0
0.0815
0.0278
0
0
0
0
0
0
0
0
0
0
0
0.0705
0.0222
0.0206
0
0.0255
0.0332
0
0.0065
0.0237
0.0345
0
0.0421
0.068
0
0.0444
0.0341
0.0694
0.0374
0
0.0218
0
0
0.081
0.0061
0
0
0
0
0
0
0
0
0
0.0024
0.0211
0
0
0
0
0
0
0
0
0
0
0
0
0
0.0075
0
0
0
0
0
0.0237
0
0
0.0183
0
0
0
0
0
0.0318
0
0.0381
0
0
0
0
0.0033
0.0703
0.0325
0
0
0
0
0
0.0412
0
0.0204
0
0
0.0512
0
0
0
0
0
0
0
0
0
0
0
0
0
0
0
0
0.0072
0
0
0
0
0
0.0324
0
0.027
0
0.0072
0
0
0
0
0
0
0
0.0475
0
0
0
0
0
0
0
0.0307
0
0
0
0
0
0
0
0
0
0
0
0
0
0.0196
0
0
0
0
0
0
0
0
0
0.0241
0
0
0
0
0.0586
0.0255
0.0342
0
0
0
0
0.0241
0
0
0
0
0
0.0186
0
0
0
0.1321
0
0
0
0
0
0
0.0179
0
0.0181
0
0
0
0
0
0
0
0
0
0
0
0
0
0
0
0
0
0
0
0
0
0
0
0
0
0.0215
0
0.0054
0.0133
0
0
0.0199
0
0
0
0
0
0
0
0
0
0
0
0
0
0
0
0
0
0
0
0
0
0
0
0
0.0253
0.0392
0
0
0
0
0
0
0
0
0
0
0
0
0
0
0
0.018
0.0407
0
0
0
0
0
0
0
0
0
0
0
0
0
0.0069
0
0
0
0.0065
0.0058
0
0.0046
0.0177
0
0
0
0
0
0
0
0
0
0
0
0
0
0
0
0
0
0
0
0
0
0
0
0
0
0
0
0
0
0
0
0
0
0.021
0
0
0
0
0
0
0
0
0
0
0
0
0
0
0
0
0
0
0
0
0
0
0.0202
0
0
0
0
0.0097
0
0
0
0
0
0
0
0
0.0056
0.0177
0
0
0
0
0
0
0
0.0323
0
0
0
0.0089
0.0965
0
0.0042
0.0152
0.008
0
0
0
0
0
0
0
0
0
0
0
0
0.02
0
0
0
0
0
0
0
0
0
0
0
0
0
0
0
0
0
0
0
0
0
0
0
0
0
0
0
0
0.0223
0
0
0
0
0
0.0048
0
0
0
0
0
0
0
0
0
0
0
0
0
0
0
0
0
0
0
0
0
0
0
0
0
0
0
0
0
0
0
0
0
0
0
0.026
0
0
0
0
0.0055
0
0
0.0055
0
0
0
0
0
0
0
0
0.02
0
0
0.037
0.0174
0
0
0
0
0
0
0
0
0
0
0
0
0
0
0
0
0
0
0
0
0
0.0054
0
0
0
0
0
0
0
0
0.019
0
0
0
0
0
0
0
0
0
0
0
0
0
0
0
0
0
0
0
0
0
0.0046
0
0
0
0
0
0
0
0
0
0
0.009
0
0
0
0
0
0
0.0032
0
0
0
0
0
0
0
0
0
0
0
0.0268
0
0
0
0
0
0
0
0
0
0
0
0.0575
0
0
0
0
0
0.0187
0
0
0.0337
0
0
0.0275
0
0
0
0
0
0
0
0.0071
0
0
0
0
0
0
0
0
0
0
0
0
0
0
0
0
0
0
0.022
0
0
0
0
0
0
0
0
0
0
0
0.0086
0.0179
0
0
0
0
0
0.0332
0
0
0
0
0.0338
0
0
0
0
0
0
0
0
0
0
0
0
0
0
0.0175
0
0.0124
0
0
0
0
0
0.004
0
0
0
0
0
0.0269
0
0
0
0
0
0
0
0
0
0
0
0.009
0
0
0
0
0.0225
0
0
0
0.0066
0.0342
0
0
0
0
0
0.0077
0
0
0
0
0
0.0212
0
0.0061
0
0
0
0
0
0
0
0.0228
0
0
0
0
0
0
0
0
0
0
0
0
0
0
0
0.0345
0
0.093
0.0262
0
0
0.0396
0
0
0.1071
0
0
0
0
0
0
0.0421
0
0.0232
0.0333
0
0
0.0698
0.0351
0
0
0.027
0
0
0
0.0045
0
0
0
0
0
0
0
0
0
0
0
0
0
0.0246
0
0
0.0286
0
0
0
0
0
0
0
0
0
0
0
0
0.011
0
0
0
0
0
0
0
0.0563
0
0
0
0
0
0
0
0
0.0078
0.0213
0
0.0119
0
0
0
0
0
0.0169
0.0084
0.0376
0.0044
0
0.0399
0
0
0
0
0
0
0
0
0
0.0407
0
0.0238
0
0
0
0
0
0
0.0191
0
0
0
0
0
0
0
0
0
0
0
0
0
0.0247
0
0
0
0
0.0289
0.0326
0
0
0.0223
0
0
0
0
0
0.008
0
0
0.0103
0.05
0
0
0.0332
0
0
0
0
0
0
0
0
0.0567
0
0
0
0
0
0
0
0
0.0059
0
0
0
0.0194
0
0.0974
0.005
0.0428
0
0.0153
0.0434
0
0
0
0
0
0
0
0
0
0
0
0
0
0.0289
0
0
0
0
0
0
0
0
0
0
0
0
0
0
0
0
0
0
0
0
0
0
0
0
0
0.044
0
0
0.0208
0
0
0.0346
0
0
0
0
0
0
0
0
0.0095
0
0
0
0.0401
0
0.0174
0
0.0248
0
0
0
0
0
0
0
0.0087
0.0305
0.0229
0
0
0
0
0
0
0
0
0
0
0
0
0
0
0
0
0
0.0078
0
0
0
0
0.0441
0
0
0
0.0193
0
0
0
0
0
0
0
0
0.0189
0
0
0
0
0
0
0
0
0
0
0
0
0
0
0
0
0
0
0
0
0
0
0
0
0
0
0
0
0
0
0
0
0
0
0
0
0
0
0
0
0
0
0
0
0
0
0
0
0
0
0
0
0
0
0
0
0
0
0
0
0
0
0
0
0
0
0
0
0
0
0
0
0
0
0
0
0
0
0
0
0
0
0
0
0
0
0
0
0
0
0
0
0
0
0
0
0
0
0
0
0
0
0
0
0
0
0
0
0
0
0
0
0
0
0
0
0
0
0
0
0
0
0
0
0
0
0
0
0
0
0
0
0
0
0
0
0
0
0
0
0
0
0
0
0
0
0
0
0
0
0
0
0
0
0
0
0
0
0
0
0
0
0
0
0
0
0
0
0
0
0
0
0
0
0
0
0
0
0
0
0
0
0
0
0
0
0
0
0
0
0
0
0
0
0
0.0245
0
0
0
0
0
0
0
0
0
0
0
0
0
0.0272
0
0
0
0
0
0
0
0.054
0.0448
0
0
0.0692
0
0
0
0.0072
0
0
0
0
0.0514
0
0
0
0.0172
0.0281
0
0
0
0
0
0
0
0
0
0
0
0
0
0
0
0
0
0.0226
0.0233
0
0
0
0
0.0226
0
0.0395
0
0
0
0
0.0169
0.0045
0
0.0183
0
0
0
0
0
0
0
0
0
0.0055
0
0
0
0
0
0
0
0
0
0
0
0.0197
0
0
0
0
0.0057
0
0.0303
0
0.0047
0
0.0279
0
0.0232
0
0
0
0
0
0
0
0
0.0077
0
0.007
0.0217
0
0.0067
0
0
0
0
0
0
0
0
0
0.0061
0.0608
0
0.0382
0.0363
0
0.0145
0
0.0053
0.0443
0.0184
0.0065
0
0.0073
0
0
0
0
0.0218
0.0157
0.0486
0.0329
0.008
0
0
0
0
0.0406
0
0.0322
0
0
0
0
0
0
0
0
0
0
0
0
0
0
0.0151
0
0
0
0.0229
0
0
0
0
0.0124
0
0
0
0
0
0
0.0126
0.0228
0
0
0
0.0375
0
0
0
0.0677
0.0033
0
0
0
0
0.0224
0
0
0
0
0
0
0.0092
0
0
0
0.0086
0.0273
0
0
0
0.0256
0
0.025
0.0062
0.0179
0
0
0.0075
0
0
0
0
0
0
0
0
0
0
0
0.0184
0
0
0.0468
0
0.0229
0
0
0
0.0383
0
0
0.0066
0.0724
0.0418
0
0
0
0.0852
0
0
0
0
0.0427
0
0.0578
0.0208
0
0
0
0
0
0.0288
0
0
0
0
0
0
0
0
0
0.095
0
0
0
0
0
0.0109
0
0
0
0.023
0.0286
0
0
0
0.021
0
0
0
0.0195
0
0
0
0
0.0387
0
0
0.0285
0.0428
0.0233
0
0
0
0
0
0.0086
0
0
0
0
0
0
0.0229
0
0
0
0
0
0
0
0
0
0
0
0
0
0.0597
0
0
0
0
0
0
0
0
0
0.0322
0
0
0
0
0
0
0
0
0
0
0
0
0.0209
0
0
0
0.0589
0
0.0406
0.0512
0
0
0
0
0.0237
0
0
0.0072
0
0
0.0202
0
0
0.0042
0.0892
0
0
0
0
0
0
0
0
0
0
0.017
0
0
0
0
0.0382
0
0
0.0398
0
0
0
0.0435
0
0
0
0
0
0
0
0.0321
0.0108
0
0
0
0
0
0
0
0
0
0
0.0216
0.0539
0
0.023
0
0
0
0
0
0
0.034
0
0
0
0
0.0062
0.0288
0.0168
0.0078
0.0055
0.0365
0.022
0
0.0714
0.0596
0
0
0
0
0
0
0.0109
0
0.0068
0
0
0.027
0
0
0
0
0
0
0.021
0.0149
0
0
0
0
0
0
0
0
0
0
0.0413
0
0.0252
0
0
0
0
0
0.0363
0
0
0
0.013
0
0
0
0
0
0
0
0
0.0267
0.0168
0
0
0
0
0
0
0
0
0
0
0
0.0178
0.0568
0.0205
0
0
0
0
0
0
0
0
0
0
0
0
0
0
0.1243
0
0
0
0
0
0
0
0
0.0217
0
0
0
0
0
0
0
0
0
0
0.0043
0.0052
0
0
0
0
0
0
0.0133
0.023
0.0266
0
0.0133
0
0
0
0.0086
0
0
0
0.0199
0
0
0
0
0
0
0.0588
0
0
0
0.0683
0
0
0.0079
0
0.0225
0
0
0.0047
0
0.0375
0
0
0.0239
0
0
0
0.0249
0
0
0
0
0
0.0951
0
0
0
0
0
0
0
0
0
0
0
0.0055
0
0
0
0
0
0
0
0.0036
0.0076
0
0
0
0
0
0
0.0437
0
0
0
0.0015
0.0049
0
0
0.0458
0
0.0449
0
0
0
0
0.014
0.0282
0
0
0.0191
0.0044
0
0.0571
0.0094
0.0126
0.0207
0
0
0
0.0237
0
0.0057
0
0
0
0
0.0289
0
0
0.0059
0
0
0
0
0.0192
0
0.0135
0
0
0
0.0051
0
0
0
0
0
0
0
0.0372
0
0
0
0
0
0
0
0
0
0
0
0.0097
0.0299
0.0303
0
0
0
0
0
0
0
0
0
0.0203
0
0
0
0
0.0346
0
0
0.0419
0
0
0.0194
0
0
0
0.0382
0
0
0
0
0.0205
0
0.0198
0
0
0.0292
0.0079
0.0074
0
0
0
0
0
0
0
0
0.0193
0
0.025
0.0243
0
0
0.0786
0.0848
0
0
0
0
0
0
0
0
0
0.0206
0
0
0
0
0.0244
0
0
0
0
0
0
0
0
0.0477
0
0
0
0
0
0
0.0263
0
0
0.0431
0
0
0
0
0.0433
0.0664
0
0
0
0
0
0
0.0355
0.015
0.014
0
0
0
0
0.0226
0.0867
0.0421
0.0295
0.0245
0
0
0.0058
0
0
0
0
0
0.0084
0
0
0
0
0
0
0
0
0
0
0
0
0
0
0
0.0204
0
0
0
0
0
0
0
0
0
0
0
0
0
0
0
0
0
0
0
0
0
0
0
0
0
0
0
0
0
0
0
0
0
0
0
0
0
0
0
0
0.0363
0
0.0114
0
0
0
0.0037
0
0
0.0057
0
0.0249
0
0
0
0
0
0
0
0.0045
0
0
0
0
0
0
0
0
0
0
0
0
0.042
0.0215
0
0
0
0
0
0
0
0
0
0
0
0.0144
0
0
0.0067
0
0
0
0
0
0
0
0
0
0
0
0
0
0
0
0
0.0179
0
0
0
0
0
0
0
0
0
0.0204
0
0
0
0
0
0
0.0157
0.0523
0
0
0
0
0
0
0.0599
0.0034
0
0
0
0
0
0
0
0
0
0
0
0
0
0
0
0
0
0
0
0
0
0
0
0
0
0
0
0
0.0048
0.0264
0
0
0
0
0
0
0
0
0
0.0051
0
0.0115
0
0
0
0
0.0036
0.0499
0.0226
0
0
0
0
0.0123
0.005
0
0
0
0
0
0.0198
0
0
0
0
0
0
0
0
0
0
0
0
0
0
0
0
0
0
0
0
0
0
0
0
0
0.031
0
0.0206
0.025
0
0
0
0
0
0
0
0
0.0242
0
0
0
0
0
0
0
0
0
0
0
0
0
0
0
0
0
0.064
0
0
0
0.0217
0
0
0.0134
0
0
0.1013
0
0
0
0
0
0
0.0634
0
0
0
0
0
0
0
0
0
0
0
0
0.0425
0
0
0
0
0
0
0
0
0
0.0859
0
0
0.0191
0
0
0
0
0
0
0.0232
0
0
0
0
0
0
0
0
0
0
0
0.0098
0
0
0
0.0115
0
0
0.0225
0
0
0.0066
0
0
0
0
0
0
0
0.0325
0
0.043
0
0
0
0
0
0
0
0
0
0
0
0
0
0
0
0
0
0.0331
0
0
0
0
0.0397
0
0
0
0
0
0
0
0
0
0.0382
0
0
0
0.0082
0
0.0218
0
0
0
0
0
0
0
0
0
0
0
0
0
0
0
0
0
0
0
0
0
0
0
0
0
0
0
0
0
0
0
0
0
0
0
0
0
0
0
0
0
0
0
0
0
0
0
0.0742
0
0
0
0
0
0
0
0
0
0
0
0
0
0
0.014
0
0
0
0
0
0
0
0
0
0
0
0
0
0
0
0
0
0
0
0
0
0
0
0
0
0
0
0
0
0
0
0
0
0
0
0
0
0
0
0
0
0
0
0
0
0
0
0
0
0
0
0
0
0
0
0
0
0
0
0
0
0
0
0.0382
0
0
0
0
0
0
0
0
0
0
0.0438
0
0
0
0
0.0351
0
0
0
0
0
0.0296
0
0
0
0
0
0
0
0
0
0
0
0
0
0
0
0
0
0
0
0
0
0
0
0
0
0
0
0
0
0
0
0
0
0
0
0
0
0
0
0.0408
0
0
0
0.0068
0
0
0.0054
0
0
0
0
0
0
0
0
0
0
0
0
0
0
0
0
0
0
0
0.0219
0
0
0
0
0
0.0234
0
0
0
0
0.0282
0
0
0
0.0328
0
0
0
0.0065
0.0215
0.0552
0
0
0
0
0
0.0187
0
0
0
0
0
0
0
0
0.0177
0
0
0.0375
0.024
0
0
0
0.0058
0
0
0
0
0
0.0583
0.0063
0.0304
0
0.0513
0
0
0
0
0
0
0.0394
0.0407
0
0
0
0.0637
0
0
0
0
0
0
0.0216
0
0.0586
0.0369
0
0
0
0
0
0
0
0.0278
0.0367
0
0
0
0
0.0388
0
0.0075
0.0342
0
0
0
0.0223
0.0071
0
0.0263
0
0.0189
0
0.0027
0.0595
0.0616
0
0
0
0
0
0
0.0205
0
0
0
0
0
0
0
0
0
0
0.0186
0
0.0346
0.0181
0
0.0227
0.0028
0
0.0201
0
0.0547
0
0.0469
0
0
0
0
0
0
0
0.0058
0
0
0
0
0
0
0
0
0
0
0
0
0
0
0
0
