1.000000
1.000000
1.000000
1.000000
1.000000
1.000000
2.000000
2.000000
2.000000
2.000000
2.000000
2.000000
2.000000
2.000000
2.000000
2.000000
2.000000
2.000000
3.000000
3.000000
3.000000
3.000000
3.000000
3.000000
3.000000
3.000000
3.000000
3.000000
3.000000
3.000000
4.000000
4.000000
4.000000
4.000000
4.000000
5.000000
5.000000
5.000000
5.000000
5.000000
5.000000
5.000000
5.000000
5.000000
5.000000
6.000000
6.000000
6.000000
7.000000
7.000000
7.000000
7.000000
7.000000
8.000000
8.000000
8.000000
8.000000
8.000000
8.000000
8.000000
9.000000
9.000000
9.000000
9.000000
9.000000
9.000000
9.000000
9.000000
9.000000
9.000000
9.000000
9.000000
9.000000
10.000000
10.000000
10.000000
10.000000
10.000000
10.000000
11.000000
11.000000
11.000000
11.000000
11.000000
11.000000
11.000000
11.000000
11.000000
12.000000
12.000000
12.000000
13.000000
13.000000
13.000000
13.000000
13.000000
13.000000
14.000000
14.000000
14.000000
14.000000
14.000000
14.000000
14.000000
14.000000
15.000000
15.000000
15.000000
16.000000
16.000000
16.000000
16.000000
17.000000
17.000000
17.000000
17.000000
17.000000
17.000000
18.000000
18.000000
18.000000
18.000000
18.000000
18.000000
18.000000
19.000000
19.000000
20.000000
20.000000
20.000000
20.000000
20.000000
20.000000
21.000000
21.000000
21.000000
21.000000
22.000000
23.000000
23.000000
24.000000
24.000000
25.000000
25.000000
25.000000
26.000000
26.000000
26.000000
26.000000
26.000000
27.000000
27.000000
27.000000
28.000000
28.000000
29.000000
29.000000
29.000000
30.000000
30.000000
30.000000
31.000000
31.000000
31.000000
32.000000
32.000000
33.000000
33.000000
35.000000
35.000000
36.000000
36.000000
36.000000
37.000000
37.000000
37.000000
38.000000
39.000000
42.000000
42.000000
43.000000
43.000000
45.000000
45.000000
46.000000
46.000000
46.000000
47.000000
52.000000
52.000000
53.000000
53.000000
53.000000
53.000000
54.000000
56.000000
58.000000
58.000000
58.000000
58.000000
59.000000
59.000000
59.000000
62.000000
62.000000
65.000000
70.000000
72.000000
74.000000
77.000000
79.000000
83.000000
84.000000
86.000000
94.000000
96.000000
97.000000
100.000000
102.000000
105.000000
106.000000
118.000000
120.000000
125.000000
126.000000
127.000000
132.000000
133.000000
133.000000
134.000000
134.000000
142.000000
149.000000
150.000000
155.000000
156.000000
157.000000
164.000000
165.000000
171.000000
175.000000
183.000000
193.000000
207.000000
224.000000
237.000000
244.000000
264.000000
271.000000
319.000000
