0
0
0
0
0
0
0
0
0
0
0
0
0
0
0
0
0
0
0
0
0
0
0
0
0
0
0
0
0
0
0
0
0
0
0
0
0
0
0
0
0
0
0
0
0
0
0
0
0
0
0
0
0
0
0
0
0
0
0
0
0
0
0
0
0
0
0
0
0
0
0
0
0
0
0
0
0
0
0
0
0
0
0
0
0
0
0
0
0
0
0
0
0
0
0
0
0
0
0
0
0
0
0
0
0
0
0
0
0
0
0
0
0
0
0
0
0
0
0
0
0
0
0
0
0
0
0
0
0
0
0
0
0
0
0
0
0
0
0
0
0
0
0
0
0
0
0
0
0
0
0
0
0
0
0
0
0
0
0
0
0
0
0
0
0
0
0
0
0
0
0
0
0
0
0
0
0
0
0
0
0
0
0
0
0
0
0
0
0
0
0
0
0
0
0
0
0
0
0
0
0
0
0
0
0
0
0
0
0
0
0
0
0
0
0
0
0
0
0
0
0
0
0
0
0
0
0
0
0
0
0
0
0
0
0
0
0
0
0
0
0
0
0
0
0
0
0
0
0
0
0
0
0
0
0
0
0
0
0
0
0
0
0
0
0
0
0
0
0
0
0
0
0
0
0
0
0
0
0
0
0
0
0
0
0
0
0
0
0
0
0
0
0
0
0
0
0
0
0
0
0
0
0
0
0
0
0
0
0
0
0
0
0
0
0
0
0
0
0
0
0
0
0
0
0
0
0
0
0
0
0
0
0
0
0
0
0
0
0
0
0
0
0
0
0
0
0
0
0
0
0
0
0
0
0
0
0
0
0
0
0
0
0
0
0
0
0
0
0
0
0
0
0
0
0
0
0
0
0
0
0
0
0
0
0
0
0
0
0
0
0
0
0
0
0
0
0
0
0
0
0
0
0
0
0
0
0
0
0
0
0
0
0
0
0
0
0
0
0
0
0
0
0
0
0
0
0
0
0
0
0
0
0
0
0
0
0
0
0
0
0
0
0
0
0
0
0
0
0
0
0
0
0
0
0
0
0
0
0
0
0
0
0
0
0
0
0
0
0
0
0
0
0
0
0
0
0
0
0
0
0
0
0
0
0
0
0
0
0
0
0
0
0
0
0
0
0
0
0
0
0
0
0
0
0
0
0
0
0
0
0
0
0
0
0
0
0
0
0
0
0
0
0
0
0
0
0
0
0
0
0
0
0
0
0
0
0
0
0
0
0
0
0
0
0
0
0
0
0
0
0
0
0
0
0
0
0
0
0
0
0
0
0
0
0
0
0
0
0
0
0
0
0
0
0
0
0
0
0
0
0
0
0
0
0
0
0
0
0
0
0
0
0
0
0
0
0
0
0
0
0
0
0
0
0
0
0
0
0
0
0
0
0
0
0
0
0
0
0
0
0
0
0
0
0
0
0
0
0
0
0
0
0
0
0
0
0
0
0
0
0
0
0
0
0
0
0
0
0
0
0
0
0
0
0
0
0
0
0
0
0
0
0
0
0
0
0
0
0
0
0
0
0
0
0
0
0
0
0
0
0
0
0
0
0
0
0
0
0
0
0
0
0
0
0
0
0
0
0
0
0
0
0
0
0
0
0
0
0
0
0
0
0
0
0
0
0
0
0
0
0
0
0
0
0
0
0
0
0
0
0
0
0
0
0
0
0
0
0
0
0
0
0
0
0
0
0
0
0
0
0
0
0
0
0
0
0
0
0
0
0
0
0
0
0
0
0
0
0
0
0
0
0
0
0
0
0
0
0
0
0
0
0
0
0
0
0
0
0
0
0
0
0
0
0
0
0
0
0
0
0
0
0
0
0
0
0
0
0
0
0
0
0
0
0
0
0
0
0
0
0
0
0
0
0
0
0
0
0
0
0
0
0
0
0
0
0
0
0
0
0
0
0
0
0
0
0
0
0
0
0
0
0
0
0
0
0
0
0
0
0
0
0
0
0
0
0
0
0
0
0
0
0
0
0
0
0
0
0
0
0
0
0
0
0
0
0
0
0
0
0
0
0
0
0
0
0
0
0
0
0
0
0
0
0
0
0
0
0
0
0
0
0
0
0
0
0
0
0
0
0
0
0
0
0
0
0
0
0
0
0
0
0
0
0
0
0
0
0
0
0
0
0
0
0
0
0
0
0
0
0
0
0
0
0
0
0
0
0
0
0
0
0
0
0
0
0
0
0
0
0
0
0
0
0
0
0
0
0
0
0
0
0.226
0.1638
0
0
0
0
0
0
0
0
0
0
0
0
0
0
0
0
0
0
0
0
0
0
0
0
0
0
0
0
0
0
0
0
0
0
0
0
0
0
0
0
0
0
0
0
0
0
0
0
0
0
0
0
0
0
0
0
0
0
0
0
0
0
0
0
0
0
0
0
0
0
0
0
0
0
0
0
0
0
0
0
0
0
0
0
0
0
0
0
0
0
0
0
0
0
0.0206
0
0
0
0
0
0
0
0
0
0
0
0
0
0
0
0
0
0
0
0
0
0
0
0
0
0.0194
0
0
0
0.0177
0.0081
0
0
0
0
0
0
0.0159
0
0
0
0
0
0
0
0
0
0
0
0
0
0
0
0
0
0
0
0
0
0
0
0
0
0
0
0
0
0
0
0
0
0
0
0
0
0
0
0
0
0
0
0
0
0
0
0
0
0
0
0
0
0
0
0
0
0
0
0
0
0
0
0
0
0
0
0
0
0
0
0
0
0
0
0
0
0
0
0
0
0
0
0
0
0
0
0
0
0
0
0
0
0
0
0
0
0
0
0
0
0
0
0
0
0
0
0
0
0
0
0
0
0
0
0
0
0
0
0
0
0
0
0
0
0
0
0
0
0
0
0
0
0
0
0
0
0
0
0
0
0
0
0
0
0
0
0
0
0
0
0
0
0
0
0
0
0
0
0
0
0
0
0
0
0
0
0
0
0
0
0
0
0
0
0
0
0
0
0
0
0
0
0
0
0
0
0
0
0
0
0
0
0
0
0
0
0
0
0
0
0
0
0
0
0
0
0
0
0
0
0
0
0
0
0
0
0
0
0
0
0
0
0
0
0
0
0
0
0
0
0
0
0
0
0
0
0
0
0
0
0
0
0
0
0
0
0
0
0
0
0
0
0
0
0
0
0
0
0
0
0
0
0
0
0
0
0
0
0
0
0
0
0
0
0
0
0
0
0
0
0
0
0
0
0
0
0
0
0
0
0
0
0
0
0
0
0
0
0
0
0
0
0
0
0
0
0
0
0
0
0
0
0
0
0
0
0
0
0
0
0
0
0
0
0
0
0
0
0
0
0
0
0
0
0
0
0
0
0
0
0
0
0
0
0
0
0
0
0
0
0
0
0
0
0
0
0
0
0
0
0
0
0
0
0
0
0
0
0
0
0
0
0
0
0
0
0
0
0
0
0
0
0
0
0
0
0
0
0
0
0
0
0
0
0
0
0
0
0
0
0
0
0
0
0
0
0
0
0
0
0
0
0
0
0
0
0
0
0
0
0
0
0
0
0
0
0
0.0185
0
0.0196
0
0
0
0
0.0419
0
0
0
0
0
0.0187
0
0
0
0.006
0
0
0
0
0.0142
0
0
0
0
0
0
0
0.004
0
0.0255
0
0
0
0
0
0
0
0.0387
0
0
0.0139
0.0448
0.0461
0
0
0.017
0
0.0227
0
0
0
0
0.0169
0
0
0
0.0007
0.0123
0
0
0
0
0
0.0666
0.0341
0.0038
0
0
0
0
0
0
0.0444
0
0
0
0
0
0
0
0.0159
0
0
0
0
0
0
0
0
0
0
0
0
0
0.0669
0.0995
0
0
0
0
0
0
0
0
0.0192
0
0
0
0
0
0
0.0199
0
0
0
0
0
0
0
0
0
0
0
0
0
0
0
0
0
0
0
0.0173
0
0
0
0
0
0
0
0.0177
0
0
0
0
0
0
0
0
0
0
0
0
0
0
0.0229
0
0
0
0
0
0
0
0
0
0
0.0541
0
0
0
0.0215
0
0
0
0
0
0
0
0
0
0
0
0
0
0
0
0
0
0
0
0.0388
0
0
0
0
0
0
0
0
0
0
0
0
0
0
0
0
0
0
0
0
0
0
0
0
0
0
0
0
0
0
0
0
0
0
0
0
0
0
0
0
0
0
0
0.0055
0
0
0
0
0
0
0
0
0
0
0
0
0
0
0
0
0
0
0
0
0
0
0
0
0
0
0
0
0
0
0
0
0
0
0
0
0.022
0
0
0
0
0
0
0
0
0
0
0
0
0.0232
0
0
0
0
0
0
0
0
0
0
0
0.024
0
0
0
0
0
0
0
0
0
0
0
0
0
0
0
0
0
0
0
0
0
0
0
0
0
0
0
0
0
0
0
0
0
0
0
0
0
0
0.0073
0
0
0
0
0
0
0
0
0
0
0
0
0
0.0143
0
0.0782
0
0
0
0
0
0
0
0
0
0
0
0
0
0
0
0
0
0
0
0
0.0141
0
0
0
0
0
0
0
0
0
0
0
0
0
0
0
0
0
0
0
0
0
0
0
0
0
0
0
0
0
0
0
0
0
0
0
0
0
0
0
0
0
0
0
0
0
0
0
0
0
0
0
0
0
0.0171
0
0
0
0
0
0
0
0
0
0
0
0
0
0
0
0
0
0
0
0
0
0
0
0
0
0
0
0
0
0
0
0
0
0
0
0
0
0
0
0.0451
0
0
0
0
0
0
0
0
0
0
0
0
0
0
0
0
0
0
0
0
0
0
0
0
0
0
0
0
0
0
0
0
0
0
0
0
0
0
0
0
0
0
0
0
0
0
0
0.0257
0
0
0
0
0
0
0
0
0
0
0
0
0
0
0
0
0
0
0
0
0
0
0
0
0
0
0
0
0
0
0
0
0
0
0
0
0
0
0
0
0
0
0
0
0
0
0
0
0
0
0
0
0
0
0
0
0
0
0
0
0
0
0
0
0
0
0
0
0
0
0
0
0
0
0
0
0
0
0
0
0
0
0
0
0
0
0
0
0
0
0
0
0
0
0
0
0
0
0
0
0
0
0
0
0
0
0
0
0
0
0
0
0
0
0
0
0
0
0
0
0
0
0
0
0
0
0
0
0
0
0
0
0
0
0
0
0
0
0
0
0
0
0
0
0
0
0
0
0.017
0
0
0
0
0
0
0
0
0
0
0
0
0
0
0
0
0
0
0
0
0
0
0
0
0
0
0
0
0
0
0
0
0
0
0
0.019
0
0
0.0207
0
0
0
0.0499
0
0.0288
0.0054
0.0199
0
0
0
0
0
0
0
0
0
0
0
0
0
0
0
0
0
0
0
0
0
0
0
0
0
0
0
0
0
0
0
0
0
0
0
0
0
0
0
0
0
0
0
0
0
0
0
0
0
0
0
0
0
0
0
0
0
0
0
0
0
0
0.0034
0
0
0
0
0
0.0051
0
0
0
0
0
0
0
0
0
0
0
0
0
0
0
0
0
0
0
0
0
0
0
0
0
0
0
0
0
0
0
0
0
0
0
0
0
0
0
0
0
0
0
0
0
0
0
0
0
0
0
0
0
0
0
0
0.0225
0
0
0
0
0
0
0
0.0069
0
0
0
0
0
0
0
0
0
0
0
0
0
0
0
0
0
0
0
0
0
0
0
0
0
0
0
0
0
0
0
0
0
0
0
0
0
0
0
0
0
0
0
0
0.0207
0
0
0
0
0
0
0
0
0
0
0
0
0
0
0.0221
0
0
0
0
0
0
0
0
0
0
0
0
0
0
0
0
0
0
0
0
0.0222
0
0
0
0
0
0
0
0
0
0
0
0
0
0
0
0
0
0
0
0
0
0
0
0
0
0
0
0
0
0
0
0
0
0
0
0
0
0
0
0
0
0
0
0
0
0
0
0
0
0
0
0
0
0
0
0
0
0
0
0
0
0
0
0
0
0
0
0
0
0
0
0
0
0
0
0
0
0
0
0
0
0
0
0
0
0
0
0
0
0
0
0
0
0
0
0
0
0
0
0
0
0
0
0
0
0
0
0
0
0
0
0
0
0
0
0
0
0
0
0
0
0
0
0
0
0
0
0
0
0
0
0
0
0
0
0
0
0
0
0
0
0
0
0
0
0
0
0
0
0
0
0
0
0
0
0
0
0
0
0
0
0
0
0
0
0.0216
0
0
0
0
0
0
0
0
0
0
0
0
0
0
0
0
0
0
0
0
0
0
0
0
0.0066
0
0
0
0
0
0
0
0
0
0
0
0.0349
0
0
0
0
0
0
0
0
0
0
0
0
0
0
0
0
0
0
0
0
0
0.0072
0.0119
0
0
0
0
0
0
0
0
0
0
0
0.0095
0
0
0
0
0
0.0201
0
0
0
0
0
0
0.0206
0
0
0
0
0
0
0
0
0
0
0
0
0
0.038
0
0
0
0
0
0
0
0
0
0
0
0
0
0
0
0
0
0
0
0
0
0
0
0
0
0
0
0
0
0.016
0
0
0
0
0
0
0
0
0
0
0
0
0
0
0
0
0
0
0
0
0
0
0
0
0
0
0
0
0
0
0
0
0
0
0
0
0
0
0
0
0
0
0
0
0
0
0
0
0
0
0
0
0
0
0
0
0
0
0
0
0
0
0
0
0
0
0
0.0154
0
0
0
0
0
0
0
0
0.0161
0
0
0
0
0
0
0
0
0
0
0
0
0
0
0
0
0
0
0
0
0
0
0
0
0
0
0
0
0
0
0
0
0
0
0
0
0
0
0
0
0.0049
0
0
0
0
0
0
0
0
0
0
0
0
0
0
0
0
0
0
0
0
0
0
0
0
0
0
0
0
0
0
0
0
0
0
0
0
0
0
0
0
0
0
0
0
0
0
0
0
0
0
0
0
0
0
0
0
0
0
0
0
0
0
0
0
0
0
0
0
0
0
0
0
0
0
0
0
0
0
0
0
0
0
0
0
0
0
0
0
0
0
0
0
0
0
0
0
0
0
0
0
0
0
0
0
0
0
0
0
0
0
0
0
0
0
0
0
0
0
0
0
0
0
0
0
0
0
0
0
0.0218
0.0148
0
0
0
0
0
0
0.0208
0
0.0363
0
0
0
0
0
0
0
0
0.0221
0
0
0.0552
0.0325
0
0.0886
0.0025
0
0
0
0.0165
0
0
0
0
0
0
0
0
0
0
0.006
0
0
0.0144
0
0
0
0
0
0
0.0044
0
0.0373
0.021
0
0
0
0.0176
0
0
0
0.0296
0
0
0
0
0
0
0
0
0
0
0.0197
0
0.0235
0
0
0
0
0
0
0
0
0
0
0.0167
0.028
0
0
0
0.0157
0
0
0
0
0
0
0
0
0
0.0614
0
0
0
0.0257
0
0
0
0
0
0
0
0
0
0
0
0.0077
0
0
0
0
0
0
0
0
0
0
0
0
0
0
0
0
0
0.0521
0
0
0
0
0
0
0
0
0
0
0
0
0
0
0
0
0
0
0
0
0.0054
0
0
0
0
0
0
0
0
0
0
0
0
0
0
0
0
0
0
0
0
0
0
0
0
0
0
0
0
0
0
0
0
0
0
0
0
0
0
0
0
0
0
0
0
0
0
0
0
0
0
0
0
0
0
0
0
0
0
0
0
0
0
0
0
0
0.0153
0
0
0
0
0
0
0
0
0
0
0
0
0
0
0
0
0
0
0
0
0
0
0
0
0
0
0
0
0
0
0
0
0
0
0
0.0149
0
0
0
0
0
0
0
0
0
0
0
0
0
0
0.0172
0
0
0
0
0
0
0
0
0
0
0
0
0
0
0
0.0026
0
0
0
0
0
0
0
0
0
0
0
0
0
0
0
0
0
0
0
0
0
0
0
0
0
0
0
0
0
0
0
0
0
0
0
0
0
0
0
0
0
0
0
0
0
0
0.0216
0
0
0
0
0
0
0
0
0
0
0
0
0.0398
0
0
0
0
0
0
0
0
0.007
0
0.0216
0
0.1067
0
0
0
0
0
0
0
0.021
0
0
0.0625
0.0164
0
0
0.0067
0
0
0.0941
0.0322
0.0204
0.025
0.0204
0
0
0
0
0
0
0
0.0178
0
0
0.0206
0.0242
0
0
0
0.0967
0
0
0.024
0
0
0
0
0
0
0.0044
0
0
0
0
0
0
0
0
0
0
0
0
0
0
0
0
0
0
0
0
0.0169
0
0
0
0
0
0.0053
0.0208
0
0
0
0.0045
0
0
0
0.0158
0
0
0.0044
0
0
0
0.0425
0
0.0121
0
0
0
0
0.0139
0.0047
0
0.0166
0
0.0263
0
0
0
0
0
0.075
0.0021
0
0
0
0
0.1583
0
0
0
0
0
0
0
0
0
0.0918
0
0
0
0
0
0
0
0
0.0224
0.0195
0.0246
0.0247
0
0
0
0
0
0.0158
0
0.0047
0
0.0259
0
0
0.0226
0
0.0615
0
0.0586
0
0
0
0.0562
0.0228
0
0
0
0
0
0
0
0
0
0.0342
0.0195
0
0.0045
0.0158
0
0.0224
0
0.0229
0
0
0.0326
0
0
0
0
0
0
0
0
0
0
0
0
0.0166
0
0
0
0
0
0
0
0
0
0
0
0
0
0
0
0
0
0
0
0
0
0
0
0
0.0193
0.045
0
0
0.0116
0.0162
0
0
0
0
0
0
0
0
0
0.0137
0
0.0033
0
0
0
0
0
0
0.021
0.023
0
0
0.0163
0
0
0.0231
0.1624
0
0
0
0
0
0
0.021
0
0
0
0
0
0.0192
0
0
0.1051
0
0
0
0
0.0432
0
0
0
0
0
0
0
0.0182
0
0
0
0
0.0237
0
0
0
0
0
0.0221
0
0
0
0
0.0089
0
0
0
0
0
0.0198
0
0
0
0
0
0
0
0
0
0
0
0
0
0
0.017
0
0
0
0
0
0
0
0
0
0
0
0
0
0
0
0.0191
0
0
0
0
0
0
0
0
0
0
0
0.021
0.0209
0
0
0
0
0
0
0
0.0329
0
0
0.0413
0.018
0
0
0
0
0
0
0.0263
0
0
0.0292
0
0.0042
0
0
0.0187
0
0
0
0.0229
0
0.0186
0
0
0
0
0
0
0
0
0
0
0
0
0
0
0.0063
0.0095
0
0
0.0376
0
0.0146
0.0133
0
0.0216
0.0342
0.0247
0
0.0213
0.0397
0
0
0.0156
0
0
0
0
0
0
0
0
0.0382
0
0
0.0174
0
0
0
0
0.0373
0
0
0
0
0
0
0
0.0169
0
0
0
0
0
0
0
0
0
0
0.0284
0
0
0
0
0
0
0
0
0
0
0
0.0194
0
0
0.0412
0
0
0
0.0239
0
0
0.0608
0
0
0
0
0
0
0
0
0
0
0
0
0
0
0.049
0
0
0
0.0484
0.0015
0.0178
0.0617
0
0
0
0
0.0179
0
0.057
0.0274
0.0435
0
0.0055
0.0255
0.0072
0
0
0
0
0
0.0257
0.0188
0.0227
0
0
0
0
0.0199
0.0194
0
0
0
0
0
0
0.0347
0
0
0
0
0
0
0.0221
0
0
0
0.0558
0
0
0
0
0
0
0
0.0248
0
0
0
0
0
0
0
0
0.019
0
0
0
0
0.0373
0
0
0
0
0
0
0.0049
0
0
0
0
0
0.0159
0
0
0
0
0
0
0
0.0026
0
0
0
0
0
0
0
0.0209
0
0
0
0.009
0
0.0054
0.0082
0
0
0
0
0
0
0
0
0
0
0
0
0.037
0.0195
0
0.0161
0
0
0
0
0
0
0
0
0
0
0
0
0
0
0
0
0
0
0
0
0
0
0
0
0.0371
0
0
0
0
0.0217
0
0
0
0
0
0
0
0
0
0
0
0.0038
0
0
0
0
0.0242
0
0
0.0097
0
0
0
0
0
0.0058
0
0
0
0.0127
0
0
0
0
0
0.0481
0.0036
0
0.0196
0.0489
0
0.0116
0.0272
0
0
0
0
0
0
0
0.056
0
0.0581
0
0
0.0139
0.0611
0
0
0.0258
0
0
0.0385
0
0
0
0
0
0.0059
0
0
0
0.0193
0.0424
0
0
0
0
0
0
0
0.0232
0
0
0
0
0.0383
0.0048
0
0
0
0
0
0
0
0
0
0
0
0
0
0
0
0
0
0
0
0.0608
0
0
0
0
0
0
0
0
0
0
0
0
0
0
0
0
0
0
0
0
0
0
0
0
0
0
0
0
0
0
0
0
0
0
0
0
0
0
0
0
0
0
0
0
0
0
0
0
0
0
0
0
0
0
0
0
0
0
0
0
0
0
0
0
0
0
0
0
0
0
0
0
0
0
0
0
0
0
0
0
0
0
0
0
0
0
0
0
0
0
0
0
0
0
0
0
0
0
0
0
0
0
0
0
0
0
0
0
0
0
0
0
0
0
0
0
0
0
0
0
0
0
0
0
0
0
0
0
0
0
0
0
0
0
0
0
0
0.0113
0.0081
0
0
0
0
0
0
0
0
0
0
0
0
0
0
0
0
0
0
0
0
0
0
0
0
0
0
0
0
0.037
0
0
0
0
0
0
0
0
0
0
0
0
0
0
0
0
0
0
0
0
0.0186
0
0
0
0
0
0
0
0
0
0
0
0
0
0
0
0
0.038
0
0
0
0
0.0353
0.003
0
0.0366
0.0373
0
0
0
0.0447
0.0121
0
0
0
0
0
0
0
0
0.0375
0.0642
0
0
0
0.0236
0
0
0
0
0
0
0
0
0
0
0
0
0
0
0
0
0
0
0.0228
0
0.0189
0
0
0
0
0
0
0
0
0.0396
0.0054
0.0154
0
0.0381
0
0
0
0
0
0
0
0
0
0
0
0
0
0
0
0
0
0
0
0
0
0
0.015
0
0
0
0
0
0
0
0
0
0
0
0
0.0034
0
0.0331
0.0115
0.1089
0.0236
0.0374
0.0073
0.0046
0.0335
0
0
0.0724
0
0
0
0
0.0561
0
0
0
0
0
0
0
0
0
0
0
0
0
0
0
0
0
0
0
0
0
0
0
0
0
0
0
0
0
0
0
0
0
0
0.0314
0
0
0
0
0
0
0
0
0
0
0
0
0
0
0
0
0
0
0
0
0
0
0
0
0
0
0
0.0228
0
0
0
0
0.0218
0.0495
0.0344
0.0126
0
0
0.0254
0
0.048
0
0
0
0
0
0
0.037
0
0.0379
0.03
0.0034
0
0.0191
0
0.0369
0.0159
0
0
0
0
0.0443
0.0169
0.0635
0
0
0.0094
0
0.0111
0
0
0
0.0093
0
0
0
0
0.0037
0
0
0
0
0
0
0
0
0
0
0.0255
0
0
0.0157
0.0378
0
0.016
0.0233
0.1007
0
0.0083
0
0
0
0
0
0
0.0241
0
0
0
0
0
0.022
0
0.0082
0
0
0
0
0
0
0
0
0
0
0
0
0.0433
0
0
0
0
0.019
0
0
0
0
0
0.0036
0.0243
0
0
0
0
0.0217
0
0
0
0.0537
0.0462
0.0097
0
0.0172
0
0
0
0.0365
0.0167
0.0339
0.0212
0
0.0214
0
0
0
0
0
0
0
0.0204
0.0162
0.0179
0
0
0
0
0
0
0
0
0
0
0
0
0
0
0
0
0.0131
0
0
0
0.051
0
0
0.0179
0
0
0.0178
0.0033
0.0151
0.0159
0
0
0.0043
0.0652
0
0
0
0
0
0.0538
0
0.0217
0
0
0
0
0.0225
0
0
0
0.0226
0.0046
0.0536
0
0.0031
0
0
0
0
0
0
0
0
0
0
0
0
0
0
0
0
0
0
0
0
0
0
0
0
0.0198
0
0
0
0
0
0
0
0.0218
0.0229
0
0
0
0.0035
0
0
0
0.0229
0
0
0.0176
0
0
0
0
0
0.0071
0
0.0388
0
0.0084
0
0
0.0206
0.0025
0.0325
0.007
0
0.0305
0
0.0053
0
0
0
0.049
0
0
0
0
0
0
0
0
0.016
0.0476
0
0
0.1055
0
0
0
0
0
0.0068
0.0238
0
0
0.0184
0.0156
0.0141
0
0
0
0
0
0.0217
0
0
0
0
0
0
0
