0.000000
0.000000
0.000000
0.000000
0.000000
0.000000
0.000000
0.000000
0.000000
0.000000
0.000000
0.000000
0.000000
0.000000
0.000000
1.000000
1.000000
1.000000
1.000000
1.000000
1.000000
1.000000
1.000000
1.000000
1.000000
1.000000
1.000000
1.000000
1.000000
1.000000
1.000000
1.000000
1.000000
1.000000
1.000000
2.000000
2.000000
2.000000
2.000000
2.000000
2.000000
2.000000
2.000000
2.000000
2.000000
2.000000
2.000000
2.000000
2.000000
2.000000
2.000000
2.000000
2.000000
2.000000
2.000000
2.000000
2.000000
3.000000
3.000000
3.000000
3.000000
3.000000
3.000000
3.000000
3.000000
3.000000
3.000000
3.000000
3.000000
3.000000
3.000000
3.000000
3.000000
3.000000
3.000000
3.000000
3.000000
3.000000
3.000000
3.000000
4.000000
4.000000
4.000000
4.000000
4.000000
4.000000
4.000000
4.000000
4.000000
4.000000
4.000000
4.000000
4.000000
4.000000
4.000000
4.000000
4.000000
4.000000
4.000000
4.000000
4.000000
4.000000
4.000000
4.000000
4.000000
4.000000
5.000000
5.000000
5.000000
5.000000
5.000000
5.000000
5.000000
5.000000
5.000000
5.000000
5.000000
5.000000
5.000000
5.000000
5.000000
5.000000
6.000000
6.000000
6.000000
6.000000
6.000000
6.000000
6.000000
6.000000
6.000000
6.000000
6.000000
6.000000
6.000000
6.000000
6.000000
6.000000
6.000000
6.000000
6.000000
6.000000
6.000000
6.000000
6.000000
6.000000
6.000000
6.000000
6.000000
6.000000
6.000000
6.000000
7.000000
7.000000
7.000000
7.000000
7.000000
7.000000
7.000000
7.000000
7.000000
7.000000
7.000000
7.000000
7.000000
7.000000
7.000000
7.000000
7.000000
7.000000
7.000000
7.000000
7.000000
7.000000
7.000000
8.000000
8.000000
8.000000
8.000000
8.000000
8.000000
8.000000
8.000000
8.000000
8.000000
8.000000
8.000000
8.000000
8.000000
8.000000
8.000000
8.000000
8.000000
8.000000
8.000000
8.000000
8.000000
8.000000
8.000000
9.000000
9.000000
9.000000
9.000000
9.000000
9.000000
9.000000
9.000000
9.000000
9.000000
9.000000
9.000000
9.000000
9.000000
9.000000
10.000000
10.000000
10.000000
10.000000
10.000000
10.000000
10.000000
10.000000
10.000000
10.000000
10.000000
10.000000
10.000000
10.000000
10.000000
10.000000
10.000000
10.000000
11.000000
11.000000
11.000000
11.000000
11.000000
11.000000
11.000000
11.000000
11.000000
11.000000
12.000000
12.000000
12.000000
12.000000
12.000000
12.000000
12.000000
12.000000
12.000000
12.000000
12.000000
12.000000
12.000000
12.000000
12.000000
12.000000
12.000000
12.000000
13.000000
13.000000
13.000000
13.000000
13.000000
13.000000
13.000000
13.000000
13.000000
13.000000
13.000000
13.000000
13.000000
13.000000
13.000000
13.000000
13.000000
13.000000
13.000000
13.000000
13.000000
13.000000
13.000000
13.000000
13.000000
13.000000
13.000000
13.000000
13.000000
14.000000
14.000000
14.000000
14.000000
14.000000
14.000000
14.000000
14.000000
14.000000
14.000000
14.000000
14.000000
14.000000
14.000000
14.000000
14.000000
15.000000
15.000000
15.000000
15.000000
15.000000
15.000000
15.000000
15.000000
15.000000
16.000000
16.000000
16.000000
16.000000
16.000000
16.000000
16.000000
16.000000
16.000000
16.000000
16.000000
16.000000
17.000000
17.000000
17.000000
17.000000
17.000000
17.000000
17.000000
17.000000
17.000000
17.000000
17.000000
17.000000
17.000000
18.000000
18.000000
18.000000
18.000000
18.000000
18.000000
18.000000
18.000000
18.000000
18.000000
18.000000
18.000000
18.000000
19.000000
19.000000
19.000000
19.000000
19.000000
19.000000
19.000000
19.000000
19.000000
20.000000
20.000000
20.000000
20.000000
20.000000
20.000000
20.000000
21.000000
22.000000
22.000000
22.000000
22.000000
22.000000
22.000000
22.000000
22.000000
22.000000
23.000000
23.000000
23.000000
23.000000
23.000000
23.000000
24.000000
24.000000
24.000000
25.000000
26.000000
26.000000
26.000000
26.000000
27.000000
27.000000
27.000000
27.000000
28.000000
28.000000
29.000000
29.000000
29.000000
29.000000
29.000000
29.000000
30.000000
30.000000
30.000000
30.000000
30.000000
33.000000
33.000000
33.000000
33.000000
34.000000
34.000000
34.000000
34.000000
34.000000
34.000000
35.000000
36.000000
36.000000
36.000000
37.000000
37.000000
37.000000
38.000000
38.000000
39.000000
40.000000
40.000000
42.000000
42.000000
43.000000
43.000000
43.000000
43.000000
44.000000
44.000000
44.000000
44.000000
45.000000
46.000000
47.000000
47.000000
47.000000
48.000000
48.000000
50.000000
51.000000
52.000000
52.000000
53.000000
53.000000
54.000000
54.000000
54.000000
55.000000
55.000000
57.000000
57.000000
60.000000
60.000000
61.000000
62.000000
63.000000
68.000000
68.000000
69.000000
69.000000
69.000000
72.000000
75.000000
76.000000
78.000000
78.000000
81.000000
83.000000
84.000000
86.000000
88.000000
89.000000
93.000000
95.000000
97.000000
99.000000
100.000000
101.000000
102.000000
107.000000
110.000000
112.000000
119.000000
119.000000
124.000000
136.000000
137.000000
138.000000
139.000000
139.000000
143.000000
146.000000
160.000000
165.000000
167.000000
178.000000
180.000000
190.000000
194.000000
211.000000
217.000000
233.000000
237.000000
242.000000
253.000000
264.000000
269.000000
302.000000
332.000000
359.000000
367.000000
397.000000
405.000000
423.000000
431.000000
448.000000
462.000000
465.000000
478.000000
491.000000
502.000000
545.000000
568.000000
597.000000
598.000000
619.000000
626.000000
640.000000
650.000000
657.000000
667.000000
690.000000
725.000000
740.000000
750.000000
763.000000
795.000000
816.000000
830.000000
842.000000
849.000000
855.000000
874.000000
914.000000
927.000000
940.000000
942.000000
957.000000
971.000000
1002.000000
1037.000000
1051.000000
1080.000000
1080.000000
1109.000000
1132.000000
1141.000000
1173.000000
