0.000000
0.000000
0.000000
0.000000
0.000000
0.000000
0.000000
0.000000
0.000000
0.000000
0.000000
0.000000
1.000000
1.000000
1.000000
1.000000
1.000000
1.000000
1.000000
1.000000
1.000000
1.000000
1.000000
1.000000
1.000000
1.000000
1.000000
1.000000
1.000000
1.000000
1.000000
1.000000
1.000000
2.000000
2.000000
2.000000
2.000000
2.000000
2.000000
2.000000
2.000000
2.000000
2.000000
2.000000
2.000000
2.000000
2.000000
2.000000
2.000000
2.000000
2.000000
2.000000
2.000000
2.000000
2.000000
3.000000
3.000000
3.000000
3.000000
3.000000
3.000000
3.000000
3.000000
3.000000
3.000000
3.000000
3.000000
3.000000
3.000000
3.000000
3.000000
3.000000
3.000000
3.000000
3.000000
3.000000
4.000000
4.000000
4.000000
4.000000
4.000000
4.000000
4.000000
4.000000
4.000000
4.000000
4.000000
4.000000
4.000000
4.000000
4.000000
4.000000
4.000000
4.000000
4.000000
4.000000
4.000000
4.000000
4.000000
4.000000
5.000000
5.000000
5.000000
5.000000
5.000000
5.000000
5.000000
5.000000
5.000000
5.000000
5.000000
5.000000
5.000000
5.000000
5.000000
5.000000
5.000000
5.000000
5.000000
5.000000
5.000000
5.000000
5.000000
5.000000
6.000000
6.000000
6.000000
6.000000
6.000000
6.000000
6.000000
6.000000
6.000000
6.000000
6.000000
6.000000
6.000000
6.000000
6.000000
6.000000
6.000000
6.000000
6.000000
6.000000
6.000000
6.000000
6.000000
7.000000
7.000000
7.000000
7.000000
7.000000
7.000000
7.000000
7.000000
7.000000
7.000000
7.000000
7.000000
7.000000
7.000000
7.000000
7.000000
7.000000
8.000000
8.000000
8.000000
8.000000
8.000000
8.000000
8.000000
8.000000
8.000000
8.000000
8.000000
8.000000
8.000000
8.000000
8.000000
8.000000
8.000000
8.000000
8.000000
8.000000
8.000000
8.000000
8.000000
8.000000
8.000000
9.000000
9.000000
9.000000
9.000000
9.000000
9.000000
9.000000
9.000000
9.000000
9.000000
9.000000
9.000000
9.000000
9.000000
9.000000
9.000000
9.000000
9.000000
9.000000
9.000000
9.000000
9.000000
10.000000
10.000000
10.000000
10.000000
10.000000
10.000000
10.000000
10.000000
10.000000
10.000000
10.000000
10.000000
10.000000
10.000000
10.000000
10.000000
10.000000
10.000000
10.000000
10.000000
10.000000
10.000000
11.000000
11.000000
11.000000
11.000000
11.000000
11.000000
11.000000
11.000000
11.000000
11.000000
11.000000
11.000000
11.000000
11.000000
11.000000
11.000000
11.000000
11.000000
11.000000
11.000000
11.000000
12.000000
12.000000
12.000000
12.000000
12.000000
12.000000
12.000000
12.000000
12.000000
12.000000
12.000000
12.000000
12.000000
12.000000
12.000000
13.000000
13.000000
13.000000
13.000000
13.000000
13.000000
13.000000
13.000000
13.000000
13.000000
13.000000
13.000000
13.000000
13.000000
13.000000
13.000000
13.000000
13.000000
14.000000
14.000000
14.000000
14.000000
14.000000
14.000000
14.000000
14.000000
14.000000
14.000000
14.000000
14.000000
15.000000
15.000000
15.000000
15.000000
15.000000
15.000000
15.000000
15.000000
15.000000
15.000000
15.000000
15.000000
15.000000
16.000000
16.000000
16.000000
16.000000
16.000000
16.000000
16.000000
16.000000
16.000000
16.000000
16.000000
16.000000
16.000000
16.000000
17.000000
17.000000
17.000000
17.000000
17.000000
17.000000
17.000000
17.000000
17.000000
17.000000
18.000000
18.000000
18.000000
18.000000
18.000000
18.000000
18.000000
18.000000
18.000000
19.000000
19.000000
19.000000
19.000000
19.000000
19.000000
19.000000
19.000000
20.000000
20.000000
21.000000
21.000000
21.000000
21.000000
21.000000
21.000000
21.000000
21.000000
21.000000
21.000000
22.000000
22.000000
22.000000
22.000000
22.000000
22.000000
23.000000
23.000000
23.000000
23.000000
23.000000
23.000000
24.000000
24.000000
24.000000
24.000000
24.000000
25.000000
25.000000
25.000000
26.000000
26.000000
26.000000
26.000000
26.000000
26.000000
26.000000
27.000000
27.000000
27.000000
27.000000
28.000000
28.000000
28.000000
28.000000
28.000000
29.000000
29.000000
29.000000
29.000000
29.000000
30.000000
30.000000
30.000000
31.000000
31.000000
31.000000
31.000000
32.000000
32.000000
32.000000
32.000000
33.000000
33.000000
33.000000
33.000000
33.000000
33.000000
34.000000
35.000000
35.000000
36.000000
36.000000
36.000000
36.000000
37.000000
37.000000
38.000000
39.000000
39.000000
39.000000
40.000000
40.000000
40.000000
41.000000
41.000000
41.000000
41.000000
41.000000
42.000000
42.000000
42.000000
42.000000
42.000000
43.000000
43.000000
43.000000
43.000000
43.000000
43.000000
44.000000
45.000000
45.000000
45.000000
47.000000
47.000000
48.000000
48.000000
48.000000
49.000000
49.000000
51.000000
52.000000
52.000000
54.000000
55.000000
59.000000
59.000000
61.000000
61.000000
62.000000
62.000000
63.000000
63.000000
65.000000
66.000000
67.000000
68.000000
71.000000
72.000000
73.000000
73.000000
74.000000
74.000000
76.000000
76.000000
77.000000
77.000000
79.000000
81.000000
82.000000
84.000000
85.000000
91.000000
94.000000
94.000000
100.000000
100.000000
101.000000
102.000000
103.000000
103.000000
106.000000
107.000000
109.000000
111.000000
112.000000
117.000000
127.000000
128.000000
129.000000
131.000000
133.000000
138.000000
139.000000
141.000000
142.000000
161.000000
163.000000
168.000000
175.000000
178.000000
202.000000
237.000000
238.000000
253.000000
305.000000
376.000000
411.000000
414.000000
447.000000
465.000000
484.000000
493.000000
583.000000
607.000000
608.000000
635.000000
640.000000
648.000000
663.000000
679.000000
688.000000
701.000000
702.000000
723.000000
742.000000
756.000000
786.000000
795.000000
808.000000
825.000000
851.000000
875.000000
903.000000
923.000000
943.000000
982.000000
1088.000000
1109.000000
1146.000000
1153.000000
1173.000000
