0.000000
0.000000
0.000000
0.000000
0.000000
0.000000
0.000000
0.000000
0.000000
0.000000
0.000000
0.000000
0.000000
0.000000
0.000000
0.000000
1.000000
1.000000
1.000000
1.000000
1.000000
1.000000
1.000000
1.000000
1.000000
1.000000
1.000000
1.000000
1.000000
1.000000
1.000000
1.000000
1.000000
1.000000
1.000000
1.000000
1.000000
1.000000
1.000000
2.000000
2.000000
2.000000
2.000000
2.000000
2.000000
2.000000
2.000000
2.000000
2.000000
2.000000
2.000000
2.000000
2.000000
2.000000
2.000000
2.000000
2.000000
2.000000
2.000000
2.000000
3.000000
3.000000
3.000000
3.000000
3.000000
3.000000
3.000000
3.000000
3.000000
3.000000
3.000000
3.000000
3.000000
3.000000
3.000000
3.000000
3.000000
3.000000
4.000000
4.000000
4.000000
4.000000
4.000000
4.000000
4.000000
4.000000
4.000000
4.000000
4.000000
4.000000
4.000000
4.000000
4.000000
4.000000
4.000000
4.000000
4.000000
4.000000
4.000000
5.000000
5.000000
5.000000
5.000000
5.000000
5.000000
5.000000
5.000000
5.000000
5.000000
5.000000
5.000000
5.000000
5.000000
5.000000
5.000000
5.000000
5.000000
5.000000
5.000000
5.000000
5.000000
6.000000
6.000000
6.000000
6.000000
6.000000
6.000000
6.000000
6.000000
6.000000
6.000000
6.000000
6.000000
6.000000
6.000000
6.000000
6.000000
6.000000
6.000000
6.000000
6.000000
6.000000
6.000000
6.000000
6.000000
6.000000
6.000000
6.000000
7.000000
7.000000
7.000000
7.000000
7.000000
7.000000
7.000000
7.000000
7.000000
7.000000
7.000000
7.000000
7.000000
7.000000
7.000000
7.000000
7.000000
7.000000
7.000000
7.000000
7.000000
7.000000
7.000000
8.000000
8.000000
8.000000
8.000000
8.000000
8.000000
8.000000
8.000000
8.000000
8.000000
8.000000
8.000000
8.000000
9.000000
9.000000
9.000000
9.000000
9.000000
9.000000
9.000000
9.000000
9.000000
9.000000
9.000000
9.000000
9.000000
9.000000
9.000000
9.000000
9.000000
10.000000
10.000000
10.000000
10.000000
10.000000
10.000000
10.000000
10.000000
10.000000
10.000000
10.000000
10.000000
10.000000
10.000000
10.000000
10.000000
10.000000
10.000000
10.000000
11.000000
11.000000
11.000000
11.000000
11.000000
11.000000
11.000000
11.000000
11.000000
11.000000
11.000000
11.000000
11.000000
11.000000
11.000000
11.000000
11.000000
11.000000
11.000000
11.000000
11.000000
11.000000
11.000000
11.000000
11.000000
11.000000
12.000000
12.000000
12.000000
12.000000
12.000000
12.000000
12.000000
12.000000
12.000000
12.000000
12.000000
13.000000
13.000000
13.000000
13.000000
13.000000
13.000000
13.000000
13.000000
13.000000
13.000000
13.000000
13.000000
13.000000
14.000000
14.000000
14.000000
14.000000
14.000000
14.000000
14.000000
14.000000
14.000000
14.000000
14.000000
14.000000
14.000000
15.000000
15.000000
15.000000
15.000000
15.000000
15.000000
15.000000
15.000000
15.000000
15.000000
15.000000
15.000000
16.000000
16.000000
16.000000
16.000000
16.000000
16.000000
16.000000
16.000000
16.000000
16.000000
16.000000
16.000000
16.000000
16.000000
16.000000
16.000000
16.000000
17.000000
17.000000
17.000000
17.000000
17.000000
17.000000
18.000000
18.000000
18.000000
18.000000
18.000000
18.000000
18.000000
18.000000
18.000000
18.000000
18.000000
18.000000
18.000000
19.000000
19.000000
19.000000
19.000000
19.000000
19.000000
20.000000
20.000000
20.000000
20.000000
20.000000
20.000000
20.000000
21.000000
21.000000
21.000000
21.000000
21.000000
21.000000
21.000000
22.000000
22.000000
22.000000
22.000000
22.000000
22.000000
23.000000
23.000000
23.000000
23.000000
23.000000
23.000000
23.000000
23.000000
24.000000
24.000000
24.000000
24.000000
24.000000
24.000000
25.000000
25.000000
25.000000
25.000000
25.000000
25.000000
25.000000
26.000000
26.000000
26.000000
26.000000
26.000000
26.000000
27.000000
27.000000
27.000000
27.000000
28.000000
28.000000
28.000000
28.000000
29.000000
29.000000
30.000000
30.000000
31.000000
31.000000
31.000000
32.000000
32.000000
32.000000
33.000000
33.000000
34.000000
34.000000
35.000000
36.000000
36.000000
36.000000
36.000000
37.000000
38.000000
38.000000
39.000000
39.000000
39.000000
39.000000
39.000000
40.000000
40.000000
41.000000
41.000000
42.000000
42.000000
43.000000
43.000000
43.000000
43.000000
44.000000
44.000000
44.000000
45.000000
46.000000
47.000000
48.000000
48.000000
48.000000
49.000000
49.000000
50.000000
50.000000
51.000000
51.000000
52.000000
53.000000
53.000000
53.000000
54.000000
54.000000
55.000000
55.000000
56.000000
57.000000
58.000000
59.000000
59.000000
61.000000
65.000000
65.000000
65.000000
66.000000
67.000000
68.000000
68.000000
70.000000
73.000000
73.000000
73.000000
77.000000
77.000000
79.000000
80.000000
80.000000
80.000000
82.000000
82.000000
83.000000
83.000000
83.000000
87.000000
88.000000
91.000000
92.000000
95.000000
97.000000
98.000000
98.000000
98.000000
99.000000
99.000000
100.000000
102.000000
105.000000
111.000000
114.000000
120.000000
121.000000
122.000000
124.000000
126.000000
128.000000
132.000000
132.000000
133.000000
139.000000
141.000000
152.000000
157.000000
160.000000
164.000000
180.000000
189.000000
193.000000
222.000000
227.000000
236.000000
260.000000
271.000000
302.000000
331.000000
346.000000
359.000000
403.000000
418.000000
431.000000
443.000000
457.000000
466.000000
512.000000
523.000000
551.000000
563.000000
606.000000
613.000000
623.000000
647.000000
649.000000
667.000000
676.000000
697.000000
720.000000
728.000000
763.000000
782.000000
799.000000
808.000000
825.000000
842.000000
868.000000
876.000000
888.000000
906.000000
934.000000
941.000000
950.000000
971.000000
978.000000
994.000000
1004.000000
1031.000000
1037.000000
1065.000000
1093.000000
1134.000000
1142.000000
1161.000000
1163.000000
