0.000000
0.000000
0.000000
0.000000
0.000000
0.000000
0.000000
0.000000
0.000000
0.000000
0.000000
1.000000
1.000000
1.000000
1.000000
1.000000
1.000000
1.000000
1.000000
1.000000
1.000000
1.000000
1.000000
1.000000
1.000000
1.000000
1.000000
1.000000
1.000000
1.000000
1.000000
1.000000
1.000000
2.000000
2.000000
2.000000
2.000000
2.000000
2.000000
2.000000
2.000000
2.000000
2.000000
2.000000
2.000000
2.000000
2.000000
2.000000
2.000000
2.000000
2.000000
2.000000
2.000000
2.000000
2.000000
2.000000
2.000000
2.000000
2.000000
2.000000
2.000000
3.000000
3.000000
3.000000
3.000000
3.000000
3.000000
3.000000
3.000000
3.000000
3.000000
3.000000
3.000000
3.000000
3.000000
3.000000
3.000000
3.000000
3.000000
3.000000
4.000000
4.000000
4.000000
4.000000
4.000000
4.000000
4.000000
4.000000
4.000000
4.000000
4.000000
4.000000
4.000000
4.000000
4.000000
4.000000
4.000000
4.000000
4.000000
4.000000
4.000000
4.000000
4.000000
4.000000
5.000000
5.000000
5.000000
5.000000
5.000000
5.000000
5.000000
5.000000
5.000000
5.000000
5.000000
5.000000
5.000000
5.000000
5.000000
5.000000
5.000000
5.000000
5.000000
5.000000
5.000000
5.000000
5.000000
5.000000
5.000000
6.000000
6.000000
6.000000
6.000000
6.000000
6.000000
6.000000
6.000000
6.000000
6.000000
6.000000
6.000000
6.000000
6.000000
6.000000
6.000000
7.000000
7.000000
7.000000
7.000000
7.000000
7.000000
7.000000
7.000000
7.000000
7.000000
7.000000
7.000000
7.000000
7.000000
7.000000
7.000000
7.000000
7.000000
7.000000
7.000000
7.000000
7.000000
7.000000
7.000000
7.000000
7.000000
7.000000
8.000000
8.000000
8.000000
8.000000
8.000000
8.000000
8.000000
8.000000
8.000000
8.000000
8.000000
8.000000
8.000000
8.000000
8.000000
8.000000
8.000000
8.000000
8.000000
8.000000
9.000000
9.000000
9.000000
9.000000
9.000000
9.000000
9.000000
9.000000
9.000000
9.000000
9.000000
9.000000
9.000000
9.000000
9.000000
9.000000
9.000000
9.000000
9.000000
9.000000
9.000000
9.000000
10.000000
10.000000
10.000000
10.000000
10.000000
10.000000
10.000000
10.000000
10.000000
10.000000
10.000000
10.000000
10.000000
11.000000
11.000000
11.000000
11.000000
11.000000
11.000000
11.000000
11.000000
11.000000
11.000000
12.000000
12.000000
12.000000
12.000000
12.000000
12.000000
12.000000
12.000000
12.000000
12.000000
12.000000
12.000000
12.000000
12.000000
12.000000
12.000000
12.000000
13.000000
13.000000
13.000000
13.000000
13.000000
13.000000
13.000000
13.000000
13.000000
13.000000
13.000000
13.000000
13.000000
13.000000
13.000000
14.000000
14.000000
14.000000
14.000000
14.000000
14.000000
14.000000
14.000000
14.000000
14.000000
14.000000
14.000000
14.000000
14.000000
15.000000
15.000000
15.000000
15.000000
15.000000
15.000000
16.000000
16.000000
16.000000
16.000000
16.000000
16.000000
16.000000
16.000000
16.000000
16.000000
16.000000
16.000000
16.000000
16.000000
16.000000
16.000000
16.000000
16.000000
16.000000
17.000000
17.000000
17.000000
17.000000
17.000000
17.000000
17.000000
17.000000
17.000000
17.000000
17.000000
17.000000
17.000000
17.000000
18.000000
18.000000
18.000000
18.000000
18.000000
18.000000
19.000000
19.000000
19.000000
19.000000
19.000000
19.000000
19.000000
19.000000
19.000000
19.000000
19.000000
20.000000
20.000000
20.000000
20.000000
20.000000
20.000000
20.000000
20.000000
20.000000
20.000000
20.000000
21.000000
21.000000
21.000000
22.000000
22.000000
22.000000
22.000000
22.000000
22.000000
22.000000
22.000000
22.000000
23.000000
23.000000
23.000000
24.000000
24.000000
24.000000
24.000000
24.000000
24.000000
24.000000
25.000000
25.000000
25.000000
25.000000
25.000000
25.000000
25.000000
26.000000
26.000000
26.000000
26.000000
26.000000
27.000000
27.000000
27.000000
27.000000
28.000000
28.000000
28.000000
28.000000
28.000000
28.000000
29.000000
29.000000
29.000000
30.000000
30.000000
30.000000
31.000000
31.000000
31.000000
31.000000
31.000000
31.000000
32.000000
32.000000
32.000000
32.000000
32.000000
33.000000
33.000000
34.000000
34.000000
35.000000
35.000000
35.000000
36.000000
37.000000
37.000000
37.000000
38.000000
38.000000
38.000000
39.000000
39.000000
39.000000
40.000000
41.000000
42.000000
43.000000
43.000000
43.000000
43.000000
43.000000
45.000000
46.000000
47.000000
47.000000
47.000000
48.000000
50.000000
51.000000
52.000000
52.000000
52.000000
52.000000
53.000000
54.000000
55.000000
56.000000
57.000000
59.000000
59.000000
60.000000
64.000000
64.000000
65.000000
65.000000
67.000000
67.000000
69.000000
69.000000
69.000000
70.000000
73.000000
74.000000
74.000000
77.000000
78.000000
80.000000
80.000000
80.000000
85.000000
85.000000
87.000000
92.000000
95.000000
97.000000
103.000000
103.000000
104.000000
105.000000
105.000000
110.000000
117.000000
117.000000
121.000000
124.000000
128.000000
129.000000
131.000000
133.000000
136.000000
140.000000
143.000000
144.000000
144.000000
149.000000
154.000000
160.000000
160.000000
161.000000
164.000000
168.000000
172.000000
173.000000
193.000000
197.000000
202.000000
213.000000
224.000000
226.000000
231.000000
238.000000
251.000000
254.000000
259.000000
273.000000
287.000000
302.000000
318.000000
331.000000
336.000000
363.000000
381.000000
396.000000
437.000000
472.000000
489.000000
502.000000
570.000000
602.000000
612.000000
629.000000
631.000000
649.000000
671.000000
690.000000
695.000000
720.000000
739.000000
774.000000
774.000000
804.000000
806.000000
821.000000
829.000000
844.000000
847.000000
864.000000
879.000000
897.000000
912.000000
929.000000
945.000000
950.000000
971.000000
1001.000000
1015.000000
1042.000000
1067.000000
1091.000000
1107.000000
1137.000000
1146.000000
1164.000000
