0.000000
0.000000
0.000000
0.000000
0.000000
0.000000
0.000000
0.000000
1.000000
1.000000
1.000000
1.000000
1.000000
1.000000
1.000000
1.000000
1.000000
1.000000
1.000000
1.000000
1.000000
1.000000
1.000000
1.000000
1.000000
2.000000
2.000000
2.000000
2.000000
2.000000
2.000000
2.000000
2.000000
2.000000
2.000000
2.000000
2.000000
2.000000
2.000000
2.000000
2.000000
2.000000
2.000000
2.000000
2.000000
2.000000
2.000000
3.000000
3.000000
3.000000
3.000000
3.000000
3.000000
3.000000
3.000000
3.000000
3.000000
3.000000
3.000000
3.000000
3.000000
3.000000
3.000000
3.000000
3.000000
3.000000
3.000000
4.000000
4.000000
4.000000
4.000000
4.000000
4.000000
4.000000
4.000000
4.000000
4.000000
4.000000
4.000000
4.000000
4.000000
4.000000
4.000000
4.000000
4.000000
4.000000
4.000000
4.000000
4.000000
4.000000
5.000000
5.000000
5.000000
5.000000
5.000000
5.000000
5.000000
5.000000
5.000000
5.000000
5.000000
5.000000
5.000000
5.000000
5.000000
5.000000
5.000000
5.000000
6.000000
6.000000
6.000000
6.000000
6.000000
6.000000
6.000000
6.000000
6.000000
6.000000
6.000000
6.000000
6.000000
6.000000
6.000000
6.000000
6.000000
6.000000
6.000000
6.000000
6.000000
6.000000
6.000000
6.000000
6.000000
6.000000
7.000000
7.000000
7.000000
7.000000
7.000000
7.000000
7.000000
7.000000
7.000000
7.000000
7.000000
7.000000
7.000000
7.000000
8.000000
8.000000
8.000000
8.000000
8.000000
8.000000
8.000000
8.000000
8.000000
8.000000
8.000000
8.000000
8.000000
8.000000
8.000000
8.000000
8.000000
8.000000
8.000000
8.000000
8.000000
8.000000
8.000000
8.000000
9.000000
9.000000
9.000000
9.000000
9.000000
9.000000
9.000000
9.000000
9.000000
9.000000
9.000000
9.000000
9.000000
9.000000
9.000000
9.000000
9.000000
9.000000
9.000000
9.000000
9.000000
9.000000
9.000000
9.000000
9.000000
10.000000
10.000000
10.000000
10.000000
10.000000
10.000000
10.000000
10.000000
10.000000
10.000000
10.000000
10.000000
10.000000
10.000000
10.000000
10.000000
10.000000
10.000000
10.000000
10.000000
10.000000
11.000000
11.000000
11.000000
11.000000
11.000000
11.000000
11.000000
11.000000
11.000000
11.000000
11.000000
11.000000
11.000000
11.000000
11.000000
11.000000
11.000000
11.000000
11.000000
11.000000
11.000000
11.000000
11.000000
11.000000
11.000000
11.000000
11.000000
11.000000
11.000000
11.000000
11.000000
11.000000
11.000000
11.000000
11.000000
12.000000
12.000000
12.000000
12.000000
12.000000
12.000000
12.000000
12.000000
12.000000
12.000000
12.000000
12.000000
12.000000
12.000000
13.000000
13.000000
13.000000
13.000000
13.000000
13.000000
13.000000
13.000000
13.000000
13.000000
13.000000
13.000000
13.000000
13.000000
13.000000
13.000000
13.000000
13.000000
13.000000
13.000000
13.000000
14.000000
14.000000
14.000000
14.000000
14.000000
14.000000
14.000000
14.000000
14.000000
14.000000
15.000000
15.000000
15.000000
15.000000
15.000000
15.000000
15.000000
15.000000
15.000000
16.000000
16.000000
16.000000
16.000000
16.000000
16.000000
16.000000
17.000000
17.000000
17.000000
17.000000
17.000000
17.000000
17.000000
17.000000
17.000000
17.000000
17.000000
17.000000
18.000000
18.000000
18.000000
18.000000
18.000000
18.000000
19.000000
19.000000
19.000000
19.000000
19.000000
19.000000
19.000000
19.000000
20.000000
20.000000
20.000000
20.000000
20.000000
20.000000
20.000000
20.000000
21.000000
21.000000
21.000000
21.000000
21.000000
22.000000
22.000000
22.000000
22.000000
23.000000
23.000000
23.000000
23.000000
23.000000
23.000000
23.000000
23.000000
23.000000
23.000000
23.000000
24.000000
24.000000
24.000000
24.000000
25.000000
25.000000
25.000000
26.000000
26.000000
26.000000
26.000000
26.000000
27.000000
27.000000
27.000000
27.000000
27.000000
28.000000
28.000000
28.000000
28.000000
29.000000
29.000000
30.000000
30.000000
30.000000
30.000000
30.000000
30.000000
30.000000
31.000000
31.000000
32.000000
32.000000
32.000000
32.000000
33.000000
33.000000
34.000000
34.000000
34.000000
34.000000
34.000000
34.000000
35.000000
35.000000
35.000000
35.000000
36.000000
36.000000
36.000000
37.000000
38.000000
38.000000
39.000000
40.000000
41.000000
43.000000
43.000000
43.000000
43.000000
44.000000
45.000000
46.000000
46.000000
47.000000
47.000000
47.000000
48.000000
49.000000
49.000000
49.000000
49.000000
49.000000
50.000000
50.000000
52.000000
52.000000
53.000000
53.000000
54.000000
54.000000
54.000000
56.000000
57.000000
59.000000
60.000000
61.000000
63.000000
64.000000
64.000000
64.000000
64.000000
66.000000
67.000000
68.000000
68.000000
68.000000
69.000000
70.000000
71.000000
71.000000
72.000000
72.000000
73.000000
74.000000
74.000000
76.000000
76.000000
79.000000
81.000000
87.000000
88.000000
93.000000
94.000000
94.000000
95.000000
96.000000
97.000000
98.000000
99.000000
99.000000
100.000000
103.000000
107.000000
109.000000
109.000000
117.000000
118.000000
123.000000
123.000000
124.000000
125.000000
128.000000
130.000000
134.000000
142.000000
148.000000
148.000000
151.000000
151.000000
161.000000
162.000000
165.000000
166.000000
168.000000
173.000000
174.000000
178.000000
181.000000
197.000000
204.000000
207.000000
223.000000
248.000000
253.000000
273.000000
303.000000
340.000000
355.000000
371.000000
392.000000
412.000000
453.000000
488.000000
525.000000
574.000000
607.000000
613.000000
633.000000
672.000000
688.000000
710.000000
738.000000
742.000000
771.000000
771.000000
787.000000
816.000000
840.000000
844.000000
865.000000
880.000000
908.000000
910.000000
939.000000
944.000000
967.000000
970.000000
987.000000
1000.000000
1009.000000
1021.000000
1043.000000
1043.000000
1098.000000
1132.000000
1141.000000
1147.000000
1160.000000
