0.000000
0.000000
0.000000
0.000000
0.000000
0.000000
0.000000
0.000000
0.000000
0.000000
0.000000
0.000000
0.000000
0.000000
1.000000
1.000000
1.000000
1.000000
1.000000
1.000000
1.000000
1.000000
1.000000
1.000000
1.000000
1.000000
1.000000
1.000000
1.000000
1.000000
2.000000
2.000000
2.000000
2.000000
2.000000
2.000000
2.000000
2.000000
2.000000
2.000000
2.000000
2.000000
2.000000
2.000000
2.000000
2.000000
2.000000
2.000000
2.000000
2.000000
2.000000
2.000000
2.000000
2.000000
3.000000
3.000000
3.000000
3.000000
3.000000
3.000000
3.000000
3.000000
3.000000
3.000000
3.000000
3.000000
3.000000
3.000000
3.000000
3.000000
4.000000
4.000000
4.000000
4.000000
4.000000
4.000000
4.000000
4.000000
4.000000
4.000000
4.000000
4.000000
4.000000
4.000000
4.000000
4.000000
4.000000
4.000000
4.000000
4.000000
4.000000
4.000000
4.000000
4.000000
5.000000
5.000000
5.000000
5.000000
5.000000
5.000000
5.000000
5.000000
5.000000
5.000000
5.000000
5.000000
5.000000
5.000000
5.000000
5.000000
5.000000
5.000000
5.000000
5.000000
5.000000
6.000000
6.000000
6.000000
6.000000
6.000000
6.000000
6.000000
6.000000
6.000000
6.000000
6.000000
6.000000
6.000000
6.000000
6.000000
6.000000
6.000000
6.000000
6.000000
6.000000
6.000000
6.000000
6.000000
6.000000
6.000000
6.000000
6.000000
6.000000
6.000000
7.000000
7.000000
7.000000
7.000000
7.000000
7.000000
7.000000
7.000000
7.000000
7.000000
7.000000
7.000000
7.000000
7.000000
7.000000
7.000000
7.000000
7.000000
7.000000
7.000000
7.000000
7.000000
7.000000
8.000000
8.000000
8.000000
8.000000
8.000000
8.000000
8.000000
8.000000
8.000000
8.000000
8.000000
8.000000
8.000000
8.000000
8.000000
8.000000
8.000000
8.000000
9.000000
9.000000
9.000000
9.000000
9.000000
9.000000
9.000000
9.000000
9.000000
9.000000
9.000000
9.000000
9.000000
9.000000
9.000000
9.000000
9.000000
10.000000
10.000000
10.000000
10.000000
10.000000
10.000000
10.000000
10.000000
10.000000
10.000000
10.000000
10.000000
10.000000
10.000000
10.000000
10.000000
10.000000
10.000000
10.000000
10.000000
10.000000
10.000000
10.000000
11.000000
11.000000
11.000000
11.000000
11.000000
11.000000
11.000000
11.000000
11.000000
11.000000
11.000000
11.000000
11.000000
11.000000
11.000000
11.000000
11.000000
11.000000
11.000000
11.000000
11.000000
11.000000
12.000000
12.000000
12.000000
12.000000
12.000000
12.000000
12.000000
12.000000
12.000000
12.000000
12.000000
13.000000
13.000000
13.000000
13.000000
13.000000
13.000000
13.000000
13.000000
13.000000
13.000000
13.000000
13.000000
13.000000
13.000000
13.000000
14.000000
14.000000
14.000000
14.000000
14.000000
14.000000
14.000000
14.000000
14.000000
14.000000
14.000000
14.000000
14.000000
14.000000
14.000000
14.000000
14.000000
14.000000
14.000000
14.000000
14.000000
15.000000
15.000000
15.000000
15.000000
15.000000
15.000000
15.000000
15.000000
15.000000
15.000000
15.000000
15.000000
16.000000
16.000000
16.000000
16.000000
16.000000
16.000000
16.000000
16.000000
16.000000
16.000000
16.000000
16.000000
16.000000
16.000000
16.000000
16.000000
17.000000
17.000000
17.000000
17.000000
17.000000
17.000000
17.000000
17.000000
17.000000
17.000000
17.000000
17.000000
17.000000
17.000000
17.000000
17.000000
18.000000
18.000000
18.000000
18.000000
18.000000
18.000000
18.000000
18.000000
18.000000
18.000000
19.000000
19.000000
19.000000
19.000000
19.000000
19.000000
19.000000
20.000000
20.000000
20.000000
20.000000
20.000000
20.000000
21.000000
21.000000
21.000000
21.000000
21.000000
21.000000
21.000000
21.000000
21.000000
21.000000
22.000000
22.000000
22.000000
22.000000
22.000000
23.000000
23.000000
23.000000
23.000000
23.000000
23.000000
23.000000
23.000000
24.000000
24.000000
25.000000
25.000000
25.000000
25.000000
25.000000
26.000000
26.000000
26.000000
27.000000
28.000000
28.000000
29.000000
29.000000
30.000000
30.000000
30.000000
30.000000
31.000000
31.000000
32.000000
32.000000
32.000000
33.000000
33.000000
33.000000
33.000000
33.000000
33.000000
34.000000
34.000000
35.000000
35.000000
36.000000
36.000000
36.000000
36.000000
36.000000
37.000000
37.000000
38.000000
38.000000
38.000000
38.000000
39.000000
39.000000
40.000000
40.000000
41.000000
41.000000
41.000000
42.000000
43.000000
43.000000
43.000000
43.000000
43.000000
44.000000
44.000000
45.000000
45.000000
45.000000
46.000000
46.000000
48.000000
48.000000
48.000000
49.000000
49.000000
50.000000
50.000000
50.000000
50.000000
51.000000
52.000000
53.000000
53.000000
54.000000
54.000000
54.000000
55.000000
59.000000
59.000000
60.000000
61.000000
65.000000
66.000000
68.000000
68.000000
74.000000
74.000000
76.000000
76.000000
77.000000
79.000000
80.000000
85.000000
89.000000
92.000000
93.000000
93.000000
95.000000
96.000000
97.000000
100.000000
107.000000
114.000000
115.000000
116.000000
118.000000
123.000000
125.000000
131.000000
131.000000
132.000000
132.000000
133.000000
133.000000
137.000000
137.000000
150.000000
157.000000
160.000000
161.000000
161.000000
165.000000
182.000000
183.000000
210.000000
227.000000
246.000000
247.000000
250.000000
262.000000
292.000000
293.000000
315.000000
325.000000
341.000000
352.000000
359.000000
375.000000
380.000000
395.000000
410.000000
430.000000
434.000000
462.000000
487.000000
539.000000
559.000000
566.000000
579.000000
607.000000
610.000000
637.000000
638.000000
693.000000
720.000000
731.000000
741.000000
767.000000
777.000000
803.000000
812.000000
831.000000
839.000000
858.000000
868.000000
877.000000
906.000000
915.000000
969.000000
995.000000
1019.000000
1051.000000
1060.000000
1083.000000
1093.000000
1126.000000
1130.000000
1155.000000
1156.000000
