0.000000
0.000000
0.000000
0.000000
0.000000
0.000000
0.000000
0.000000
0.000000
0.000000
1.000000
1.000000
1.000000
1.000000
1.000000
1.000000
1.000000
1.000000
1.000000
1.000000
1.000000
1.000000
1.000000
1.000000
1.000000
1.000000
1.000000
1.000000
1.000000
1.000000
1.000000
2.000000
2.000000
2.000000
2.000000
2.000000
2.000000
2.000000
2.000000
2.000000
2.000000
2.000000
2.000000
2.000000
2.000000
2.000000
2.000000
2.000000
2.000000
2.000000
2.000000
2.000000
2.000000
2.000000
3.000000
3.000000
3.000000
3.000000
3.000000
3.000000
3.000000
3.000000
3.000000
3.000000
3.000000
3.000000
3.000000
3.000000
3.000000
3.000000
3.000000
3.000000
3.000000
3.000000
3.000000
3.000000
3.000000
3.000000
3.000000
3.000000
4.000000
4.000000
4.000000
4.000000
4.000000
4.000000
4.000000
4.000000
4.000000
4.000000
4.000000
4.000000
4.000000
4.000000
4.000000
4.000000
4.000000
4.000000
4.000000
4.000000
4.000000
4.000000
4.000000
5.000000
5.000000
5.000000
5.000000
5.000000
5.000000
5.000000
5.000000
5.000000
5.000000
5.000000
5.000000
5.000000
5.000000
5.000000
5.000000
5.000000
6.000000
6.000000
6.000000
6.000000
6.000000
6.000000
6.000000
6.000000
6.000000
6.000000
6.000000
6.000000
6.000000
6.000000
6.000000
6.000000
6.000000
6.000000
6.000000
6.000000
6.000000
6.000000
6.000000
6.000000
6.000000
6.000000
6.000000
6.000000
6.000000
6.000000
6.000000
7.000000
7.000000
7.000000
7.000000
7.000000
7.000000
7.000000
7.000000
7.000000
7.000000
7.000000
7.000000
7.000000
7.000000
7.000000
7.000000
7.000000
7.000000
7.000000
7.000000
7.000000
7.000000
7.000000
7.000000
7.000000
8.000000
8.000000
8.000000
8.000000
8.000000
8.000000
8.000000
8.000000
8.000000
8.000000
8.000000
8.000000
8.000000
8.000000
8.000000
8.000000
8.000000
8.000000
8.000000
8.000000
9.000000
9.000000
9.000000
9.000000
9.000000
9.000000
9.000000
9.000000
9.000000
9.000000
9.000000
9.000000
9.000000
9.000000
9.000000
9.000000
9.000000
9.000000
9.000000
9.000000
9.000000
9.000000
9.000000
10.000000
10.000000
10.000000
10.000000
10.000000
10.000000
10.000000
10.000000
10.000000
10.000000
10.000000
10.000000
10.000000
10.000000
10.000000
10.000000
11.000000
11.000000
11.000000
11.000000
11.000000
11.000000
11.000000
11.000000
11.000000
11.000000
11.000000
11.000000
11.000000
11.000000
11.000000
11.000000
12.000000
12.000000
12.000000
12.000000
12.000000
12.000000
12.000000
12.000000
12.000000
12.000000
12.000000
12.000000
12.000000
12.000000
12.000000
12.000000
12.000000
12.000000
12.000000
12.000000
12.000000
12.000000
12.000000
12.000000
13.000000
13.000000
13.000000
13.000000
13.000000
13.000000
13.000000
13.000000
13.000000
13.000000
13.000000
13.000000
14.000000
14.000000
14.000000
14.000000
14.000000
14.000000
14.000000
14.000000
14.000000
14.000000
14.000000
14.000000
14.000000
14.000000
14.000000
14.000000
15.000000
15.000000
15.000000
15.000000
15.000000
15.000000
15.000000
15.000000
15.000000
15.000000
15.000000
15.000000
15.000000
15.000000
16.000000
16.000000
16.000000
16.000000
16.000000
16.000000
16.000000
16.000000
16.000000
16.000000
16.000000
16.000000
17.000000
17.000000
17.000000
17.000000
17.000000
17.000000
17.000000
17.000000
18.000000
18.000000
18.000000
18.000000
18.000000
18.000000
18.000000
18.000000
18.000000
18.000000
19.000000
19.000000
19.000000
19.000000
19.000000
19.000000
19.000000
19.000000
19.000000
19.000000
19.000000
20.000000
20.000000
20.000000
20.000000
20.000000
20.000000
20.000000
20.000000
20.000000
21.000000
21.000000
21.000000
21.000000
21.000000
21.000000
21.000000
22.000000
22.000000
22.000000
22.000000
22.000000
22.000000
23.000000
23.000000
23.000000
23.000000
24.000000
24.000000
24.000000
25.000000
25.000000
25.000000
25.000000
25.000000
26.000000
26.000000
27.000000
27.000000
27.000000
27.000000
27.000000
28.000000
28.000000
28.000000
29.000000
29.000000
29.000000
29.000000
29.000000
29.000000
30.000000
30.000000
30.000000
30.000000
30.000000
31.000000
31.000000
31.000000
31.000000
32.000000
32.000000
33.000000
33.000000
33.000000
34.000000
34.000000
35.000000
36.000000
36.000000
36.000000
36.000000
37.000000
37.000000
37.000000
37.000000
38.000000
39.000000
39.000000
39.000000
40.000000
40.000000
40.000000
40.000000
41.000000
41.000000
41.000000
41.000000
41.000000
43.000000
43.000000
43.000000
43.000000
44.000000
44.000000
45.000000
46.000000
46.000000
47.000000
48.000000
49.000000
50.000000
51.000000
51.000000
51.000000
52.000000
52.000000
53.000000
56.000000
57.000000
59.000000
62.000000
62.000000
62.000000
63.000000
63.000000
65.000000
65.000000
65.000000
65.000000
66.000000
66.000000
69.000000
69.000000
72.000000
72.000000
73.000000
74.000000
77.000000
78.000000
80.000000
82.000000
83.000000
84.000000
90.000000
93.000000
95.000000
95.000000
97.000000
99.000000
100.000000
101.000000
101.000000
103.000000
105.000000
118.000000
122.000000
122.000000
123.000000
126.000000
127.000000
129.000000
130.000000
134.000000
135.000000
140.000000
141.000000
144.000000
149.000000
153.000000
158.000000
159.000000
160.000000
164.000000
166.000000
172.000000
174.000000
183.000000
188.000000
190.000000
192.000000
202.000000
221.000000
228.000000
238.000000
254.000000
255.000000
258.000000
278.000000
283.000000
296.000000
315.000000
335.000000
341.000000
352.000000
364.000000
366.000000
387.000000
392.000000
419.000000
429.000000
438.000000
464.000000
480.000000
503.000000
519.000000
559.000000
582.000000
587.000000
602.000000
702.000000
724.000000
837.000000
870.000000
908.000000
945.000000
1000.000000
1014.000000
1038.000000
1077.000000
1171.000000
