0.000000
0.000000
0.000000
0.000000
0.000000
0.000000
0.000000
0.000000
0.000000
0.000000
0.000000
1.000000
1.000000
1.000000
1.000000
1.000000
1.000000
1.000000
1.000000
1.000000
1.000000
1.000000
1.000000
1.000000
1.000000
1.000000
1.000000
2.000000
2.000000
2.000000
2.000000
2.000000
2.000000
2.000000
2.000000
2.000000
2.000000
2.000000
2.000000
2.000000
2.000000
2.000000
2.000000
2.000000
3.000000
3.000000
3.000000
3.000000
3.000000
3.000000
3.000000
3.000000
3.000000
3.000000
3.000000
3.000000
3.000000
3.000000
3.000000
3.000000
3.000000
3.000000
3.000000
4.000000
4.000000
4.000000
4.000000
4.000000
4.000000
4.000000
4.000000
4.000000
4.000000
4.000000
4.000000
4.000000
4.000000
4.000000
4.000000
4.000000
4.000000
4.000000
4.000000
4.000000
4.000000
4.000000
4.000000
5.000000
5.000000
5.000000
5.000000
5.000000
5.000000
5.000000
5.000000
5.000000
5.000000
5.000000
5.000000
5.000000
5.000000
5.000000
5.000000
5.000000
5.000000
5.000000
5.000000
5.000000
5.000000
5.000000
5.000000
5.000000
5.000000
5.000000
5.000000
5.000000
5.000000
6.000000
6.000000
6.000000
6.000000
6.000000
6.000000
6.000000
6.000000
6.000000
6.000000
6.000000
6.000000
6.000000
6.000000
6.000000
6.000000
6.000000
6.000000
6.000000
6.000000
6.000000
6.000000
6.000000
6.000000
6.000000
6.000000
6.000000
6.000000
6.000000
7.000000
7.000000
7.000000
7.000000
7.000000
7.000000
7.000000
7.000000
7.000000
7.000000
7.000000
7.000000
7.000000
7.000000
7.000000
7.000000
7.000000
7.000000
8.000000
8.000000
8.000000
8.000000
8.000000
8.000000
8.000000
8.000000
8.000000
8.000000
8.000000
8.000000
8.000000
8.000000
8.000000
8.000000
9.000000
9.000000
9.000000
9.000000
9.000000
9.000000
9.000000
9.000000
9.000000
9.000000
9.000000
9.000000
9.000000
9.000000
9.000000
9.000000
9.000000
10.000000
10.000000
10.000000
10.000000
10.000000
10.000000
10.000000
10.000000
10.000000
10.000000
10.000000
10.000000
10.000000
10.000000
10.000000
10.000000
10.000000
11.000000
11.000000
11.000000
11.000000
11.000000
11.000000
11.000000
11.000000
11.000000
11.000000
11.000000
11.000000
11.000000
11.000000
11.000000
11.000000
11.000000
11.000000
11.000000
12.000000
12.000000
12.000000
12.000000
12.000000
12.000000
12.000000
12.000000
12.000000
12.000000
12.000000
12.000000
12.000000
12.000000
12.000000
12.000000
12.000000
12.000000
12.000000
12.000000
13.000000
13.000000
13.000000
13.000000
13.000000
13.000000
13.000000
13.000000
13.000000
13.000000
13.000000
13.000000
13.000000
13.000000
13.000000
13.000000
13.000000
13.000000
14.000000
14.000000
14.000000
14.000000
14.000000
14.000000
14.000000
14.000000
14.000000
14.000000
14.000000
14.000000
14.000000
14.000000
14.000000
14.000000
14.000000
14.000000
14.000000
15.000000
15.000000
15.000000
15.000000
15.000000
16.000000
16.000000
16.000000
16.000000
16.000000
16.000000
16.000000
16.000000
16.000000
16.000000
16.000000
16.000000
16.000000
16.000000
16.000000
17.000000
17.000000
17.000000
17.000000
17.000000
17.000000
17.000000
17.000000
17.000000
17.000000
18.000000
18.000000
18.000000
18.000000
18.000000
18.000000
18.000000
18.000000
18.000000
18.000000
18.000000
19.000000
19.000000
19.000000
19.000000
19.000000
19.000000
19.000000
19.000000
19.000000
19.000000
20.000000
20.000000
20.000000
20.000000
20.000000
20.000000
20.000000
20.000000
21.000000
21.000000
21.000000
21.000000
22.000000
22.000000
22.000000
22.000000
22.000000
22.000000
22.000000
22.000000
22.000000
22.000000
23.000000
23.000000
23.000000
23.000000
23.000000
24.000000
24.000000
24.000000
24.000000
24.000000
24.000000
24.000000
24.000000
26.000000
26.000000
26.000000
26.000000
27.000000
28.000000
28.000000
28.000000
28.000000
29.000000
29.000000
29.000000
30.000000
30.000000
30.000000
30.000000
30.000000
31.000000
31.000000
32.000000
33.000000
33.000000
33.000000
34.000000
34.000000
34.000000
34.000000
35.000000
35.000000
36.000000
36.000000
36.000000
36.000000
37.000000
37.000000
37.000000
38.000000
38.000000
38.000000
39.000000
39.000000
40.000000
41.000000
41.000000
41.000000
41.000000
42.000000
42.000000
42.000000
43.000000
44.000000
45.000000
46.000000
47.000000
48.000000
48.000000
48.000000
49.000000
49.000000
49.000000
50.000000
51.000000
52.000000
53.000000
54.000000
55.000000
56.000000
56.000000
56.000000
57.000000
58.000000
59.000000
59.000000
60.000000
62.000000
63.000000
64.000000
64.000000
64.000000
65.000000
65.000000
67.000000
67.000000
67.000000
68.000000
72.000000
72.000000
72.000000
72.000000
74.000000
75.000000
76.000000
79.000000
79.000000
79.000000
82.000000
82.000000
83.000000
84.000000
89.000000
89.000000
90.000000
91.000000
94.000000
98.000000
98.000000
102.000000
103.000000
105.000000
106.000000
115.000000
118.000000
121.000000
121.000000
123.000000
128.000000
129.000000
132.000000
134.000000
136.000000
143.000000
143.000000
146.000000
149.000000
151.000000
159.000000
164.000000
165.000000
171.000000
171.000000
172.000000
178.000000
180.000000
190.000000
193.000000
213.000000
226.000000
231.000000
233.000000
252.000000
258.000000
261.000000
275.000000
292.000000
305.000000
316.000000
327.000000
357.000000
389.000000
409.000000
411.000000
428.000000
452.000000
487.000000
495.000000
518.000000
544.000000
564.000000
605.000000
622.000000
633.000000
640.000000
662.000000
671.000000
686.000000
710.000000
714.000000
741.000000
755.000000
786.000000
792.000000
831.000000
835.000000
856.000000
861.000000
868.000000
883.000000
898.000000
910.000000
933.000000
947.000000
965.000000
988.000000
1002.000000
1013.000000
1046.000000
1071.000000
1112.000000
1122.000000
1136.000000
1156.000000
1165.000000
