0.000000
0.000000
0.000000
0.000000
0.000000
0.000000
0.000000
0.000000
0.000000
0.000000
0.000000
1.000000
1.000000
1.000000
1.000000
1.000000
1.000000
1.000000
1.000000
1.000000
1.000000
1.000000
1.000000
1.000000
1.000000
1.000000
1.000000
1.000000
1.000000
1.000000
1.000000
1.000000
1.000000
1.000000
1.000000
2.000000
2.000000
2.000000
2.000000
2.000000
2.000000
2.000000
2.000000
2.000000
2.000000
2.000000
2.000000
2.000000
2.000000
2.000000
2.000000
2.000000
2.000000
2.000000
2.000000
2.000000
2.000000
2.000000
2.000000
2.000000
2.000000
2.000000
2.000000
2.000000
3.000000
3.000000
3.000000
3.000000
3.000000
3.000000
3.000000
3.000000
3.000000
3.000000
3.000000
3.000000
3.000000
3.000000
3.000000
3.000000
4.000000
4.000000
4.000000
4.000000
4.000000
4.000000
4.000000
4.000000
4.000000
4.000000
4.000000
4.000000
4.000000
4.000000
4.000000
4.000000
4.000000
4.000000
4.000000
4.000000
4.000000
4.000000
4.000000
4.000000
4.000000
4.000000
4.000000
4.000000
4.000000
5.000000
5.000000
5.000000
5.000000
5.000000
5.000000
5.000000
5.000000
5.000000
5.000000
5.000000
5.000000
5.000000
5.000000
5.000000
5.000000
5.000000
5.000000
5.000000
5.000000
5.000000
5.000000
5.000000
5.000000
6.000000
6.000000
6.000000
6.000000
6.000000
6.000000
6.000000
6.000000
6.000000
6.000000
6.000000
6.000000
6.000000
6.000000
6.000000
6.000000
7.000000
7.000000
7.000000
7.000000
7.000000
7.000000
7.000000
7.000000
7.000000
7.000000
7.000000
7.000000
7.000000
7.000000
7.000000
7.000000
7.000000
7.000000
7.000000
7.000000
7.000000
7.000000
8.000000
8.000000
8.000000
8.000000
8.000000
8.000000
8.000000
8.000000
8.000000
8.000000
8.000000
8.000000
8.000000
8.000000
8.000000
8.000000
8.000000
8.000000
9.000000
9.000000
9.000000
9.000000
9.000000
9.000000
9.000000
9.000000
9.000000
9.000000
9.000000
9.000000
9.000000
9.000000
9.000000
9.000000
10.000000
10.000000
10.000000
10.000000
10.000000
10.000000
10.000000
10.000000
10.000000
10.000000
10.000000
10.000000
10.000000
10.000000
10.000000
10.000000
10.000000
10.000000
10.000000
10.000000
10.000000
11.000000
11.000000
11.000000
11.000000
11.000000
11.000000
11.000000
11.000000
11.000000
11.000000
11.000000
11.000000
11.000000
11.000000
11.000000
11.000000
11.000000
11.000000
11.000000
11.000000
11.000000
11.000000
11.000000
12.000000
12.000000
12.000000
12.000000
12.000000
12.000000
12.000000
12.000000
12.000000
12.000000
12.000000
12.000000
13.000000
13.000000
13.000000
13.000000
13.000000
13.000000
13.000000
13.000000
13.000000
13.000000
13.000000
13.000000
13.000000
13.000000
13.000000
14.000000
14.000000
14.000000
14.000000
14.000000
14.000000
14.000000
14.000000
14.000000
14.000000
14.000000
14.000000
14.000000
14.000000
14.000000
14.000000
14.000000
14.000000
14.000000
14.000000
14.000000
14.000000
14.000000
14.000000
15.000000
15.000000
15.000000
15.000000
15.000000
15.000000
15.000000
15.000000
15.000000
15.000000
15.000000
15.000000
15.000000
16.000000
16.000000
16.000000
16.000000
16.000000
16.000000
16.000000
16.000000
16.000000
16.000000
17.000000
17.000000
17.000000
17.000000
17.000000
17.000000
17.000000
18.000000
18.000000
18.000000
18.000000
18.000000
18.000000
18.000000
18.000000
19.000000
19.000000
19.000000
19.000000
19.000000
19.000000
19.000000
19.000000
19.000000
19.000000
19.000000
19.000000
19.000000
19.000000
19.000000
20.000000
20.000000
20.000000
20.000000
20.000000
20.000000
20.000000
20.000000
21.000000
21.000000
21.000000
21.000000
21.000000
22.000000
22.000000
22.000000
22.000000
22.000000
23.000000
23.000000
23.000000
23.000000
23.000000
23.000000
23.000000
23.000000
23.000000
23.000000
24.000000
24.000000
24.000000
24.000000
25.000000
25.000000
25.000000
26.000000
26.000000
26.000000
26.000000
26.000000
26.000000
27.000000
28.000000
28.000000
28.000000
28.000000
28.000000
28.000000
28.000000
28.000000
30.000000
30.000000
30.000000
30.000000
31.000000
31.000000
31.000000
32.000000
32.000000
33.000000
34.000000
34.000000
34.000000
35.000000
35.000000
35.000000
35.000000
36.000000
36.000000
36.000000
37.000000
37.000000
38.000000
38.000000
38.000000
39.000000
39.000000
39.000000
40.000000
40.000000
40.000000
40.000000
40.000000
40.000000
41.000000
42.000000
42.000000
42.000000
43.000000
43.000000
43.000000
44.000000
44.000000
46.000000
46.000000
47.000000
48.000000
49.000000
49.000000
51.000000
52.000000
52.000000
52.000000
53.000000
53.000000
53.000000
55.000000
58.000000
60.000000
61.000000
61.000000
61.000000
64.000000
64.000000
66.000000
67.000000
67.000000
68.000000
70.000000
72.000000
73.000000
74.000000
75.000000
75.000000
77.000000
77.000000
79.000000
82.000000
85.000000
87.000000
88.000000
89.000000
90.000000
91.000000
98.000000
100.000000
101.000000
110.000000
118.000000
120.000000
120.000000
122.000000
126.000000
126.000000
128.000000
139.000000
149.000000
149.000000
156.000000
157.000000
166.000000
170.000000
173.000000
181.000000
182.000000
196.000000
211.000000
213.000000
220.000000
228.000000
235.000000
242.000000
276.000000
280.000000
301.000000
320.000000
334.000000
338.000000
354.000000
359.000000
377.000000
382.000000
400.000000
413.000000
434.000000
437.000000
473.000000
479.000000
491.000000
493.000000
514.000000
516.000000
561.000000
562.000000
606.000000
608.000000
633.000000
645.000000
679.000000
685.000000
700.000000
707.000000
725.000000
739.000000
742.000000
764.000000
783.000000
803.000000
815.000000
852.000000
900.000000
925.000000
938.000000
944.000000
1010.000000
1031.000000
1034.000000
1055.000000
1064.000000
1086.000000
1116.000000
1121.000000
1151.000000
1157.000000
1171.000000
