0.000000
0.000000
0.000000
0.000000
0.000000
0.000000
0.000000
0.000000
0.000000
0.000000
0.000000
0.000000
1.000000
1.000000
1.000000
1.000000
1.000000
1.000000
1.000000
1.000000
1.000000
1.000000
1.000000
1.000000
1.000000
1.000000
1.000000
1.000000
1.000000
1.000000
1.000000
1.000000
1.000000
1.000000
1.000000
1.000000
1.000000
2.000000
2.000000
2.000000
2.000000
2.000000
2.000000
2.000000
2.000000
2.000000
2.000000
2.000000
2.000000
2.000000
2.000000
2.000000
2.000000
2.000000
2.000000
2.000000
2.000000
2.000000
3.000000
3.000000
3.000000
3.000000
3.000000
3.000000
3.000000
3.000000
3.000000
3.000000
3.000000
3.000000
3.000000
3.000000
3.000000
3.000000
3.000000
3.000000
3.000000
3.000000
3.000000
4.000000
4.000000
4.000000
4.000000
4.000000
4.000000
4.000000
4.000000
4.000000
4.000000
4.000000
4.000000
4.000000
4.000000
4.000000
4.000000
4.000000
4.000000
5.000000
5.000000
5.000000
5.000000
5.000000
5.000000
5.000000
5.000000
5.000000
5.000000
5.000000
5.000000
5.000000
5.000000
5.000000
5.000000
5.000000
5.000000
5.000000
5.000000
5.000000
5.000000
5.000000
6.000000
6.000000
6.000000
6.000000
6.000000
6.000000
6.000000
6.000000
6.000000
6.000000
6.000000
6.000000
6.000000
6.000000
6.000000
6.000000
6.000000
6.000000
6.000000
6.000000
6.000000
6.000000
6.000000
7.000000
7.000000
7.000000
7.000000
7.000000
7.000000
7.000000
7.000000
7.000000
7.000000
7.000000
7.000000
7.000000
7.000000
7.000000
7.000000
7.000000
7.000000
7.000000
7.000000
7.000000
8.000000
8.000000
8.000000
8.000000
8.000000
8.000000
8.000000
8.000000
8.000000
8.000000
8.000000
8.000000
8.000000
8.000000
9.000000
9.000000
9.000000
9.000000
9.000000
9.000000
9.000000
9.000000
9.000000
9.000000
9.000000
9.000000
9.000000
9.000000
9.000000
9.000000
9.000000
9.000000
9.000000
9.000000
9.000000
10.000000
10.000000
10.000000
10.000000
10.000000
10.000000
10.000000
10.000000
10.000000
10.000000
10.000000
10.000000
10.000000
10.000000
10.000000
10.000000
10.000000
10.000000
10.000000
10.000000
10.000000
10.000000
10.000000
11.000000
11.000000
11.000000
11.000000
11.000000
11.000000
11.000000
11.000000
11.000000
11.000000
11.000000
11.000000
11.000000
11.000000
11.000000
11.000000
11.000000
11.000000
12.000000
12.000000
12.000000
12.000000
12.000000
12.000000
12.000000
12.000000
12.000000
12.000000
12.000000
12.000000
12.000000
12.000000
13.000000
13.000000
13.000000
13.000000
13.000000
13.000000
13.000000
13.000000
13.000000
13.000000
13.000000
13.000000
13.000000
13.000000
13.000000
13.000000
13.000000
14.000000
14.000000
14.000000
14.000000
14.000000
14.000000
14.000000
14.000000
14.000000
14.000000
14.000000
15.000000
15.000000
15.000000
15.000000
15.000000
15.000000
15.000000
15.000000
15.000000
15.000000
15.000000
15.000000
15.000000
15.000000
15.000000
16.000000
16.000000
16.000000
16.000000
16.000000
16.000000
16.000000
16.000000
16.000000
16.000000
16.000000
17.000000
17.000000
17.000000
17.000000
17.000000
17.000000
17.000000
17.000000
17.000000
17.000000
17.000000
17.000000
17.000000
17.000000
17.000000
17.000000
18.000000
18.000000
18.000000
18.000000
18.000000
19.000000
19.000000
19.000000
19.000000
19.000000
19.000000
19.000000
19.000000
19.000000
19.000000
19.000000
20.000000
20.000000
20.000000
20.000000
20.000000
20.000000
20.000000
20.000000
21.000000
21.000000
21.000000
21.000000
21.000000
21.000000
21.000000
21.000000
22.000000
22.000000
22.000000
22.000000
22.000000
22.000000
22.000000
22.000000
23.000000
23.000000
23.000000
23.000000
23.000000
23.000000
23.000000
23.000000
23.000000
23.000000
24.000000
24.000000
24.000000
25.000000
25.000000
25.000000
26.000000
26.000000
26.000000
26.000000
27.000000
27.000000
27.000000
27.000000
27.000000
28.000000
28.000000
28.000000
28.000000
29.000000
29.000000
29.000000
30.000000
30.000000
30.000000
31.000000
31.000000
31.000000
32.000000
32.000000
32.000000
33.000000
33.000000
33.000000
33.000000
33.000000
34.000000
34.000000
34.000000
34.000000
35.000000
35.000000
35.000000
35.000000
36.000000
36.000000
37.000000
37.000000
38.000000
38.000000
38.000000
39.000000
39.000000
39.000000
40.000000
40.000000
40.000000
40.000000
41.000000
43.000000
43.000000
44.000000
44.000000
44.000000
44.000000
44.000000
45.000000
45.000000
45.000000
46.000000
46.000000
48.000000
49.000000
49.000000
49.000000
49.000000
50.000000
51.000000
52.000000
52.000000
53.000000
54.000000
55.000000
59.000000
60.000000
60.000000
63.000000
63.000000
63.000000
64.000000
65.000000
69.000000
70.000000
70.000000
73.000000
74.000000
74.000000
75.000000
77.000000
80.000000
85.000000
88.000000
91.000000
91.000000
92.000000
95.000000
97.000000
97.000000
97.000000
99.000000
99.000000
100.000000
100.000000
106.000000
109.000000
113.000000
114.000000
120.000000
123.000000
123.000000
126.000000
126.000000
126.000000
127.000000
128.000000
128.000000
135.000000
138.000000
140.000000
142.000000
146.000000
149.000000
150.000000
155.000000
159.000000
162.000000
167.000000
170.000000
171.000000
174.000000
183.000000
191.000000
199.000000
216.000000
229.000000
235.000000
240.000000
242.000000
252.000000
255.000000
278.000000
281.000000
297.000000
318.000000
327.000000
338.000000
379.000000
414.000000
414.000000
451.000000
500.000000
533.000000
559.000000
598.000000
664.000000
687.000000
697.000000
713.000000
742.000000
762.000000
770.000000
784.000000
806.000000
816.000000
836.000000
845.000000
865.000000
896.000000
914.000000
926.000000
939.000000
947.000000
969.000000
982.000000
1018.000000
1024.000000
1041.000000
1061.000000
1067.000000
1083.000000
1086.000000
1117.000000
1126.000000
1141.000000
