0.000000
0.000000
0.000000
0.000000
0.000000
0.000000
0.000000
0.000000
0.000000
0.000000
0.000000
0.000000
0.000000
1.000000
1.000000
1.000000
1.000000
1.000000
1.000000
1.000000
1.000000
1.000000
1.000000
1.000000
1.000000
1.000000
1.000000
1.000000
1.000000
1.000000
1.000000
1.000000
2.000000
2.000000
2.000000
2.000000
2.000000
2.000000
2.000000
2.000000
2.000000
2.000000
2.000000
2.000000
2.000000
2.000000
2.000000
2.000000
2.000000
2.000000
2.000000
2.000000
2.000000
3.000000
3.000000
3.000000
3.000000
3.000000
3.000000
3.000000
3.000000
3.000000
3.000000
3.000000
3.000000
3.000000
3.000000
3.000000
3.000000
3.000000
3.000000
3.000000
3.000000
3.000000
3.000000
4.000000
4.000000
4.000000
4.000000
4.000000
4.000000
4.000000
4.000000
4.000000
4.000000
4.000000
4.000000
4.000000
4.000000
4.000000
4.000000
4.000000
4.000000
4.000000
4.000000
4.000000
4.000000
4.000000
4.000000
4.000000
5.000000
5.000000
5.000000
5.000000
5.000000
5.000000
5.000000
5.000000
5.000000
5.000000
5.000000
5.000000
5.000000
5.000000
5.000000
5.000000
5.000000
5.000000
5.000000
5.000000
5.000000
5.000000
5.000000
5.000000
5.000000
6.000000
6.000000
6.000000
6.000000
6.000000
6.000000
6.000000
6.000000
6.000000
6.000000
6.000000
6.000000
6.000000
6.000000
6.000000
6.000000
6.000000
7.000000
7.000000
7.000000
7.000000
7.000000
7.000000
7.000000
7.000000
7.000000
7.000000
7.000000
7.000000
7.000000
7.000000
7.000000
7.000000
7.000000
7.000000
7.000000
7.000000
7.000000
7.000000
7.000000
7.000000
7.000000
7.000000
7.000000
7.000000
7.000000
8.000000
8.000000
8.000000
8.000000
8.000000
8.000000
8.000000
8.000000
8.000000
8.000000
8.000000
8.000000
8.000000
8.000000
8.000000
8.000000
8.000000
8.000000
8.000000
8.000000
8.000000
8.000000
8.000000
9.000000
9.000000
9.000000
9.000000
9.000000
9.000000
9.000000
9.000000
9.000000
9.000000
9.000000
9.000000
9.000000
9.000000
9.000000
9.000000
9.000000
9.000000
9.000000
9.000000
9.000000
9.000000
9.000000
9.000000
9.000000
9.000000
9.000000
10.000000
10.000000
10.000000
10.000000
10.000000
10.000000
10.000000
10.000000
11.000000
11.000000
11.000000
11.000000
11.000000
11.000000
11.000000
11.000000
11.000000
11.000000
11.000000
11.000000
11.000000
11.000000
11.000000
11.000000
11.000000
11.000000
11.000000
12.000000
12.000000
12.000000
12.000000
12.000000
12.000000
12.000000
12.000000
12.000000
12.000000
12.000000
12.000000
12.000000
12.000000
12.000000
12.000000
13.000000
13.000000
13.000000
13.000000
13.000000
13.000000
13.000000
13.000000
13.000000
13.000000
13.000000
13.000000
13.000000
13.000000
13.000000
13.000000
13.000000
13.000000
13.000000
13.000000
14.000000
14.000000
14.000000
14.000000
14.000000
14.000000
14.000000
14.000000
14.000000
14.000000
14.000000
14.000000
14.000000
14.000000
14.000000
14.000000
14.000000
14.000000
14.000000
14.000000
15.000000
15.000000
15.000000
15.000000
15.000000
15.000000
15.000000
15.000000
15.000000
15.000000
16.000000
16.000000
16.000000
16.000000
16.000000
16.000000
16.000000
16.000000
16.000000
16.000000
16.000000
16.000000
17.000000
17.000000
17.000000
17.000000
17.000000
17.000000
17.000000
17.000000
17.000000
17.000000
17.000000
18.000000
18.000000
18.000000
18.000000
18.000000
18.000000
18.000000
18.000000
18.000000
18.000000
18.000000
18.000000
19.000000
19.000000
19.000000
19.000000
19.000000
19.000000
19.000000
19.000000
19.000000
19.000000
19.000000
20.000000
20.000000
20.000000
20.000000
20.000000
20.000000
21.000000
21.000000
21.000000
21.000000
21.000000
22.000000
22.000000
22.000000
22.000000
22.000000
23.000000
23.000000
23.000000
23.000000
24.000000
24.000000
24.000000
25.000000
25.000000
25.000000
25.000000
26.000000
26.000000
26.000000
26.000000
27.000000
27.000000
28.000000
28.000000
28.000000
29.000000
29.000000
29.000000
29.000000
29.000000
30.000000
30.000000
31.000000
31.000000
32.000000
34.000000
34.000000
34.000000
34.000000
34.000000
34.000000
34.000000
34.000000
34.000000
35.000000
35.000000
35.000000
35.000000
36.000000
37.000000
37.000000
38.000000
38.000000
38.000000
38.000000
39.000000
39.000000
39.000000
39.000000
40.000000
41.000000
42.000000
42.000000
42.000000
42.000000
43.000000
43.000000
44.000000
45.000000
45.000000
46.000000
46.000000
46.000000
46.000000
47.000000
47.000000
48.000000
49.000000
50.000000
52.000000
52.000000
53.000000
54.000000
54.000000
54.000000
55.000000
55.000000
55.000000
55.000000
55.000000
58.000000
59.000000
59.000000
59.000000
60.000000
62.000000
62.000000
63.000000
63.000000
64.000000
65.000000
66.000000
66.000000
67.000000
70.000000
72.000000
74.000000
75.000000
76.000000
82.000000
82.000000
84.000000
87.000000
90.000000
91.000000
91.000000
92.000000
96.000000
97.000000
103.000000
108.000000
119.000000
120.000000
121.000000
121.000000
122.000000
123.000000
126.000000
137.000000
138.000000
140.000000
146.000000
146.000000
149.000000
151.000000
161.000000
162.000000
168.000000
168.000000
175.000000
202.000000
223.000000
227.000000
255.000000
260.000000
285.000000
287.000000
302.000000
308.000000
326.000000
354.000000
363.000000
394.000000
405.000000
412.000000
417.000000
428.000000
442.000000
451.000000
487.000000
487.000000
508.000000
532.000000
547.000000
559.000000
567.000000
588.000000
611.000000
633.000000
636.000000
651.000000
668.000000
682.000000
709.000000
719.000000
729.000000
753.000000
774.000000
778.000000
813.000000
838.000000
864.000000
889.000000
957.000000
974.000000
981.000000
999.000000
1012.000000
1018.000000
1042.000000
1083.000000
1084.000000
1102.000000
1108.000000
1122.000000
1138.000000
1152.000000
