0.000000
0.000000
0.000000
0.000000
0.000000
0.000000
0.000000
0.000000
0.000000
0.000000
0.000000
1.000000
1.000000
1.000000
1.000000
1.000000
1.000000
1.000000
1.000000
1.000000
1.000000
1.000000
1.000000
1.000000
1.000000
1.000000
1.000000
1.000000
1.000000
2.000000
2.000000
2.000000
2.000000
2.000000
2.000000
2.000000
2.000000
2.000000
2.000000
2.000000
2.000000
2.000000
2.000000
2.000000
2.000000
2.000000
2.000000
2.000000
2.000000
2.000000
3.000000
3.000000
3.000000
3.000000
3.000000
3.000000
3.000000
3.000000
3.000000
3.000000
3.000000
3.000000
3.000000
3.000000
3.000000
3.000000
3.000000
4.000000
4.000000
4.000000
4.000000
4.000000
4.000000
4.000000
4.000000
4.000000
4.000000
4.000000
4.000000
4.000000
4.000000
4.000000
4.000000
4.000000
4.000000
4.000000
4.000000
4.000000
4.000000
4.000000
4.000000
4.000000
4.000000
4.000000
4.000000
5.000000
5.000000
5.000000
5.000000
5.000000
5.000000
5.000000
5.000000
5.000000
5.000000
5.000000
5.000000
5.000000
5.000000
5.000000
5.000000
5.000000
5.000000
5.000000
5.000000
5.000000
5.000000
5.000000
5.000000
6.000000
6.000000
6.000000
6.000000
6.000000
6.000000
6.000000
6.000000
6.000000
6.000000
6.000000
6.000000
6.000000
6.000000
6.000000
6.000000
6.000000
7.000000
7.000000
7.000000
7.000000
7.000000
7.000000
7.000000
7.000000
7.000000
7.000000
7.000000
7.000000
7.000000
7.000000
7.000000
7.000000
7.000000
7.000000
7.000000
7.000000
7.000000
7.000000
8.000000
8.000000
8.000000
8.000000
8.000000
8.000000
8.000000
8.000000
8.000000
8.000000
8.000000
8.000000
8.000000
8.000000
8.000000
8.000000
8.000000
8.000000
9.000000
9.000000
9.000000
9.000000
9.000000
9.000000
9.000000
9.000000
9.000000
9.000000
9.000000
9.000000
9.000000
9.000000
9.000000
9.000000
9.000000
9.000000
9.000000
9.000000
9.000000
10.000000
10.000000
10.000000
10.000000
10.000000
10.000000
10.000000
10.000000
10.000000
10.000000
10.000000
10.000000
10.000000
10.000000
10.000000
10.000000
10.000000
10.000000
10.000000
10.000000
10.000000
10.000000
10.000000
10.000000
10.000000
10.000000
10.000000
10.000000
11.000000
11.000000
11.000000
11.000000
11.000000
11.000000
11.000000
11.000000
11.000000
11.000000
11.000000
11.000000
11.000000
11.000000
11.000000
11.000000
11.000000
11.000000
11.000000
11.000000
12.000000
12.000000
12.000000
12.000000
12.000000
12.000000
12.000000
12.000000
12.000000
12.000000
12.000000
12.000000
12.000000
12.000000
12.000000
12.000000
12.000000
12.000000
12.000000
13.000000
13.000000
13.000000
13.000000
13.000000
13.000000
13.000000
13.000000
14.000000
14.000000
14.000000
14.000000
14.000000
14.000000
14.000000
14.000000
14.000000
14.000000
14.000000
14.000000
14.000000
14.000000
15.000000
15.000000
15.000000
15.000000
15.000000
15.000000
15.000000
15.000000
15.000000
15.000000
15.000000
15.000000
15.000000
15.000000
15.000000
16.000000
16.000000
16.000000
16.000000
16.000000
16.000000
16.000000
16.000000
16.000000
16.000000
16.000000
16.000000
16.000000
16.000000
17.000000
17.000000
17.000000
17.000000
17.000000
17.000000
17.000000
17.000000
17.000000
17.000000
17.000000
17.000000
18.000000
18.000000
18.000000
18.000000
18.000000
18.000000
18.000000
18.000000
18.000000
18.000000
19.000000
19.000000
19.000000
19.000000
19.000000
19.000000
19.000000
19.000000
19.000000
20.000000
20.000000
20.000000
20.000000
20.000000
20.000000
21.000000
21.000000
21.000000
21.000000
21.000000
21.000000
21.000000
21.000000
22.000000
22.000000
22.000000
22.000000
22.000000
22.000000
23.000000
23.000000
23.000000
24.000000
24.000000
24.000000
24.000000
24.000000
25.000000
25.000000
25.000000
25.000000
26.000000
26.000000
26.000000
26.000000
26.000000
27.000000
27.000000
27.000000
27.000000
27.000000
28.000000
28.000000
29.000000
29.000000
29.000000
29.000000
30.000000
30.000000
30.000000
30.000000
30.000000
31.000000
31.000000
31.000000
31.000000
31.000000
34.000000
35.000000
35.000000
35.000000
35.000000
36.000000
36.000000
36.000000
36.000000
36.000000
37.000000
37.000000
37.000000
37.000000
37.000000
38.000000
39.000000
39.000000
39.000000
40.000000
41.000000
43.000000
43.000000
44.000000
48.000000
48.000000
48.000000
49.000000
49.000000
50.000000
51.000000
51.000000
54.000000
54.000000
56.000000
56.000000
56.000000
57.000000
57.000000
58.000000
58.000000
60.000000
60.000000
61.000000
61.000000
61.000000
61.000000
62.000000
62.000000
63.000000
64.000000
65.000000
66.000000
67.000000
68.000000
68.000000
69.000000
69.000000
70.000000
71.000000
71.000000
79.000000
80.000000
81.000000
82.000000
82.000000
82.000000
84.000000
86.000000
87.000000
88.000000
88.000000
90.000000
91.000000
92.000000
93.000000
93.000000
94.000000
98.000000
101.000000
109.000000
110.000000
110.000000
113.000000
113.000000
115.000000
119.000000
119.000000
119.000000
128.000000
132.000000
133.000000
133.000000
139.000000
139.000000
141.000000
143.000000
143.000000
144.000000
148.000000
151.000000
152.000000
158.000000
166.000000
173.000000
174.000000
174.000000
182.000000
196.000000
215.000000
220.000000
222.000000
239.000000
257.000000
267.000000
269.000000
296.000000
351.000000
390.000000
390.000000
407.000000
424.000000
453.000000
473.000000
476.000000
498.000000
509.000000
517.000000
540.000000
552.000000
558.000000
584.000000
603.000000
607.000000
622.000000
657.000000
690.000000
694.000000
707.000000
724.000000
728.000000
749.000000
779.000000
792.000000
824.000000
845.000000
853.000000
869.000000
871.000000
885.000000
893.000000
912.000000
924.000000
942.000000
988.000000
996.000000
1026.000000
1043.000000
1069.000000
1083.000000
1086.000000
1110.000000
1119.000000
1167.000000
