0.000000
0.000000
0.000000
0.000000
0.000000
0.000000
0.000000
0.000000
0.000000
0.000000
0.000000
1.000000
1.000000
1.000000
1.000000
1.000000
1.000000
1.000000
1.000000
1.000000
1.000000
1.000000
1.000000
1.000000
1.000000
1.000000
1.000000
1.000000
1.000000
1.000000
1.000000
1.000000
2.000000
2.000000
2.000000
2.000000
2.000000
2.000000
2.000000
2.000000
2.000000
2.000000
2.000000
2.000000
2.000000
2.000000
2.000000
2.000000
2.000000
2.000000
2.000000
2.000000
2.000000
2.000000
2.000000
3.000000
3.000000
3.000000
3.000000
3.000000
3.000000
3.000000
3.000000
3.000000
3.000000
3.000000
3.000000
3.000000
3.000000
3.000000
3.000000
3.000000
3.000000
3.000000
3.000000
3.000000
4.000000
4.000000
4.000000
4.000000
4.000000
4.000000
4.000000
4.000000
4.000000
4.000000
4.000000
4.000000
4.000000
4.000000
4.000000
4.000000
4.000000
4.000000
4.000000
4.000000
4.000000
4.000000
4.000000
5.000000
5.000000
5.000000
5.000000
5.000000
5.000000
5.000000
5.000000
5.000000
5.000000
5.000000
5.000000
5.000000
5.000000
5.000000
5.000000
5.000000
5.000000
5.000000
5.000000
5.000000
5.000000
5.000000
6.000000
6.000000
6.000000
6.000000
6.000000
6.000000
6.000000
6.000000
6.000000
6.000000
6.000000
6.000000
6.000000
6.000000
6.000000
6.000000
7.000000
7.000000
7.000000
7.000000
7.000000
7.000000
7.000000
7.000000
7.000000
7.000000
7.000000
7.000000
7.000000
7.000000
7.000000
7.000000
7.000000
7.000000
7.000000
7.000000
8.000000
8.000000
8.000000
8.000000
8.000000
8.000000
8.000000
8.000000
8.000000
8.000000
8.000000
8.000000
8.000000
8.000000
8.000000
8.000000
8.000000
8.000000
8.000000
8.000000
8.000000
8.000000
8.000000
8.000000
9.000000
9.000000
9.000000
9.000000
9.000000
9.000000
9.000000
9.000000
9.000000
9.000000
9.000000
9.000000
9.000000
9.000000
9.000000
9.000000
9.000000
9.000000
9.000000
9.000000
9.000000
10.000000
10.000000
10.000000
10.000000
10.000000
10.000000
10.000000
10.000000
10.000000
10.000000
10.000000
10.000000
10.000000
10.000000
11.000000
11.000000
11.000000
11.000000
11.000000
11.000000
11.000000
11.000000
11.000000
11.000000
11.000000
11.000000
11.000000
11.000000
11.000000
11.000000
11.000000
11.000000
11.000000
11.000000
11.000000
11.000000
11.000000
12.000000
12.000000
12.000000
12.000000
12.000000
12.000000
12.000000
12.000000
12.000000
12.000000
12.000000
12.000000
12.000000
12.000000
12.000000
12.000000
13.000000
13.000000
13.000000
13.000000
13.000000
13.000000
13.000000
13.000000
13.000000
13.000000
13.000000
13.000000
13.000000
13.000000
13.000000
13.000000
14.000000
14.000000
14.000000
14.000000
14.000000
14.000000
14.000000
14.000000
14.000000
14.000000
14.000000
14.000000
15.000000
15.000000
15.000000
15.000000
15.000000
15.000000
15.000000
15.000000
15.000000
16.000000
16.000000
16.000000
16.000000
16.000000
16.000000
16.000000
16.000000
16.000000
16.000000
16.000000
16.000000
16.000000
16.000000
17.000000
17.000000
17.000000
17.000000
17.000000
17.000000
17.000000
18.000000
18.000000
19.000000
19.000000
19.000000
19.000000
19.000000
19.000000
19.000000
19.000000
19.000000
19.000000
19.000000
20.000000
20.000000
20.000000
20.000000
20.000000
20.000000
20.000000
20.000000
21.000000
21.000000
21.000000
21.000000
21.000000
21.000000
21.000000
21.000000
22.000000
22.000000
22.000000
22.000000
22.000000
22.000000
22.000000
22.000000
23.000000
23.000000
23.000000
23.000000
23.000000
23.000000
23.000000
23.000000
23.000000
24.000000
24.000000
24.000000
24.000000
24.000000
24.000000
24.000000
24.000000
24.000000
25.000000
25.000000
26.000000
26.000000
26.000000
26.000000
26.000000
26.000000
26.000000
27.000000
27.000000
27.000000
27.000000
28.000000
28.000000
29.000000
29.000000
29.000000
29.000000
29.000000
30.000000
30.000000
30.000000
30.000000
31.000000
31.000000
31.000000
31.000000
31.000000
32.000000
32.000000
32.000000
32.000000
32.000000
33.000000
33.000000
33.000000
34.000000
35.000000
35.000000
35.000000
36.000000
36.000000
36.000000
36.000000
37.000000
37.000000
37.000000
38.000000
38.000000
39.000000
40.000000
41.000000
41.000000
42.000000
42.000000
42.000000
43.000000
43.000000
43.000000
44.000000
44.000000
45.000000
45.000000
45.000000
45.000000
45.000000
46.000000
47.000000
47.000000
49.000000
49.000000
50.000000
50.000000
51.000000
51.000000
53.000000
55.000000
55.000000
56.000000
56.000000
58.000000
58.000000
58.000000
59.000000
59.000000
65.000000
65.000000
68.000000
72.000000
72.000000
73.000000
73.000000
73.000000
73.000000
74.000000
75.000000
75.000000
77.000000
77.000000
79.000000
80.000000
81.000000
82.000000
84.000000
85.000000
85.000000
87.000000
98.000000
98.000000
99.000000
99.000000
101.000000
102.000000
102.000000
105.000000
106.000000
110.000000
114.000000
117.000000
120.000000
120.000000
124.000000
125.000000
128.000000
128.000000
130.000000
130.000000
131.000000
134.000000
138.000000
141.000000
145.000000
153.000000
154.000000
154.000000
155.000000
157.000000
159.000000
160.000000
162.000000
163.000000
174.000000
178.000000
188.000000
199.000000
200.000000
205.000000
211.000000
215.000000
222.000000
226.000000
240.000000
244.000000
247.000000
271.000000
290.000000
304.000000
320.000000
338.000000
357.000000
360.000000
380.000000
394.000000
403.000000
411.000000
432.000000
439.000000
475.000000
482.000000
507.000000
537.000000
558.000000
576.000000
590.000000
605.000000
625.000000
637.000000
659.000000
676.000000
725.000000
734.000000
757.000000
796.000000
834.000000
856.000000
907.000000
924.000000
970.000000
996.000000
1007.000000
1072.000000
1093.000000
1094.000000
1117.000000
1142.000000
1143.000000
1161.000000
1169.000000
