0.000000
0.000000
0.000000
0.000000
0.000000
0.000000
0.000000
0.000000
0.000000
0.000000
0.000000
1.000000
1.000000
1.000000
1.000000
1.000000
1.000000
1.000000
1.000000
1.000000
1.000000
1.000000
1.000000
1.000000
1.000000
1.000000
1.000000
1.000000
1.000000
1.000000
1.000000
1.000000
1.000000
2.000000
2.000000
2.000000
2.000000
2.000000
2.000000
2.000000
2.000000
2.000000
2.000000
2.000000
2.000000
2.000000
2.000000
2.000000
2.000000
2.000000
2.000000
2.000000
2.000000
2.000000
3.000000
3.000000
3.000000
3.000000
3.000000
3.000000
3.000000
3.000000
3.000000
3.000000
3.000000
3.000000
3.000000
3.000000
3.000000
3.000000
3.000000
3.000000
3.000000
3.000000
3.000000
3.000000
3.000000
3.000000
4.000000
4.000000
4.000000
4.000000
4.000000
4.000000
4.000000
4.000000
4.000000
4.000000
4.000000
4.000000
4.000000
4.000000
4.000000
4.000000
4.000000
4.000000
4.000000
4.000000
4.000000
4.000000
4.000000
4.000000
4.000000
4.000000
4.000000
4.000000
4.000000
4.000000
5.000000
5.000000
5.000000
5.000000
5.000000
5.000000
5.000000
5.000000
5.000000
5.000000
5.000000
5.000000
5.000000
5.000000
5.000000
5.000000
5.000000
5.000000
6.000000
6.000000
6.000000
6.000000
6.000000
6.000000
6.000000
6.000000
6.000000
6.000000
6.000000
6.000000
6.000000
6.000000
6.000000
6.000000
6.000000
6.000000
6.000000
6.000000
6.000000
6.000000
6.000000
6.000000
7.000000
7.000000
7.000000
7.000000
7.000000
7.000000
7.000000
7.000000
7.000000
7.000000
7.000000
7.000000
7.000000
8.000000
8.000000
8.000000
8.000000
8.000000
8.000000
8.000000
8.000000
8.000000
8.000000
8.000000
8.000000
8.000000
8.000000
8.000000
8.000000
8.000000
8.000000
8.000000
8.000000
9.000000
9.000000
9.000000
9.000000
9.000000
9.000000
9.000000
9.000000
9.000000
9.000000
9.000000
9.000000
9.000000
9.000000
9.000000
9.000000
9.000000
9.000000
9.000000
9.000000
9.000000
9.000000
9.000000
10.000000
10.000000
10.000000
10.000000
10.000000
10.000000
10.000000
10.000000
10.000000
10.000000
10.000000
10.000000
10.000000
10.000000
10.000000
10.000000
10.000000
10.000000
10.000000
11.000000
11.000000
11.000000
11.000000
11.000000
11.000000
11.000000
11.000000
11.000000
11.000000
11.000000
11.000000
11.000000
11.000000
11.000000
11.000000
11.000000
12.000000
12.000000
12.000000
12.000000
12.000000
12.000000
12.000000
12.000000
12.000000
12.000000
13.000000
13.000000
13.000000
13.000000
13.000000
13.000000
13.000000
13.000000
13.000000
13.000000
13.000000
13.000000
13.000000
13.000000
13.000000
13.000000
13.000000
13.000000
13.000000
13.000000
13.000000
14.000000
14.000000
14.000000
14.000000
14.000000
14.000000
14.000000
14.000000
14.000000
14.000000
14.000000
14.000000
14.000000
14.000000
14.000000
14.000000
14.000000
14.000000
15.000000
15.000000
15.000000
15.000000
15.000000
15.000000
16.000000
16.000000
16.000000
16.000000
16.000000
16.000000
16.000000
16.000000
16.000000
16.000000
17.000000
17.000000
17.000000
17.000000
17.000000
17.000000
17.000000
17.000000
17.000000
17.000000
17.000000
17.000000
17.000000
18.000000
18.000000
18.000000
18.000000
18.000000
18.000000
18.000000
19.000000
19.000000
19.000000
19.000000
19.000000
19.000000
19.000000
19.000000
19.000000
19.000000
20.000000
20.000000
20.000000
20.000000
20.000000
20.000000
20.000000
20.000000
20.000000
20.000000
20.000000
20.000000
21.000000
21.000000
21.000000
21.000000
21.000000
22.000000
22.000000
22.000000
22.000000
22.000000
22.000000
22.000000
22.000000
22.000000
23.000000
23.000000
23.000000
23.000000
23.000000
23.000000
23.000000
23.000000
24.000000
24.000000
24.000000
24.000000
24.000000
24.000000
24.000000
25.000000
25.000000
25.000000
25.000000
25.000000
25.000000
25.000000
25.000000
25.000000
25.000000
25.000000
26.000000
26.000000
26.000000
26.000000
27.000000
27.000000
28.000000
28.000000
29.000000
29.000000
30.000000
30.000000
30.000000
31.000000
31.000000
32.000000
32.000000
32.000000
33.000000
33.000000
34.000000
34.000000
34.000000
34.000000
35.000000
35.000000
35.000000
36.000000
39.000000
39.000000
39.000000
40.000000
40.000000
41.000000
41.000000
42.000000
43.000000
44.000000
44.000000
44.000000
46.000000
46.000000
46.000000
47.000000
47.000000
48.000000
48.000000
48.000000
48.000000
48.000000
48.000000
49.000000
49.000000
50.000000
51.000000
51.000000
51.000000
52.000000
52.000000
54.000000
55.000000
55.000000
61.000000
61.000000
62.000000
62.000000
62.000000
64.000000
64.000000
65.000000
66.000000
68.000000
69.000000
71.000000
71.000000
72.000000
72.000000
72.000000
73.000000
75.000000
78.000000
79.000000
80.000000
85.000000
85.000000
87.000000
88.000000
90.000000
91.000000
91.000000
95.000000
98.000000
99.000000
99.000000
100.000000
103.000000
112.000000
112.000000
117.000000
118.000000
119.000000
120.000000
120.000000
120.000000
123.000000
125.000000
131.000000
133.000000
134.000000
137.000000
144.000000
144.000000
144.000000
145.000000
147.000000
149.000000
155.000000
161.000000
163.000000
166.000000
167.000000
169.000000
174.000000
192.000000
200.000000
205.000000
207.000000
220.000000
223.000000
229.000000
241.000000
244.000000
244.000000
257.000000
264.000000
265.000000
290.000000
305.000000
309.000000
326.000000
340.000000
352.000000
377.000000
401.000000
426.000000
459.000000
485.000000
488.000000
524.000000
590.000000
623.000000
639.000000
668.000000
696.000000
732.000000
761.000000
762.000000
791.000000
822.000000
836.000000
852.000000
858.000000
873.000000
890.000000
895.000000
919.000000
950.000000
988.000000
993.000000
1012.000000
1013.000000
1052.000000
1056.000000
1067.000000
1092.000000
1115.000000
1135.000000
1156.000000
1157.000000
