0.000000
0.000000
0.000000
0.000000
0.000000
0.000000
0.000000
0.000000
0.000000
0.000000
0.000000
1.000000
1.000000
1.000000
1.000000
1.000000
1.000000
1.000000
1.000000
1.000000
1.000000
1.000000
1.000000
1.000000
1.000000
1.000000
1.000000
1.000000
1.000000
1.000000
1.000000
1.000000
1.000000
1.000000
1.000000
1.000000
1.000000
2.000000
2.000000
2.000000
2.000000
2.000000
2.000000
2.000000
2.000000
2.000000
2.000000
2.000000
2.000000
2.000000
2.000000
2.000000
2.000000
2.000000
2.000000
2.000000
3.000000
3.000000
3.000000
3.000000
3.000000
3.000000
3.000000
3.000000
3.000000
3.000000
3.000000
3.000000
3.000000
3.000000
3.000000
4.000000
4.000000
4.000000
4.000000
4.000000
4.000000
4.000000
4.000000
4.000000
4.000000
4.000000
4.000000
4.000000
4.000000
4.000000
4.000000
4.000000
4.000000
4.000000
4.000000
4.000000
4.000000
4.000000
4.000000
4.000000
4.000000
4.000000
4.000000
5.000000
5.000000
5.000000
5.000000
5.000000
5.000000
5.000000
5.000000
5.000000
5.000000
5.000000
5.000000
5.000000
5.000000
5.000000
5.000000
5.000000
5.000000
5.000000
5.000000
5.000000
5.000000
5.000000
5.000000
5.000000
5.000000
5.000000
5.000000
5.000000
5.000000
5.000000
6.000000
6.000000
6.000000
6.000000
6.000000
6.000000
6.000000
6.000000
6.000000
6.000000
6.000000
6.000000
6.000000
6.000000
6.000000
6.000000
6.000000
6.000000
6.000000
6.000000
6.000000
6.000000
6.000000
6.000000
7.000000
7.000000
7.000000
7.000000
7.000000
7.000000
7.000000
7.000000
7.000000
7.000000
7.000000
7.000000
7.000000
7.000000
7.000000
7.000000
7.000000
7.000000
7.000000
7.000000
7.000000
7.000000
7.000000
7.000000
7.000000
7.000000
8.000000
8.000000
8.000000
8.000000
8.000000
8.000000
8.000000
8.000000
8.000000
8.000000
8.000000
8.000000
8.000000
8.000000
8.000000
8.000000
8.000000
8.000000
8.000000
8.000000
8.000000
8.000000
8.000000
8.000000
8.000000
8.000000
8.000000
8.000000
8.000000
9.000000
9.000000
9.000000
9.000000
9.000000
9.000000
9.000000
9.000000
9.000000
9.000000
9.000000
9.000000
9.000000
9.000000
9.000000
9.000000
9.000000
9.000000
9.000000
9.000000
9.000000
9.000000
9.000000
9.000000
9.000000
9.000000
9.000000
10.000000
10.000000
10.000000
10.000000
10.000000
10.000000
10.000000
10.000000
10.000000
10.000000
10.000000
10.000000
10.000000
10.000000
10.000000
10.000000
10.000000
10.000000
11.000000
11.000000
11.000000
11.000000
11.000000
11.000000
11.000000
11.000000
11.000000
11.000000
11.000000
11.000000
11.000000
11.000000
11.000000
11.000000
12.000000
12.000000
12.000000
12.000000
12.000000
12.000000
12.000000
12.000000
12.000000
12.000000
12.000000
12.000000
12.000000
12.000000
12.000000
12.000000
12.000000
13.000000
13.000000
13.000000
13.000000
13.000000
13.000000
13.000000
13.000000
13.000000
13.000000
13.000000
13.000000
13.000000
13.000000
13.000000
13.000000
13.000000
13.000000
14.000000
14.000000
14.000000
14.000000
14.000000
14.000000
14.000000
14.000000
15.000000
15.000000
15.000000
15.000000
15.000000
15.000000
15.000000
15.000000
15.000000
15.000000
15.000000
15.000000
15.000000
15.000000
15.000000
16.000000
16.000000
16.000000
16.000000
16.000000
16.000000
16.000000
16.000000
16.000000
16.000000
16.000000
17.000000
17.000000
17.000000
17.000000
17.000000
17.000000
17.000000
17.000000
17.000000
17.000000
17.000000
17.000000
18.000000
18.000000
18.000000
18.000000
18.000000
18.000000
19.000000
19.000000
19.000000
19.000000
19.000000
19.000000
19.000000
19.000000
20.000000
20.000000
20.000000
20.000000
21.000000
21.000000
21.000000
21.000000
21.000000
21.000000
21.000000
21.000000
21.000000
21.000000
21.000000
22.000000
22.000000
22.000000
22.000000
22.000000
22.000000
23.000000
23.000000
23.000000
23.000000
24.000000
24.000000
24.000000
24.000000
25.000000
25.000000
25.000000
25.000000
26.000000
26.000000
26.000000
27.000000
27.000000
27.000000
28.000000
28.000000
28.000000
28.000000
28.000000
28.000000
28.000000
29.000000
29.000000
30.000000
31.000000
31.000000
31.000000
31.000000
31.000000
31.000000
32.000000
32.000000
33.000000
33.000000
33.000000
34.000000
34.000000
34.000000
35.000000
35.000000
36.000000
36.000000
37.000000
37.000000
38.000000
38.000000
38.000000
39.000000
39.000000
40.000000
41.000000
41.000000
41.000000
41.000000
41.000000
42.000000
42.000000
44.000000
44.000000
44.000000
45.000000
45.000000
45.000000
46.000000
47.000000
47.000000
47.000000
48.000000
48.000000
48.000000
50.000000
51.000000
51.000000
51.000000
52.000000
52.000000
53.000000
54.000000
54.000000
55.000000
56.000000
58.000000
60.000000
61.000000
62.000000
64.000000
64.000000
64.000000
67.000000
68.000000
69.000000
69.000000
72.000000
73.000000
73.000000
74.000000
76.000000
79.000000
79.000000
85.000000
86.000000
86.000000
86.000000
86.000000
88.000000
88.000000
93.000000
96.000000
102.000000
103.000000
103.000000
104.000000
104.000000
105.000000
107.000000
109.000000
112.000000
121.000000
123.000000
132.000000
135.000000
137.000000
140.000000
152.000000
154.000000
154.000000
162.000000
164.000000
181.000000
183.000000
198.000000
211.000000
247.000000
270.000000
283.000000
309.000000
375.000000
458.000000
475.000000
499.000000
528.000000
551.000000
580.000000
591.000000
614.000000
634.000000
660.000000
660.000000
677.000000
694.000000
699.000000
711.000000
728.000000
758.000000
761.000000
793.000000
797.000000
815.000000
823.000000
845.000000
856.000000
868.000000
883.000000
911.000000
945.000000
947.000000
986.000000
1013.000000
1016.000000
1036.000000
1036.000000
1057.000000
1082.000000
1098.000000
1126.000000
1134.000000
1142.000000
1162.000000
