0.000000
0.000000
0.000000
0.000000
0.000000
0.000000
0.000000
0.000000
0.000000
0.000000
0.000000
1.000000
1.000000
1.000000
1.000000
1.000000
1.000000
1.000000
1.000000
1.000000
1.000000
1.000000
1.000000
1.000000
1.000000
1.000000
1.000000
1.000000
1.000000
1.000000
2.000000
2.000000
2.000000
2.000000
2.000000
2.000000
2.000000
2.000000
2.000000
2.000000
2.000000
2.000000
2.000000
2.000000
2.000000
2.000000
2.000000
2.000000
2.000000
2.000000
2.000000
2.000000
2.000000
2.000000
2.000000
2.000000
3.000000
3.000000
3.000000
3.000000
3.000000
3.000000
3.000000
3.000000
3.000000
3.000000
3.000000
3.000000
3.000000
3.000000
3.000000
3.000000
3.000000
4.000000
4.000000
4.000000
4.000000
4.000000
4.000000
4.000000
4.000000
4.000000
4.000000
4.000000
4.000000
4.000000
4.000000
4.000000
4.000000
5.000000
5.000000
5.000000
5.000000
5.000000
5.000000
5.000000
5.000000
5.000000
5.000000
5.000000
5.000000
5.000000
5.000000
5.000000
5.000000
5.000000
6.000000
6.000000
6.000000
6.000000
6.000000
6.000000
6.000000
6.000000
6.000000
6.000000
6.000000
6.000000
6.000000
6.000000
6.000000
6.000000
6.000000
6.000000
6.000000
6.000000
6.000000
6.000000
6.000000
6.000000
7.000000
7.000000
7.000000
7.000000
7.000000
7.000000
7.000000
7.000000
7.000000
7.000000
7.000000
7.000000
7.000000
7.000000
7.000000
7.000000
7.000000
7.000000
7.000000
7.000000
7.000000
7.000000
7.000000
7.000000
7.000000
8.000000
8.000000
8.000000
8.000000
8.000000
8.000000
8.000000
8.000000
8.000000
8.000000
8.000000
8.000000
8.000000
8.000000
8.000000
8.000000
8.000000
8.000000
9.000000
9.000000
9.000000
9.000000
9.000000
9.000000
9.000000
9.000000
9.000000
9.000000
9.000000
9.000000
9.000000
9.000000
9.000000
9.000000
9.000000
9.000000
9.000000
9.000000
9.000000
9.000000
9.000000
9.000000
9.000000
9.000000
9.000000
9.000000
9.000000
10.000000
10.000000
10.000000
10.000000
10.000000
10.000000
10.000000
10.000000
10.000000
10.000000
10.000000
10.000000
10.000000
10.000000
10.000000
10.000000
10.000000
10.000000
10.000000
11.000000
11.000000
11.000000
11.000000
11.000000
11.000000
11.000000
11.000000
11.000000
11.000000
11.000000
11.000000
11.000000
11.000000
11.000000
11.000000
11.000000
11.000000
12.000000
12.000000
12.000000
12.000000
12.000000
12.000000
12.000000
12.000000
12.000000
12.000000
12.000000
12.000000
12.000000
12.000000
12.000000
12.000000
12.000000
12.000000
12.000000
12.000000
13.000000
13.000000
13.000000
13.000000
13.000000
13.000000
13.000000
13.000000
13.000000
13.000000
13.000000
13.000000
13.000000
13.000000
13.000000
13.000000
13.000000
14.000000
14.000000
14.000000
14.000000
14.000000
14.000000
14.000000
14.000000
14.000000
14.000000
14.000000
14.000000
14.000000
14.000000
14.000000
14.000000
14.000000
14.000000
14.000000
15.000000
15.000000
15.000000
15.000000
15.000000
15.000000
15.000000
15.000000
15.000000
16.000000
16.000000
16.000000
16.000000
16.000000
16.000000
16.000000
16.000000
16.000000
16.000000
16.000000
16.000000
16.000000
17.000000
17.000000
17.000000
17.000000
17.000000
17.000000
17.000000
17.000000
17.000000
17.000000
17.000000
17.000000
17.000000
17.000000
17.000000
18.000000
18.000000
18.000000
18.000000
18.000000
19.000000
19.000000
19.000000
19.000000
19.000000
19.000000
19.000000
19.000000
19.000000
19.000000
19.000000
20.000000
20.000000
20.000000
20.000000
20.000000
20.000000
20.000000
20.000000
21.000000
21.000000
21.000000
21.000000
21.000000
21.000000
21.000000
21.000000
22.000000
22.000000
22.000000
22.000000
22.000000
22.000000
22.000000
22.000000
23.000000
23.000000
23.000000
23.000000
24.000000
24.000000
24.000000
25.000000
25.000000
25.000000
25.000000
25.000000
25.000000
25.000000
26.000000
26.000000
26.000000
26.000000
26.000000
26.000000
27.000000
28.000000
28.000000
29.000000
29.000000
29.000000
30.000000
30.000000
30.000000
30.000000
30.000000
31.000000
31.000000
31.000000
31.000000
32.000000
32.000000
32.000000
32.000000
32.000000
32.000000
32.000000
32.000000
32.000000
33.000000
33.000000
33.000000
34.000000
34.000000
34.000000
34.000000
34.000000
35.000000
35.000000
36.000000
36.000000
36.000000
36.000000
37.000000
38.000000
38.000000
39.000000
40.000000
40.000000
40.000000
41.000000
41.000000
42.000000
42.000000
42.000000
42.000000
42.000000
42.000000
44.000000
44.000000
46.000000
46.000000
46.000000
47.000000
48.000000
49.000000
50.000000
50.000000
51.000000
52.000000
53.000000
54.000000
55.000000
57.000000
57.000000
59.000000
59.000000
61.000000
61.000000
61.000000
62.000000
62.000000
63.000000
64.000000
65.000000
66.000000
67.000000
68.000000
68.000000
68.000000
71.000000
75.000000
76.000000
77.000000
79.000000
80.000000
80.000000
84.000000
85.000000
85.000000
89.000000
89.000000
91.000000
92.000000
93.000000
98.000000
98.000000
100.000000
100.000000
105.000000
105.000000
106.000000
111.000000
117.000000
125.000000
125.000000
127.000000
129.000000
132.000000
137.000000
150.000000
155.000000
160.000000
162.000000
162.000000
173.000000
174.000000
176.000000
190.000000
231.000000
232.000000
246.000000
250.000000
262.000000
270.000000
284.000000
300.000000
315.000000
343.000000
357.000000
383.000000
387.000000
400.000000
411.000000
412.000000
424.000000
439.000000
464.000000
477.000000
491.000000
496.000000
505.000000
521.000000
541.000000
583.000000
606.000000
606.000000
633.000000
645.000000
657.000000
682.000000
721.000000
740.000000
742.000000
776.000000
813.000000
859.000000
907.000000
928.000000
948.000000
987.000000
1003.000000
1008.000000
1044.000000
1067.000000
1083.000000
1101.000000
1107.000000
1139.000000
1141.000000
1154.000000
