0.000000
0.000000
0.000000
0.000000
0.000000
0.000000
0.000000
0.000000
0.000000
0.000000
1.000000
1.000000
1.000000
1.000000
1.000000
1.000000
1.000000
1.000000
1.000000
1.000000
1.000000
1.000000
1.000000
1.000000
1.000000
1.000000
1.000000
1.000000
2.000000
2.000000
2.000000
2.000000
2.000000
2.000000
2.000000
2.000000
2.000000
2.000000
2.000000
2.000000
2.000000
2.000000
2.000000
2.000000
2.000000
2.000000
2.000000
2.000000
2.000000
2.000000
3.000000
3.000000
3.000000
3.000000
3.000000
3.000000
3.000000
3.000000
3.000000
3.000000
3.000000
3.000000
3.000000
3.000000
3.000000
3.000000
3.000000
3.000000
3.000000
3.000000
4.000000
4.000000
4.000000
4.000000
4.000000
4.000000
4.000000
4.000000
4.000000
4.000000
4.000000
4.000000
4.000000
4.000000
4.000000
4.000000
4.000000
4.000000
4.000000
4.000000
4.000000
4.000000
4.000000
4.000000
4.000000
4.000000
4.000000
5.000000
5.000000
5.000000
5.000000
5.000000
5.000000
5.000000
5.000000
5.000000
5.000000
5.000000
5.000000
5.000000
5.000000
5.000000
5.000000
5.000000
5.000000
5.000000
5.000000
5.000000
5.000000
6.000000
6.000000
6.000000
6.000000
6.000000
6.000000
6.000000
6.000000
6.000000
6.000000
6.000000
6.000000
6.000000
6.000000
6.000000
6.000000
6.000000
6.000000
6.000000
6.000000
6.000000
6.000000
6.000000
6.000000
6.000000
6.000000
7.000000
7.000000
7.000000
7.000000
7.000000
7.000000
7.000000
7.000000
7.000000
7.000000
7.000000
7.000000
7.000000
7.000000
7.000000
7.000000
7.000000
7.000000
7.000000
7.000000
7.000000
7.000000
7.000000
7.000000
7.000000
7.000000
8.000000
8.000000
8.000000
8.000000
8.000000
8.000000
8.000000
8.000000
8.000000
8.000000
8.000000
8.000000
8.000000
8.000000
8.000000
8.000000
8.000000
8.000000
9.000000
9.000000
9.000000
9.000000
9.000000
9.000000
9.000000
9.000000
9.000000
9.000000
9.000000
9.000000
9.000000
9.000000
9.000000
9.000000
9.000000
10.000000
10.000000
10.000000
10.000000
10.000000
10.000000
10.000000
10.000000
10.000000
10.000000
10.000000
10.000000
10.000000
10.000000
10.000000
10.000000
10.000000
10.000000
10.000000
10.000000
11.000000
11.000000
11.000000
11.000000
11.000000
11.000000
11.000000
11.000000
11.000000
11.000000
11.000000
11.000000
11.000000
11.000000
11.000000
11.000000
11.000000
11.000000
12.000000
12.000000
12.000000
12.000000
12.000000
12.000000
12.000000
12.000000
12.000000
12.000000
12.000000
12.000000
12.000000
13.000000
13.000000
13.000000
13.000000
13.000000
13.000000
13.000000
13.000000
13.000000
13.000000
13.000000
13.000000
13.000000
13.000000
13.000000
13.000000
14.000000
14.000000
14.000000
14.000000
14.000000
14.000000
14.000000
14.000000
14.000000
14.000000
14.000000
14.000000
14.000000
14.000000
14.000000
14.000000
14.000000
14.000000
14.000000
15.000000
15.000000
15.000000
15.000000
15.000000
15.000000
15.000000
15.000000
15.000000
15.000000
15.000000
15.000000
15.000000
15.000000
15.000000
16.000000
16.000000
16.000000
16.000000
16.000000
16.000000
16.000000
16.000000
17.000000
17.000000
17.000000
17.000000
17.000000
17.000000
17.000000
17.000000
17.000000
17.000000
17.000000
17.000000
17.000000
17.000000
17.000000
17.000000
17.000000
18.000000
18.000000
18.000000
18.000000
18.000000
18.000000
18.000000
18.000000
18.000000
18.000000
18.000000
18.000000
19.000000
19.000000
19.000000
19.000000
19.000000
19.000000
19.000000
19.000000
19.000000
19.000000
19.000000
19.000000
19.000000
20.000000
20.000000
20.000000
20.000000
20.000000
20.000000
21.000000
21.000000
21.000000
21.000000
22.000000
22.000000
22.000000
22.000000
22.000000
22.000000
22.000000
22.000000
22.000000
22.000000
23.000000
23.000000
23.000000
23.000000
23.000000
23.000000
23.000000
23.000000
24.000000
24.000000
24.000000
24.000000
24.000000
24.000000
25.000000
25.000000
25.000000
25.000000
25.000000
26.000000
26.000000
26.000000
26.000000
27.000000
27.000000
28.000000
28.000000
28.000000
28.000000
29.000000
29.000000
29.000000
29.000000
29.000000
30.000000
30.000000
30.000000
30.000000
31.000000
31.000000
31.000000
31.000000
31.000000
31.000000
32.000000
32.000000
33.000000
33.000000
33.000000
33.000000
34.000000
35.000000
35.000000
36.000000
37.000000
37.000000
37.000000
38.000000
39.000000
39.000000
39.000000
39.000000
41.000000
41.000000
41.000000
43.000000
43.000000
43.000000
43.000000
44.000000
44.000000
44.000000
45.000000
45.000000
45.000000
46.000000
46.000000
47.000000
47.000000
47.000000
47.000000
48.000000
48.000000
48.000000
48.000000
51.000000
52.000000
53.000000
53.000000
56.000000
56.000000
57.000000
57.000000
57.000000
58.000000
58.000000
59.000000
62.000000
62.000000
64.000000
65.000000
67.000000
67.000000
68.000000
69.000000
70.000000
73.000000
73.000000
73.000000
74.000000
74.000000
77.000000
77.000000
78.000000
79.000000
80.000000
83.000000
84.000000
85.000000
86.000000
88.000000
88.000000
89.000000
91.000000
91.000000
94.000000
95.000000
98.000000
109.000000
110.000000
112.000000
115.000000
115.000000
119.000000
122.000000
128.000000
133.000000
139.000000
148.000000
149.000000
155.000000
165.000000
165.000000
169.000000
171.000000
190.000000
234.000000
250.000000
257.000000
276.000000
298.000000
322.000000
344.000000
359.000000
384.000000
441.000000
537.000000
562.000000
594.000000
619.000000
648.000000
673.000000
697.000000
717.000000
740.000000
758.000000
790.000000
819.000000
834.000000
840.000000
862.000000
879.000000
902.000000
904.000000
917.000000
918.000000
941.000000
957.000000
962.000000
978.000000
992.000000
1016.000000
1034.000000
1048.000000
1055.000000
1080.000000
1092.000000
1106.000000
1118.000000
1138.000000
1167.000000
