0.000000
0.000000
0.000000
0.000000
0.000000
0.000000
0.000000
0.000000
0.000000
0.000000
0.000000
0.000000
0.000000
0.000000
1.000000
1.000000
1.000000
1.000000
1.000000
1.000000
1.000000
1.000000
1.000000
1.000000
1.000000
1.000000
1.000000
1.000000
1.000000
1.000000
1.000000
1.000000
1.000000
1.000000
2.000000
2.000000
2.000000
2.000000
2.000000
2.000000
2.000000
2.000000
2.000000
2.000000
2.000000
2.000000
2.000000
2.000000
2.000000
2.000000
3.000000
3.000000
3.000000
3.000000
3.000000
3.000000
3.000000
3.000000
3.000000
3.000000
3.000000
3.000000
3.000000
3.000000
3.000000
3.000000
4.000000
4.000000
4.000000
4.000000
4.000000
4.000000
4.000000
4.000000
4.000000
4.000000
4.000000
4.000000
4.000000
4.000000
4.000000
4.000000
4.000000
4.000000
4.000000
5.000000
5.000000
5.000000
5.000000
5.000000
5.000000
5.000000
5.000000
5.000000
5.000000
5.000000
5.000000
5.000000
5.000000
5.000000
5.000000
5.000000
5.000000
5.000000
5.000000
5.000000
5.000000
5.000000
5.000000
5.000000
6.000000
6.000000
6.000000
6.000000
6.000000
6.000000
6.000000
6.000000
6.000000
6.000000
6.000000
6.000000
6.000000
6.000000
6.000000
6.000000
6.000000
6.000000
6.000000
6.000000
6.000000
6.000000
6.000000
6.000000
6.000000
6.000000
6.000000
7.000000
7.000000
7.000000
7.000000
7.000000
7.000000
7.000000
7.000000
7.000000
7.000000
7.000000
7.000000
7.000000
7.000000
7.000000
7.000000
7.000000
7.000000
7.000000
7.000000
7.000000
8.000000
8.000000
8.000000
8.000000
8.000000
8.000000
8.000000
8.000000
8.000000
8.000000
8.000000
8.000000
8.000000
8.000000
8.000000
8.000000
8.000000
8.000000
8.000000
8.000000
8.000000
8.000000
8.000000
8.000000
9.000000
9.000000
9.000000
9.000000
9.000000
9.000000
9.000000
9.000000
9.000000
9.000000
9.000000
10.000000
10.000000
10.000000
10.000000
10.000000
10.000000
10.000000
10.000000
10.000000
10.000000
10.000000
10.000000
10.000000
10.000000
10.000000
10.000000
10.000000
10.000000
10.000000
11.000000
11.000000
11.000000
11.000000
11.000000
11.000000
11.000000
11.000000
11.000000
11.000000
11.000000
11.000000
11.000000
11.000000
11.000000
11.000000
11.000000
11.000000
11.000000
11.000000
11.000000
11.000000
11.000000
11.000000
12.000000
12.000000
12.000000
12.000000
12.000000
12.000000
12.000000
12.000000
12.000000
12.000000
12.000000
12.000000
12.000000
12.000000
12.000000
12.000000
12.000000
12.000000
12.000000
13.000000
13.000000
13.000000
13.000000
13.000000
13.000000
13.000000
13.000000
13.000000
13.000000
13.000000
13.000000
13.000000
13.000000
13.000000
13.000000
13.000000
13.000000
13.000000
14.000000
14.000000
14.000000
14.000000
14.000000
14.000000
14.000000
14.000000
14.000000
14.000000
14.000000
14.000000
14.000000
14.000000
14.000000
15.000000
15.000000
15.000000
15.000000
15.000000
15.000000
15.000000
15.000000
15.000000
15.000000
15.000000
15.000000
15.000000
15.000000
15.000000
15.000000
15.000000
15.000000
15.000000
16.000000
16.000000
16.000000
16.000000
16.000000
16.000000
16.000000
16.000000
16.000000
17.000000
17.000000
17.000000
17.000000
17.000000
17.000000
17.000000
17.000000
17.000000
18.000000
18.000000
18.000000
18.000000
19.000000
19.000000
19.000000
19.000000
19.000000
19.000000
19.000000
19.000000
19.000000
19.000000
19.000000
19.000000
19.000000
19.000000
20.000000
20.000000
20.000000
20.000000
20.000000
21.000000
21.000000
21.000000
21.000000
21.000000
21.000000
21.000000
21.000000
21.000000
22.000000
22.000000
22.000000
22.000000
22.000000
22.000000
22.000000
23.000000
24.000000
24.000000
24.000000
24.000000
24.000000
25.000000
25.000000
25.000000
25.000000
25.000000
26.000000
26.000000
26.000000
26.000000
26.000000
26.000000
26.000000
26.000000
27.000000
27.000000
27.000000
28.000000
28.000000
28.000000
28.000000
28.000000
28.000000
29.000000
29.000000
29.000000
29.000000
30.000000
30.000000
31.000000
32.000000
32.000000
33.000000
34.000000
34.000000
34.000000
34.000000
35.000000
35.000000
35.000000
36.000000
37.000000
37.000000
37.000000
37.000000
37.000000
37.000000
38.000000
38.000000
39.000000
39.000000
40.000000
40.000000
40.000000
41.000000
41.000000
41.000000
41.000000
42.000000
43.000000
43.000000
44.000000
48.000000
48.000000
50.000000
50.000000
52.000000
52.000000
53.000000
54.000000
54.000000
54.000000
55.000000
56.000000
56.000000
56.000000
57.000000
57.000000
58.000000
59.000000
60.000000
63.000000
64.000000
65.000000
67.000000
67.000000
69.000000
70.000000
72.000000
74.000000
75.000000
76.000000
77.000000
78.000000
81.000000
82.000000
82.000000
86.000000
88.000000
89.000000
91.000000
95.000000
95.000000
96.000000
100.000000
100.000000
101.000000
102.000000
106.000000
107.000000
110.000000
111.000000
112.000000
113.000000
118.000000
120.000000
123.000000
125.000000
128.000000
130.000000
134.000000
135.000000
136.000000
136.000000
141.000000
143.000000
146.000000
152.000000
154.000000
161.000000
168.000000
169.000000
170.000000
179.000000
182.000000
190.000000
195.000000
198.000000
202.000000
202.000000
207.000000
214.000000
230.000000
233.000000
244.000000
248.000000
251.000000
275.000000
285.000000
292.000000
313.000000
338.000000
340.000000
358.000000
370.000000
399.000000
421.000000
427.000000
451.000000
457.000000
478.000000
496.000000
508.000000
516.000000
550.000000
578.000000
608.000000
633.000000
637.000000
683.000000
690.000000
706.000000
731.000000
761.000000
786.000000
797.000000
813.000000
821.000000
849.000000
865.000000
881.000000
881.000000
909.000000
930.000000
951.000000
983.000000
999.000000
1021.000000
1027.000000
1051.000000
1065.000000
1074.000000
1089.000000
1101.000000
1106.000000
1132.000000
1156.000000
1166.000000
