0.000000
0.000000
0.000000
0.000000
0.000000
0.000000
0.000000
0.000000
0.000000
1.000000
1.000000
1.000000
1.000000
1.000000
1.000000
1.000000
1.000000
1.000000
1.000000
1.000000
1.000000
1.000000
1.000000
1.000000
1.000000
2.000000
2.000000
2.000000
2.000000
2.000000
2.000000
2.000000
2.000000
2.000000
2.000000
2.000000
2.000000
2.000000
2.000000
2.000000
2.000000
2.000000
2.000000
2.000000
2.000000
2.000000
2.000000
2.000000
2.000000
2.000000
2.000000
3.000000
3.000000
3.000000
3.000000
3.000000
3.000000
3.000000
3.000000
3.000000
3.000000
3.000000
3.000000
3.000000
3.000000
3.000000
3.000000
3.000000
3.000000
3.000000
3.000000
3.000000
3.000000
3.000000
4.000000
4.000000
4.000000
4.000000
4.000000
4.000000
4.000000
4.000000
4.000000
4.000000
4.000000
4.000000
4.000000
4.000000
4.000000
4.000000
4.000000
4.000000
4.000000
4.000000
4.000000
4.000000
5.000000
5.000000
5.000000
5.000000
5.000000
5.000000
5.000000
5.000000
5.000000
5.000000
5.000000
5.000000
5.000000
5.000000
5.000000
5.000000
5.000000
6.000000
6.000000
6.000000
6.000000
6.000000
6.000000
6.000000
6.000000
6.000000
6.000000
6.000000
6.000000
6.000000
6.000000
6.000000
6.000000
6.000000
6.000000
6.000000
6.000000
6.000000
6.000000
7.000000
7.000000
7.000000
7.000000
7.000000
7.000000
7.000000
7.000000
7.000000
7.000000
7.000000
7.000000
7.000000
7.000000
7.000000
7.000000
7.000000
7.000000
7.000000
8.000000
8.000000
8.000000
8.000000
8.000000
8.000000
8.000000
8.000000
8.000000
8.000000
8.000000
8.000000
8.000000
8.000000
8.000000
8.000000
8.000000
8.000000
8.000000
8.000000
8.000000
8.000000
9.000000
9.000000
9.000000
9.000000
9.000000
9.000000
9.000000
9.000000
9.000000
9.000000
9.000000
9.000000
9.000000
9.000000
9.000000
9.000000
9.000000
10.000000
10.000000
10.000000
10.000000
10.000000
10.000000
10.000000
10.000000
10.000000
10.000000
10.000000
10.000000
10.000000
10.000000
10.000000
10.000000
10.000000
10.000000
10.000000
10.000000
10.000000
10.000000
10.000000
10.000000
10.000000
11.000000
11.000000
11.000000
11.000000
11.000000
11.000000
11.000000
11.000000
11.000000
11.000000
11.000000
11.000000
11.000000
11.000000
11.000000
11.000000
11.000000
11.000000
11.000000
11.000000
11.000000
11.000000
12.000000
12.000000
12.000000
12.000000
12.000000
12.000000
12.000000
12.000000
12.000000
12.000000
12.000000
12.000000
12.000000
12.000000
12.000000
12.000000
12.000000
13.000000
13.000000
13.000000
13.000000
13.000000
13.000000
13.000000
13.000000
13.000000
13.000000
13.000000
13.000000
13.000000
13.000000
13.000000
13.000000
13.000000
14.000000
14.000000
14.000000
14.000000
14.000000
14.000000
14.000000
14.000000
14.000000
14.000000
14.000000
14.000000
15.000000
15.000000
15.000000
15.000000
15.000000
15.000000
15.000000
15.000000
15.000000
15.000000
15.000000
15.000000
15.000000
15.000000
15.000000
15.000000
15.000000
16.000000
16.000000
16.000000
16.000000
16.000000
16.000000
16.000000
16.000000
17.000000
17.000000
17.000000
17.000000
17.000000
17.000000
17.000000
17.000000
17.000000
17.000000
17.000000
17.000000
17.000000
18.000000
18.000000
18.000000
18.000000
18.000000
18.000000
18.000000
18.000000
19.000000
19.000000
19.000000
19.000000
19.000000
19.000000
19.000000
19.000000
20.000000
20.000000
20.000000
20.000000
20.000000
20.000000
20.000000
21.000000
21.000000
21.000000
21.000000
21.000000
21.000000
21.000000
22.000000
22.000000
22.000000
22.000000
23.000000
23.000000
23.000000
23.000000
24.000000
24.000000
24.000000
24.000000
24.000000
24.000000
24.000000
24.000000
24.000000
25.000000
25.000000
25.000000
25.000000
25.000000
25.000000
26.000000
26.000000
26.000000
26.000000
26.000000
26.000000
26.000000
26.000000
26.000000
26.000000
28.000000
28.000000
28.000000
28.000000
29.000000
29.000000
29.000000
29.000000
29.000000
30.000000
30.000000
30.000000
30.000000
31.000000
33.000000
33.000000
34.000000
34.000000
34.000000
34.000000
35.000000
35.000000
35.000000
36.000000
36.000000
37.000000
38.000000
38.000000
38.000000
38.000000
39.000000
39.000000
40.000000
40.000000
42.000000
42.000000
42.000000
44.000000
44.000000
44.000000
45.000000
46.000000
46.000000
46.000000
46.000000
47.000000
47.000000
47.000000
48.000000
48.000000
49.000000
49.000000
50.000000
51.000000
51.000000
52.000000
52.000000
52.000000
52.000000
53.000000
54.000000
55.000000
55.000000
55.000000
56.000000
56.000000
57.000000
57.000000
58.000000
60.000000
62.000000
63.000000
69.000000
69.000000
69.000000
70.000000
70.000000
71.000000
71.000000
72.000000
74.000000
74.000000
76.000000
77.000000
77.000000
78.000000
78.000000
81.000000
85.000000
85.000000
87.000000
89.000000
92.000000
92.000000
93.000000
99.000000
104.000000
109.000000
109.000000
112.000000
113.000000
113.000000
114.000000
118.000000
118.000000
120.000000
122.000000
124.000000
129.000000
131.000000
133.000000
135.000000
136.000000
139.000000
141.000000
141.000000
145.000000
146.000000
149.000000
153.000000
161.000000
161.000000
161.000000
165.000000
170.000000
190.000000
190.000000
192.000000
194.000000
203.000000
208.000000
218.000000
218.000000
231.000000
243.000000
247.000000
266.000000
294.000000
303.000000
315.000000
339.000000
352.000000
364.000000
383.000000
385.000000
400.000000
411.000000
426.000000
450.000000
475.000000
516.000000
549.000000
562.000000
565.000000
594.000000
622.000000
658.000000
688.000000
717.000000
748.000000
778.000000
799.000000
821.000000
835.000000
876.000000
910.000000
919.000000
932.000000
938.000000
964.000000
978.000000
993.000000
993.000000
1062.000000
1082.000000
1087.000000
1116.000000
1130.000000
1138.000000
1158.000000
1166.000000
