0.000000
0.000000
0.000000
0.000000
0.000000
0.000000
0.000000
0.000000
1.000000
1.000000
1.000000
1.000000
1.000000
1.000000
1.000000
1.000000
1.000000
1.000000
1.000000
1.000000
1.000000
1.000000
1.000000
1.000000
1.000000
1.000000
1.000000
1.000000
1.000000
1.000000
1.000000
1.000000
1.000000
1.000000
2.000000
2.000000
2.000000
2.000000
2.000000
2.000000
2.000000
2.000000
2.000000
2.000000
2.000000
2.000000
2.000000
2.000000
2.000000
2.000000
2.000000
2.000000
2.000000
2.000000
2.000000
3.000000
3.000000
3.000000
3.000000
3.000000
3.000000
3.000000
3.000000
3.000000
3.000000
3.000000
3.000000
3.000000
3.000000
3.000000
3.000000
3.000000
3.000000
3.000000
3.000000
3.000000
3.000000
3.000000
3.000000
3.000000
3.000000
3.000000
3.000000
3.000000
3.000000
4.000000
4.000000
4.000000
4.000000
4.000000
4.000000
4.000000
4.000000
4.000000
4.000000
4.000000
4.000000
4.000000
4.000000
4.000000
4.000000
4.000000
4.000000
4.000000
4.000000
5.000000
5.000000
5.000000
5.000000
5.000000
5.000000
5.000000
5.000000
5.000000
5.000000
5.000000
5.000000
5.000000
5.000000
5.000000
5.000000
5.000000
5.000000
5.000000
5.000000
5.000000
5.000000
6.000000
6.000000
6.000000
6.000000
6.000000
6.000000
6.000000
6.000000
6.000000
6.000000
6.000000
6.000000
6.000000
6.000000
6.000000
6.000000
6.000000
6.000000
6.000000
6.000000
6.000000
6.000000
6.000000
6.000000
6.000000
7.000000
7.000000
7.000000
7.000000
7.000000
7.000000
7.000000
7.000000
7.000000
7.000000
7.000000
7.000000
7.000000
7.000000
7.000000
7.000000
7.000000
7.000000
7.000000
7.000000
7.000000
7.000000
7.000000
7.000000
7.000000
8.000000
8.000000
8.000000
8.000000
8.000000
8.000000
8.000000
8.000000
8.000000
8.000000
8.000000
8.000000
8.000000
8.000000
8.000000
8.000000
8.000000
8.000000
8.000000
8.000000
8.000000
9.000000
9.000000
9.000000
9.000000
9.000000
9.000000
9.000000
9.000000
9.000000
9.000000
9.000000
9.000000
9.000000
9.000000
9.000000
9.000000
9.000000
9.000000
9.000000
9.000000
9.000000
9.000000
9.000000
9.000000
10.000000
10.000000
10.000000
10.000000
10.000000
10.000000
10.000000
11.000000
11.000000
11.000000
11.000000
11.000000
11.000000
11.000000
11.000000
11.000000
11.000000
11.000000
11.000000
11.000000
11.000000
11.000000
12.000000
12.000000
12.000000
12.000000
12.000000
12.000000
12.000000
12.000000
12.000000
12.000000
12.000000
12.000000
12.000000
12.000000
12.000000
12.000000
12.000000
12.000000
12.000000
12.000000
12.000000
12.000000
13.000000
13.000000
13.000000
13.000000
13.000000
13.000000
13.000000
13.000000
13.000000
13.000000
13.000000
13.000000
13.000000
14.000000
14.000000
14.000000
14.000000
14.000000
14.000000
14.000000
14.000000
14.000000
14.000000
14.000000
14.000000
15.000000
15.000000
15.000000
15.000000
15.000000
15.000000
16.000000
16.000000
16.000000
16.000000
16.000000
16.000000
16.000000
16.000000
16.000000
16.000000
16.000000
17.000000
17.000000
17.000000
17.000000
17.000000
17.000000
17.000000
17.000000
17.000000
17.000000
17.000000
17.000000
18.000000
18.000000
18.000000
18.000000
18.000000
18.000000
18.000000
18.000000
18.000000
18.000000
19.000000
19.000000
19.000000
19.000000
20.000000
20.000000
20.000000
20.000000
20.000000
20.000000
20.000000
20.000000
20.000000
20.000000
20.000000
20.000000
21.000000
21.000000
21.000000
21.000000
21.000000
21.000000
21.000000
22.000000
22.000000
22.000000
22.000000
23.000000
23.000000
23.000000
24.000000
24.000000
24.000000
24.000000
24.000000
24.000000
24.000000
24.000000
25.000000
25.000000
25.000000
25.000000
25.000000
25.000000
26.000000
26.000000
26.000000
26.000000
26.000000
26.000000
26.000000
27.000000
27.000000
27.000000
27.000000
28.000000
29.000000
29.000000
30.000000
30.000000
30.000000
30.000000
31.000000
31.000000
31.000000
31.000000
31.000000
32.000000
32.000000
32.000000
33.000000
33.000000
34.000000
34.000000
35.000000
35.000000
35.000000
35.000000
36.000000
36.000000
36.000000
37.000000
37.000000
37.000000
37.000000
38.000000
38.000000
38.000000
38.000000
39.000000
40.000000
42.000000
42.000000
43.000000
43.000000
43.000000
44.000000
44.000000
45.000000
45.000000
46.000000
46.000000
46.000000
47.000000
47.000000
48.000000
48.000000
48.000000
48.000000
50.000000
51.000000
51.000000
52.000000
52.000000
52.000000
54.000000
55.000000
55.000000
56.000000
57.000000
58.000000
58.000000
58.000000
59.000000
59.000000
60.000000
61.000000
61.000000
63.000000
64.000000
65.000000
66.000000
67.000000
68.000000
69.000000
71.000000
72.000000
74.000000
78.000000
82.000000
82.000000
85.000000
85.000000
85.000000
85.000000
85.000000
87.000000
88.000000
90.000000
93.000000
94.000000
96.000000
99.000000
104.000000
106.000000
107.000000
113.000000
115.000000
119.000000
120.000000
121.000000
127.000000
129.000000
130.000000
132.000000
133.000000
134.000000
137.000000
138.000000
139.000000
143.000000
145.000000
150.000000
156.000000
157.000000
165.000000
166.000000
175.000000
188.000000
203.000000
214.000000
221.000000
229.000000
244.000000
248.000000
270.000000
275.000000
292.000000
343.000000
365.000000
403.000000
442.000000
474.000000
523.000000
533.000000
574.000000
609.000000
628.000000
640.000000
641.000000
662.000000
667.000000
690.000000
724.000000
732.000000
767.000000
768.000000
782.000000
788.000000
805.000000
809.000000
834.000000
842.000000
849.000000
861.000000
873.000000
879.000000
890.000000
909.000000
928.000000
930.000000
958.000000
959.000000
977.000000
988.000000
989.000000
1000.000000
1011.000000
1027.000000
1041.000000
1042.000000
1068.000000
1089.000000
1112.000000
1124.000000
1141.000000
1162.000000
1167.000000
