0.000000
0.000000
0.000000
0.000000
0.000000
0.000000
0.000000
0.000000
1.000000
1.000000
1.000000
1.000000
1.000000
1.000000
1.000000
1.000000
1.000000
1.000000
1.000000
1.000000
1.000000
1.000000
1.000000
1.000000
1.000000
1.000000
1.000000
1.000000
1.000000
1.000000
1.000000
1.000000
1.000000
1.000000
1.000000
1.000000
1.000000
2.000000
2.000000
2.000000
2.000000
2.000000
2.000000
2.000000
2.000000
2.000000
2.000000
2.000000
2.000000
2.000000
2.000000
2.000000
2.000000
2.000000
2.000000
2.000000
2.000000
2.000000
2.000000
2.000000
2.000000
2.000000
3.000000
3.000000
3.000000
3.000000
3.000000
3.000000
3.000000
3.000000
3.000000
3.000000
3.000000
3.000000
3.000000
3.000000
3.000000
3.000000
3.000000
3.000000
4.000000
4.000000
4.000000
4.000000
4.000000
4.000000
4.000000
4.000000
4.000000
4.000000
4.000000
4.000000
4.000000
4.000000
4.000000
4.000000
4.000000
4.000000
4.000000
4.000000
4.000000
4.000000
4.000000
4.000000
4.000000
4.000000
5.000000
5.000000
5.000000
5.000000
5.000000
5.000000
5.000000
5.000000
5.000000
5.000000
5.000000
5.000000
5.000000
5.000000
5.000000
5.000000
5.000000
5.000000
5.000000
5.000000
5.000000
5.000000
5.000000
5.000000
6.000000
6.000000
6.000000
6.000000
6.000000
6.000000
6.000000
6.000000
6.000000
6.000000
6.000000
6.000000
6.000000
6.000000
6.000000
6.000000
6.000000
6.000000
6.000000
7.000000
7.000000
7.000000
7.000000
7.000000
7.000000
7.000000
7.000000
7.000000
7.000000
7.000000
7.000000
7.000000
7.000000
7.000000
7.000000
7.000000
7.000000
7.000000
7.000000
7.000000
7.000000
7.000000
7.000000
7.000000
8.000000
8.000000
8.000000
8.000000
8.000000
8.000000
8.000000
8.000000
8.000000
8.000000
8.000000
8.000000
8.000000
8.000000
8.000000
9.000000
9.000000
9.000000
9.000000
9.000000
9.000000
9.000000
9.000000
9.000000
9.000000
9.000000
9.000000
9.000000
9.000000
9.000000
9.000000
9.000000
9.000000
9.000000
9.000000
10.000000
10.000000
10.000000
10.000000
10.000000
10.000000
10.000000
10.000000
10.000000
10.000000
10.000000
10.000000
10.000000
10.000000
10.000000
10.000000
10.000000
10.000000
10.000000
10.000000
10.000000
10.000000
10.000000
10.000000
10.000000
10.000000
10.000000
10.000000
10.000000
11.000000
11.000000
11.000000
11.000000
11.000000
11.000000
11.000000
11.000000
11.000000
11.000000
11.000000
11.000000
12.000000
12.000000
12.000000
12.000000
12.000000
12.000000
12.000000
12.000000
12.000000
12.000000
12.000000
12.000000
12.000000
12.000000
12.000000
12.000000
12.000000
13.000000
13.000000
13.000000
13.000000
13.000000
13.000000
13.000000
13.000000
13.000000
13.000000
13.000000
13.000000
13.000000
14.000000
14.000000
14.000000
14.000000
14.000000
14.000000
14.000000
14.000000
14.000000
14.000000
14.000000
14.000000
15.000000
15.000000
15.000000
15.000000
15.000000
15.000000
15.000000
15.000000
15.000000
15.000000
15.000000
15.000000
16.000000
16.000000
16.000000
16.000000
16.000000
16.000000
16.000000
16.000000
16.000000
16.000000
16.000000
16.000000
17.000000
17.000000
17.000000
17.000000
18.000000
18.000000
18.000000
18.000000
18.000000
18.000000
19.000000
19.000000
19.000000
19.000000
19.000000
19.000000
19.000000
19.000000
19.000000
20.000000
20.000000
20.000000
20.000000
20.000000
20.000000
20.000000
20.000000
20.000000
20.000000
20.000000
21.000000
21.000000
21.000000
21.000000
21.000000
21.000000
22.000000
22.000000
22.000000
22.000000
22.000000
22.000000
22.000000
22.000000
22.000000
22.000000
22.000000
22.000000
23.000000
23.000000
23.000000
23.000000
23.000000
24.000000
24.000000
24.000000
24.000000
24.000000
24.000000
24.000000
24.000000
25.000000
25.000000
25.000000
25.000000
26.000000
26.000000
26.000000
26.000000
26.000000
27.000000
27.000000
27.000000
27.000000
27.000000
27.000000
28.000000
28.000000
28.000000
28.000000
28.000000
29.000000
29.000000
30.000000
30.000000
30.000000
30.000000
30.000000
30.000000
32.000000
32.000000
32.000000
33.000000
33.000000
33.000000
33.000000
34.000000
35.000000
35.000000
35.000000
35.000000
36.000000
36.000000
37.000000
37.000000
38.000000
38.000000
39.000000
39.000000
39.000000
40.000000
43.000000
43.000000
43.000000
43.000000
44.000000
45.000000
45.000000
48.000000
49.000000
49.000000
51.000000
51.000000
51.000000
52.000000
52.000000
52.000000
52.000000
53.000000
53.000000
54.000000
55.000000
58.000000
59.000000
59.000000
59.000000
60.000000
64.000000
64.000000
65.000000
65.000000
67.000000
68.000000
69.000000
69.000000
70.000000
71.000000
71.000000
72.000000
72.000000
72.000000
78.000000
79.000000
79.000000
79.000000
79.000000
80.000000
80.000000
82.000000
84.000000
84.000000
84.000000
86.000000
89.000000
91.000000
91.000000
93.000000
93.000000
94.000000
94.000000
97.000000
99.000000
100.000000
101.000000
108.000000
109.000000
110.000000
118.000000
118.000000
119.000000
123.000000
125.000000
127.000000
130.000000
130.000000
136.000000
141.000000
142.000000
143.000000
149.000000
155.000000
156.000000
158.000000
162.000000
176.000000
181.000000
183.000000
183.000000
191.000000
206.000000
206.000000
218.000000
220.000000
221.000000
224.000000
248.000000
260.000000
264.000000
268.000000
296.000000
328.000000
333.000000
352.000000
378.000000
432.000000
439.000000
478.000000
479.000000
498.000000
508.000000
518.000000
535.000000
546.000000
570.000000
580.000000
596.000000
606.000000
613.000000
635.000000
665.000000
698.000000
710.000000
719.000000
733.000000
740.000000
758.000000
781.000000
781.000000
813.000000
838.000000
913.000000
937.000000
937.000000
956.000000
967.000000
988.000000
1010.000000
1032.000000
1045.000000
1055.000000
1116.000000
1164.000000
