0.000000
0.000000
0.000000
0.000000
0.000000
0.000000
0.000000
0.000000
0.000000
0.000000
0.000000
1.000000
1.000000
1.000000
1.000000
1.000000
1.000000
1.000000
1.000000
1.000000
1.000000
1.000000
1.000000
1.000000
1.000000
1.000000
1.000000
1.000000
1.000000
1.000000
1.000000
1.000000
1.000000
1.000000
1.000000
1.000000
1.000000
1.000000
2.000000
2.000000
2.000000
2.000000
2.000000
2.000000
2.000000
2.000000
2.000000
2.000000
2.000000
2.000000
2.000000
2.000000
2.000000
2.000000
2.000000
2.000000
2.000000
2.000000
2.000000
2.000000
3.000000
3.000000
3.000000
3.000000
3.000000
3.000000
3.000000
3.000000
3.000000
3.000000
3.000000
3.000000
3.000000
3.000000
3.000000
3.000000
3.000000
3.000000
3.000000
3.000000
3.000000
3.000000
3.000000
3.000000
3.000000
3.000000
4.000000
4.000000
4.000000
4.000000
4.000000
4.000000
4.000000
4.000000
4.000000
4.000000
4.000000
4.000000
4.000000
4.000000
4.000000
5.000000
5.000000
5.000000
5.000000
5.000000
5.000000
5.000000
5.000000
5.000000
5.000000
5.000000
5.000000
5.000000
5.000000
5.000000
5.000000
5.000000
5.000000
5.000000
5.000000
5.000000
5.000000
5.000000
5.000000
5.000000
5.000000
5.000000
6.000000
6.000000
6.000000
6.000000
6.000000
6.000000
6.000000
6.000000
6.000000
6.000000
6.000000
6.000000
6.000000
6.000000
7.000000
7.000000
7.000000
7.000000
7.000000
7.000000
7.000000
7.000000
7.000000
7.000000
7.000000
7.000000
7.000000
7.000000
7.000000
7.000000
7.000000
8.000000
8.000000
8.000000
8.000000
8.000000
8.000000
8.000000
8.000000
8.000000
8.000000
8.000000
8.000000
8.000000
8.000000
8.000000
8.000000
8.000000
8.000000
8.000000
8.000000
8.000000
8.000000
8.000000
9.000000
9.000000
9.000000
9.000000
9.000000
9.000000
9.000000
9.000000
9.000000
9.000000
9.000000
9.000000
9.000000
9.000000
9.000000
9.000000
9.000000
9.000000
9.000000
9.000000
9.000000
9.000000
10.000000
10.000000
10.000000
10.000000
10.000000
10.000000
10.000000
10.000000
10.000000
10.000000
10.000000
10.000000
10.000000
10.000000
10.000000
10.000000
10.000000
10.000000
10.000000
10.000000
10.000000
11.000000
11.000000
11.000000
11.000000
11.000000
11.000000
11.000000
11.000000
11.000000
11.000000
11.000000
11.000000
11.000000
11.000000
11.000000
11.000000
11.000000
11.000000
11.000000
11.000000
11.000000
12.000000
12.000000
12.000000
12.000000
12.000000
12.000000
12.000000
12.000000
12.000000
12.000000
12.000000
12.000000
12.000000
12.000000
12.000000
12.000000
12.000000
12.000000
12.000000
12.000000
12.000000
12.000000
12.000000
12.000000
12.000000
13.000000
13.000000
13.000000
13.000000
13.000000
13.000000
13.000000
13.000000
13.000000
13.000000
13.000000
13.000000
13.000000
13.000000
13.000000
13.000000
13.000000
13.000000
14.000000
14.000000
14.000000
14.000000
14.000000
14.000000
14.000000
14.000000
15.000000
15.000000
15.000000
15.000000
15.000000
15.000000
15.000000
15.000000
15.000000
15.000000
15.000000
15.000000
15.000000
16.000000
16.000000
16.000000
16.000000
16.000000
16.000000
16.000000
16.000000
17.000000
17.000000
17.000000
17.000000
17.000000
17.000000
17.000000
17.000000
17.000000
17.000000
18.000000
18.000000
18.000000
18.000000
18.000000
18.000000
18.000000
18.000000
18.000000
18.000000
19.000000
19.000000
19.000000
19.000000
19.000000
19.000000
19.000000
20.000000
20.000000
20.000000
20.000000
20.000000
20.000000
20.000000
20.000000
21.000000
21.000000
21.000000
21.000000
22.000000
22.000000
22.000000
22.000000
22.000000
22.000000
22.000000
22.000000
23.000000
23.000000
23.000000
24.000000
24.000000
24.000000
24.000000
25.000000
25.000000
25.000000
25.000000
25.000000
25.000000
25.000000
26.000000
26.000000
26.000000
26.000000
27.000000
27.000000
27.000000
28.000000
28.000000
28.000000
28.000000
29.000000
29.000000
29.000000
29.000000
30.000000
30.000000
30.000000
31.000000
31.000000
32.000000
32.000000
33.000000
33.000000
35.000000
35.000000
35.000000
35.000000
36.000000
36.000000
37.000000
37.000000
38.000000
38.000000
38.000000
38.000000
38.000000
39.000000
40.000000
40.000000
41.000000
41.000000
41.000000
42.000000
42.000000
43.000000
43.000000
44.000000
44.000000
44.000000
45.000000
45.000000
46.000000
47.000000
47.000000
47.000000
48.000000
48.000000
48.000000
50.000000
51.000000
52.000000
54.000000
54.000000
54.000000
56.000000
56.000000
57.000000
57.000000
58.000000
58.000000
59.000000
59.000000
61.000000
61.000000
62.000000
62.000000
63.000000
63.000000
64.000000
64.000000
67.000000
67.000000
68.000000
69.000000
70.000000
70.000000
71.000000
72.000000
75.000000
76.000000
80.000000
80.000000
80.000000
81.000000
82.000000
82.000000
84.000000
85.000000
93.000000
94.000000
95.000000
95.000000
97.000000
99.000000
101.000000
102.000000
106.000000
107.000000
109.000000
114.000000
117.000000
117.000000
117.000000
119.000000
122.000000
125.000000
126.000000
131.000000
132.000000
132.000000
132.000000
133.000000
138.000000
144.000000
144.000000
145.000000
146.000000
147.000000
150.000000
152.000000
156.000000
167.000000
171.000000
174.000000
186.000000
190.000000
199.000000
222.000000
223.000000
232.000000
241.000000
254.000000
257.000000
257.000000
278.000000
294.000000
304.000000
322.000000
342.000000
358.000000
405.000000
407.000000
434.000000
461.000000
506.000000
513.000000
532.000000
552.000000
572.000000
592.000000
620.000000
636.000000
644.000000
666.000000
670.000000
687.000000
707.000000
709.000000
739.000000
772.000000
793.000000
807.000000
832.000000
839.000000
855.000000
863.000000
887.000000
893.000000
912.000000
914.000000
958.000000
981.000000
1011.000000
1030.000000
1084.000000
1090.000000
1119.000000
1157.000000
