302 0.219636
368 0.338912
392 0.277570
422 0.208967
479 0.459059
509 0.502145
529 0.287217
548 0.380553
589 0.251335
619 0.244447
650 0.369437
674 0.517638
767 0.394526
853 0.236822
902 0.388138
922 0.332147
963 0.566620
980 0.275526
998 0.492241
1020 0.366152
1072 0.243421
1099 0.453787
1144 0.445994
1189 0.496789
1214 0.281719
1226 0.285856
1268 0.206989
1305 0.304020
1323 0.438103
1346 0.402703
1371 0.479867
1404 0.583628
1429 0.543550
1470 0.449118
1494 0.275407
1523 0.466469
1549 0.376961
1583 0.490775
1703 0.586219
1772 0.596675
1807 0.562676
1822 0.396003
1844 0.211776
1870 0.235080
1913 0.319026
1950 0.288163
1995 0.339343
2019 0.385547
2034 0.278041
2072 0.369391
2187 0.230176
2218 0.388217
2253 0.253057
2277 0.360459
2294 0.266089
2316 0.217535
2348 0.640567
2378 0.509653
2400 0.420606
2430 0.251115
2447 0.359438
2492 0.341481
2533 0.258622
2573 0.454251
2600 0.341327
2630 0.310162
2646 0.604147
2707 0.325628
2724 0.214930
2772 0.234243
2802 0.461166
2853 0.565976
2883 0.241811
2910 0.318245
2940 0.329968
3065 0.427045
3115 0.281080
3138 0.315939
3163 0.366835
3193 0.342549
3218 0.325336
3245 0.390987
3313 0.340440
3362 0.361569
3415 0.410655
3459 0.351794
3483 0.202189
3497 0.234354
3521 0.347817
3538 0.247141
3564 0.269546
3588 0.260026
3613 0.410541
3678 0.304444
3705 0.480254
3758 0.223077
3780 0.448247
3828 0.582662
3870 0.361976
3898 0.308303
3914 0.279848
3930 0.229256
3958 0.477906
3982 0.385709
4089 0.378839
4142 0.532976
4171 0.401163
4201 0.219352
4229 0.388866
4263 0.538957
4283 0.265486
4322 0.277136
4352 0.229179
4380 0.208394
4421 0.223496
4441 0.365456
4466 0.411934
4494 0.352680
4531 0.299957
4546 0.376724
4577 0.591417
4609 0.394265
4625 0.383009
4636 0.330425
4659 0.215154
4679 0.536379
4714 0.204565
4746 0.608935
4771 0.235149
4823 0.364102
4843 0.411773
4863 0.345600
4894 0.547195
4922 0.200720
4977 0.303294
5004 0.254782
5015 0.321392
5061 0.633142
5087 0.383680
5115 0.646263
5142 0.221402
5161 0.249328
5190 0.492497
5344 0.479226
5377 0.818193
5414 0.218662
5439 0.877512
5475 0.350848
5505 0.373884
5548 0.349421
5580 0.492767
5612 0.312993
5636 0.339986
5662 0.419280
5716 0.252259
5763 0.293735
5792 0.327836
5819 0.255010
5864 0.582006
5890 0.455618
5994 0.616579
6024 0.262439
6065 0.607044
6197 0.238336
6221 0.233828
6251 0.228376
6272 0.356645
6316 0.400184
6339 0.357574
6448 0.323069
6515 0.671827
6586 0.629864
6621 0.488578
6675 0.555742
6694 0.378992
6793 0.357850
6818 0.467412
6850 0.257466
6873 0.265608
6898 0.377620
6912 0.323357
6933 0.555530
6966 0.242945
6996 0.506062
7018 0.456387
7035 0.312823
7061 0.283383
7085 0.259149
7113 0.256753
7133 0.284737
7153 0.223353
7192 0.477003
7298 0.941872
7363 0.406097
7383 0.365710
7411 0.726012
7448 0.769440
7762 0.495845
7815 0.886179
7856 0.243779
7878 0.326701
7909 0.394236
7922 0.434214
7950 0.540634
8064 0.627046
8110 0.478528
8143 0.553307
8728 0.210239
8751 0.603621
8772 0.352587
8801 0.382842
8837 0.291523
8868 0.565456
8901 0.459848
8983 0.464390
9013 0.538179
9035 0.482401
9076 0.367796
9087 0.348107
9211 0.659648
9241 0.415125
9295 0.646190
9342 0.458416
9414 0.411566
9427 0.272660
9444 0.481630
9483 0.456051
9532 0.398133
9550 0.525940
9573 0.632218
9591 0.587455
9622 0.579263
9660 0.315857
9687 0.380075
9710 0.205631
9728 0.798940
9767 0.566535
9784 0.253057
9796 0.254430
9824 0.238047
9851 0.482465
9870 0.376545
10014 0.809157
10134 0.539135
10269 0.222610
10302 0.280564
10340 0.342829
10377 0.597383
10432 0.598706
10446 0.255399
10470 0.426731
10608 0.636399
10702 0.824780
11055 1.079870
11177 0.344583
11192 0.312188
11220 0.592200
11260 0.345479
11276 0.303752
11299 0.347545
11315 0.205541
11350 0.276744
11392 0.368214
11413 0.245993
11438 0.677164
11464 0.554523
11496 0.379780
11525 0.698943
11587 0.453186
11613 0.374616
11657 0.340404
11689 0.656601
11727 0.341205
11743 0.414989
11788 0.339643
11801 0.354986
11826 0.522526
11865 0.531446
11915 0.893051
11947 0.437522
11965 0.622449
11988 0.210385
12032 0.206397
12057 0.521731
12086 0.498078
12111 0.468133
12143 0.555618
12168 0.648347
12264 0.599305
12321 0.343509
12346 0.306886
12383 0.260487
12407 0.629783
12429 0.245477
14687 0.846481
14727 0.910129
14750 0.572088
14796 0.842821
14835 0.496771
14847 0.409070
14897 0.384937
14933 0.440966
14951 0.540774
14981 0.396129
15004 0.519779
15047 0.387992
15083 0.663552
15152 0.728090
15172 0.427036
15218 0.725618
15234 0.366222
15262 0.369218
15278 0.642306
15321 0.346642
15349 0.516401
15426 0.406150
15447 0.284088
15470 0.393150
15497 0.346827
15538 0.220594
15600 0.627188
15627 0.234621
15660 0.514797
15690 0.770004
15725 0.465211
15755 0.476018
15789 0.370371
15806 0.210539
15823 0.313742
15849 0.383374
15903 0.418374
15955 0.218932
15984 0.418262
16008 0.302030
16025 0.346304
16108 0.369151
16174 0.252330
16200 0.357019
16213 0.430857
16272 0.321740
16285 0.303737
16300 0.252741
16329 0.296841
16360 0.486087
16395 0.388545
16409 0.306295
16438 0.466394
16467 0.591496
16499 0.661261
16532 0.632604
16573 0.548100
16625 0.434413
16748 0.309304
16765 0.476576
16831 0.509438
16856 0.460793
16875 0.533188
16910 0.627450
16942 0.400671
16965 0.282324
16980 0.261755
17015 0.743695
17048 0.221899
17065 0.270222
17086 0.411933
17107 0.358403
17137 0.218847
17203 0.668694
17227 0.484044
17243 0.202093
17282 0.479971
17300 0.509369
17346 0.822874
17441 0.536518
17468 0.500239
17538 0.628105
17586 0.332978
17619 0.227012
17636 0.373582
17662 0.528864
17679 0.357528
17709 0.494612
17793 0.531917
17812 0.314782
17834 0.237328
17852 0.258799
17881 0.432184
17913 0.701138
17981 0.563250
18011 0.484826
18102 0.733187
18147 0.619369
18165 0.711289
18196 0.720621
18229 0.407478
18252 0.331721
18281 0.318257
18315 0.549072
18354 0.669560
18409 0.477023
18436 0.213660
18483 0.379474
18532 0.321823
18553 0.442494
18572 0.587436
18595 0.526403
18640 0.557336
18656 0.461640
18696 0.676109
18731 0.670338
18769 0.376481
18791 0.326850
18824 0.559159
18866 0.551528
18930 0.376547
19000 0.441103
19207 0.618047
19429 0.385273
19476 0.561183
19505 0.612671
19573 0.447452
19604 0.628201
19632 0.635423
19728 0.628283
19758 0.646698
19779 0.745683
19869 0.656397
19943 0.594888
19986 0.498969
20008 0.609935
20060 0.234144
20083 0.325174
20109 0.273502
20157 0.501640
20287 0.549668
20309 0.265123
20333 0.417845
20359 0.471778
20409 0.718155
20439 0.275643
20491 0.321633
20507 0.326233
20528 0.464300
20548 0.421972
20589 0.463294
20624 0.608954
20661 0.435551
20710 0.247166
20743 0.402975
20769 0.321544
20808 0.295883
20874 0.443059
20907 0.471946
20923 0.201587
20952 0.265115
20980 0.390818
21016 0.371584
21046 0.417028
21075 0.295984
21106 0.206029
21136 0.590425
21157 0.361987
21179 0.233919
21234 0.435224
21277 0.239281
21296 0.444804
21336 0.244249
21351 0.495162
21440 0.308038
21474 0.549840
21496 0.314634
21516 0.316788
21539 0.443086
21575 0.329723
21618 0.510715
21643 0.221557
21712 0.235050
21741 0.729937
21773 0.408427
21795 0.503764
21870 0.521228
22143 0.692429
22230 0.567304
22279 0.376577
22305 0.444587
22322 0.203254
22341 0.395742
22366 0.359533
22390 0.256802
22411 0.296189
22487 0.618790
22513 0.383028
22559 0.443953
22576 0.523302
22627 0.429117
22649 0.421150
22687 0.347792
22726 0.255266
22758 0.445385
22807 0.693704
22858 0.864421
22893 0.338838
22925 0.467145
22946 0.262417
23008 0.307317
23051 0.376476
23072 0.214552
23089 0.588016
23126 0.384903
23163 0.431163
23193 0.285518
23212 0.256371
23243 0.226998
23261 0.283688
23272 0.223970
23284 0.279724
23326 0.241057
23352 0.271605
23373 0.476274
23396 0.210383
23408 0.354571
23451 0.243436
23469 0.270234
23490 0.239194
23590 0.387340
23604 0.366701
23620 0.240978
23642 0.589358
23673 0.489033
23701 0.396662
23741 0.210076
23758 0.200749
23770 0.202100
23782 0.208408
23797 0.317992
23822 0.485946
23849 0.312028
23863 0.253902
23899 0.578615
23941 0.460866
23964 0.472539
23991 0.276576
24003 0.346129
24098 0.218554
24361 0.449260
24465 0.361812
24497 0.262232
24512 0.382848
24564 0.267547
24604 0.450294
24622 0.284127
24638 0.722142
24661 0.233222
24697 0.641522
24718 0.228035
24757 0.247942
24777 0.431368
24798 0.508795
24846 0.688094
24892 0.388349
3 0.425919
37 0.295481
58 0.283775
97 0.486464
122 0.262565
173 0.601272
258 0.309825
283 0.621252
