0
0
0
0
0
0
0
0
0
0
0
0
0
0
0
0
0
0
0
0
0
0
0
0
0
0
0
0
0
0
0
0
0
0
0
0
0
0
0
0
0
0
0
0
0
0
0
0
0
0
0
0
0
0
0
0
0
0
0
0
0
0
0
0
0
0
0
0
0
0
0
0
0
0
0
0
0
0
0
0
0
0
0
0
0
0
0
0
0
0
0
0
0
0
0
0
0
0
0
0
0
0
0
0
0
0
0
0
0
0
0
0
0
0
0
0
0
0
0
0
0
0
0
0
0
0
0
0
0
0
0
0
0
0
0
0
0
0
0
0
0
0
0
0
0
0
0
0
0
0
0
0
0
0
0
0
0
0
0
0
0
0
0
0
0
0
0
0
0
0
0
0
0
0
0
0
0
0
0
0
0
0
0
0
0
0
0
0
0
0
0
0
0
0
0
0
0
0
0
0
0
0
0
0
0
0
0
0
0
0
0
0
0
0
0
0
0
0
0
0
0
0
0
0
0
0
0
0
0
0
0
0
0
0
0
0
0
0
0
0
0
0
0
0
0
0
0
0
0
0
0
0
0
0
0
0
0
0
0
0
0
0
0
0
0
0
0
0
0
0
0
0
0
0
0
0
0
0
0
0
0
0
0
0
0
0
0
0
0
0
0
0
0
0
0
0
0
0
0
0
0
0
0
0
0
0
0
0
0
0
0
0
0
0
0
0
0
0
0
0
0
0
0
0
0
0
0
0
0
0
0
0
0
0
0
0
0
0
0
0
0
0
0
0
0
0
0
0
0
0
0
0
0
0
0
0
0
0
0
0
0
0
0
0
0
0
0
0
0
0
0
0
0
0
0
0
0
0
0
0
0
0
0
0
0
0
0
0
0
0
0
0
0
0
0
0
0
0
0
0
0
0
0
0
0
0
0
0
0
0
0
0
0
0
0
0
0
0
0
0
0
0
0
0
0
0
0
0
0
0
0
0
0
0
0
0
0
0
0
0
0
0
0
0
0
0
0
0
0
0
0
0
0
0
0
0
0
0
0
0
0
0
0
0
0
0
0
0
0
0
0
0
0
0
0
0
0
0
0
0
0
0
0
0
0
0
0
0
0
0
0
0
0
0
0
0
0
0
0
0
0
0
0
0
0
0
0
0
0
0
0
0
0
0
0
0
0
0
0
0
0
0
0
0
0
0
0
0
0
0
0
0
0
0
0
0
0
0
0
0
0
0
0
0
0
0
0
0
0
0
0
0
0
0
0
0
0
0
0
0
0
0
0
0
0
0
0
0
0
0
0
0
0
0
0
0
0
0
0
0
0
0
0
0
0
0
0
0
0
0
0
0
0
0
0
0
0
0
0
0
0
0
0
0
0
0
0
0
0
0
0
0
0
0
0
0
0
0
0
0
0
0
0
0
0
0
0
0
0
0
0
0
0
0
0
0
0
0
0
0
0
0
0
0
0
0
0
0
0
0
0
0
0
0
0
0
0
0
0
0
0
0
0
0
0
0
0
0
0
0
0
0
0
0
0
0
0
0
0
0
0
0
0
0
0
0
0
0
0
0
0
0
0
0
0
0
0
0
0
0
0
0
0
0
0
0
0
0
0
0
0
0
0
0
0
0
0
0
0
0
0
0
0
0
0
0
0
0
0
0
0
0
0
0
0
0
0
0
0
0
0
0
0
0
0
0
0
0
0
0
0
0
0
0
0
0
0
0
0
0
0
0
0
0
0
0
0
0
0
0
0
0
0
0
0
0
0
0
0
0
0
0
0
0
0
0
0
0
0
0
0
0
0
0
0
0
0
0
0
0
0
0
0
0
0
0
0
0
0
0
0
0
0
0
0
0
0
0
0
0
0
0
0
0
0
0
0
0
0
0
0
0
0
0
0
0
0
0
0
0
0
0
0
0
0
0
0
0
0
0
0
0
0
0
0
0
0
0
0
0
0
0
0
0
0
0
0
0
0
0
0
0
0
0
0
0
0
0
0
0
0
0
0
0
0
0
0
0
0
0
0
0
0
0
0
0
0
0
0
0
0
0
0
0
0
0
0
0
0
0
0
0
0
0
0
0
0
0
0
0
0
0
0
0
0
0
0
0
0
0
0
0
0
0
0
0
0
0
0
0
0
0
0
0
0
0
0
0
0
0
0
0
0
0
0
0
0
0
0
0
0
0
0
0
0
0
0
0
0
0
0
0
0
0
0
0
0
0
0
0
0
0
0
0
0
0
0
0
0
0
0
0
0
0
0
0
0
0
0
0
0
0
0
0
0
0
0
0
0
0
0
0
0
0
0
0
0
0
0
0
0
0
0
0
0
0
0
0
0
0
0
0
0
0
0
0
0
0
0
0
0
0
0
0
0
0
0
0
0
0
0
0
0
0
0
0
0
0
0
0
0
0
0
0
0
0
0
0
0
0
0
0
0
0
0
0
0
0
0
0
0
0
0
0
0
0
0
0
0
0
0
0
0
0
0
0
0
0
0
0
0
0
0
0
0
0
0
0
0
0
0
0
0
0
0
0
0
0
0
0
0
0
0
0
0
0
0
0
0
0
0
0
0
0
0
0
0
0
0
0
0
0
0
0
0
0
0
0
0
0
0
0
0
0
0
0
0
0
0
0
0
0
0
0
0
0
0
0
0
0
0
0
0
0
0
0
0
0
0
0
0
0
0
0
0
0
0
0
0
0
0
0
0
0
0
0
0
0
0
0
0
0
0
0
0
0
0
0
0
0
0
0
0
0
0
0
0
0
0
0
0
0
0
0
0
0
0
0
0
0
0
0
0
0
0
0
0
0
0
0
0
0
0
0
0
0
0
0
0
0
0
0
0
0
0
0
0
0
0
0
0
0
0
0
0
0
0
0
0
0
0
0
0
0
0
0
0
0
0
0
0
0
0
0
0
0
0
0
0
0
0
0
0
0
0
0
0
0
0
0
0
0
0
0
0
0
0
0
0
0
0
0
0
0
0
0
0
0
0
0
0
0
0
0
0
0
0
0
0
0
0
0
0
0
0
0
0
0
0
0
0
0
0
0
0
0
0
0
0
0
0
0
0
0
0
0
0
0
0
0
0
0
0
0
0
0
0
0
0
0
0
0
0
0
0
0
0
0
0
0
0
0
0
0
0
0
0
0
0
0
0
0
0
0
0
0
0
0
0
0
0
0
0
0
0
0
0
0
0
0
0
0
0
0
0
0
0
0
0
0
0
0
0
0
0
0
0
0
0
0
0
0
0
0
0
0
0
0
0
0
0
0
0
0
0
0
0
0
0
0
0
0
0
0
0
0
0
0
0
0
0
0
0
0
0
0
0
0
0
0
0
0
0
0
0
0
0
0
0
0
0
0
0
0
0
0
0
0
0
0
0
0
0
0
0
0
0
0
0
0
0
0
0
0
0
0
0
0
0
0
0
0
0
0
0
0
0
0
0
0
0
0
0
0
0
0
0
0
0
0
0
0
0
0
0
0
0
0
0
0
0
0
0
0
0
0
0
0
0
0
0
0
0
0
0
0
0
0
0
0
0
0
0
0
0
0
0
0
0
0
0
0
0
0
0
0
0
0
0
0
0
0
0
0
0
0
0
0
0
0
0
0
0
0
0
0
0
0
0
0
0
0
0
0
0
0
0
0
0
0
0
0
0
0
0
0
0
0
0
0
0
0
0
0
0
0
0
0
0
0
0
0
0
0
0
0
0
0
0
0
0
0
0
0
0
0
0
0
0
0
0
0
0
0
0
0
0
0
0
0
0
0
0
0
0
0
0
0
0
0
0
0
0
0
0
0
0
0
0
0
0
0
0
0
0
0
0
0
0
0
0
0
0
0
0
0.0044
0
0
0
0
0
0
0
0.0406
0
0
0.0185
0
0.1038
0
0
0
0.0002
0.0315
0
0
0
0
0
0
0
0.0267
0
0
0
0.0085
0.0122
0.0178
0
0.0077
0
0
0
0
0
0
0
0
0
0
0
0
0
0
0
0
0
0
0
0
0
0
0
0
0
0
0.04
0
0.0426
0
0.0168
0
0
0
0
0.0055
0
0
0
0
0
0
0
0
0.0414
0.076
0
0
0
0
0
0
0
0
0
0
0
0
0
0
0
0
0
0
0
0
0
0
0
0
0
0
0
0
0
0
0
0.0032
0.0076
0
0
0
0.0625
0.0067
0
0
0
0
0
0.0171
0
0.025
0.0187
0
0
0.0045
0.0661
0.0185
0.0169
0
0
0.0036
0
0
0
0
0
0
0
0
0
0
0
0
0.0188
0.091
0
0.0244
0.0355
0
0.0431
0
0
0
0
0.0286
0.0096
0
0
0
0
0
0
0
0
0
0
0
0
0
0
0
0
0
0
0
0
0
0
0
0
0
0
0
0
0
0
0
0
0
0
0
0
0
0
0.0316
0.0177
0
0
0
0.0195
0
0.0141
0
0
0
0
0
0
0
0.0708
0.1208
0.0203
0.0894
0
0.104
0.2314
0.0414
0
0
0.0242
0
0
0
0
0
0
0.0424
0
0
0
0
0
0
0
0.0312
0
0.0049
0.022
0.0121
0.0506
0.1115
0.021
0.0807
0
0
0.1274
0
0.0424
0.0196
0.0686
0.0241
0
0
0
0
0.0495
0
0
0
0
0
0.0177
0.0542
0
0.0207
0.0034
0
0
0
0.0375
0.298
0.0222
0.0416
0.0584
0.0227
0.1067
0.02
0.0216
0
0.0486
0
0.0198
0.02
0.076
0
0.0237
0.0191
0
0.0411
0
0
0.0042
0.0213
0.0698
0.0376
0.0337
0.0043
0
0.04
0.0428
0.1725
0
0
0.0377
0.0813
0.1075
0.0163
0
0.0535
0.0156
0.1684
0
0.0583
0
0
0
0
0.0168
0.0373
0.1262
0
0.0191
0.0292
0
0.0437
0
0.0691
0.0511
0.005
0.1101
0
0
0
0
0
0
0
0
0
0
0
0
0
0
0
0
0
0
0
0
0
0
0
0
0
0
0
0
0
0
0
0
0
0
0
0
0
0
0
0
0
0
0
0.071
0.03
0
0.0403
0.0423
0.0228
0
0.041
0.0391
0
0.0028
0.1378
0.0706
0.0669
0.0186
0
0.0397
0.0202
0
0.0693
0.1164
0.0201
0.0062
0
0
0
0
0
0
0
0
0.0772
0.0177
0
0
0.0378
0
0.0187
0
0.1681
0
0.025
0
0
0
0.0474
0
0.0506
0.1837
0.0154
0.0458
0
0
0.1885
0.0086
0
0
0.116
0.0388
0.0999
0.0194
0.2509
0.1524
0.0315
0.0474
0.0345
0.0071
0.0293
0
0
0
0
0
0
0
0
0
0
0
0
0
0
0
0
0
0
0
0
0
0
0
0
0
0
0
0
0
0
0
0
0
0
0
0
0
0
0
0
0
0
0
0
0
0
0
0
0.0181
0.0213
0.1408
0.0364
0.0406
0
0.015
0.0626
0.3385
0.0816
0.1341
0.2374
0.1226
0.0318
0.038
0.0274
0.0545
0
0.0402
0.147
0.1198
0
0
0.0191
0.0703
0
0.0159
0.0241
0
0
0
0.0342
0.1787
0
0.022
0
0.0212
0
0.0305
0.061
0.0901
0
0.0201
0.1669
0
0
0.0193
0.0457
0
0
0
0.0229
0
0.022
0.017
0.0067
0
0.0836
0.0133
0
0
0.0055
0.041
0
0.008
0.055
0.0063
0
0
0
0.0191
0
0
0
0
0.0395
0
0
0
0.0513
0.0209
0.0489
0.02
0
0
0.0214
0
0
0.0628
0
0
0
0
0
0
0.0484
0.0741
0.1397
0.0394
0.0476
0.0886
0.0527
0
0.0296
0.0282
0.025
0.0184
0.0117
0
0
0.0225
0.0348
0.083
0.0281
0
0.0249
0.0179
0.0392
0.0286
0.0483
0
0.0193
0.0045
0.0133
0
0
0
0.0242
0.0163
0
0.0212
0
0.0381
0.0615
0
0.0258
0.0142
0.0125
0.0591
0.0491
0
0
0
0
0
0.0444
0
0.0204
0
0
0.02
0.0398
0.0047
0.0372
0.1963
0.0416
0
0.0313
0.1003
0.0647
0.0074
0.0651
0.1566
0.0793
0.0332
0.0163
0.206
0.0195
0.1279
0.0213
0.0731
0.0467
0.0321
0.0264
0
0
0
0
0
0
0
0
0
0
0
0
0
0
0
0
0
0
0
0
0.0061
0
0.0078
0.0301
0
0
0
0
0.0037
0.0055
0.0373
0
0.0098
0.0224
0
0
0
0
0.0169
0
0
0.0037
0.0255
0.0076
0
0
0.0088
0.0351
0
0.006
0
0
0
0
0.074
0.0302
0.0372
0
0
0.031
0
0.0317
0
0
0
0
0
0
0
0
0
0
0
0
0
0
0.0807
0
0
0
0
0
0.0397
0
0.0776
0
0
0
0
0
0
0
0.0117
0.0065
0
0
0
0
0
0
0
0
0.017
0
0
0
0
0
0
0
0
0
0
0
0
0
0
0
0
0.0034
0.0246
0
0
0
0
0.0076
0
0
0
0
0
0.0102
0
0.0167
0
0.0211
0
0
0
0.0452
0
0
0
0
0
0.0143
0.0091
0
0.0793
0
0
0
0.0074
0
0
0
0
0
0
0
0
0
0.0194
0
0
0
0
0
0.0404
0
0
0
0
0
0
0
0
0
0.0057
0
0
0
0
0
0
0
0.0152
0
0
0
0
0
0
0
0
0
0
0
0
0
0.0032
0
0
0
0
0
0
0
0
0
0
0.0799
0
0
0
0
0.0042
0
0
0.0055
0
0
0.0215
0
0
0
0
0
0
0
0
0
0
0
0
0
0
0
0.0385
0
0
0
0
0
0
0
0.0032
0
0
0.0383
0.021
0
0
0
0
0
0
0
0
0
0
0
0
0
0
0
0
0
0
0
0.0098
0
0
0
0
0
0
0
0
0
0
0
0
0
0
0
0
0
0
0
0
0
0
0
0
0
0
0
0
0
0
0
0
0
0
0
0
0
0
0
0.0067
0
0
0
0
0
0.0301
0
0
0
0.0353
0
0
0.0461
0
0
0.018
0.0255
0.0338
0
0.0196
0
0
0
0.1007
0.0129
0
0.021
0
0.0251
0
0
0.0401
0
0
0
0
0
0
0
0
0
0
0
0
0
0
0
0
0
0
0
0
0
0
0
0
0
0
0
0
0
0
0
0
0
0
0
0
0.0347
0
0
0
0
0
0
0
0
0
0
0
0
0
0
0
0
0
0
0
0
0
0
0
0
0
0
0
0
0
0
0
0
0
0
0
0
0
0
0
0.0036
0
0
0
0
0
0
0
0
0
0
0
0
0
0
0
0
0.0271
0.017
0.0069
0
0.0047
0
0.0636
0
0
0
0
0
0.0333
0
0
0
0
0.0403
0
0
0.0223
0.0233
0
0.0201
0.0136
0
0
0
0
0
0.0051
0
0
0
0
0
0.0187
0
0
0
0
0
0
0
0
0
0
0
0
0
0.039
0
0
0.0217
0
0
0
0
0
0
0
0
0
0
0
0
0
0
0
0
0
0
0.0048
0
0
0
0.02
0
0
0
0
0
0
0.0603
0
0
0
0
0
0
0
0
0
0
0
0.0217
0
0
0
0
0
0
0
0
0
0
0
0
0
0
0
0
0.0196
0.0199
0
0
0.0283
0.0177
0
0.0345
0
0
0
0
0
0
0
0.035
0
0
0.0246
0
0
0
0.0272
0
0
0
0
0
0
0
0
0
0
0
0
0
0.0378
0
0
0
0
0.0049
0.0347
0
0
0
0.0145
0.0652
0.0169
0
0
0
0
0
0.0897
0.0084
0
0
0.0438
0
0
0
0.0046
0
0
0.0236
0.0684
0
0
0
0
0
0
0
0
0
0
0
0.0282
0
0
0
0.0045
0
0
0.0364
0
0.0274
0.0311
0
0
0
0
0
0
0
0.0098
0
0
0.0423
0
0
0
0
0.0319
0.0494
0.0156
0.0093
0
0.0799
0
0.0363
0
0
0.0205
0.0054
0.0185
0
0
0
0
0
0
0
0
0
0
0
0
0
0
0
0.0077
0
0
0
0
0
0
0
0
0
0
0
0
0.0423
0
0
0.0208
0.0232
0
0.0285
0
0
0.0074
0
0.0193
0
0.0093
0.0133
0.0143
0
0
0.0304
0
0
0.0187
0.0171
0.0179
0.0304
0.1019
0.0289
0
0
0
0
0
0
0.0429
0
0
0.0164
0
0
0
0
0.0053
0.0097
0
0
0.0024
0.003
0
0
0.0236
0
0
0
0
0
0
0
0
0
0
0
0
0
0
0
0
0
0
0
0.0179
0.0223
0
0
0
0
0
0
0
0.0058
0.1142
0
0.0192
0
0
0
0
0
0
0.0483
0
0.0605
0.0047
0
0.0175
0
0
0
0
0
0
0
0
0
0.0293
0.0218
0.0409
0
0
0
0
0
0.0346
0.0269
0
0
0
0
0.0035
0
0
0
0
0.0181
0
0
0
0.0166
0.0376
0
0
0
0.0222
0.045
0
0
0
0
0
0
0
0.0244
0.02
0.0216
0
0.0407
0.0555
0
0
0.0057
0
0
0
0
0
0
0
0
0.0278
0.0501
0
0.0189
0
0.0566
0
0
0
0
0
0
0
0
0.0262
0.0568
0
0
0
0.049
0.0099
0
0
0
0
0
0
0
0
0
0
0
0
0
0
0
0
0
0
0
0
0
0
0
0
0
0
0.0195
0
0
0
0
0
0
0
0
0
0.02
0
0
0
0
0
0
0
0
0.0239
0
0
0
0.0056
0.0045
0
0
0
0
0
0
0
0.0064
0
0
0.013
0.0185
0
0
0
0
0
0.025
0
0.0417
0
0
0
0
0
0
0
0
0
0
0
0
0.0424
0
0
0
0
0
0
0
0
0.0318
0
0
0
0
0
0
0
0
0
0
0
0
0
0
0
0
0
0
0
0
0
0.031
0
0
0
0
0
0
0
0
0
0
0
0
0
0
0
0
0
0
0.0174
0
0
0
0
0
0
0
0
0
0
0
0
0
0
0
0
0
0
0
0
0
0
0
0
0
0
0
0
0
0
0
0.0421
0
0
0
0
0
0
0
0
0
0
0
0
0
0
0
0
0
0
0
0
0
0
0.0225
0
0
0
0
0
0
0
0
0
0
0
0
0
0
0
0
0
0
0
0
0
0
0
0
0
0
0
0
0
0
0
0
0
0
0
0
0
0
0
0
0
0
0
0
0
0
0
0
0
0
0
0
0
0
0
0
0
0
0
0.0194
0
0
0
0
0
0
0
0
0
0
0
0
0
0
0
0
0.0178
0
0
0
0
0
0
0
0
0
0
0
0
0
0
0
0
0
0
0
0
0
0
0
0
0
0
0
0
0
0
0
0
0
0
0
0
0.0205
0
0
0
0.0037
0
0.0265
0.0359
0
0
0
0
0
0
0
0
0.0218
0.0304
0
0
0
0
0
0.0197
0.0264
0.0253
0
0
0.0194
0
0
0
0.0316
0.0069
0
0
0
0.0488
0
0
0.0168
0
0.0149
0
0
0.0195
0.0316
0.0235
0
0
0
0
0
0
0
0
0.0054
0.0215
0
0
0
0
0
0
0
0
0.0131
0
0
0
0
0
0
0
0
0
0
0
0
0
0
0
0
0
0
0
0
0
0
0
0
0.0183
0
0
0.0455
0
0
0
0
0.0234
0
0
0.0167
0.0418
0
0
0
0.0323
0.012
0.0575
0
0.0046
0
0
0
0
0.0237
0
0.0377
0
0
0.0232
0
0
0
0
0
0.0327
0.0108
0
0
0
0
0
0
0.0949
0
0
0
0.0488
0.0363
0
0.0181
0.0281
0
0
0
0.075
0
0
0.0274
0
0
0.0225
0
0.015
0
0.0239
0
0
0
0
0
0
0
0.0366
0
0
0
0
0
0
0
0
0
0
0
0
0
0
0
0
0
0
0
0
0
0
0
0
0
0
0
0
0
0
0
0
0
0
0
0
0
0
0.0078
0
0
0
0
0
0
0
0.0424
0
0
0
0.0071
0
0
0
0
0
0.0933
0
0
0
0.0238
0.0268
0
0
0
0
0
0.0113
0
0
0.0056
0
0
0.0232
0
0
0.0044
0.0049
0
0.0032
0.0197
0
0
0
0
0
0.0224
0
0.0193
0.0158
0
0.0369
0
0.0191
0
0.0327
0
0.0509
0
0.0053
0
0.0225
0.0273
0
0.0491
0.0235
0.0192
0
0.0153
0
0
0.0102
0
0
0.032
0
0.0617
0
0.0198
0
0
0.0217
0
0
0
0.0166
0
0.0251
0
0
0.0272
0.0542
0.0337
0
0
0
0.0199
0
0
0
0
0.0195
0
0
0
0.0309
0.0401
0
0
0.0275
0.08
0.0136
0
0
0.1034
0.0404
0.0345
0
0.019
0
0
0
0
0
0
0
0
0
0.033
0
0
0.0072
0.018
0
0
0
0.028
0
0
0
0
0
0
0.0117
0.0315
0
0
0
0.0192
0
0
0
0
0
0
0
0
0.0285
0
0
0
0
0.0364
0
0
0
0
0.061
0
0
0
0
0.0562
0
0
0.0231
0
0
0
0
0.0207
0
0.0161
0.0433
0
0
0
0
0
0
0
0
0
0.0355
0.0381
0
0
0
0.0193
0
0
0
0
0
0.041
0.044
0
0
0
0
0
0.0152
0
0
0
0
0
0.0078
0
0
0
0
0
0.0045
0.0396
0.0182
0
0
0.089
0
0.0237
0
0.0169
0.0293
0
0.0048
0
0
0
0
0.0045
0.0061
0
0.0999
0
0.0098
0.0307
0
0.0399
0.0509
0.0237
0.0081
0
0.0128
0
0
0
0
0
0.0218
0
0.0237
0.0208
0.0327
0
0
0
0
0
0.0273
0
0
0
0
0.034
0
0
0
0
0
0.0238
0
0.0229
0
0
0
0
0
0.0251
0
0
0
0
0.0297
0
0
0.062
0
0
0
0.0124
0.0413
0
0
0
0
0
0.018
0
0
0
0
0.014
0
0.0283
0.0458
0
0
0
0
0
0
0
0
0
0
0
0
0
0
0
0.0519
0
0
0
0
0
0
0
0
0
0
0
0
0
0
0
0
0
0
0
0.0145
0
0
0
0
0
0
0
0.0173
0.0109
0.0256
0
0
0
0
0
0
0.0235
0
0
0
0
0
0.021
0
0
0.0193
0.0454
0
0
0
0.013
0
0
0
0
0
0
0
0.0169
0.0586
0
0.0259
0
0
0
0
0.0558
0
0.0351
0.0593
0
0
0.0375
0
0
0
0.0168
0
0
0
0
0
0.0437
0
0.0221
0.0148
0
0.028
0
0.0189
0.0065
0
0
0.0215
0
0.0078
0.0227
0
0
0
0
0
0.112
0
0
0.0069
0
0
0
0.1251
0
0.0272
0
0
0.0277
0.0695
0
0.0079
0
0.0219
0
0.0511
0.0214
0.0113
0.0487
0.0105
0
0
0
0
0
0.0372
0.0182
0.0661
0
0
0
0
0
0
0
0
0
0
0.0189
0
0
0
0
0
0
0.0273
0
0
0
0.0225
0.0321
0
0
0.0542
0
0
0
0
0
0
0
0
0
0
0
0.0085
0.0139
0.0571
0
0
0.0527
0.0098
0
0
0
0
0
0
0
0
0
0
0
0
0
0.0243
0
0
0
0
0.0055
0.0206
0.0214
0
0
0.0027
0
0
0
0
0
0
0.0064
0.0437
0
0
0
0
0
0.0204
0.0597
0
0
0.0394
0.0171
0.0215
0.0189
0
0
0
0.0903
0
0
0
0
0
0
0
0.0353
0
0.0031
0
0
0
0.0207
0
0.0087
0.0106
0.0057
0
0
0.0483
0
0
0.0156
0
0
0
0
0
0.0211
0
0
0
0.0403
0
0
0
0.0265
0.0489
0.0148
0
0
0
0.0077
0
0
0
0.009
0
0
0
0.0095
0.0053
0
0.0496
0.0195
0.0136
0
0
0.0143
0
0
0.0194
0
0
0.0185
0.0207
0
0
0
0
0
0.015
0
0
0
0
0
0
0
0
0
0
0
0
0
0
0
0
0
0
0
0
0
0
0
0
0
0
0
0
0
0
0
0
0
0
0
0
0
0
0
0
0
0
0
0
0.0108
0
0
0
0
0
0
0
0
0
0.0136
0
0.0327
0
0
0.0203
0.0174
0.0057
0
0.0427
0
0
0
0
0
0
0
0
0.0218
0
0
0
0
0
0.0211
0
0
0
0
0
0
0
0
0
0
0
0
0.0408
0
0
0
0
0
0
0
0
0
0
0
0
0
0
0
0
0
0.0405
0
0
0
0
0
0
0.0188
0
0
0
0
0
0.0161
0
0
0
0
0
0
0
0.0192
0
0.0072
0.0418
0.0279
0
0
0
0.0036
0
0
0
0
0
0
0
0
0
0
0
0.0087
0
0
0
0
0
0.034
0
0
0
0
0
0.0106
0
0
0
0
0
0
0
0
0
0
0
0
0
0
0
0
0
0
0.0115
0.0105
0.0327
0
0
0.0196
0
0
0.0429
0.0163
0.0098
0
0
0
0
0.074
0
0
0.0278
0
0
0
0
0
0
0.0154
0.002
0
0
0
0
0
0
0
0
0.0158
0
0
0
0
0
0.0045
0
0
0
0
0
0
0
0
0.0171
0.0206
0
0
0
0
0
0
0
0
0
0
0
0
0
0
0
0
0
0
0
0
0
0
0
0
0
0
0
0.0475
0
0
0
0
0.0399
0
0
0.0138
0
0
0
0
0
0.0448
0.0262
0
0
0
0
0
0
0
0.023
0
0.023
0
0
0
0.0435
0
0
0
0.0167
0.0263
0
0
0
0.0576
0
0
0
0
0.0271
0
0
0
0
0
0
0
0
0.022
0
0
0
0
0
0
0
0.0238
0
0
0.0207
0.0307
0.0071
0
0.0066
0
0.0187
0
0
0
0
0
0
0
0
0.0275
0
0.0076
0
0
0
0.0306
0
0
0
0
0.0192
0
0
0
0
0.0107
0
0
0
0.0781
0
0
0.0182
0
0
0
0
0
0
0
0
0
0
0
0
0
0
0
0
0
0
0
0
0
0.024
0
0
0
0
0
0
0
0
0
0
0
0
0
0
0
0
0
0
0
0
0
0
0
0
0
0
0
0
0
0
0
0
0
0
0
0
0
0
0
0
0
0
0
0.0066
0
0
0
0
0.0261
0.0374
0
0.022
0
0
0
0
0
0
0.0049
0
0
0
0
0
0
0
0
0
0
0
0.0485
0
0
0
0
0
0
0
0
0
0
0
0
0
0
0
0
0
0
0.0067
0
0
0
0
0
0
0
0
0
0
0.0214
0
0
0.0089
0
0
0
0
0
0
0
0
0
0
0
0
0
0
0
0
0
0
0
0
0
0
0
0
0
0
0
0
0
0.0044
0
0
0
0
0
0
0
0
0
0
0
0
0
0
0
0
0
0
0
0
0.0201
0
0
0
0
0
0
0
0
0
0
0
0
0
0
0
0
0.021
0
0
0
0
0
0
0
0
0
0
0
0
0
0
0
0
0
0
0
0
0
0
0
0
0
0
0
0
0
0
0
0
0
0
0
0
0
0
0
0.0095
0
0
0
0
0
0
0
0
0
0
0
0
0
0
0
0
0
0
0
0
0
0
0
0.0168
0
0
0
0
0
0
0
0.0158
0
0
0.0381
0
0
0
0.043
0
0
0
0
0.0192
0
0.0217
0
0
0
0.0058
0
0
0
0.0321
0
0
0
0
0.0424
0
0.11
0
0
0
0.0362
0.0244
0
0
0
0
0
0
0
0
0
0
0
0
0
0
0
0.0062
0
0.0231
0
0
0
0
0
0
0
0.0496
0.0086
0.0115
0
0
0.0256
0.0118
0.0185
0.0157
0
0
0
0
0.0265
0
0.0218
0
0
0
0
0
0.0216
0
0
0
0
0
0
0.0172
0
0
0
0.0226
0
0.0818
0.0352
0.0586
0
0.0042
0
0.0353
0
0
0
0.0216
0
0
0
0
0
0
0.0185
0
0
0
0
0
0
0
0
0.0174
0
0
0
0
0
0
0
0
