0
0
0
0
0
0
0
0
0
0
0
0
0
0
0
0
0
0
0
0
0
0
0
0
0
0
0
0
0
0
0
0
0
0
0
0
0
0
0
0
0
0
0
0
0
0
0
0
0
0
0
0
0
0
0
0
0
0
0
0
0
0
0
0
0
0
0
0
0
0
0
0
0
0
0
0
0
0
0
0
0
0
0
0
0
0
0
0
0
0
0
0
0
0
0
0
0
0
0
0
0
0
0
0
0
0
0
0
0
0
0
0
0
0
0
0
0
0
0
0
0
0
0
0
0
0
0
0
0
0
0
0
0
0
0
0
0
0
0
0
0
0
0
0
0
0
0
0
0
0
0
0
0
0
0
0
0
0
0
0
0
0
0
0
0
0
0
0
0
0
0
0
0
0
0
0
0
0
0
0
0
0
0
0
0
0
0
0
0
0
0
0
0
0
0
0
0
0
0
0
0
0
0
0
0
0
0
0
0
0
0
0
0
0
0
0
0
0
0
0
0
0
0
0
0
0
0
0
0
0
0
0
0
0
0
0
0
0
0
0
0
0
0
0
0
0
0
0
0
0
0
0
0
0
0
0
0
0
0
0
0
0
0
0
0
0
0
0
0
0
0
0
0
0
0
0
0
0
0
0
0
0
0
0
0
0
0
0
0
0
0
0
0
0
0
0
0
0
0
0
0
0
0
0
0
0
0
0
0
0
0
0
0
0
0
0
0
0
0
0
0
0
0
0
0
0
0
0
0
0
0
0
0
0
0
0
0
0
0
0
0
0
0
0
0
0
0
0
0
0
0
0
0
0
0
0
0
0
0
0
0
0
0
0
0
0
0
0
0
0
0
0
0
0
0
0
0
0
0
0
0
0
0
0
0
0
0
0
0
0
0
0
0
0
0
0
0
0
0
0
0
0
0
0
0
0
0
0
0
0
0
0
0
0
0
0
0
0
0
0
0
0
0
0
0
0
0
0
0
0
0
0
0
0
0
0
0
0
0
0
0
0
0
0
0
0
0
0
0
0
0
0
0
0
0
0
0
0
0
0
0
0
0
0
0
0
0
0
0
0
0
0
0
0
0
0
0
0
0
0
0
0
0
0
0
0
0
0
0
0
0
0
0
0
0
0
0
0
0
0
0
0
0
0
0
0
0
0
0
0
0
0
0
0
0
0
0
0
0
0
0
0
0
0
0
0
0
0
0
0
0
0
0
0
0
0
0
0
0
0
0
0
0
0
0
0
0
0
0
0
0
0
0
0
0
0
0
0
0
0
0
0
0
0
0
0
0
0
0
0
0
0
0
0
0
0
0
0
0
0
0
0
0
0
0
0
0
0
0
0
0
0
0
0
0
0
0
0
0
0
0
0
0
0
0
0
0
0
0
0
0
0
0
0
0
0
0
0
0
0
0
0
0
0
0
0
0
0
0
0
0
0
0
0
0
0
0
0
0
0
0
0
0
0
0
0
0
0
0
0
0
0
0
0
0
0
0
0
0
0
0
0
0
0
0
0
0
0
0
0
0
0
0
0
0
0
0
0
0
0
0
0
0
0
0
0
0
0
0
0
0
0
0
0
0
0
0
0
0
0
0
0
0
0
0
0
0
0
0
0
0
0
0
0
0
0
0
0
0
0
0
0
0
0
0
0
0
0
0
0
0
0
0
0
0
0
0
0
0
0
0
0
0
0
0
0
0
0
0
0
0
0
0
0
0
0
0
0
0
0
0
0
0
0
0
0
0
0
0
0
0
0
0
0
0
0
0
0
0
0
0
0
0
0
0
0
0
0
0
0
0
0
0
0
0
0
0
0
0
0
0
0
0
0
0
0
0
0
0
0
0
0
0
0
0
0
0
0
0
0
0
0
0
0
0
0
0
0
0
0
0
0
0
0
0
0
0
0
0
0
0
0
0
0
0
0
0
0
0
0
0
0
0
0
0
0
0
0
0
0
0
0
0
0
0
0
0
0
0
0
0
0
0
0
0
0
0
0
0
0
0
0
0
0
0
0
0
0
0
0
0
0
0
0
0
0
0
0
0
0
0
0
0
0
0
0
0
0
0
0
0
0
0
0
0
0
0
0
0
0
0
0
0
0
0
0
0
0
0
0
0
0
0
0
0
0
0
0
0
0
0
0
0
0
0
0
0
0
0
0
0
0
0
0
0
0
0
0
0
0
0
0
0
0
0
0
0
0
0
0
0
0
0
0
0
0
0
0
0
0
0
0
0.1611
0.1866
0
0
0
0
0
0
0
0
0
0
0
0
0
0
0
0
0
0
0
0
0
0
0
0
0
0
0
0
0
0
0
0
0
0
0
0
0
0
0
0
0
0
0
0
0
0
0
0
0
0
0
0
0
0
0
0
0
0
0
0
0
0.0222
0
0
0
0
0
0
0
0
0
0
0
0
0
0
0.0174
0
0
0
0
0
0
0
0
0
0
0
0
0
0
0
0
0
0
0
0
0
0
0
0
0
0
0
0
0.0083
0
0
0
0
0
0
0
0
0
0
0
0
0.0322
0
0
0
0.0183
0
0
0.0063
0
0
0
0
0
0
0
0.0225
0
0
0
0
0
0
0
0
0
0
0
0
0
0
0
0
0
0
0
0
0
0
0
0
0
0
0
0
0
0
0
0
0
0
0
0
0
0
0
0
0
0
0
0
0
0
0
0
0
0
0
0
0
0
0
0
0
0
0
0
0
0
0
0
0
0
0
0
0
0
0
0
0
0
0
0
0
0
0
0
0
0
0
0
0
0
0
0
0
0
0
0
0
0
0
0
0
0
0
0
0
0
0
0
0
0
0
0
0
0
0
0
0
0
0
0
0
0
0
0
0
0
0
0
0
0
0
0
0
0
0
0
0
0
0
0
0
0
0
0
0
0
0
0
0
0
0
0
0
0
0
0
0
0
0
0
0
0
0
0
0
0
0
0
0
0
0
0
0
0
0
0
0
0
0
0
0
0
0
0
0
0
0
0
0
0
0
0
0
0
0
0
0
0
0
0
0
0
0
0
0
0
0
0
0
0
0
0
0
0
0
0
0
0
0
0
0
0
0
0
0
0
0
0
0
0
0
0
0
0
0
0
0
0
0
0
0
0
0
0
0
0
0
0
0
0
0
0
0
0
0
0
0
0
0
0
0
0
0
0
0
0
0
0
0
0
0
0
0
0
0
0
0
0
0
0
0
0
0
0
0
0
0
0
0
0
0
0
0
0
0
0
0
0
0
0
0
0
0
0
0
0
0
0
0
0
0
0
0
0
0
0
0
0
0
0
0
0
0
0
0
0
0
0
0
0
0
0
0
0
0
0
0
0
0
0
0
0
0
0
0
0
0
0
0
0
0
0
0
0
0
0
0
0
0
0
0
0
0.0202
0
0
0
0
0
0
0
0
0
0
0
0
0
0
0
0
0
0
0
0
0
0
0
0
0
0
0
0
0
0
0
0
0
0
0
0
0
0
0
0
0
0
0
0
0
0
0
0
0
0
0
0
0
0
0
0
0
0
0
0
0
0
0.021
0
0
0
0
0
0.034
0
0
0
0
0
0
0
0
0
0
0
0
0
0
0
0
0
0
0
0
0
0
0
0.0123
0.003
0
0
0
0.0315
0.0717
0
0
0
0
0
0
0
0.0376
0
0
0
0
0
0
0.0436
0.0288
0
0
0
0.0063
0
0.0583
0
0
0
0
0
0
0
0.0206
0
0
0
0
0
0
0.0198
0
0
0
0
0
0
0
0
0
0
0
0
0
0
0
0
0
0
0
0
0
0
0
0
0.0182
0
0
0
0
0
0.0336
0
0
0
0
0
0
0
0
0.0078
0.0115
0
0
0
0
0
0
0
0
0
0
0
0
0
0
0
0
0
0
0
0
0
0
0
0
0
0
0.0061
0
0
0
0
0
0
0
0
0
0
0
0
0
0
0
0
0
0
0
0
0
0
0
0
0
0
0
0
0
0
0
0
0
0
0
0
0
0
0
0
0
0
0
0
0
0
0
0
0
0
0
0
0
0
0
0
0
0
0
0
0
0
0
0
0
0
0
0
0
0
0
0
0
0
0
0
0
0
0
0
0
0
0
0
0
0
0
0
0
0
0
0
0
0
0
0
0
0
0
0
0
0
0
0
0
0
0
0
0
0
0
0
0
0
0
0
0
0
0
0
0
0
0
0
0
0
0
0
0
0
0
0
0
0
0
0
0
0
0
0
0
0
0
0
0
0
0.0043
0
0
0
0
0
0
0
0
0
0
0
0
0
0
0.023
0
0
0
0
0
0
0
0
0
0
0
0
0
0
0
0
0
0
0
0
0
0
0
0
0
0
0
0
0
0
0
0
0
0.0097
0
0
0
0
0
0.0627
0
0
0
0
0
0
0
0
0.0224
0
0
0
0
0
0
0.0355
0
0
0
0
0
0
0
0.0231
0
0
0
0
0
0
0.0177
0
0
0
0
0
0
0
0
0
0
0
0
0
0
0
0
0
0
0
0
0
0
0
0
0
0
0
0
0
0
0
0
0
0
0
0
0
0
0
0
0
0
0
0
0
0
0
0
0
0
0
0
0
0
0
0
0
0
0
0
0.0185
0
0
0
0
0
0
0
0
0
0.0221
0
0
0
0
0
0.0197
0
0
0
0
0
0
0
0
0
0
0
0
0
0
0
0
0
0
0
0
0
0
0.0247
0
0
0
0
0
0
0
0
0
0
0
0
0
0.0398
0
0
0.0159
0.0218
0
0
0
0
0
0
0
0
0
0.0242
0
0
0
0
0
0
0
0
0
0
0
0
0
0
0
0
0
0
0
0
0
0.0304
0
0
0
0
0
0
0
0
0
0
0
0
0
0
0
0.019
0
0
0
0
0
0
0.0227
0
0
0
0
0.0066
0
0
0
0
0
0
0
0
0
0
0
0
0.0181
0
0
0
0
0
0
0
0
0
0
0
0
0
0
0
0
0
0
0
0
0
0
0
0
0
0
0
0
0
0
0
0
0
0
0
0
0.0668
0
0
0
0.0229
0
0
0.0214
0
0
0
0
0
0
0
0
0
0
0
0
0
0
0
0
0.0295
0
0.0246
0
0
0
0
0
0
0
0.0065
0
0
0
0
0
0
0
0
0
0
0
0
0
0
0
0
0
0
0.0185
0
0
0
0
0
0.0072
0
0
0
0.0106
0
0
0
0
0
0
0
0
0
0
0
0
0
0
0
0
0
0.0084
0
0
0
0
0
0
0
0
0
0
0
0
0
0.0177
0
0
0
0
0
0
0
0
0
0
0
0
0
0
0
0.0165
0.0165
0.0246
0
0.0279
0
0
0
0
0
0
0
0
0
0
0
0
0
0
0
0
0
0
0
0
0
0
0
0
0
0
0
0
0
0
0
0
0
0
0
0
0
0
0
0
0
0
0
0
0
0
0
0
0
0
0
0
0
0.0199
0.0411
0
0
0
0
0
0
0
0
0
0
0
0.0146
0
0
0
0
0
0
0
0
0
0
0
0
0
0
0
0
0
0
0
0
0
0
0
0
0
0
0
0
0
0
0
0
0
0
0
0
0
0
0
0
0
0
0
0
0
0
0
0
0
0
0
0
0
0
0
0
0
0
0
0
0
0
0
0
0
0
0
0
0
0
0
0
0
0
0
0
0
0
0
0
0
0
0
0
0
0
0
0.0436
0
0
0
0
0
0
0
0
0
0
0
0
0
0
0
0
0
0
0
0
0
0
0
0
0
0
0
0
0
0
0
0
0
0
0
0
0
0
0
0
0
0
0
0
0
0
0
0
0
0
0
0
0
0
0
0
0
0
0
0
0
0
0
0
0
0
0
0
0
0
0
0
0
0
0
0.0042
0
0
0
0
0
0
0
0
0
0
0
0
0
0
0
0
0
0
0
0
0
0
0
0
0
0
0
0
0
0
0
0
0
0
0
0
0
0
0
0
0
0
0
0
0
0
0
0
0
0
0
0
0
0.0064
0
0
0.0219
0
0
0
0
0
0
0
0
0
0
0.0189
0
0
0
0
0
0
0
0.0186
0
0
0
0
0
0
0
0
0
0
0
0
0
0
0
0
0
0
0
0
0
0
0
0
0
0.0156
0
0
0
0
0
0
0
0
0
0.0054
0
0
0
0
0
0
0
0
0
0
0
0
0
0
0
0
0
0
0
0
0
0
0
0
0
0
0
0
0
0
0
0
0
0
0
0
0
0
0
0.0173
0
0
0
0
0
0
0
0
0
0
0
0
0
0
0
0
0
0
0
0
0
0
0
0
0
0
0
0
0
0
0
0
0
0
0
0
0
0
0
0
0
0
0
0
0
0
0
0
0
0
0
0
0
0
0
0
0.0208
0
0
0
0.0084
0.0313
0.0219
0
0
0
0
0
0
0
0.0799
0
0
0
0
0
0
0
0
0
0
0
0
0
0
0
0
0
0
0
0
0
0
0
0
0
0
0
0
0
0
0
0
0
0
0
0
0
0
0
0
0
0
0
0
0
0
0
0
0
0
0
0
0
0
0
0
0
0
0
0
0
0
0
0
0
0
0
0.0213
0
0
0
0
0
0
0
0
0
0
0
0
0
0
0
0
0
0
0
0
0
0
0
0
0
0
0
0
0.0209
0
0
0
0
0
0
0
0
0
0
0
0
0
0
0
0
0
0
0
0
0
0
0
0
0
0
0
0
0
0
0
0
0
0
0
0
0
0
0
0
0
0
0
0
0
0
0
0
0
0
0
0
0
0
0
0.0164
0
0
0
0
0
0
0
0
0
0
0
0
0
0
0
0
0
0
0
0
0
0
0
0
0
0
0
0
0
0.0069
0
0
0
0
0
0
0
0
0
0
0
0
0
0
0
0
0
0
0
0
0
0
0
0
0
0
0
0
0
0
0
0
0
0
0
0
0
0
0
0
0
0
0
0
0
0
0
0
0
0
0
0
0.0191
0
0
0
0.0054
0
0
0
0
0
0
0
0
0
0
0
0
0
0
0
0
0
0
0
0
0
0
0
0
0
0
0
0
0
0
0
0
0
0
0
0
0
0
0
0
0
0
0
0
0
0
0
0
0
0
0
0
0
0
0
0
0
0
0
0
0.0073
0
0
0
0
0
0
0
0
0
0
0
0
0
0.0351
0
0.0592
0.0197
0
0
0
0
0
0
0
0.0206
0
0
0.0759
0
0
0.0222
0.0221
0.0264
0
0
0
0
0
0
0.0211
0
0
0
0.0195
0
0
0
0.0373
0.0081
0
0
0
0.0216
0.0185
0
0.0117
0
0
0
0
0
0
0.0076
0
0
0
0
0.0224
0
0
0
0
0
0
0
0
0
0
0
0
0
0
0
0
0
0
0
0
0
0
0.0245
0
0
0
0
0
0
0
0.0085
0
0
0
0
0
0
0
0
0
0
0
0
0.0274
0
0.0202
0.0217
0
0
0
0
0.0202
0
0.0238
0
0
0
0
0
0
0
0
0
0
0
0
0
0
0
0
0
0
0
0
0.0201
0
0
0
0.0075
0
0
0
0
0
0
0.0182
0
0
0
0
0
0
0
0
0
0
0
0
0
0
0
0
0
0
0
0.019
0.0163
0
0
0
0
0
0
0
0
0
0
0
0
0
0
0
0
0
0
0
0
0
0
0
0.0209
0
0
0
0
0
0
0
0
0
0
0
0
0
0
0
0
0
0
0
0
0
0
0
0.0053
0
0
0
0.0243
0
0.0035
0
0.0247
0
0
0.0128
0.0054
0.034
0
0.0378
0
0
0
0.0392
0.0235
0.0231
0
0
0
0
0
0
0
0
0.0138
0
0
0
0
0
0
0
0
0
0
0
0
0
0
0
0
0
0
0
0
0
0
0
0
0
0
0
0
0
0
0
0
0
0.0042
0
0
0
0
0.02
0
0
0
0
0
0.0093
0.0211
0
0
0
0
0
0
0
0
0
0.0323
0
0
0
0
0
0
0
0.0223
0
0
0
0
0
0
0.0176
0
0
0
0
0
0
0.0037
0
0
0
0
0
0.0188
0
0
0
0
0
0
0.0053
0
0
0
0
0
0
0
0.0223
0.0221
0.0379
0
0
0
0
0
0
0.0417
0
0
0.0043
0.0095
0
0.0071
0
0.0194
0
0
0
0
0
0
0
0
0
0
0
0.021
0
0
0.0052
0
0
0.0401
0
0
0.0155
0
0
0
0
0
0
0
0
0.0126
0
0
0
0.0186
0
0
0
0
0
0
0
0
0.0053
0
0
0
0
0
0
0
0
0
0
0
0
0
0
0
0
0
0
0
0.0053
0
0
0
0.0256
0
0
0
0
0
0
0
0
0
0.0211
0.0205
0
0
0
0
0
0
0
0
0.0182
0
0
0.0413
0
0
0
0.0015
0.0745
0.0149
0.0305
0.0242
0
0.0248
0
0
0
0
0.0452
0
0
0.0373
0
0
0.0107
0
0
0
0.0056
0
0
0
0
0
0.0216
0
0
0
0
0
0
0.0176
0
0
0
0
0.0052
0
0
0
0
0
0
0
0
0
0.0191
0
0
0.0262
0
0.0326
0
0
0
0.0346
0
0
0
0
0
0
0
0
0
0
0
0.033
0
0
0
0.0239
0
0
0
0
0
0
0
0
0.008
0.0055
0
0
0
0.0206
0
0
0
0.005
0
0
0
0
0
0
0
0
0
0
0
0
0
0
0
0
0
0
0
0
0
0
0
0
0
0
0
0
0.0189
0
0
0
0
0.021
0
0
0
0
0
0
0.0207
0
0
0
0
0.0446
0
0
0
0
0
0
0
0
0.0394
0
0
0
0
0.0458
0
0
0
0
0.0198
0
0
0
0
0
0.0047
0
0.033
0
0.0235
0
0
0
0
0
0
0
0
0
0
0.0064
0
0
0
0
0.0263
0
0.0057
0
0
0
0
0
0
0
0
0
0
0
0
0
0
0
0
0
0
0
0
0
0
0
0
0
0
0
0
0
0
0
0
0
0
0
0
0
0
0
0
0
0
0
0
0
0
0
0
0
0
0
0
0
0
0.0315
0
0
0
0
0
0
0
0
0
0
0
0
0
0.0213
0
0
0
0
0
0
0.0105
0.0098
0
0
0
0.0325
0
0
0.0381
0.0177
0
0
0
0
0
0
0.0188
0
0
0
0
0.0396
0
0
0
0
0
0
0
0
0
0
0
0
0.1132
0
0
0
0.0181
0
0
0
0
0
0.0306
0.0183
0.0339
0
0
0
0
0
0
0
0
0
0
0
0
0
0
0
0
0
0
0
0
0
0.0376
0
0
0
0
0
0
0
0
0
0
0
0
0
0
0
0
0
0
0
0
0
0
0
0
0
0
0
0
0.0227
0
0
0
0.0157
0
0.0044
0
0
0.0179
0
0
0.0135
0
0
0
0
0
0
0
0
0
0
0
0
0
0.0521
0
0
0.0433
0
0.0339
0.0247
0
0
0
0
0
0
0.0411
0
0.007
0.0223
0.0193
0
0
0
0.0191
0
0
0.0196
0
0
0
0
0
0
0.0399
0.03
0
0.0607
0.0096
0
0.0096
0
0
0
0
0
0
0
0
0.0224
0
0
0
0
0
0
0
0
0
0
0
0
0
0
0
0
0
0
0
0
0
0
0
0.0118
0
0
0.0193
0
0
0
0
0
0
0
0
0.0062
0
0
0
0
0
0
0
0
0.0246
0
0
0
0
0
0
0
0
0
0
0
0
0
0
0.0295
0
0
0
0
0.0197
0
0
0
0
0
0
0
0
0
0
0
0
0
0
0
0
0.0209
0
0
0
0
0
0
0
0
0
0
0
0
0
0
0
0
0
0
0
0
0
0
0
0
0
0
0
0
0
0
0.044
0
0
0
0
0.0271
0
0
0
0
0
0
0
0
0
0
0
0
0
0
0
0
0
0
0
0
0
0
0
0
0
0
0
0
0
0
0.0199
0
0.0513
0
0.0227
0.0087
0.0144
0
0
0
0
0.0079
0
0
0
0.0238
0.0062
0
0
0.037
0
0.0329
0.038
0.0755
0
0
0.0111
0.0503
0.0033
0
0
0.0125
0
0
0
0
0
0.0167
0
0
0
0
0
0
0
0
0
0
0
0
0
0
0
0.0223
0
0
0
0
0
0
0
0
0
0
0
0
0
0
0
0
0
0
0
0
0
0
0
0
0
0
0
0
0
0
0
0.0137
0
0
0
0
0
0
0
0
0
0
0
0
0
0
0
0
0.0207
0
0
0
0
0
0
0
0.019
0
0
0
0
0
0
0
0
0
0
0
0
0
0
0
0
0
0
0
0
0
0
0
0
0
0
0
0
0
0
0
0
0
0
0
0
0
0
0
0
0
0
0
0
0
0
0
0
0
0
0
0
0
0
0
0
0
0
0
0
0
0
0
0
0
0
0
0
0
0
0
0.029
0
0
0
0
0
0
0
0
0
0
0
0
0
0
0
0
0
0
0
0
0
0
0
0
0
0.0055
0
0
0
0
0
0
0
0
0
0
0
0.0436
0
0
0
0
0
0
0
0
0
0
0
0
0
0
0
0
0
0
0
0
0
0
0
0
0
0
0
0
0
0
0
0
0
0
0.0048
0
0
0
0
0
0
0
0
0.0057
0
0
0
0
0
0.0208
0
0
0.0119
0
0.0393
0
0
0
0
0
0
0.03
0
0
0
0
0
0
0
0.0056
0
0
0
0.005
0
0.0057
0
0
0
0
0.0436
0
0.06
0
0
0
0.0243
0
0.0056
0
0
0
0
0
0
0
0
0
0.0391
0.0187
0
0
0
0
0.034
0
0.0399
0
0.0346
0
0.02
0.0168
0.0085
0.041
0.0079
0.0546
0
0.0347
0
0.0183
0
0
0.0378
0
0
0.0455
0
0
0
0.0058
0
0
0.0247
0
0
0
0
0
0
0
0
0
0
0.0229
0.0222
0
0
0
0
0
0
0
0
0
0.0208
0
0
0
0
0
0
0
0
0
0.0049
0.0579
0
0
0
0
0
0
0
0
0
0
0
0
0
0
0
0
0
0
0
0
0
0.0337
0
0
0
0
0
0
0
0.0032
0
0
0
0
0.007
0
0
0
0
0
0
0
0
0
0
0
0
0
0
0
0
0
0
0
0
0
0
0
0
0
0
0
0
0.0174
0
0
0
0.0188
0.0304
0
0
0
0
0
0.0048
0
0
0.0229
0.0793
0
0.0251
0
0
0
0
0
0
0
0.0383
0
0
0
0
0
0.0115
0.048
0
0
0
0.0312
0
0
0.0179
0
0.02
0
0
0
0
0
0
0
0
0
0
0
0
0
0
0
0
0
0
0
0
0
0
0
0
0
0.0219
0
0
0
0.0455
0.0038
0
0
0
0
0
0
0
0
0
0
0
0
0
0
0
0
0
0.017
0
0
0
0
0
0
0
0.067
0
0.0107
0.0175
0
0
0
0
0
0
0
0
0.0249
0
0
0
0
0.0186
0
0
0
0.0388
0
0
0
0.0145
0
0.0081
0.0076
0
0.0046
0
0
0
0
0.0063
0
0
0.0106
0.0669
0
0
0.0158
0
0
0
0
0.0149
0.0046
0.0269
0
0
0
0
0
0
0
0
0.0234
0
0
0
0
0
0.0174
0
0
0.0357
0
0.0188
0.0478
0.0068
0
0
0
0.0078
0.0384
0.0328
0
0.0232
0
0
0.008
0
0.003
0
0
0.0301
0
0
0
0.029
0
0
0
0
0
0
0
0.0035
0.0205
0
0
0
0
0
0
0
0
0
0
0
0
0
0.0232
0
0
0.0443
0
0
0
0
0
0
0
0
0
0
0
0
0
0
0
0
0
0
0
0
0
0.0066
0
0
0.0086
0
0
0
0
0
0
0
0
0
0
0
0
0
0.0676
0
0
0
0.0293
0
0.0558
0.0087
0
0.0079
0
0
0
0.0116
0
0
0.0034
0.0184
0
0
0
0
0.0181
0
0
0
0
0
0
0
0.0181
0
0
0.0054
0
0
0
0
0
0
0
0
0
0
0
0
0
0
0
0
0.0129
0
0
0
0
0
