0
0
0
0
0
0
0
0
0
0
0
0
0
0
0
0
0
0
0
0
0
0
0
0
0
0
0
0
0
0
0
0
0
0
0
0
0
0
0
0
0
0
0
0
0
0
0
0
0
0
0
0
0
0
0
0
0
0
0
0
0
0
0
0
0
0
0
0
0
0
0
0
0
0
0
0
0
0
0
0
0
0
0
0
0
0
0
0
0
0
0
0
0
0
0
0
0
0
0
0
0
0
0
0
0
0
0
0
0
0
0
0
0
0
0
0
0
0
0
0
0
0
0
0
0
0
0
0
0
0
0
0
0
0
0
0
0
0
0
0
0
0
0
0
0
0
0
0
0
0
0
0
0
0
0
0
0
0
0
0
0
0
0
0
0
0
0
0
0
0
0
0
0
0
0
0
0
0
0
0
0
0
0
0
0
0
0
0
0
0
0
0
0
0
0
0
0
0
0
0
0
0
0
0
0
0
0
0
0
0
0
0
0
0
0
0
0
0
0
0
0
0
0
0
0
0
0
0
0
0
0
0
0
0
0
0
0
0
0
0
0
0
0
0
0
0
0
0
0
0
0
0
0
0
0
0
0
0
0
0
0
0
0
0
0
0
0
0
0
0
0
0
0
0
0
0
0
0
0
0
0
0
0
0
0
0
0
0
0
0
0
0
0
0
0
0
0
0
0
0
0
0
0
0
0
0
0
0
0
0
0
0
0
0
0
0
0
0
0
0
0
0
0
0
0
0
0
0
0
0
0
0
0
0
0
0
0
0
0
0
0
0
0
0
0
0
0
0
0
0
0
0
0
0
0
0
0
0
0
0
0
0
0
0
0
0
0
0
0
0
0
0
0
0
0
0
0
0
0
0
0
0
0
0
0
0
0
0
0
0
0
0
0
0
0
0
0
0
0
0
0
0
0
0
0
0
0
0
0
0
0
0
0
0
0
0
0
0
0
0
0
0
0
0
0
0
0
0
0
0
0
0
0
0
0
0
0
0
0
0
0
0
0
0
0
0
0
0
0
0
0
0
0
0
0
0
0
0
0
0
0
0
0
0
0
0
0
0
0
0
0
0
0
0
0
0
0
0
0
0
0
0
0
0
0
0
0
0
0
0
0
0
0
0
0
0
0
0
0
0
0
0
0
0
0
0
0
0
0
0
0
0
0
0
0
0
0
0
0
0
0
0
0
0
0
0
0
0
0
0
0
0
0
0
0
0
0
0
0
0
0
0
0
0
0
0
0
0
0
0
0
0
0
0
0
0
0
0
0
0
0
0
0
0
0
0
0
0
0
0
0
0
0
0
0
0
0
0
0
0
0
0
0
0
0
0
0
0
0
0
0
0
0
0
0
0
0
0
0
0
0
0
0
0
0
0
0
0
0
0
0
0
0
0
0
0
0
0
0
0
0
0
0
0
0
0
0
0
0
0
0
0
0
0
0
0
0
0
0
0
0
0
0
0
0
0
0
0
0
0
0
0
0
0
0
0
0
0
0
0
0
0
0
0
0
0
0
0
0
0
0
0
0
0
0
0
0
0
0
0
0
0
0
0
0
0
0
0
0
0
0
0
0
0
0
0
0
0
0
0
0
0
0
0
0
0
0
0
0
0
0
0
0
0
0
0
0
0
0
0
0
0
0
0
0
0
0
0
0
0
0
0
0
0
0
0
0
0
0
0
0
0
0
0
0
0
0
0
0
0
0
0
0
0
0
0
0
0
0
0
0
0
0
0
0
0
0
0
0
0
0
0
0
0
0
0
0
0
0
0
0
0
0
0
0
0
0
0
0
0
0
0
0
0
0
0
0
0
0
0
0
0
0
0
0
0
0
0
0
0
0
0
0
0
0
0
0
0
0
0
0
0
0
0
0
0
0
0
0
0
0
0
0
0
0
0
0
0
0
0
0
0
0
0
0
0
0
0
0
0
0
0
0
0
0
0
0
0
0
0
0
0
0
0
0
0
0
0
0
0
0
0
0
0
0
0
0
0
0
0
0
0
0
0
0
0
0
0
0
0
0
0
0
0
0
0
0
0
0
0
0
0
0
0
0
0
0
0
0
0
0
0
0
0
0
0
0
0
0
0
0
0
0
0
0
0
0
0
0
0
0
0
0
0
0
0
0
0
0
0
0
0
0
0
0
0
0
0
0
0
0
0
0
0
0
0
0
0
0
0
0
0
0
0
0
0
0
0
0
0
0
0
0
0
0
0
0
0
0
0
0
0
0.2292
0.3849
0
0
0
0
0
0
0
0
0
0
0
0
0
0
0
0
0
0
0
0
0
0
0
0
0
0
0
0
0
0
0
0
0
0
0
0
0
0
0
0
0
0
0
0
0
0
0
0
0
0
0
0
0
0
0
0
0
0
0
0
0
0
0.0365
0
0
0
0
0
0
0
0
0
0
0
0
0.017
0
0
0
0
0
0
0
0
0
0
0
0
0
0
0
0
0
0.0154
0
0
0
0
0
0
0
0
0
0
0
0.0158
0
0
0
0.0057
0
0
0
0
0
0
0
0
0
0
0
0
0
0
0
0.0622
0
0
0
0
0
0.0213
0
0
0
0
0
0
0
0
0
0
0
0
0
0
0
0
0
0
0
0
0
0
0
0
0
0
0
0
0
0
0
0
0
0
0
0
0
0
0
0
0
0
0
0
0
0
0
0
0
0
0
0
0
0
0
0
0
0
0
0
0
0
0
0
0
0
0
0
0
0
0
0
0
0
0
0
0
0
0
0
0
0
0
0
0
0
0
0
0
0
0
0
0
0
0
0
0
0
0
0
0
0
0
0
0
0
0
0
0
0
0
0
0
0
0
0
0
0
0
0
0
0
0
0
0
0
0
0
0
0
0
0
0
0
0
0
0
0
0
0
0
0
0
0
0
0
0
0
0
0
0
0
0
0
0
0
0
0
0
0
0
0
0
0
0
0
0
0
0
0
0
0
0
0
0
0
0
0
0
0
0
0
0
0
0
0
0
0
0
0
0
0
0
0
0
0
0
0
0
0
0
0
0
0
0
0
0
0
0
0
0
0
0
0
0
0
0
0
0
0
0
0
0
0
0
0
0
0
0
0
0
0
0
0
0
0
0
0
0
0
0
0
0
0
0
0
0
0
0
0
0
0
0
0
0
0
0
0
0
0
0
0
0
0
0
0
0
0
0
0
0
0
0
0
0
0
0
0
0
0
0
0
0
0
0
0
0
0
0
0
0
0
0
0
0
0
0
0
0
0
0
0
0
0
0
0
0
0
0
0
0
0
0
0
0
0
0
0
0
0
0
0
0
0
0.0366
0
0
0
0
0
0
0
0
0
0
0
0
0
0
0
0
0
0
0
0
0
0
0
0
0
0
0
0
0
0
0
0
0
0
0
0
0
0.0361
0
0
0
0
0
0
0
0
0
0
0
0
0
0
0
0
0
0
0
0
0
0
0
0
0.0218
0
0
0
0
0
0
0
0
0
0
0
0
0
0
0
0
0
0
0
0
0
0
0
0
0
0
0
0
0
0
0.0361
0.0057
0
0
0
0.0231
0
0
0
0
0
0
0
0
0
0
0
0.0045
0
0
0
0
0
0
0
0
0
0
0
0.0255
0
0
0.034
0
0
0
0
0
0
0
0
0.0455
0
0
0
0
0
0
0.0679
0
0
0
0.039
0
0
0.0244
0.0117
0
0.0232
0
0
0.0232
0.0046
0.0037
0.0156
0
0.0216
0
0
0
0
0.0021
0.0083
0
0
0
0
0
0
0
0
0
0
0.0195
0.0046
0
0
0
0
0
0
0
0
0
0.0208
0
0
0.0048
0
0
0
0
0
0
0
0
0.0194
0
0.0169
0
0
0
0
0
0
0
0
0
0
0
0
0
0
0
0
0
0
0
0
0
0
0
0
0
0
0
0
0
0
0
0
0
0
0
0
0
0.0238
0
0
0
0
0
0
0
0
0
0
0
0
0
0
0
0
0
0
0.0076
0
0
0
0.023
0
0
0
0
0
0
0
0.0563
0.0223
0
0
0
0
0
0
0
0
0
0
0
0
0
0.0231
0
0
0
0
0.031
0
0
0
0
0
0
0
0
0
0
0
0
0
0
0
0
0
0
0
0
0
0
0
0
0
0
0
0
0
0
0
0
0.0221
0.0037
0
0.021
0
0
0
0
0
0
0
0
0
0
0
0
0
0
0
0
0
0
0
0
0
0
0
0
0
0
0
0
0
0
0
0
0
0
0
0
0
0.0174
0
0
0
0
0
0
0
0
0
0
0
0
0
0
0
0
0.0165
0.0437
0
0
0
0
0
0
0
0
0
0
0
0
0
0
0
0
0
0
0
0
0
0
0
0
0
0
0
0
0
0
0
0
0
0
0
0
0
0
0
0
0
0
0
0
0
0
0
0
0
0
0
0
0
0
0
0
0
0
0
0
0
0
0
0
0
0
0
0
0
0
0
0
0
0
0.0429
0
0
0
0
0
0
0
0
0
0
0
0
0
0
0.0222
0
0
0
0
0
0.0227
0
0
0.0076
0
0
0
0
0
0
0
0
0
0
0
0
0
0
0
0
0
0
0
0
0
0
0
0
0
0
0
0
0
0
0
0
0
0
0
0
0
0
0
0
0
0
0
0
0
0
0
0
0
0
0
0
0
0
0
0
0
0
0
0
0
0
0
0
0
0
0
0
0.0439
0
0
0
0
0
0
0
0
0
0
0
0
0.0036
0
0
0
0
0
0
0
0
0
0
0
0
0
0
0
0
0
0
0
0
0
0
0
0
0
0
0
0
0
0
0
0
0
0
0
0
0
0
0
0
0
0
0
0.0393
0
0
0
0
0
0
0
0
0
0
0
0
0
0
0
0
0
0
0
0
0
0
0
0.0552
0
0
0
0
0
0
0
0
0
0
0
0
0
0.0066
0
0
0
0
0
0
0
0
0
0
0.0178
0
0
0
0
0
0
0
0
0
0
0
0
0
0
0
0
0
0
0
0
0
0
0
0
0
0
0
0
0
0
0
0
0
0
0
0
0
0
0.0261
0
0
0
0
0
0
0
0
0
0
0
0.0448
0
0
0
0
0
0
0
0
0
0
0
0
0
0
0.0613
0
0.0186
0
0
0
0
0
0
0
0.0453
0
0
0
0
0
0
0
0
0
0
0
0
0
0
0
0
0
0
0
0
0.0129
0
0
0
0.0038
0
0
0
0
0
0
0
0
0
0
0
0
0
0
0
0
0
0
0
0
0
0
0
0
0
0
0
0
0
0
0
0
0
0
0
0
0
0
0.0189
0
0
0
0
0
0
0
0
0
0
0
0
0
0.0188
0
0.0403
0.0418
0
0.0091
0.0123
0
0.0219
0
0
0
0
0
0
0.017
0
0
0
0
0
0
0
0
0
0
0
0
0
0
0
0
0
0
0
0
0
0
0
0
0
0
0
0
0
0
0
0
0
0
0
0
0
0
0.0232
0
0
0
0
0
0
0
0
0
0
0
0
0
0
0
0
0
0.0203
0
0
0
0
0
0
0
0
0
0
0.0406
0.0171
0.0006
0
0.038
0.0249
0
0
0
0.02
0
0
0
0
0
0.0965
0
0
0
0
0
0
0.0331
0.0087
0.0222
0
0
0
0
0
0
0
0
0
0
0
0
0
0
0
0
0
0
0
0
0
0.018
0
0
0
0
0
0
0
0
0
0
0
0
0
0
0
0
0
0
0
0
0
0.0201
0
0
0
0
0
0
0
0
0
0
0
0
0
0
0
0.0219
0
0
0
0
0
0
0
0
0
0
0
0
0
0
0
0
0
0
0
0
0.0152
0
0
0
0
0
0
0
0
0
0.0037
0
0
0
0
0
0
0
0.0037
0
0
0
0
0
0
0
0
0
0
0
0
0
0.0162
0
0
0
0
0.019
0
0
0
0
0
0
0
0
0
0
0
0
0
0
0
0
0
0
0
0
0
0
0
0
0
0
0
0
0
0
0
0
0
0
0
0
0
0
0
0
0
0
0
0
0
0
0
0
0
0
0
0
0
0
0
0
0
0
0
0
0
0
0
0
0
0
0
0
0
0
0
0
0
0.0157
0
0
0
0
0
0
0
0
0
0
0
0
0
0
0
0
0
0
0
0
0
0
0
0
0
0
0
0
0
0
0
0
0
0
0
0
0
0
0
0
0
0
0
0
0
0
0
0
0
0
0
0
0
0
0
0
0
0
0.0168
0
0
0.0064
0
0
0
0
0
0
0
0
0
0
0
0
0.0198
0
0
0
0
0
0
0
0
0
0
0
0.0229
0
0
0
0
0
0
0
0
0
0
0
0
0
0
0
0
0
0
0
0
0
0
0
0
0
0
0
0
0
0
0
0
0
0
0
0
0
0
0
0
0
0
0
0
0
0
0
0
0
0
0
0
0
0
0
0
0
0
0.0223
0
0.0042
0
0
0.0156
0
0
0
0
0
0
0.0164
0
0.0481
0
0
0
0
0
0
0
0
0
0
0
0
0
0
0
0
0
0
0
0
0
0
0
0.023
0
0
0
0
0
0
0
0
0
0
0.0379
0
0
0
0
0
0
0
0
0
0
0
0
0
0
0
0
0
0
0
0.0056
0
0
0
0.0197
0
0
0
0
0
0
0
0
0
0
0
0
0
0
0
0
0
0
0
0
0
0
0
0
0
0
0
0
0
0
0
0
0
0
0
0
0
0
0
0
0
0
0
0
0
0
0
0
0
0
0
0
0
0
0
0
0
0
0
0
0
0
0
0
0.0062
0
0
0
0
0
0
0
0
0
0
0
0
0
0
0
0
0
0
0
0
0
0
0
0
0
0
0
0
0
0
0
0
0
0
0
0
0
0
0
0
0
0
0
0
0
0
0
0
0
0
0
0
0
0
0
0
0
0
0
0
0
0
0
0
0
0
0
0
0
0
0
0
0
0
0
0
0
0
0
0
0
0
0
0
0
0
0
0
0
0
0
0
0
0
0
0
0
0
0
0
0
0
0
0
0
0
0
0
0
0
0
0
0
0
0
0
0
0
0
0
0
0
0
0
0
0
0
0
0
0
0
0
0
0
0
0
0
0
0
0
0
0
0
0
0
0
0
0
0
0
0
0
0
0
0
0
0
0
0
0
0
0
0
0
0
0
0
0
0
0
0
0
0
0
0
0
0
0
0.0179
0.0081
0
0
0.0142
0.0251
0
0
0
0
0
0
0.0593
0
0
0.0186
0
0
0
0
0.0731
0
0
0.022
0.0031
0
0.0346
0
0
0.0346
0.0412
0.0702
0.0654
0.0402
0
0
0
0
0
0
0
0
0
0
0
0
0
0
0
0
0
0
0
0
0.0368
0.0173
0
0
0
0
0
0
0
0
0
0
0
0
0
0
0
0
0
0
0
0
0
0
0
0
0
0
0
0.0198
0
0
0
0
0.0329
0
0
0
0
0
0
0
0
0
0
0
0
0
0
0
0
0
0
0.0213
0
0
0
0
0
0
0
0
0
0
0
0
0
0
0
0
0
0
0
0
0
0
0
0
0
0
0
0
0
0
0
0
0
0
0
0
0
0
0
0
0
0
0
0
0
0
0
0
0
0
0
0
0
0
0
0
0
0
0
0
0
0
0
0
0
0.0232
0
0
0
0
0
0
0
0
0
0
0
0
0
0
0
0
0
0
0
0
0
0
0
0
0
0
0
0
0
0
0
0
0
0
0
0
0
0
0
0
0
0
0
0
0
0
0
0
0
0
0
0
0
0
0
0
0
0
0
0
0
0.0196
0
0.02
0
0.0041
0
0
0.0218
0
0
0
0
0
0
0
0
0
0
0
0
0
0
0
0.0394
0.0159
0
0
0
0
0
0
0
0
0
0
0
0.0154
0
0
0
0
0
0
0.0219
0
0
0
0
0
0
0
0
0
0
0.0377
0.0819
0
0.038
0
0
0
0
0.0047
0
0
0
0
0
0
0
0
0
0
0
0
0
0
0
0
0
0
0
0
0
0.0753
0
0
0
0
0
0
0
0
0
0
0
0
0
0
0
0
0
0
0
0
0.0162
0.017
0
0
0
0
0
0
0
0
0
0.0214
0.0219
0
0
0
0
0
0
0
0.03
0.0409
0
0.039
0
0
0
0
0
0
0.0177
0
0
0
0
0
0.0068
0
0.043
0
0
0.0559
0.018
0
0.0246
0.0655
0
0
0.0269
0
0
0
0
0
0.0551
0
0.0046
0.0033
0
0
0
0.0307
0
0
0
0
0
0
0
0
0
0
0
0
0
0
0
0
0
0
0
0
0
0
0
0
0.0391
0
0
0.0062
0
0
0
0
0
0
0
0.0226
0.0044
0
0
0
0.0172
0.0365
0
0.0348
0.0384
0
0
0
0
0.0306
0.0287
0
0.05
0
0
0
0
0.0024
0.0582
0.0497
0
0.0191
0.0344
0
0
0.0186
0.1035
0
0
0
0.0364
0.0057
0
0.0078
0.0439
0
0
0
0
0
0
0.0293
0
0
0
0
0.0552
0
0.0357
0.0175
0.0268
0
0.0075
0
0
0.0671
0
0
0
0
0
0
0
0
0
0
0.0045
0.0047
0
0
0
0.0077
0
0.0369
0
0
0
0.0274
0
0.0415
0.0236
0.0429
0
0
0
0
0
0
0
0.0965
0
0
0
0.0411
0
0
0
0
0
0
0
0.0322
0
0
0
0
0
0
0
0
0
0
0
0
0
0
0
0.017
0.0204
0.0068
0
0
0
0
0
0
0
0
0
0
0
0
0
0
0
0
0
0
0
0
0
0.0158
0
0.0421
0
0
0
0
0
0.0169
0
0
0
0
0
0
0
0
0
0
0
0
0
0
0
0
0.0343
0
0
0
0
0.063
0.0054
0.0339
0
0
0
0
0
0
0
0.0173
0
0
0
0
0
0
0
0
0
0
0
0
0.0224
0
0
0
0
0
0
0
0
0
0
0
0
0
0
0
0
0
0
0
0
0
0.0475
0
0
0
0
0
0
0
0
0
0
0
0
0
0.0176
0
0
0
0
0.0383
0
0
0
0
0
0
0
0
0
0
0
0
0
0
0
0
0
0
0
0
0
0
0.0042
0
0
0
0
0
0
0
0
0
0
0
0
0
0
0
0
0
0.0063
0
0
0
0.0242
0
0
0
0
0
0
0
0.039
0
0.016
0.0094
0.0352
0
0
0
0
0.061
0.0169
0.0345
0
0
0.0227
0
0
0
0
0
0
0
0
0
0
0
0.0405
0
0.0176
0
0
0
0.0092
0
0
0
0.0168
0
0
0
0.0603
0.026
0
0.0033
0
0
0
0
0
0.0053
0
0.0186
0
0
0
0
0
0
0
0
0
0
0
0
0
0
0
0
0.0283
0
0
0
0.019
0
0
0
0
0
0
0.0412
0.0195
0
0
0
0.0176
0
0
0
0
0.0207
0.1355
0
0
0
0
0
0.0263
0
0
0
0
0.0176
0
0
0
0
0
0
0
0
0.0287
0.0057
0
0
0
0
0
0
0
0.0179
0
0.0233
0
0
0
0
0
0.0334
0
0
0.0669
0
0
0
0.0242
0
0.0061
0
0
0
0
0
0
0
0
0.0241
0
0
0
0.0273
0.0291
0.0212
0
0
0
0
0
0
0
0
0
0
0
0
0
0.0398
0
0.0157
0
0
0
0
0
0.0055
0.0039
0
0
0
0
0.0078
0
0
0
0
0
0
0
0
0
0.0175
0
0
0
0
0
0
0
0
0
0.0188
0
0
0
0.0285
0
0.0158
0.0546
0
0
0
0.0096
0
0
0
0
0
0.0057
0
0
0
0
0
0
0.0149
0
0.0126
0
0
0
0
0.0202
0
0.0382
0
0
0
0
0
0
0
0
0
0
0.0592
0
0
0
0
0
0
0
0
0
0
0
0
0
0
0
0
0
0
0
0
0
0
0
0.0052
0
0.0167
0
0
0
0
0.0312
0
0
0.025
0
0.0173
0
0
0
0
0
0
0
0
0.0208
0
0
0
0
0.02
0.0609
0
0
0
0.017
0
0
0
0
0
0
0.0069
0
0
0
0
0
0
0.1068
0
0.0524
0
0.0211
0
0
0
0
0
0
0
0
0.0214
0
0
0.0279
0.0077
0.0178
0
0.0732
0.0225
0
0
0.0096
0
0.0188
0
0
0
0
0
0
0
0
0.0212
0
0.0175
0
0
0
0
0
0
0
0
0
0
0
0
0
0
0
0
0
0
0
0
0
0
0
0.0385
0
0
0
0
0
0
0
0
0
0
0
0
0
0
0.0067
0
0
0
0
0
0
0
0
0
0
0
0
0
0
0
0
0
0
0
0
0
0
0
0.0221
0
0
0
0
0
0.0248
0
0
0
0
0
0
0
0
0
0
0
0
0
0
0
0
0
0
0
0
0
0
0
0
0.0164
0
0
0
0
0
0
0.0352
0
0
0
0
0
0
0
0
0
0.0191
0
0
0
0.0191
0
0
0
0
0
0
0
0
0
0
0
0
0
0
0
0.0186
0
0
0
0
0
0
0
0
0
0
0
0
0
0
0
0
0
0
0
0
0
0.0258
0
0
0
0.0327
0.0227
0
0
0.0415
0
0
0
0
0
0
0
0
0
0
0
0
0
0
0
0
0
0
0
0
0
0
0
0
0
0
0
0
0
0.016
0
0
0
0
0
0
0
0
0.0043
0
0
0
0
0
0
0
0
0.0394
0
0.0188
0
0
0
0
0
0.0208
0.0196
0
0.0206
0
0
0
0.0194
0
0.0242
0.0349
0
0
0
0.0605
0
0
0
0
0.0033
0.0064
0.0174
0
0.0031
0
0
0.0333
0
0.0606
0.0228
0
0
0
0
0.0573
0.0158
0.0235
0
0
0
0
0.0409
0
0.0089
0.0051
0
0
0
0
0.0192
0
0
0
0
0
0
0
0
0.0332
0.0778
0.0228
0
0
0
0.0324
0
0
0
0
0
0.0178
0.032
0
0
0
0
0
0
0
0.0083
0
0
0.0441
0
0
0
0
0.0246
0
0
0
0
0
0
0
0
0
0
0.0065
0
0.0233
0
0
0
0
0
0
0.0611
0
0
0
0
0.024
0
0
0
0
0
0
0
0
0
0.0649
0
0.035
0.004
0.0077
0
0.0152
0.0233
0
0.0505
0.0069
0.0427
0
0.0205
0
0
0
0
0
0
0
0
0
0
0
0
0
0
0
0
0
0
0
0
0
0
0
0
0
0
0.0242
0
0
0
0
0
0
0
0
0
0
0
0
0
0
0
0
0
0
0
0
0
0
0
0
0
0
0
0
0.0185
0
0
0
0
0
0
0
0
0
0
0.0165
0
0.0297
0.0413
0
0
0
0.0028
0.0379
0.0132
0.0156
0
0.0182
0.021
0
0
0
0
0
0
0.0047
0
0
0.021
0.035
0
0
0
0
0.0572
0
0
0.0293
0
0
0.0095
0
0
0
0
0
0.0088
0
0
0
0
0
0
0
0
0
0
0
0
0
0
0
0.0126
0
0.0206
0.0112
0
0
0
0.0189
0
0
0.0487
0.016
0
0
0
0
0
0.004
0
0
0
0
0
0
0
0
0
0
0
0
0
0
0.0051
0
0
0
0
0
0
0
0
0
0
0
0
0
0.0178
0
0
0
0.0211
0.0156
0
0
0.0372
0.0182
0
0.0249
0
0.0189
0
0.0301
0
0
0
0
0
0
0.0216
0
0.0143
0
0
0
0
0
0
0
0
0
0
0.0914
0
0
0.0214
0
0
0
0
0
0
0
0
0.0271
0
0
0
0
0
0.0727
0.0051
0
0.0123
0
0.0166
0
0.0033
0.0166
0.0105
0.0131
0.0089
0
0.0374
0
0
0.0425
0.0119
0.021
0
0
0
0
0
0
0.0064
0
0
0
0.0211
0
0
0
0
0
0
0
0.0414
0
0
0
0
0
0
0
0
0
0
0
0
0
0
0
0
0
0
0
0
0
0
0.007
0
0
0
0.0238
0
0
0
0
0
0
0
0.0184
0.0337
0
0
0
0.0155
0
0.0317
0
0
0
0
0
0
0
0
0
0.0067
0
0
0
0.0654
0
0
0
0.0575
0.0379
0
0
0
0
0.0111
0.0299
0.0071
0
0.0887
0
0
0.0178
0
0
0
0
0
0
0
0.0146
0
0
0
0
0
0
0.0212
0.0208
0
0
0
0
0
0.0189
0
0
0
0
0
0.0498
0
0
0
0
0
0
0
