0
0
0
0
0
0
0
0
0
0
0
0
0
0
0
0
0
0
0
0
0
0
0
0
0
0
0
0
0
0
0
0
0
0
0
0
0
0
0
0
0
0
0
0
0
0
0
0
0
0
0
0
0
0
0
0
0
0
0
0
0
0
0
0
0
0
0
0
0
0
0
0
0
0
0
0
0
0
0
0
0
0
0
0
0
0
0
0
0
0
0
0
0
0
0
0
0
0
0
0
0
0
0
0
0
0
0
0
0
0
0
0
0
0
0
0
0
0
0
0
0
0
0
0
0
0
0
0
0
0
0
0
0
0
0
0
0
0
0
0
0
0
0
0
0
0
0
0
0
0
0
0
0
0
0
0
0
0
0
0
0
0
0
0
0
0
0
0
0
0
0
0
0
0
0
0
0
0
0
0
0
0
0
0
0
0
0
0
0
0
0
0
0
0
0
0
0
0
0
0
0
0
0
0
0
0
0
0
0
0
0
0
0
0
0
0
0
0
0
0
0
0
0
0
0
0
0
0
0
0
0
0
0
0
0
0
0
0
0
0
0
0
0
0
0
0
0
0
0
0
0
0
0
0
0
0
0
0
0
0
0
0
0
0
0
0
0
0
0
0
0
0
0
0
0
0
0
0
0
0
0
0
0
0
0
0
0
0
0
0
0
0
0
0
0
0
0
0
0
0
0
0
0
0
0
0
0
0
0
0
0
0
0
0
0
0
0
0
0
0
0
0
0
0
0
0
0
0
0
0
0
0
0
0
0
0
0
0
0
0
0
0
0
0
0
0
0
0
0
0
0
0
0
0
0
0
0
0
0
0
0
0
0
0
0
0
0
0
0
0
0
0
0
0
0
0
0
0
0
0
0
0
0
0
0
0
0
0
0
0
0
0
0
0
0
0
0
0
0
0
0
0
0
0
0
0
0
0
0
0
0
0
0
0
0
0
0
0
0
0
0
0
0
0
0
0
0
0
0
0
0
0
0
0
0
0
0
0
0
0
0
0
0
0
0
0
0
0
0
0
0
0
0
0
0
0
0
0
0
0
0
0
0
0
0
0
0
0
0
0
0
0
0
0
0
0
0
0
0
0
0
0
0
0
0
0
0
0
0
0
0
0
0
0
0
0
0
0
0
0
0
0
0
0
0
0
0
0
0
0
0
0
0
0
0
0
0
0
0
0
0
0
0
0
0
0
0
0
0
0
0
0
0
0
0
0
0
0
0
0
0
0
0
0
0
0
0
0
0
0
0
0
0
0
0
0
0
0
0
0
0
0
0
0
0
0
0
0
0
0
0
0
0
0
0
0
0
0
0
0
0
0
0
0
0
0
0
0
0
0
0
0
0
0
0
0
0
0
0
0
0
0
0
0
0
0
0
0
0
0
0
0
0
0
0
0
0
0
0
0
0
0
0
0
0
0
0
0
0
0
0
0
0
0
0
0
0
0
0
0
0
0
0
0
0
0
0
0
0
0
0
0
0
0
0
0
0
0
0
0
0
0
0
0
0
0
0
0
0
0
0
0
0
0
0
0
0
0
0
0
0
0
0
0
0
0
0
0
0
0
0
0
0
0
0
0
0
0
0
0
0
0
0
0
0
0
0
0
0
0
0
0
0
0
0
0
0
0
0
0
0
0
0
0
0
0
0
0
0
0
0
0
0
0
0
0
0
0
0
0
0
0
0
0
0
0
0
0
0
0
0
0
0
0
0
0
0
0
0
0
0
0
0
0
0
0
0
0
0
0
0
0
0
0
0
0
0
0
0
0
0
0
0
0
0
0
0
0
0
0
0
0
0
0
0
0
0
0
0
0
0
0
0
0
0
0
0
0
0
0
0
0
0
0
0
0
0
0
0
0
0
0
0
0
0
0
0
0
0
0
0
0
0
0
0
0
0
0
0
0
0
0
0
0
0
0
0
0
0
0
0
0
0
0
0
0
0
0
0
0
0
0
0
0
0
0
0
0
0
0
0
0
0
0
0
0
0
0
0
0
0
0
0
0
0
0
0
0
0
0
0
0
0
0
0
0
0
0
0
0
0
0
0
0
0
0
0
0
0
0
0
0
0
0
0
0
0
0
0
0
0
0
0
0
0
0
0
0
0
0
0
0
0
0
0
0
0
0
0
0
0
0
0
0
0
0
0
0
0
0
0
0
0
0
0
0
0
0
0
0
0
0
0
0
0
0
0
0
0
0
0
0
0
0
0
0
0
0
0
0
0
0
0.1076
0.1786
0
0.0223
0
0
0
0
0
0
0
0
0
0
0
0
0
0
0
0
0
0
0
0
0
0
0
0
0
0
0
0
0
0
0
0
0
0
0
0
0
0
0
0
0
0
0
0
0
0
0
0
0
0
0
0
0
0
0
0
0
0
0
0
0
0
0
0.0048
0
0
0
0
0
0
0
0
0
0
0
0
0
0
0
0
0
0
0
0
0
0.0204
0
0
0
0
0
0
0
0.019
0
0
0
0
0
0
0
0
0
0
0
0
0
0
0
0
0
0.0214
0
0
0
0
0
0
0
0.0176
0
0
0
0.0655
0.0397
0
0
0
0
0
0
0
0
0
0
0
0
0
0
0
0
0
0
0
0
0
0
0
0
0
0
0
0
0
0
0
0
0
0
0
0
0
0
0
0
0
0
0
0
0
0
0
0
0
0
0
0
0
0
0
0
0
0
0
0
0
0
0
0
0
0
0
0
0
0
0
0
0
0
0
0
0
0
0
0
0
0
0
0
0
0
0
0
0
0
0
0
0
0
0
0
0
0
0
0
0
0
0
0
0
0
0
0
0
0
0
0
0
0
0
0
0
0
0
0
0
0
0
0
0
0
0
0
0
0
0
0
0
0
0
0
0
0
0
0
0
0
0
0
0
0
0
0
0
0
0
0
0
0
0
0
0
0
0
0
0
0
0
0
0
0
0
0
0
0
0
0
0
0
0
0
0
0
0
0
0
0
0
0
0
0
0
0
0
0
0
0
0
0
0
0
0
0
0
0
0
0
0
0
0
0
0
0
0
0
0
0
0
0
0
0
0
0
0
0
0
0
0
0
0
0
0
0
0
0
0
0
0
0
0
0
0
0
0
0
0
0
0
0
0
0
0
0
0
0
0
0
0
0
0
0
0
0
0
0
0
0
0
0
0
0
0
0
0
0
0
0
0
0
0
0
0
0
0
0
0
0
0
0
0
0
0
0
0
0
0
0
0
0
0
0
0
0
0
0
0
0
0
0
0
0
0
0
0
0
0
0
0
0
0
0
0
0
0
0
0
0
0
0
0
0
0
0
0
0
0
0
0
0
0
0
0
0
0
0
0
0
0
0
0
0
0
0
0
0
0.0311
0
0
0
0
0
0
0
0
0
0
0
0
0.0157
0
0
0
0
0
0
0
0
0
0
0
0
0
0
0
0
0
0
0
0
0
0
0
0
0
0
0
0
0
0
0
0
0
0
0
0
0
0
0
0
0
0
0
0
0
0
0
0.02
0
0
0.0033
0
0
0
0
0
0
0
0
0
0.0139
0
0
0
0
0.0026
0.0055
0.0473
0
0
0
0
0
0
0
0
0
0
0
0
0
0
0
0.026
0
0
0
0
0
0.0141
0.0086
0
0
0
0
0.0898
0.0123
0
0
0
0.0369
0.0077
0
0
0
0
0
0.1134
0
0
0
0
0
0
0
0
0
0.0054
0
0
0
0
0.0404
0
0
0
0
0.024
0
0.0465
0.0274
0
0
0
0.0194
0
0
0.0506
0
0
0
0
0
0
0
0
0
0
0
0
0
0
0
0
0
0
0
0
0
0
0
0
0
0
0
0
0
0
0.0842
0
0
0
0
0
0
0
0
0
0
0.0229
0
0
0
0
0
0.0168
0
0
0
0.0867
0
0.0075
0
0
0
0
0
0.0168
0.0473
0.0213
0
0
0
0
0
0
0
0
0
0
0
0
0
0
0
0
0
0
0
0
0
0
0
0
0
0
0
0
0
0
0
0
0
0
0
0.0285
0
0.0151
0
0
0.033
0
0
0.0212
0
0.0219
0
0
0
0
0
0
0
0
0
0
0.0169
0
0
0
0
0
0
0
0
0
0
0
0
0
0
0
0
0
0
0
0
0
0
0
0
0
0
0
0
0
0
0
0
0
0
0
0
0.0183
0
0
0.0168
0
0
0
0
0
0
0
0
0
0
0
0
0
0
0
0
0
0
0
0
0
0
0
0
0
0
0
0
0
0
0
0
0
0
0
0
0
0
0
0
0
0
0.0045
0
0
0
0
0
0.0188
0
0
0
0
0
0.0216
0
0
0
0
0
0
0
0
0
0
0
0
0
0
0
0
0
0
0
0
0
0
0.0032
0
0
0.0197
0
0
0
0
0
0
0
0
0
0
0
0
0
0
0
0
0
0
0
0
0
0
0
0
0
0
0
0
0
0
0
0
0
0.0221
0
0
0
0
0
0
0
0
0
0
0
0
0
0
0
0
0
0
0
0
0
0
0
0
0
0
0
0
0
0
0
0
0
0
0
0
0
0
0
0
0
0
0
0
0
0.023
0
0.0249
0
0
0
0
0
0
0
0
0
0
0
0
0
0.02
0
0.0366
0
0
0
0
0
0
0
0
0
0
0
0.0205
0
0
0
0.0184
0
0.0169
0
0.0204
0
0
0
0
0
0
0
0
0.0384
0
0
0
0
0
0
0
0
0
0
0
0
0
0
0
0
0
0
0.0206
0
0
0
0
0
0
0
0
0
0
0
0
0
0.0218
0.0215
0
0
0.054
0
0.0175
0
0.0188
0
0
0
0
0
0
0
0
0
0
0
0
0
0
0
0
0
0
0.0228
0
0
0.0055
0
0
0
0
0.0412
0
0
0.0199
0
0
0
0.0197
0
0
0.0172
0.0189
0
0
0
0
0.0322
0.0352
0
0
0
0.0369
0
0
0.0219
0
0
0
0
0
0
0.0288
0.0072
0
0.0042
0
0.0195
0
0
0.0192
0
0
0
0
0.0656
0.0037
0
0
0
0
0
0
0
0
0
0
0.024
0
0
0
0
0
0.0184
0
0
0.023
0
0
0
0
0
0
0
0.0416
0
0
0
0
0
0
0
0
0
0
0
0
0
0
0
0
0
0.0226
0
0
0
0
0
0
0.0086
0
0
0
0
0
0
0
0
0
0
0
0
0
0
0
0
0
0
0
0
0
0.0229
0
0
0
0
0
0
0
0
0
0
0
0
0
0
0
0
0.0189
0
0
0
0
0
0
0
0
0
0
0
0
0
0
0
0
0
0
0.0484
0
0
0
0
0
0
0
0
0
0
0
0
0
0
0
0
0
0
0
0
0.0227
0
0
0
0
0.008
0
0
0
0
0.0223
0
0
0.0183
0
0
0
0
0
0
0
0
0
0
0
0.039
0
0
0.0204
0.0678
0
0
0
0
0
0.0076
0
0
0
0
0
0
0
0
0
0
0
0
0
0
0
0
0
0
0
0
0
0
0
0
0
0
0
0.0244
0
0
0.0245
0
0
0
0.0485
0
0
0.0198
0
0
0
0
0
0
0.0188
0
0.0171
0
0.0162
0.0166
0
0.0455
0
0.004
0
0
0
0
0.0234
0.0786
0
0
0
0
0
0
0
0.0416
0
0
0
0
0
0.0225
0
0
0
0
0
0
0.0168
0
0
0
0
0
0
0
0
0
0
0
0.0239
0
0
0
0.0236
0
0
0
0
0
0
0
0
0
0
0
0
0.0167
0
0
0
0
0
0
0
0
0.0139
0
0
0
0.035
0
0
0
0
0
0
0
0
0
0
0
0
0
0
0
0
0
0
0
0
0
0
0
0
0
0
0
0
0
0
0
0
0
0
0.0201
0
0
0
0
0
0
0
0
0
0
0
0
0
0
0
0.0176
0
0
0
0
0
0
0
0
0
0
0
0
0
0
0
0
0
0
0
0
0
0
0
0
0
0.0214
0
0
0
0
0
0
0
0
0
0
0
0
0
0.0197
0
0
0
0
0
0
0
0
0
0
0
0
0
0
0.0374
0
0
0
0
0
0
0
0
0
0
0
0
0
0
0
0
0
0
0
0
0
0
0.0205
0
0
0
0
0
0
0
0
0
0
0
0
0
0
0
0
0
0
0
0
0
0
0
0
0
0
0
0
0
0
0
0
0
0
0
0
0
0
0
0
0
0
0
0
0
0
0
0
0
0
0
0
0
0
0
0
0
0
0
0
0
0
0
0
0
0
0
0
0
0
0
0
0
0
0
0
0
0
0
0
0
0
0
0
0
0
0
0
0
0
0
0
0
0
0
0
0
0
0
0
0.0209
0
0
0
0
0
0
0
0
0
0
0.0159
0
0
0
0
0
0
0
0
0
0
0
0
0
0
0
0
0
0
0
0
0
0
0
0
0
0
0
0
0
0
0
0
0
0
0
0
0
0
0
0
0
0.0061
0
0
0
0
0
0
0
0
0
0
0
0
0
0
0
0
0
0
0
0
0
0
0
0
0
0
0
0
0
0
0.0167
0.0134
0.01
0
0
0
0
0
0
0.0189
0
0.0225
0
0.0166
0.0816
0
0.0182
0
0
0
0
0
0
0
0
0
0
0
0
0
0
0
0
0
0
0
0
0
0
0
0
0
0
0
0
0
0
0
0
0
0
0
0
0.0183
0
0
0
0
0.0215
0
0
0
0
0
0
0
0
0
0
0
0
0.0215
0
0
0
0
0
0
0
0
0
0
0
0
0
0
0
0
0
0
0
0
0
0
0
0
0
0
0
0
0
0
0
0
0
0
0
0
0
0
0
0
0
0
0
0
0
0
0
0
0.0169
0.0449
0
0
0
0
0
0
0
0
0
0
0
0
0
0
0
0
0
0
0
0
0
0
0
0
0
0
0
0
0
0
0
0
0
0
0
0
0
0
0
0
0
0
0
0
0
0
0
0
0
0
0
0
0
0
0
0
0
0
0
0
0
0
0
0.0364
0
0
0
0
0
0
0
0
0.0204
0
0.0236
0
0
0
0
0
0
0
0
0
0
0
0
0
0
0
0
0
0
0
0
0
0
0
0
0
0
0
0
0
0
0
0
0
0
0
0
0
0
0
0
0
0
0
0
0
0
0
0
0
0
0
0
0
0
0
0
0
0
0
0
0
0
0
0
0
0
0
0
0
0
0
0
0
0
0
0
0
0
0
0
0
0
0
0
0
0
0
0
0
0.0227
0
0
0
0.0216
0
0
0
0
0
0
0
0
0
0
0
0
0
0
0
0
0
0
0
0
0.0184
0.0643
0.0161
0
0
0.0237
0
0
0.0205
0.0871
0
0
0
0
0
0
0.016
0.0217
0.0311
0
0.0233
0
0
0.0221
0
0
0
0
0
0
0
0
0.0458
0.0198
0
0
0
0.0962
0
0
0.0377
0
0
0
0
0
0
0
0
0
0.0205
0
0
0
0
0
0.0284
0
0.0227
0
0.0373
0.0199
0.0066
0
0
0
0
0
0
0
0
0
0
0
0
0
0
0
0
0
0
0
0
0
0
0
0
0
0
0
0
0
0
0.0173
0.0417
0.078
0
0
0.0373
0
0
0
0
0
0
0
0
0.0233
0
0
0
0
0.0608
0
0
0
0
0.0628
0
0
0
0
0
0
0
0
0.0355
0
0
0
0
0
0
0
0
0.0883
0
0
0
0
0
0
0.0168
0.0216
0
0
0
0
0
0
0
0
0
0
0
0
0
0
0
0
0
0
0.0198
0
0.0199
0
0
0
0
0
0
0
0
0
0
0
0
0
0
0
0
0.0194
0
0
0
0
0
0
0
0
0
0
0
0
0
0
0
0
0
0
0
0
0
0
0
0
0
0
0
0
0
0
0
0
0
0
0
0
0
0
0
0
0
0
0
0
0
0
0
0.0223
0
0
0
0
0
0.0253
0
0
0
0
0
0.0189
0.0217
0
0
0
0.0108
0.0458
0
0
0.0295
0
0
0
0.0183
0
0
0.0212
0
0.0168
0
0.0098
0.0174
0.0369
0
0
0
0
0.0461
0
0
0
0
0
0
0
0
0
0
0
0
0
0
0
0
0.0188
0
0
0.0197
0
0.0736
0
0
0
0
0.0107
0.038
0
0
0
0
0.0204
0
0.0572
0
0
0
0.0315
0
0
0
0
0
0
0
0
0
0
0.0105
0
0
0.0219
0
0
0
0
0
0
0
0
0
0
0
0
0
0
0
0
0
0
0
0
0
0
0
0
0
0
0
0
0
0
0.0362
0
0
0
0
0
0
0
0
0
0
0
0
0.0048
0
0
0
0
0
0
0
0
0
0
0
0
0
0
0
0
0
0
0.0119
0.0122
0
0.0653
0
0
0.019
0.0177
0.0128
0
0
0
0
0
0
0
0
0
0.0226
0.011
0
0
0.0102
0.0418
0
0
0
0.0045
0
0
0
0
0
0
0
0
0
0
0
0
0
0
0.0247
0
0
0.0131
0
0
0
0
0
0.0191
0
0.0359
0
0.0212
0
0
0
0
0
0
0
0.0228
0
0
0
0
0
0.0226
0
0
0
0
0
0
0
0
0.0938
0
0
0
0
0
0.0494
0
0
0
0
0
0.016
0
0
0
0.0233
0.0265
0
0
0
0
0.0451
0
0.041
0
0.0742
0.0469
0
0
0
0
0.0905
0
0
0
0
0
0
0
0
0
0
0
0.0177
0.0189
0
0
0
0
0
0.0198
0
0
0
0
0.0179
0
0.0386
0.0167
0
0
0.0142
0.1015
0
0.0284
0
0
0
0.0089
0
0
0
0
0
0
0.0199
0
0
0
0
0
0.021
0
0
0
0
0
0
0
0
0
0
0
0
0
0
0
0
0
0
0
0.0033
0
0.0218
0
0
0
0
0
0
0
0
0
0
0
0
0
0
0
0
0
0
0
0
0
0
0
0
0.0427
0
0
0
0
0
0
0
0.0187
0
0
0
0
0.0171
0
0
0.0199
0.0714
0.0171
0
0
0
0
0
0
0
0
0
0.0804
0.0405
0.0067
0.0171
0
0.0197
0
0
0
0
0
0
0.0153
0.0243
0.0176
0.0066
0
0
0
0
0
0.105
0.0672
0.0213
0
0.0187
0
0
0
0
0
0
0
0
0.0398
0
0.0841
0
0
0.0167
0
0
0
0.0615
0
0
0
0
0
0
0
0
0
0
0
0
0
0
0
0
0
0
0.0248
0
0
0
0
0.019
0
0
0
0.0477
0
0
0
0
0
0.0186
0
0
0
0
0
0
0
0.0168
0
0.0162
0.0597
0.0392
0.0578
0
0
0.0205
0
0
0
0
0
0.0196
0
0
0
0
0.0207
0.0222
0
0
0
0
0.0179
0
0
0.0397
0.0775
0
0
0.0155
0
0
0
0
0
0.0156
0
0
0.1069
0
0
0
0
0
0
0
0
0
0
0
0
0
0
0
0
0.0653
0.0232
0
0
0.0065
0
0.0735
0.0186
0
0
0
0.0444
0.021
0
0
0.0523
0.0182
0.0656
0.0242
0
0
0.0366
0
0
0
0
0
0
0
0.0192
0
0
0
0
0.0196
0.02
0
0
0.007
0.0195
0.0167
0.028
0.0167
0
0
0
0
0
0
0.0554
0
0
0
0
0.018
0
0
0
0
0.0295
0
0
0
0
0.0707
0
0
0.0435
0
0.0245
0
0
0
0
0
0.0185
0
0
0
0
0
0
0
0
0
0
0
0.021
0
0
0
0
0
0
0.0433
0.0436
0
0
0.0167
0
0
0
0
0
0.0289
0.0644
0
0
0
0.0216
0
0
0
0.0206
0.0426
0
0
0
0
0
0
0.0264
0
0
0.0555
0.0218
0
0
0
0
0
0
0.0977
0.0159
0
0
0.0176
0.0378
0
0.0392
0.0216
0.0185
0
0
0
0
0
0
0
0
0
0
0
0
0
0
0.0586
0.022
0
0
0
0
0
0
0
0
0
0
0
0
0.0219
0
0
0
0
0
0
0
0
0.018
0.0224
0
0
0
0
0
0
0
0
0
0
0
0
0
0
0.0186
0
0
0
0.0053
0
0
0
0
0
0
0
0
0
0
0.0019
0.0345
0
0.0402
0
0
0
0.0227
0
0
0
0
0
0
0
0
0
0
0
0
0
0
0.0416
0
0.018
0
0
0
0
0
0
0
0.021
0.0246
0
0.0178
0.026
0
0.0242
0
0
0
0
0
0
0
0
0.0191
0
0
0
0
0
0
0.0758
0
0.0277
0
0
0
0.0158
0
0
0
0
0
0
0.0363
0.0057
0
0
0.0391
0.0162
0
0
0
0.0818
0
0
0.0193
0
0
0
0
0
0
0
0
0
0.0581
0.0233
0
0
0.0159
0
0.1021
0.0086
0.0129
0
0
0.0381
0.0359
0.0376
0
0
0.0196
0.0206
0
0.0378
0
0
0
0
0
0
0
0
0.0161
0.0642
0
0
0
0.0224
0
0
0
0.0363
0
0.0358
0
0
0.0449
0.0078
0.0217
0
0
0
0
0
0.0424
0
0
0.0169
0
0
0.0194
0
0
0
0
0
0
0.021
0.0189
0
0
0
0
0
0
0
0
0
0
0.0232
0
0
0
0
0
0
0
0
0
0
0
0
0
0
0
0
0
0
0
0
0
0
0
0
0
0
0.0207
0
0
0
0
0
0
0.0158
0.0395
0
0
0
0
0
0
0.0376
0
0
0
0
0
0
0
0
0
0
0
0
0.0352
0.012
0
0
0
0
0
0
0
0
0
0
0
0
0
0
0
0
0
0
0
0
0
0
0.0289
0
0
0.0176
0.048
0
0
0
0
0
0
0
0
0.0179
0
0
0
0.0373
0
0
0
0
0
0.0071
0
0.0175
0
0
0
0
0
0
0
0.0243
0
0
0
0
0
0
0
0
0
0
0.0172
0.0469
0
0
0
0
0
0.0182
0.0194
0
0
0
0
0
0
0
0
0
0
0
0
0.0053
0
0
0
0
0
0.0003
0.0226
0
0
0
0
0
0
0
0
0.0172
0
0.0169
0
0
0
0
0
0
0
0.0171
0.0885
0
0
0
0.0619
0
0
0
0
0.0181
0.0183
0
0
0
0.009
0.0386
0
0
0
0
0
0
0
0.0529
0
0
0
0
0
0.0134
0
0.0055
0
0
0
0
0
0
0
0.0322
0.0672
0.0579
0
0
0
0.0191
0
0
0.0351
0
0.0086
0.0391
0
0
0.021
0
0.0204
0
0
0
0
0
0
0
0
0.012
0
0
0
0
0.0042
0
0
0
0.0097
0
0
0.0731
0
0
0
0
0
0.0392
0.0067
0
0
0
0
0.018
0
0
0
0.0278
0
0
0.0197
0.0221
0
0
0
0
0
0
0
0
0
0
0
0
0
0
0
0
0
0
0
0.0309
0
0
0.0246
0
0
0
0
0.0284
0.0208
0
0
0
0
0
0
0
0
0
0
0
0
0
0
0
0
0
0
0
0
0
0
0
0
0
0
0
0
0.0235
0.0313
0
0
0.0236
0
0
0
0.0568
0.0472
0
0
0
0
0
0
0
0
0
0
0
0
0
0
0
0
0
0
0
0
0
0
0
0
0
0.0036
0
0
0
0.0193
0
0
0.0707
0
0.0205
0.0163
0
0
0
0
0
0.0404
0
0
0.0306
0
0
0
0
0.0274
0.021
0
0
0
0
0
0
0
0
0
0
0
0
0
0.0163
0.0075
0
0
0
0
0
0
0
0.0165
0
0
0
0
0
0.0161
0
0
0
0
0
0
0
0
0
0.0282
0.025
0
0
0
0
0
0.0998
0.0323
0.0184
0
0.0095
0
0
0
0
0
0.0594
0.0209
0
0.0085
0.0094
0
0.04
0
0
0
0.0031
0
0
0
0
0.0403
0.0115
0
0
0
0
0.0169
0
0
0
0
0
0
0.0165
0.0399
0.0409
0
0
0
0
0
0
0
0.0435
0
0.0421
0
0
0
0
0.0168
0
0.0722
0
0.0403
0
0
0
0.0381
0.0072
0
0
0
0
0
0.0245
0.016
0
0.0176
0.0459
0
0
0
0
0.0195
0
0
0.0204
0
0
0
0
0
0
0
0
0
0.039
0
0
0.0267
0.0787
0.0186
0.0201
0.0385
0
0
0.0351
0.0256
0.0426
0
0
0.0698
0.0558
0
0.0179
0
0
0.0261
0.0217
0
0
0
0
0
0
0
0.0181
0
0.0602
0
0.0403
0
0
0.0253
0
0.0652
0
0
0
0
0.0201
0
0
0
0
0.018
0
0
0.0207
0
0
0
0
0
0
0
0
0
0
0
0
0.0376
0
0
0
0.0424
0
0
0
0
0.0438
0.061
0
0
0
0
0
0.0044
0.0127
0
0.0604
0
0.0844
0
0.0382
0
0
0
0
0.004
0
0
0
0.0622
0
0.0196
0
0
0
0.0087
0.0177
0
0
0.0535
0.0248
0
0
0
0
0
0
0
0
0
0.0373
0
0.0476
0.0158
0
0
0.0191
0
0
0
0
0
0
0
0
0
0
0
0
0
0
0.0157
0
0
0
0
0
0
