-19.469239 3.022753 -13.873258 
-19.980410 2.392100 -13.363749 
-20.649836 3.131546 -12.962933 
-20.964893 2.899163 -13.809842 
-21.757912 2.889699 -14.348354 
-21.206486 2.162305 -14.654210 
-21.549903 1.296172 -15.199817 
-21.521461 1.040675 -16.179428 
-22.187469 0.352280 -15.585751 
-22.739000 -0.436321 -16.082703 
-22.197712 -1.110225 -16.485777 
-21.688278 -1.848382 -16.083714 
-21.859116 -2.625311 -15.371381 
-21.538724 -1.812500 -14.805662 
-20.710929 -1.379784 -14.276045 
-21.709557 -1.215729 -13.970080 
-21.842150 -0.157235 -14.236848 
-21.914393 0.878473 -14.158484 
-22.634900 1.094805 -14.912025 
-23.297963 0.317554 -14.820625 
-24.079488 0.798434 -14.242988 
-24.791449 0.761493 -15.008123 
-25.047140 -0.312196 -15.088619 
-24.971737 -1.347332 -15.425804 
-24.927464 -2.326020 -15.754175 
-25.051357 -3.445798 -15.729487 
-25.984850 -3.671526 -15.710676 
-25.861331 -4.413380 -14.954557 
-26.730271 -4.352509 -15.372054 
-26.288369 -4.708901 -16.243414 
-25.437287 -5.313156 -16.413596 
-25.005167 -5.360790 -17.384221 
-24.580909 -5.105205 -18.388863 
-23.963194 -5.923722 -18.353403 
-23.831109 -5.275773 -17.540875 
-24.518564 -6.200609 -17.486449 
-24.778035 -7.019560 -18.118916 
-24.421886 -6.735247 -19.097220 
-25.027528 -7.516105 -19.174328 
-24.272654 -7.812583 -19.781526 
-25.045326 -8.466809 -19.444590 
-24.886099 -8.506065 -20.511376 
-25.804331 -8.965434 -20.092447 
-26.453785 -9.172963 -20.911724 
-26.683965 -8.236347 -20.834086 
-27.104316 -7.309944 -20.642857 
-26.151442 -7.358036 -21.013928 
-25.624576 -8.171148 -21.407444 
-25.313581 -8.840162 -22.135741 
-25.744407 -9.759660 -22.333515 
-25.599903 -10.160148 -21.418870 
-25.274822 -10.398190 -20.280026 
-24.514027 -10.217450 -19.786793 
-25.406041 -10.300852 -19.314375 
-24.671468 -10.960606 -19.138094 
-25.266092 -11.883847 -19.037615 
-26.194231 -11.759789 -19.049059 
-26.804450 -12.442092 -18.683719 
-27.334917 -12.687250 -19.785847 
-26.792913 -11.918065 -20.026234 
-27.077260 -11.068163 -19.476565 
-27.830146 -10.789101 -18.821248 
-27.474263 -9.876758 -19.105570 
-27.845475 -8.887297 -19.315461 
-27.835236 -8.305161 -18.468097 
-27.725346 -7.382661 -18.145593 
-28.048963 -7.463414 -17.250793 
-28.482922 -8.396480 -17.429790 
-27.588309 -8.736494 -17.180514 
-28.477356 -8.838809 -16.562729 
-28.261918 -9.535612 -15.903032 
-27.512914 -10.308320 -15.620025 
-27.835953 -9.948998 -14.744019 
-28.528721 -10.705340 -14.946082 
-28.852090 -10.726828 -11.351817 
-31.171399 -9.333092 -8.730355 
-31.038291 -8.384538 -8.308446 
-31.668738 -8.321999 -9.106030 
-31.860624 -8.248491 -10.060198 
-31.826580 -9.270499 -10.046836 
-31.569989 -8.788087 -10.915628 
-30.666923 -9.001978 -10.612935 
-30.560392 -9.587770 -11.466773 
-29.833006 -9.591767 -12.850204 
-30.301286 -10.419851 -13.159596 
-30.046963 -11.433839 -12.963419 
-29.132204 -11.252070 -12.511731 
-29.788384 -10.596201 -12.052123 
-28.876253 -7.508810 -8.852187 
-26.862983 -3.458821 -6.164678 
-26.413320 -2.768508 -4.708716 
-27.113117 -2.075444 -3.052983 
-26.267480 -2.505250 -2.788406 
-26.134340 -1.640686 -2.380359 
-26.389025 -0.851574 -3.036255 
-26.192342 -1.305225 -4.030922 
-25.776499 -2.249847 -3.688938 
-25.183221 -2.500457 -2.867070 
-25.542796 -3.446793 -2.770012 
-30.297745 -5.711756 -2.862756 
-32.217749 -8.353148 -0.646680 
-32.481155 -9.700817 -1.703166 
-32.185989 -8.818223 -4.061914 
-29.854023 -5.571934 -8.501371 
-29.467148 -4.616535 -8.481995 
-28.755914 -3.934110 -8.790572 
-28.421777 -4.779115 -8.471477 
-25.972475 -2.569175 -12.155103 
-25.820436 0.825592 -10.645443 
-27.438038 1.221019 -10.858791 
-28.603106 0.701392 -10.405057 
-27.715695 1.159196 -10.047180 
-26.862305 0.256223 -9.364248 
-25.651076 0.363458 -9.192612 
-25.566349 -0.665504 -9.472069 
-24.565414 -1.143425 -9.947555 
-23.806334 -1.731521 -10.553811 
-25.350771 -2.513054 -10.093306 
-25.022821 -3.546986 -9.813469 
-24.651355 -4.465981 -10.105046 
-24.093474 -4.074603 -11.451691 
-23.587222 -4.324303 -12.308701 
-24.322112 -4.261209 -13.020687 
-23.140883 -3.025576 -12.996987 
-22.344486 -3.378400 -13.058697 
-22.203422 -3.577089 -12.035913 
-21.502654 -4.328821 -11.933567 
-20.710194 -4.304368 -12.703877 
-19.608196 -4.407267 -12.405978 
-20.353769 -3.695380 -13.160424 
-22.462402 -4.920932 -14.727120 
-20.319348 -1.111472 -15.643016 
-18.115563 -1.846741 -15.619192 
-18.506625 -0.434043 -15.085385 
-19.152842 0.496437 -15.605447 
-19.202092 -0.083907 -17.376463 
-19.041628 -1.484881 -18.111454 
-19.959484 -3.325618 -17.575213 
-21.121722 -5.261585 -16.987510 
-21.522973 -4.588677 -16.257545 
-22.064153 -5.678751 -15.646995 
-21.809250 -5.039010 -14.606500 
-22.454505 -4.283300 -14.404410 
-23.176105 -4.620445 -13.721995 
-24.054401 -4.271373 -14.105933 
-24.370667 -3.445982 -13.655695 
-23.888944 -2.590576 -14.105818 
-24.191969 -2.542933 -12.941959 
-23.793713 -2.887305 -11.681014 
-23.149778 -2.191445 -11.170944 
-22.720037 -3.345480 -10.487827 
-22.967856 -3.969286 -11.267193 
-22.749207 -5.028668 -11.483851 
-22.069743 -5.298005 -12.310118 
-21.490314 -4.812780 -12.983184 
-21.021921 -3.535458 -13.639767 
-21.557389 -3.399786 -14.522495 
-21.390799 -3.388531 -15.722561 
-22.174806 -4.034616 -15.416485 
-22.882726 -4.631139 -16.085128 
-23.268254 -5.365762 -16.638090 
-23.545891 -6.493822 -15.470087 
-22.605500 -6.646116 -16.161514 
-22.968124 -7.436551 -16.454792 
-25.111095 -8.543487 -17.131432 
-22.667086 -8.953071 -20.562512 
-20.979675 -9.758162 -22.947814 
-21.493978 -8.928576 -22.470542 
-20.951884 -8.583766 -21.672417 
-21.818259 -9.256134 -21.537894 
-22.532330 -9.434577 -22.352150 
-22.630008 -10.330218 -22.839914 
-21.805027 -9.032011 -23.671197 
-21.525659 -9.972695 -23.945008 
-21.088040 -10.122957 -24.906159 
-20.857491 -10.282758 -25.949702 
-19.998666 -9.702543 -25.792854 
-19.594519 -9.702917 -26.660459 
-19.663234 -8.999629 -27.409826 
-19.141750 -7.711112 -26.757832 
-19.507047 -7.544795 -25.695518 
-20.584994 -7.299853 -25.812546 
-21.516614 -7.359024 -25.578487 
-21.202896 -8.269039 -25.125793 
-22.003791 -7.838221 -24.607677 
-23.124777 -8.924587 -24.226357 
-23.638495 -9.067601 -22.181425 
-23.622030 -10.002151 -21.692975 
-23.900642 -9.932814 -20.635584 
-23.638546 -10.928094 -20.608150 
-21.417419 -10.700579 -22.207401 
-19.254248 -9.729956 -23.464587 
-19.878841 -9.215135 -22.962003 
-20.207957 -8.194549 -23.007080 
-22.024342 -6.086110 -21.180856 
