17.478427 1.412154 -4.491988 
18.453605 1.763109 -4.286739 
19.308158 2.288542 -4.523540 
20.046166 2.244827 -5.329788 
19.925577 1.221725 -5.606228 
19.121682 1.774723 -5.880540 
18.646359 2.704224 -6.194046 
18.878323 3.484330 -5.621445 
19.217002 3.979749 -4.754522 
19.069937 3.294438 -3.969790 
18.578279 2.534624 -3.444462 
18.753218 1.440759 -3.436434 
17.975965 0.777454 -3.573462 
18.023025 -0.117316 -3.194324 
18.297835 0.673719 -2.615115 
19.265400 1.021708 -2.439933 
19.946512 0.699331 -1.812692 
20.095452 0.759737 -0.859851 
21.016984 0.304237 -0.854768 
21.772664 -0.481707 -1.005505 
22.224997 -0.546222 -0.048290 
21.753420 -1.511476 0.038889 
20.892915 -0.951302 -0.073339 
19.804102 -1.043908 -0.148756 
19.884909 -0.584085 0.680201 
19.053749 -0.429221 1.290002 
18.586314 0.478463 1.267536 
18.752370 0.742558 2.237575 
18.336064 -0.121821 2.473225 
17.697974 0.317030 3.130581 
17.738142 1.389128 3.193552 
17.566538 0.939004 2.232556 
16.735247 0.892600 2.831280 
16.676343 1.870519 3.191688 
15.888062 1.584387 2.678215 
14.963045 1.528779 3.187004 
15.654155 0.901027 3.422064 
15.792403 -0.143337 3.861445 
16.151606 -0.806009 3.316499 
16.862873 -0.351383 2.714865 
16.060249 0.039239 2.055382 
15.807514 -0.665233 1.425804 
16.756043 -0.982425 1.424001 
17.534522 -1.355548 1.888493 
17.674370 -0.943209 2.811689 
18.240546 -1.414232 3.525740 
18.306612 -0.455207 3.942085 
18.186744 -1.393986 4.472569 
17.410196 -2.238091 4.724228 
17.403397 -2.722793 3.764371 
16.782324 -2.685167 3.006264 
17.163039 -1.701656 2.948487 
16.611234 -2.006084 2.097131 
17.004012 -2.832048 1.665520 
16.470442 -2.816840 0.760036 
16.778571 -1.838086 0.421151 
16.097837 -2.258524 -0.393171 
16.159612 -1.233800 -0.146004 
16.692545 -0.476961 0.282644 
17.077672 0.285748 0.866613 
17.691148 0.809426 0.315085 
17.279153 1.448128 1.146767 
17.048239 2.379052 0.792914 
16.617236 2.321244 1.705528 
17.164622 2.490718 2.587106 
17.704015 2.172540 1.785352 
18.390741 3.047024 1.967789 
18.562520 2.138664 2.413477 
18.755254 2.541442 3.314848 
17.882261 3.190729 3.163474 
18.498567 3.493782 3.882191 
19.044730 3.802200 3.080099 
19.614416 4.237815 2.273375 
20.284757 3.788040 2.978510 
18.997752 4.109071 1.298182 
16.807078 3.387545 -1.137625 
16.594716 2.950242 -2.084350 
16.047341 3.813069 -2.370641 
15.318300 4.324351 -1.981158 
14.806711 3.907336 -2.983590 
15.589035 4.484002 -3.199884 
16.532620 4.222254 -3.224175 
17.070845 5.295292 -3.340284 
16.673436 5.030886 -2.207011 
16.581740 5.203346 -0.951887 
17.432937 4.732831 -1.207464 
18.373867 5.101150 -1.227733 
18.811712 5.156404 -0.243716 
20.268029 5.631481 -1.583316 
19.443006 3.911182 -2.617673 
19.465375 2.372296 -2.353441 
20.319529 1.806997 -2.197530 
20.609000 1.569275 -1.261796 
21.495615 1.927726 -1.813587 
22.064473 1.747249 -1.022095 
22.392555 1.574014 -0.053387 
22.379383 0.639288 -0.620049 
21.893565 0.430159 0.281009 
20.787588 0.623771 0.488360 
20.140483 0.058011 2.870453 
19.754007 2.765875 5.405862 
20.819531 0.922136 3.697863 
19.983438 -1.013566 5.589836 
19.461573 -2.689182 6.712290 
18.523549 -3.068333 6.609881 
17.988851 -2.350844 6.067311 
18.449372 -1.435342 6.147615 
17.364509 -0.503240 9.321374 
17.002175 -1.775008 8.802211 
17.278756 -2.340158 9.591703 
16.188582 -2.397562 9.046843 
16.542833 -3.230634 9.707394 
15.480314 -3.020921 10.283207 
16.368249 -3.821509 10.705296 
16.403688 -4.753327 9.550811 
17.768817 -3.358410 8.964489 
17.732923 -1.266659 6.969993 
17.212964 -1.199265 5.664249 
16.324967 -2.155998 5.599105 
16.207710 -3.809532 3.537535 
14.862372 -2.310787 2.890366 
13.981977 -2.710476 2.451290 
14.600784 -3.292604 3.001394 
13.961533 -3.113274 3.909998 
13.533959 -3.036956 4.886762 
12.685457 -3.588482 5.173696 
12.064103 -3.727893 4.378884 
11.941462 -4.799203 4.064073 
11.230006 -4.150548 3.674998 
11.437334 -4.514501 2.074112 
10.820926 -4.276308 2.841936 
10.046298 -6.681076 4.197504 
10.913892 -2.250567 5.280328 
11.264301 -1.474592 6.544775 
12.313523 -2.621162 6.548348 
12.896328 -2.971487 6.257440 
12.507103 -2.251079 5.161886 
12.642588 -2.105605 3.738997 
13.362092 -1.953105 2.920546 
12.903657 -2.154587 2.067360 
12.927926 -3.026253 1.041109 
13.571096 -1.857939 0.190812 
14.543764 -1.850381 0.311744 
15.137565 -1.156311 0.789485 
14.959896 -1.790674 1.425807 
14.158814 -1.773456 2.014264 
14.509517 -0.823157 1.645492 
14.514028 -0.238976 2.626481 
14.650837 0.214338 3.696954 
14.656768 -0.604818 4.380851 
14.627297 0.107997 5.421076 
14.515670 -0.802354 5.444478 
14.330481 -1.708130 5.777243 
15.030989 -1.110498 6.352065 
16.050853 -0.946247 6.112394 
16.389995 -1.547580 7.437885 
16.241661 -2.379241 7.804564 
16.734610 -3.109232 8.473526 
15.801659 -3.544649 8.760095 
15.976174 -4.082843 8.053530 
15.347136 -3.950000 7.198892 
14.305994 -4.031272 7.368394 
14.524258 -2.962865 7.163798 
14.527749 -2.662547 6.395700 
16.126947 -4.018505 6.047183 
13.484858 -5.014021 5.479436 
13.996443 -4.477670 3.361350 
13.343294 -4.300947 2.346658 
13.777055 -4.668414 1.480908 
14.353802 -4.286031 2.244162 
14.946364 -4.980720 2.649633 
15.503651 -5.631998 2.159070 
15.392009 -6.392176 3.181189 
15.057818 -6.957025 4.096496 
15.274084 -6.029638 4.250702 
15.500921 -6.022086 5.344073 
15.842769 -6.312323 6.158604 
15.551871 -6.577411 7.085630 
14.604642 -7.227727 6.723528 
14.311619 -7.350652 5.454201 
13.664891 -6.498942 5.468921 
13.649096 -6.376250 4.410750 
13.676474 -5.643192 3.580833 
13.180016 -5.455190 2.609653 
12.390828 -5.604210 3.437193 
12.368549 -7.511733 4.855792 
14.228856 -8.509717 6.007441 
15.683015 -7.777528 5.517682 
17.113390 -6.548985 5.302807 
17.023549 -7.573320 5.473745 
16.585910 -6.795326 7.993808 
15.965272 -8.676556 8.092557 
16.266571 -9.237040 8.878033 
15.474046 -9.401478 9.433839 
15.795987 -11.096973 9.033282 
