10.805583 -7.296937 26.165850 
10.469036 -6.585157 25.390231 
9.944396 -7.470366 25.198650 
9.857025 -7.872124 26.180563 
10.509712 -8.686986 25.982971 
9.904154 -9.425449 26.253492 
8.950697 -9.199390 25.959415 
8.999474 -9.102158 24.945120 
8.812464 -8.095963 25.199927 
9.051238 -7.624081 24.361619 
9.474435 -8.501184 23.827614 
9.436987 -8.166627 22.894439 
8.511989 -8.536964 23.107136 
8.272522 -8.937342 22.223114 
8.137561 -8.859146 21.216389 
7.457393 -9.372829 20.735428 
6.768718 -8.906094 21.195815 
6.671033 -8.170418 21.873977 
7.323703 -8.027974 22.719456 
7.684427 -7.063496 22.316208 
8.390340 -6.476431 21.841112 
8.627069 -7.305738 22.560092 
8.357486 -7.318064 23.575715 
8.329901 -6.292676 23.476954 
8.133935 -5.497683 22.878524 
7.182756 -5.017944 22.788035 
7.616338 -4.771298 21.898754 
8.311372 -5.288056 21.387426 
8.947548 -5.035578 22.231475 
9.221317 -6.119318 22.179526 
9.336071 -5.624865 21.303511 
9.953781 -5.198579 22.034738 
10.202415 -6.125130 21.747541 
10.730350 -6.126526 20.957532 
9.956668 -6.285844 20.202172 
10.056372 -6.688258 19.196136 
9.022785 -7.163202 19.341927 
8.089403 -7.442136 19.698236 
7.569114 -8.471754 19.536002 
7.720001 -8.289991 20.552332 
7.076261 -7.618082 20.043274 
7.091168 -7.150800 19.179927 
6.719461 -6.244580 19.233517 
7.088342 -6.312099 20.314854 
7.359055 -5.358324 20.888102 
7.483388 -5.508158 19.860236 
8.070964 -4.702035 19.975898 
8.896844 -5.028147 19.468046 
9.520277 -5.403125 20.286165 
9.699470 -4.459674 20.775389 
10.478232 -5.013050 20.773822 
11.179437 -4.524486 20.162600 
11.922758 -3.835723 20.525019 
12.522527 -4.331257 21.206656 
13.286717 -4.991400 21.606947 
14.292169 -4.828019 21.819509 
14.555023 -5.051152 22.831325 
13.845172 -5.765925 23.344681 
13.087471 -6.387141 23.012548 
12.869440 -5.328839 22.827250 
11.925089 -5.365578 22.087853 
11.477210 -4.590346 22.114218 
11.981938 -3.831064 22.683616 
12.787527 -4.104619 23.298272 
12.449497 -3.310319 23.904175 
11.791931 -3.081212 24.693921 
11.894163 -3.866086 25.368477 
12.587100 -3.822473 26.126897 
12.689315 -3.036777 25.356802 
11.909567 -2.590750 25.942642 
10.940909 -2.648828 25.744330 
10.910337 -3.041992 26.736169 
11.811795 -3.494947 26.646239 
11.371192 -4.378846 26.717716 
12.356277 -4.603682 29.284761 
11.360037 -5.026835 30.815163 
10.974016 -5.053193 31.806327 
10.832072 -4.289468 31.184869 
10.754044 -4.591650 30.134693 
9.926172 -4.956801 29.551103 
9.170610 -4.322417 29.152936 
9.790150 -3.536710 29.459592 
10.586349 -3.114562 30.077188 
10.988698 -2.990041 31.553972 
11.497028 -2.805019 32.679653 
12.303166 -2.041608 32.677702 
11.503599 -1.719383 32.114059 
11.638240 -0.723882 32.496145 
11.911036 0.281884 30.883250 
10.199469 -0.540196 30.035013 
8.865578 -1.725684 28.949179 
9.350989 -1.482390 28.074432 
9.825622 -0.622865 27.720131 
8.918426 -0.885604 27.351506 
8.570974 0.012222 26.885080 
8.781274 0.021088 25.924333 
8.777572 0.771877 25.214778 
9.158335 -0.150178 24.794882 
9.509949 -1.001948 24.483289 
9.106211 -0.249126 27.038373 
10.818725 2.568081 28.270934 
12.497853 1.894669 27.236540 
11.841420 6.099458 27.834165 
13.099972 7.936483 26.590791 
13.779320 7.615535 27.283707 
14.003086 7.063247 26.369687 
13.699497 7.406730 25.513281 
13.188004 7.525315 24.381868 
10.885972 4.884913 23.340820 
11.097823 4.835239 22.276989 
11.533219 5.767629 21.839831 
12.415488 5.310228 21.976066 
13.833187 4.708424 21.972080 
14.465233 3.503519 21.982463 
15.354655 2.520109 21.385217 
15.369499 3.766653 20.299250 
14.681895 4.508130 21.043585 
15.134858 5.679031 21.800763 
13.701448 6.270535 22.076377 
14.716781 5.400417 23.293041 
15.267231 5.781636 23.893720 
14.339411 6.170266 23.959863 
13.670289 6.383114 24.617397 
13.167990 5.763930 25.209172 
13.818437 5.396851 24.356025 
13.486576 4.565885 24.660867 
13.264356 3.724148 24.223194 
12.521006 3.958732 23.628310 
11.788934 3.705846 24.234995 
12.728338 4.555928 25.190797 
16.109772 5.308158 26.170755 
17.629400 6.584583 25.303064 
16.447599 9.171487 25.675050 
16.344212 9.968864 24.213946 
16.542939 9.827716 22.803258 
16.448323 10.829661 21.291194 
15.159237 13.374389 21.187166 
15.475411 14.215297 20.964678 
16.461735 14.749605 20.787928 
16.933922 13.880021 20.754651 
17.305657 13.757179 19.152286 
17.979570 14.804413 17.663664 
18.576278 15.454631 16.995433 
18.526978 14.943973 16.052890 
18.370300 14.455559 15.111131 
17.627249 14.163674 15.807166 
16.950805 14.728200 15.241790 
16.437894 15.384311 15.406409 
16.448214 15.322958 16.592411 
17.077919 15.085606 17.389112 
17.984380 15.837755 15.765587 
19.447166 15.593826 14.492306 
18.718069 16.397834 14.215006 
17.812882 16.770089 14.360192 
17.692674 17.326485 13.424299 
17.376083 18.581542 13.287551 
16.932487 19.566973 13.425774 
16.884186 19.379657 14.399938 
17.712575 19.550804 15.113146 
17.502761 20.043696 16.042546 
16.434369 20.295630 15.932189 
15.919861 19.475494 16.334204 
15.060710 19.373253 15.905470 
15.412853 18.356721 17.131484 
14.405085 17.564795 17.388254 
13.811887 16.577269 18.901894 
13.803292 16.676332 21.560790 
14.281285 15.995694 21.004709 
13.983558 15.115275 21.361491 
13.992352 14.060824 20.993940 
13.862103 13.389118 20.178824 
14.844251 13.138936 19.763079 
14.097375 12.242724 19.386589 
13.462384 11.109510 19.849867 
14.319924 11.094863 20.604711 
14.489230 12.145250 20.709772 
14.198819 12.813759 21.373086 
13.402976 13.413660 21.702738 
13.623588 12.750536 23.124881 
14.557947 12.397929 23.432687 
15.112709 13.194422 22.838827 
15.016898 12.541552 22.087912 
15.540351 12.214707 22.968706 
16.472393 12.460481 22.489483 
17.468550 12.554376 22.565210 
17.156735 12.408360 24.210789 
18.757929 12.892078 24.989357 
18.215422 12.311402 26.207095 
16.893995 11.328687 25.600591 
15.910277 12.040221 25.187797 
15.171405 9.393113 23.876518 
15.674484 9.371055 22.499485 
15.384126 8.413571 22.363506 
16.291584 8.580500 21.683079 
16.634585 10.275289 20.751633 
