22.522631 11.496007 14.717573 
22.855478 12.067684 15.487067 
22.489587 11.182026 15.909948 
22.333613 10.532505 16.656729 
21.332589 10.842575 16.573084 
21.893904 11.606664 16.868461 
22.620642 12.178017 16.469923 
23.300490 11.446593 16.846925 
23.476774 10.520241 16.474403 
23.064714 10.170096 17.330045 
22.247135 10.087701 17.955727 
21.164777 10.233010 17.980844 
21.632793 9.966547 18.746531 
22.594116 10.197269 19.026093 
23.211239 10.393211 19.924251 
22.853150 11.154408 19.239047 
22.520362 11.699204 18.438886 
22.211295 12.365585 19.006401 
22.355108 12.523374 17.903863 
23.144915 12.974082 17.319610 
24.160711 13.262072 17.700752 
24.553228 12.469107 18.000550 
25.377729 12.166254 17.408738 
26.205640 11.638211 17.601961 
25.472913 11.537746 18.366204 
25.093580 10.614677 18.937463 
24.271767 9.820552 19.324350 
24.890397 10.272224 20.098828 
25.300907 11.175408 20.304338 
25.366178 11.798624 19.414365 
25.165698 12.815952 19.735207 
24.217760 12.890967 19.232826 
24.208114 11.927510 19.340967 
24.033797 10.925473 19.364515 
23.532179 11.516223 19.983418 
22.845576 11.839700 21.032963 
21.854815 11.571867 21.159124 
22.709962 10.923944 21.379445 
23.246477 10.191089 21.064996 
22.827450 9.320495 21.382720 
21.836131 9.300667 21.568335 
21.852300 8.652715 20.804087 
22.255615 7.670455 20.987402 
22.326507 6.771733 21.333134 
22.621099 6.355170 22.249360 
21.749841 6.380275 22.810691 
21.451919 5.517697 23.118796 
22.171744 5.371557 22.579256 
22.267087 4.655782 21.784610 
21.709529 5.293846 21.196739 
22.621929 5.799561 21.075991 
23.544719 5.847898 20.610471 
22.794152 5.739125 19.873397 
21.700686 5.737922 19.486367 
22.437247 5.036420 19.095031 
22.752352 4.539523 18.392895 
22.306172 4.405737 17.440479 
21.301509 4.422120 17.776768 
20.285685 4.396098 17.694229 
19.735070 4.884476 18.386504 
20.737839 4.938596 18.550466 
20.573092 5.250846 17.594977 
21.604521 5.281818 17.233786 
21.266048 5.322229 16.277296 
20.926705 6.313141 16.413950 
21.358179 6.251646 15.517721 
20.790543 5.878836 14.594796 
21.513435 5.023445 14.438515 
22.087774 4.575906 15.108682 
22.359790 3.567001 15.335929 
22.829719 3.395350 16.188882 
23.798634 3.774342 16.337327 
23.324770 4.616544 16.289761 
22.884027 5.023894 15.518086 
23.918465 4.859208 14.981841 
24.509916 2.605619 14.889301 
24.614479 3.537859 15.377486 
25.307370 3.417963 16.116633 
25.964736 2.733291 16.470824 
26.044266 1.700554 16.547189 
25.371558 1.423230 17.354450 
25.026319 2.370529 17.226882 
24.758092 2.279300 16.287644 
23.530357 2.187432 16.809859 
22.963455 0.827043 17.551357 
22.283578 1.498884 17.071747 
22.501409 0.574217 16.670609 
22.605615 0.547433 15.647068 
21.633170 -0.290277 13.516359 
20.258108 -1.860600 9.874876 
19.377816 -0.201373 9.635169 
19.663236 0.499752 8.721596 
20.316331 1.270496 8.353278 
20.638634 2.218328 8.743535 
20.016632 2.287104 7.881074 
19.721928 3.048717 8.464657 
19.663560 3.188912 9.513882 
19.565722 2.241744 9.082480 
20.181396 1.646982 9.654430 
20.943769 0.777707 10.922217 
22.805146 -0.686115 11.886680 
21.423327 -0.491846 13.148697 
19.259541 -2.574820 12.046436 
18.363191 -1.811043 9.543784 
17.860225 -2.095973 10.404715 
17.243983 -2.952459 10.612359 
18.206244 -2.971446 10.722416 
18.542127 -5.260756 9.407908 
18.989910 -3.411003 7.633146 
19.293500 -3.044080 8.551970 
19.239202 -2.384947 7.654920 
19.173334 -1.886038 8.579676 
19.901911 -1.572810 7.643017 
21.168478 -1.116266 8.008958 
20.213842 -0.700795 8.329883 
19.899172 0.484532 6.999216 
21.598867 0.613299 7.806177 
22.624058 0.022401 8.842956 
23.065765 -0.742896 7.695585 
23.474912 -1.515594 6.104018 
24.017750 -0.470456 6.068798 
24.086819 0.332875 6.620516 
23.208319 0.242030 7.159191 
23.581122 1.056662 8.142264 
24.221966 1.661517 8.959561 
24.235458 2.703833 8.969793 
24.041752 3.485095 9.681793 
23.328658 2.766634 9.577816 
22.945829 2.936307 10.620442 
23.887221 3.007463 11.604230 
24.468651 6.348808 10.011720 
22.750762 7.263796 6.236588 
20.037503 7.417123 4.469273 
20.131560 7.124194 5.949845 
19.385014 5.696386 5.828121 
21.176591 4.155358 5.974923 
22.452845 3.484596 3.754601 
22.177301 4.645738 4.315648 
22.637535 4.373936 5.378089 
23.105704 4.786308 6.142252 
23.779756 5.848185 7.026296 
24.546740 7.073009 6.630791 
24.128611 7.643768 5.788239 
24.009307 8.374294 6.505885 
24.307861 8.207436 7.565372 
24.809224 8.874021 7.004360 
25.100071 9.526817 6.179571 
25.112849 8.507196 5.122924 
25.875239 7.422780 5.478698 
26.351732 7.957001 6.091569 
25.915465 8.502220 7.539547 
25.874685 8.443333 8.895324 
25.573725 9.045534 9.558172 
26.225703 9.270230 10.326221 
25.376587 9.888459 10.220069 
25.847364 10.552032 10.524812 
26.038066 11.864014 9.935743 
26.647081 11.460364 9.168771 
26.700385 10.810039 8.340476 
26.780193 10.196220 9.180644 
26.656457 9.165573 8.977195 
26.835118 8.257771 9.331110 
26.302101 7.985412 10.158581 
25.912106 8.496264 11.401535 
23.322345 7.788897 11.647317 
22.584824 8.083474 9.249989 
23.969237 9.921153 10.340873 
23.701322 9.228521 11.026096 
24.719661 9.197452 10.629644 
24.527549 9.969734 11.269341 
23.844439 10.754626 11.609109 
23.332173 10.671981 10.748028 
22.657815 11.384783 10.470810 
23.625028 11.731001 11.261915 
23.462274 11.781232 10.202249 
24.423562 12.152243 10.210655 
25.040878 11.590135 10.713379 
24.850035 10.819106 9.899896 
25.149735 10.380212 9.021184 
24.429564 11.297328 8.115447 
24.064989 10.261430 8.100713 
23.500889 10.148384 7.183526 
22.797659 10.386179 6.394573 
23.626797 9.963124 5.836730 
24.315106 10.370750 5.121375 
21.680787 11.259970 6.104402 
21.243652 11.545602 8.243959 
20.363335 10.587430 6.402605 
18.405570 10.405514 5.721373 
18.604676 10.681223 4.751614 
16.832378 11.270778 4.734801 
17.565558 9.728059 4.296424 
18.337541 9.632323 3.628613 
18.783405 9.649906 4.551011 
18.258230 6.574680 4.283068 
