-27.866583 -7.082760 3.941154 
-27.114619 -6.262763 3.880810 
-27.848109 -5.536096 3.787230 
-27.875349 -6.321886 3.177696 
-28.883537 -6.109289 2.997192 
-28.939442 -7.007336 2.634837 
-29.225528 -6.309830 1.899345 
-30.008086 -5.762569 1.723630 
-30.932306 -5.958196 2.239840 
-30.039978 -6.509971 2.469447 
-29.684578 -6.848185 3.279080 
-30.611542 -6.418007 3.400595 
-30.110190 -6.036597 4.224790 
-29.892988 -7.004953 4.359760 
-29.109672 -6.290160 4.196151 
-28.541144 -6.557140 4.947288 
-27.876667 -5.954627 4.629332 
-27.173345 -6.663438 4.893356 
-26.277665 -6.314449 4.656245 
-26.904409 -5.556428 4.846308 
-27.065765 -5.445566 5.921913 
-27.516445 -4.661452 5.574679 
-27.572014 -3.871587 4.944662 
-27.581574 -4.879544 4.503559 
-27.498698 -4.171235 3.867188 
-26.551976 -4.032018 4.110920 
-26.659923 -4.468409 4.971481 
-25.800911 -3.745063 4.805457 
-26.106536 -3.033874 5.480918 
-26.069192 -2.904729 6.481134 
-26.619139 -2.124846 6.092874 
-27.163305 -2.439837 5.296890 
-27.814337 -1.675286 4.937430 
-28.460002 -2.353015 4.400324 
-28.610961 -3.244914 3.847557 
-29.637789 -3.255016 4.095315 
-29.586134 -2.732973 4.936522 
-29.863726 -3.761550 5.496715 
-29.502418 -3.589131 6.419056 
-29.777097 -4.492619 6.342315 
-30.681795 -3.901154 6.307038 
-30.837128 -3.049420 6.672742 
-31.852708 -2.733561 6.585209 
-32.445242 -2.738410 5.663338 
-32.453239 -1.838797 5.231981 
-32.623808 -1.726550 4.245558 
-32.328259 -2.652126 4.651274 
-31.421163 -2.243104 4.374950 
-30.365134 -2.159725 4.212002 
-30.759454 -2.295572 3.117136 
-30.034184 -2.880222 2.629156 
-31.029675 -3.128118 2.552333 
-31.718226 -3.690587 3.160903 
-30.940818 -4.007291 3.675897 
-30.049303 -4.352714 3.229054 
-30.006279 -4.937039 4.161251 
-30.217352 -5.341336 5.135517 
-30.938672 -6.097297 5.351016 
-30.425711 -6.451739 6.114401 
-29.706849 -7.079294 6.529085 
-29.189506 -7.858087 6.073136 
-28.474364 -7.530324 5.394060 
-27.847312 -8.009201 4.646616 
-27.413531 -7.476677 5.367047 
-26.648084 -7.532292 4.647761 
-26.213014 -8.345251 5.084456 
-26.717194 -8.076931 6.022943 
-26.396156 -7.157531 6.009857 
-27.221341 -6.682752 6.065713 
-26.731921 -6.041916 6.633263 
-25.573669 -6.081387 6.576429 
-25.405178 -6.022249 5.601140 
-25.382791 -5.602540 4.543362 
-24.536301 -5.589110 3.996389 
-23.201096 -6.706371 5.683703 
-23.257791 -5.215585 6.008692 
-24.181133 -5.294854 6.171215 
-24.032480 -4.949434 5.212439 
-24.829536 -4.286770 5.051901 
-23.919189 -3.896677 4.651873 
-24.048798 -4.667402 4.026630 
-25.156167 -4.601423 4.218010 
-25.319831 -3.777276 3.616964 
-26.371754 -2.731489 3.769621 
-27.377737 -2.023716 4.131896 
-27.171982 -1.115682 3.947872 
-28.211283 -1.007527 4.102889 
-28.175351 -0.173029 3.574680 
-27.755253 1.055540 2.115698 
-30.165200 2.466705 3.591851 
-31.478926 1.998174 3.912377 
-32.327621 1.561977 3.653088 
-33.033048 0.869998 3.650413 
-32.472782 1.076897 2.726326 
-32.059040 0.512846 3.478853 
-31.889697 -0.322656 4.049840 
-31.777884 -1.323664 3.585737 
-32.700093 -0.659858 3.631826 
-32.905978 -1.285479 2.764698 
-30.713098 -0.963080 1.190071 
-30.113663 -2.570034 0.649342 
-32.337611 -3.559217 2.133086 
-30.244287 -4.429379 0.055390 
-29.147592 -1.573940 -2.011363 
-29.934873 -1.765138 -1.400783 
-30.156648 -2.302720 -2.258513 
-30.199542 -1.969148 -3.222034 
-29.061905 0.645393 -3.176078 
-30.375300 1.368834 -2.000567 
-31.128563 1.523682 -1.399749 
-30.247409 0.797603 -1.295214 
-29.380613 0.110766 -1.259512 
-28.235729 -0.715978 -1.180944 
-27.171732 -0.654261 -1.006553 
-26.597159 -0.810295 -2.002552 
-27.742286 -2.575696 -1.238551 
-27.705652 -2.934765 0.775399 
-27.107549 -2.196312 1.886805 
-26.324553 -2.301430 2.612182 
-27.414281 -4.062595 1.704138 
-25.916778 -4.213887 2.224864 
-25.875489 -3.368621 1.635109 
-24.909010 -3.580655 1.375903 
-24.658259 -4.628568 1.440093 
-25.999268 -4.457422 0.692349 
-26.577820 -5.176960 1.079764 
-25.896116 -5.928247 1.227941 
-26.142020 -5.882046 2.336969 
-26.670996 -5.522691 3.091412 
-27.996258 -5.165187 2.520890 
-27.125862 -1.086601 2.531746 
-24.081666 1.621073 4.577581 
-24.021375 3.632666 4.609130 
-23.172954 4.231712 3.919705 
-23.029443 4.827438 2.865725 
-23.893635 5.497052 2.306641 
-23.913595 5.459422 3.650358 
-23.134670 5.649057 4.531962 
-22.249962 5.743918 3.468830 
-22.190026 6.034623 2.468861 
-22.101243 7.120211 3.017025 
-23.486394 8.021283 3.582974 
-23.325353 8.497530 4.371813 
-23.138577 8.764083 5.324607 
-22.720339 9.597593 5.871507 
-22.298151 9.822779 4.947746 
-21.967865 10.566379 4.134836 
-21.851114 11.512708 4.540601 
-22.392687 11.448742 3.662377 
-23.084049 11.031086 4.451359 
-23.307632 12.146088 4.592395 
-24.191268 12.200178 4.685665 
-24.802710 12.553578 3.939757 
-25.401722 13.413541 4.100355 
-26.338955 13.557783 3.887489 
-27.053480 12.540736 4.000511 
-27.128424 11.632791 3.595574 
-27.734150 11.131013 2.990438 
-27.902510 10.182180 3.107109 
-27.046128 10.535429 3.627410 
-26.664384 10.618755 2.659443 
-26.513495 9.655459 2.782213 
-26.230444 9.683314 1.773486 
-26.032194 8.379889 1.959672 
-23.904377 8.670108 2.916510 
-25.086804 5.668753 2.132594 
-27.784197 2.682930 2.205746 
-26.895957 2.180227 2.096760 
-26.939066 2.848799 1.365114 
-26.154067 3.308959 1.996606 
-25.786927 3.608533 2.910488 
-25.141917 3.729040 3.621161 
-23.724813 3.219357 3.399158 
-23.523830 2.441966 3.967501 
-24.353633 2.260179 3.365858 
-24.095693 1.831912 2.513076 
-23.786771 2.647738 1.969481 
-24.373836 3.408365 2.127010 
-25.060067 2.577798 2.141951 
-25.088875 1.600485 0.883677 
-24.893312 1.577822 -0.152941 
-23.918528 1.686014 -0.311185 
-24.196749 0.859763 0.353113 
-24.455324 0.181612 1.154747 
-23.958748 0.146001 2.014742 
-24.618306 -2.047649 3.166811 
-24.434369 -4.877770 2.601458 
-25.571506 -6.395636 3.466204 
-25.450321 -7.007796 2.773914 
-24.953600 -7.898454 2.447738 
-27.822312 -8.629511 1.546477 
-29.072884 -7.319768 1.505695 
-28.451683 -6.692092 0.798291 
-28.213486 -5.726768 0.706901 
-26.280120 -2.187327 0.518810 
