-25.320374 -20.182460 -13.082511 
-25.233032 -19.941357 -12.051580 
-25.017425 -19.868514 -11.068396 
-25.696710 -20.197993 -10.216887 
-26.469639 -19.549062 -10.477246 
-27.246938 -18.910138 -10.737847 
-26.732607 -18.260225 -11.362462 
-27.439723 -17.721291 -11.965970 
-27.109522 -17.009943 -11.396024 
-26.841555 -15.872980 -11.411719 
-26.843036 -15.224635 -12.238899 
-26.337545 -14.650444 -11.473286 
-26.245706 -14.336844 -10.468959 
-26.740978 -13.711865 -11.042661 
-27.535031 -12.890291 -11.014729 
-28.242150 -13.742222 -11.081727 
-27.520871 -14.559255 -10.884776 
-28.250933 -15.400697 -10.763391 
-27.738738 -15.865879 -9.973240 
-28.414264 -15.202182 -9.386187 
-28.629965 -14.971342 -8.291773 
-27.763398 -15.335879 -8.006648 
-27.557724 -16.337637 -8.161747 
-28.489609 -16.420816 -8.332502 
-29.382388 -16.327059 -8.906278 
-29.448465 -15.566865 -8.267259 
-30.438751 -15.245825 -8.478582 
-30.566338 -14.263975 -8.816695 
-30.308536 -13.503941 -8.231707 
-30.877924 -12.699784 -7.793765 
-30.965338 -11.899508 -8.526516 
-30.599672 -10.876821 -8.275698 
-29.746897 -10.782790 -7.678812 
-29.984284 -11.628932 -7.014706 
-29.390613 -12.435489 -6.681116 
-29.801221 -12.808168 -5.827530 
-29.352309 -13.577098 -6.319047 
-30.090314 -14.391199 -6.039826 
-31.003335 -14.632544 -5.399734 
-30.517684 -13.691864 -5.200849 
-29.818289 -14.140772 -4.668101 
-30.242270 -14.789806 -4.024794 
-30.760218 -14.097478 -3.250069 
-30.631211 -13.277311 -2.687197 
-29.688220 -13.758946 -3.017709 
-29.914895 -14.787390 -3.032376 
-30.206253 -15.684229 -3.276769 
-30.066186 -15.974718 -4.241617 
-30.001828 -16.669833 -4.939496 
-29.535769 -17.181945 -5.599245 
-28.857424 -17.423689 -6.245326 
-28.946810 -16.498320 -6.534523 
-27.978454 -16.450005 -7.095056 
-28.205695 -15.594168 -6.502832 
-27.905126 -16.203391 -5.771143 
-27.878470 -16.716780 -4.818822 
-28.256447 -17.593096 -4.338631 
-27.398123 -17.618523 -3.648857 
-26.424739 -17.701592 -3.917577 
-26.845300 -18.562664 -4.387467 
-26.565010 -19.365954 -4.995797 
-27.335849 -19.153987 -5.723558 
-27.811960 -20.012666 -6.065126 
-28.306325 -19.741985 -7.062053 
-28.971926 -18.885839 -7.204172 
-28.491035 -18.889004 -6.283401 
-29.010650 -19.255007 -5.537426 
-28.841482 -19.685333 -4.632582 
-28.355077 -18.839749 -4.374881 
-28.807034 -18.464038 -3.422028 
-29.882471 -18.474500 -3.265771 
-30.181494 -17.507637 -3.555341 
-29.790775 -16.992873 -2.732927 
-30.016984 -17.714281 -2.018120 
-28.160216 -17.780032 -0.344459 
-28.998051 -16.988751 -0.453833 
-28.994361 -15.905031 -0.899712 
-28.285373 -15.204054 -0.656117 
-28.479488 -15.173729 -1.783416 
-28.669916 -14.246062 -2.150314 
-29.337672 -13.399513 -2.107956 
-28.933301 -13.235619 -1.109116 
-29.930006 -12.827475 -1.120156 
-31.315042 -12.887549 -1.478890 
-31.746046 -11.845777 -0.792797 
-32.536021 -11.678272 -0.071388 
-32.188463 -12.640460 0.146884 
-31.210464 -12.602037 0.531288 
-29.963820 -11.893348 -0.113015 
-31.460392 -12.912222 1.789096 
-31.383362 -14.834992 0.561048 
-31.431729 -14.897357 -0.621407 
-30.674322 -14.804046 -1.355495 
-30.464769 -15.586114 -1.940541 
-29.614239 -15.158477 -1.695025 
-29.963096 -15.579643 -0.733794 
-30.719752 -16.136589 -0.362092 
-30.945610 -17.094195 -0.745727 
-30.185340 -16.962330 -0.006453 
-28.657860 -13.961742 0.331247 
-27.326029 -18.945930 2.225477 
-26.594203 -21.551754 1.761650 
-26.526588 -17.961480 -1.041163 
-29.135009 -15.846021 -3.013287 
-28.377543 -16.403786 -3.748654 
-28.708289 -15.506533 -4.125553 
-28.016483 -14.933088 -4.734306 
-28.251900 -12.271619 -4.549931 
-30.261274 -11.144486 -5.792403 
-29.863657 -10.518343 -6.498923 
-29.868750 -9.875661 -5.652817 
-30.606095 -9.246672 -5.620980 
-30.964530 -10.374947 -6.164497 
-31.819954 -11.724625 -6.563620 
-32.644103 -12.519474 -5.928931 
-31.879758 -12.743882 -5.183341 
-32.006839 -12.252362 -3.831415 
-30.387175 -11.189889 -4.373679 
-30.933723 -10.265415 -4.302717 
-30.732961 -8.201630 -2.513714 
-30.345642 -5.663179 -1.129232 
-29.966965 -5.160122 -0.335268 
-30.272874 -5.769084 0.415923 
-30.621859 -6.809602 0.532486 
-30.997953 -7.414960 1.175965 
-30.311609 -7.833128 0.468816 
-30.659822 -8.769588 0.638415 
-30.594129 -9.740622 0.735082 
-31.126097 -9.787664 1.413238 
-32.072514 -10.060741 0.826970 
-28.876550 -11.762867 3.522786 
-29.009907 -16.648659 1.940919 
-27.705015 -18.360327 3.445725 
-26.366163 -18.524395 3.515846 
-25.546140 -17.645724 4.258991 
-24.932600 -17.630051 2.985184 
-25.217104 -18.444037 1.307931 
-25.773079 -18.471669 2.041967 
-26.359562 -17.421782 2.210653 
-26.302620 -16.672276 1.620676 
-24.994711 -16.242340 0.608299 
-25.861640 -15.329947 0.297205 
-26.513004 -16.004351 0.062511 
-27.308486 -15.571978 -0.393912 
-27.388926 -14.604672 -0.423921 
-27.701839 -14.013753 -1.160343 
-27.957471 -12.948287 -1.145601 
-28.010337 -11.821796 -2.108328 
-27.443908 -11.277417 -2.951192 
-27.038438 -10.310970 -3.070388 
-26.190248 -11.227440 -2.864697 
-26.535190 -12.694528 -3.190210 
-25.537691 -12.825781 -3.030892 
-24.825801 -13.588327 -3.444454 
-25.425771 -14.267268 -2.916515 
-26.046722 -15.170371 -3.024895 
-26.500668 -15.723952 -4.055937 
-26.832127 -15.095471 -4.773662 
-27.232124 -16.011543 -4.620288 
-27.054819 -16.662384 -3.770236 
-26.414030 -16.591163 -4.548582 
-26.241327 -16.156660 -5.527093 
-26.667893 -16.229370 -6.384744 
-26.909923 -17.465781 -5.954615 
-26.579964 -18.950792 -3.140551 
-26.565047 -21.577930 -1.259930 
-26.429130 -21.374479 -2.321124 
-25.619915 -21.846825 -1.988108 
-25.204080 -20.945434 -1.922002 
-25.274560 -20.944275 -0.948148 
-24.678045 -21.756387 -1.098117 
-25.636315 -21.956395 -1.093734 
-25.446636 -21.551165 0.157379 
-25.719706 -20.031456 0.299151 
-24.895093 -19.996042 -0.420879 
-24.275380 -19.398625 -1.054337 
-25.275116 -19.186587 -1.380145 
-25.514742 -19.481039 -2.302687 
-24.677526 -20.108369 -2.949666 
-24.361770 -21.371745 -2.883239 
-23.521383 -21.372089 -2.281609 
-23.250150 -20.933091 -3.090877 
-23.218881 -19.965802 -2.701989 
-22.540460 -20.512718 -2.092746 
-21.834373 -20.531437 -1.193223 
-20.906132 -20.902464 -2.497146 
-21.370096 -21.744851 -2.940868 
-22.445427 -22.745569 -1.585044 
-23.452090 -22.897207 -1.972103 
-23.554289 -23.725510 -2.575282 
-24.396982 -22.490360 -5.950974 
-24.710226 -20.804105 -8.367713 
-25.450499 -21.223009 -8.955331 
-26.321461 -20.655706 -8.647019 
-26.786018 -19.448680 -7.333728 
