-24.038385 19.279231 14.567810 
-23.719766 18.326145 15.025205 
-23.554819 18.564845 15.972857 
-22.637863 18.995607 16.190376 
-21.893797 18.841654 16.859898 
-22.290499 19.768373 16.856500 
-21.648251 20.520767 16.433544 
-21.788193 20.522037 15.422423 
-22.624142 20.712984 14.811135 
-22.014242 21.499982 15.341506 
-21.292755 21.951154 15.902346 
-20.824444 22.252984 15.203728 
-20.594046 22.771795 16.013731 
-19.758077 23.233623 16.548660 
-18.816475 23.574920 16.784382 
-18.567078 22.787238 16.249136 
-19.225934 22.242433 16.836438 
-20.016352 22.585034 17.406022 
-20.696269 21.675424 17.793671 
-19.968909 21.275635 17.295815 
-20.917212 20.818590 17.172991 
-20.168111 20.151036 17.445242 
-20.796451 19.391545 17.643255 
-20.539046 19.279017 18.574859 
-19.815609 20.079198 18.868917 
-18.889968 20.285832 18.633933 
-19.505193 19.500504 18.018627 
-19.731103 18.859261 17.284906 
-18.685404 18.811446 17.502317 
-18.040952 18.135596 17.449312 
-18.354732 17.535925 18.199956 
-17.789985 16.959811 18.679140 
-18.677453 16.470211 18.216280 
-18.202383 16.148121 17.474186 
-17.916043 15.359934 18.190274 
-17.087718 14.909874 17.754404 
-17.482595 14.855994 16.863814 
-16.844382 14.788539 16.009610 
-16.143645 14.133328 16.364040 
-16.312221 14.685366 17.158539 
-15.272723 14.581942 17.367231 
-14.998756 14.129874 16.511129 
-14.195427 14.053514 17.200388 
-14.954965 13.357732 17.254059 
-15.874815 13.044122 17.621313 
-15.372010 12.255884 18.114658 
-14.458911 12.683085 17.810111 
-14.202913 13.287584 18.583744 
-14.631971 13.167697 19.590171 
-14.986420 12.142464 19.183698 
-16.016946 11.932003 19.270484 
-15.662701 10.991626 19.412920 
-16.467914 11.100843 19.988484 
-16.522725 10.153895 19.589791 
-16.933758 10.878372 18.946278 
-17.910465 10.518073 18.717793 
-18.462788 10.904517 17.953476 
-17.656483 11.153532 17.473795 
-16.740911 11.684378 17.557775 
-15.814224 11.271536 17.637331 
-16.319118 11.163248 16.757018 
-16.300081 11.798568 15.877438 
-16.181683 12.595953 15.243138 
-16.376275 13.145052 16.194203 
-17.228949 13.226487 16.816360 
-17.268353 12.646475 15.973929 
-17.284435 12.741267 14.956794 
-17.081100 11.764265 15.053926 
-17.020936 10.783918 15.366209 
-18.008311 10.410430 15.229602 
-17.881052 10.385025 14.225387 
-17.476046 9.423847 14.332145 
-16.972487 8.600936 14.029799 
-17.396977 8.147782 14.819207 
-15.703477 4.575393 16.151345 
-15.082649 5.405068 18.278049 
-14.042371 5.590354 18.378131 
-13.180210 6.029099 18.757632 
-12.439912 6.008759 19.561411 
-11.870493 6.477006 20.329574 
-11.125886 7.164308 19.971532 
-11.456476 6.610504 19.130293 
-11.050496 6.080734 19.915488 
-11.710451 5.028192 19.071240 
-12.384447 3.856160 19.817960 
-12.394219 2.770574 19.674070 
-11.602606 2.131438 19.505944 
-11.079145 1.248450 19.332794 
-10.772083 -0.050373 17.206479 
-11.317953 -2.529027 17.994231 
-11.714237 -1.015792 16.349889 
-11.923292 0.046164 17.242605 
-12.459187 0.104647 18.015808 
-13.315865 0.430970 18.264938 
-13.613270 0.335350 19.194237 
-12.634409 0.330282 19.651465 
-11.968515 -0.216331 19.117196 
-12.592748 -0.936567 18.635546 
-12.141513 -1.753114 18.088341 
-10.364134 1.331886 17.532883 
-13.001421 2.124890 17.159816 
-12.762540 4.882818 17.420348 
-14.474538 8.590576 17.123010 
-13.514839 12.609311 14.843395 
-14.374249 13.007499 14.742346 
-14.591513 13.945692 14.622915 
-14.103161 14.461450 13.775356 
-16.306265 16.707274 17.967254 
-16.363750 18.708615 21.095364 
-15.385990 18.684121 21.244084 
-15.158900 19.575503 20.809826 
-15.440783 20.599997 21.013856 
-16.408758 20.342229 20.655887 
-17.698180 20.875391 20.579197 
-18.871714 20.783226 19.513793 
-16.819107 19.703891 18.667588 
-15.927961 18.348980 19.707476 
-14.747863 17.709200 20.834252 
-14.422688 16.980126 20.114204 
-14.082247 16.187051 20.979698 
-13.905457 14.127449 19.675330 
-13.848793 13.402572 20.304891 
-12.870831 13.344681 20.327478 
-11.985205 12.971576 20.173368 
-11.564531 12.317665 19.616540 
-12.252526 11.484522 19.481495 
-12.425940 10.430141 19.547401 
-12.783692 10.035091 18.706993 
-12.165292 9.553980 18.071104 
-11.128763 8.861903 17.902191 
-11.549266 8.855692 22.428872 
-11.252833 8.604030 21.877034 
-9.006938 7.288737 20.221105 
-9.846328 6.482203 21.026829 
-9.433217 6.319529 19.686456 
-9.982652 4.282728 21.364848 
-10.076152 2.108289 21.684507 
-9.648661 2.709958 22.978702 
-8.812830 3.429515 22.574061 
-8.538017 2.524904 22.529244 
-9.754576 1.374772 22.961997 
-9.901808 -0.203500 22.305996 
-10.664617 -0.873547 21.962576 
-10.399849 -1.169301 20.954598 
-10.289113 -2.066523 21.378425 
-9.284259 -2.107421 21.542607 
-8.685383 -2.936032 21.818983 
-9.002292 -3.732384 20.541514 
-8.717214 -4.707582 20.011172 
-8.869936 -5.531968 20.503529 
-8.711411 -6.517738 19.541876 
-8.063755 -6.398005 18.283520 
-8.226612 -5.592039 18.752940 
-8.502109 -5.369191 17.821819 
-8.836996 -4.988901 16.901579 
-9.895554 -6.098430 17.059738 
-9.712656 -6.965712 17.838669 
-8.906684 -6.557117 17.358316 
-9.021544 -6.639423 18.479451 
-9.880672 -5.922199 18.238353 
-9.948874 -4.895541 17.825051 
-9.447990 -4.002987 17.905071 
-10.179625 -3.791834 18.724018 
-10.225599 -4.462422 19.491340 
-11.469004 -5.392964 20.583133 
-8.806014 -3.600111 19.320035 
-7.354606 -2.214163 20.037669 
-7.891211 -2.985652 20.568585 
-8.710307 -2.439218 20.402931 
-8.569436 -1.540767 20.013723 
-9.576907 -1.723104 20.338328 
-9.107861 -1.066317 21.121953 
-8.289799 -1.639418 22.028748 
-9.029327 -1.068328 22.450539 
-8.011891 -0.933402 22.897912 
-7.508921 -0.749686 21.996304 
-6.460949 -0.675785 21.388267 
-6.730720 0.222277 20.947684 
-7.108363 0.683223 21.805602 
-7.020292 1.742324 21.426390 
-7.958309 1.558457 21.921701 
-7.686669 1.715764 22.948145 
-6.739233 2.278788 22.980065 
-6.787743 1.204018 22.821933 
-7.619246 0.831849 23.233519 
-6.911602 2.636000 23.724168 
-4.780289 3.488595 23.921210 
-4.929164 2.584951 22.483087 
-5.491568 1.470034 20.887774 
-5.474588 2.368167 20.308550 
-5.890777 -1.300499 21.068382 
-7.034014 -4.091902 22.064527 
-6.909830 -3.135663 22.567148 
-7.707172 -3.223611 23.349374 
-7.231651 -6.075527 20.582820 
