-18.972019 7.321940 17.357145 
-17.970301 7.770316 17.622340 
-17.343970 7.019831 17.668466 
-17.183414 5.862265 17.621093 
-17.092310 4.944093 17.752055 
-17.035330 4.112586 17.129713 
-16.639628 3.223073 17.073815 
-17.057714 2.520885 17.803083 
-16.841766 1.531241 18.030133 
-16.200560 1.873688 17.269375 
-15.425649 1.875351 16.599885 
-15.249042 0.861232 16.424890 
-15.215466 0.686004 17.545391 
-14.828846 1.463232 18.032831 
-15.245397 1.255338 18.966127 
-16.086301 0.787447 19.234009 
-16.153279 0.553769 18.181269 
-15.952760 -0.336072 18.658503 
-15.153790 0.237043 18.411319 
-14.999823 -0.556766 17.755139 
-14.590985 -1.126499 18.599188 
-14.402346 -2.278105 18.673165 
-15.157677 -2.872118 18.725365 
-15.054601 -3.844254 18.386039 
-14.642232 -3.052238 17.654969 
-14.014708 -2.125460 17.474785 
-14.891999 -1.814054 17.526626 
-14.256207 -1.022000 17.232487 
-13.252763 -0.922715 17.427362 
-13.671854 -0.844672 18.339880 
-13.343325 -1.897433 18.426658 
-13.030311 -2.819967 18.315010 
-13.212755 -2.445196 19.322718 
-13.909590 -3.174314 19.872200 
-13.069663 -3.756860 19.949703 
-12.975736 -4.739968 19.779996 
-13.848187 -5.118740 20.133841 
-13.652930 -4.847304 21.299539 
-14.047682 -5.700645 21.831812 
-14.774757 -5.751627 21.104138 
-14.147251 -6.663415 21.257559 
-13.585997 -6.587827 20.321538 
-13.506703 -7.599796 20.786414 
-12.378564 -7.589291 20.943946 
-11.993799 -8.240688 20.141205 
-11.857910 -7.212635 20.161733 
-12.726755 -7.036325 19.756306 
-12.910000 -6.029487 19.544335 
-12.841200 -5.235380 18.898024 
-11.813855 -5.165668 18.918612 
-12.368862 -4.798860 18.061677 
-12.483942 -3.920695 18.390429 
-13.486861 -3.974234 18.323180 
-14.316907 -4.582489 18.646959 
-14.184237 -4.753182 17.683046 
-14.973924 -4.943000 17.014506 
-14.632693 -5.808580 17.205963 
-15.160547 -6.512024 16.560843 
-14.989571 -7.325551 17.150445 
-15.346013 -8.238105 17.107606 
-16.391935 -8.095634 17.487774 
-16.934546 -7.315193 16.990881 
-16.184257 -7.328022 16.360353 
-16.459890 -6.940392 15.459834 
-16.367566 -5.949657 15.890304 
-16.339263 -5.096383 15.188718 
-16.097815 -4.242430 15.713151 
-16.594646 -3.631008 14.995446 
-15.759908 -3.059476 15.299494 
-15.508170 -3.503176 16.322039 
-14.934309 -3.919808 16.924310 
-14.820284 -4.508832 16.039490 
-15.671128 -4.855673 16.422785 
-16.559186 -5.296306 16.727567 
-18.563898 -8.160107 16.873140 
-20.765762 -8.996237 18.866725 
-20.799887 -10.109116 18.608846 
-20.918553 -9.860064 17.614900 
-21.178274 -8.929682 17.117320 
-20.410456 -8.368841 17.410605 
-19.423190 -8.051611 17.563151 
-19.328338 -7.527766 16.585042 
-20.044731 -6.803002 16.375875 
-18.857018 -6.677194 15.353954 
-18.871413 -7.752992 14.577000 
-19.817958 -7.939367 14.716935 
-19.496545 -8.169871 13.775669 
-18.823848 -7.483127 13.496723 
-19.646952 -7.768068 12.207488 
-19.715191 -6.325690 14.014284 
-17.892364 -5.259756 14.121099 
-17.876888 -5.151908 12.956337 
-16.979499 -4.629983 12.600184 
-17.141065 -4.389580 13.732508 
-18.161664 -3.882900 13.807612 
-18.833486 -3.304554 13.181132 
-19.431459 -3.003795 13.897585 
-20.211638 -2.445801 14.338058 
-21.163965 -2.794110 14.634005 
-20.187416 -2.042669 11.896935 
-24.893654 -3.598999 9.971354 
-27.881300 -1.645347 8.329602 
-25.745350 3.534979 8.802181 
-21.583066 8.869748 8.975019 
-21.558591 9.605157 9.645967 
-22.435103 9.820134 9.029473 
-22.719464 10.497698 9.867925 
-20.515161 8.197778 9.383510 
-20.279500 6.774082 11.229158 
-20.116644 7.131258 12.276809 
-19.679205 6.208202 11.981718 
-20.552025 5.921767 12.280108 
-21.391942 6.318651 12.113098 
-22.268394 6.737553 11.518338 
-23.588523 6.494119 11.278453 
-24.989843 5.741085 11.085296 
-23.472057 4.964932 11.725709 
-23.120007 3.876535 10.908366 
-23.695670 3.224019 11.065697 
-24.041738 2.718478 12.028235 
-23.292911 1.106206 10.217962 
-22.388263 1.467293 10.589997 
-21.845730 2.328215 10.710387 
-22.152798 2.355270 11.899427 
-21.038269 1.760104 11.926384 
-21.194427 1.463455 10.914160 
-20.456870 0.751984 10.612182 
-19.571633 0.727547 10.057312 
-18.571259 0.651534 10.518297 
-18.254590 1.318259 11.580089 
-20.531725 5.616384 11.556832 
-24.023145 12.828526 11.823886 
-25.814023 15.462896 10.253613 
-25.148591 16.454545 10.994042 
-24.406698 17.244568 10.699504 
-25.618156 18.125703 10.364624 
-24.403286 18.536471 11.278619 
-23.901615 17.823370 12.175863 
-22.323343 17.881332 12.113008 
-22.377199 18.922537 12.012375 
-23.145808 20.227746 13.216620 
-23.763569 19.346794 13.563960 
-23.931910 18.790847 12.633490 
-24.972116 18.807268 12.878809 
-24.960578 19.317193 13.878561 
-24.928332 18.657182 14.821935 
-24.038385 19.279231 14.567810 
-23.637293 18.445495 15.499031 
-22.637863 18.995607 16.190376 
-21.893797 18.841654 16.859898 
-21.908981 20.270392 16.237489 
-22.624142 20.712984 14.811135 
-22.014242 21.499982 15.341506 
-21.292755 21.951154 15.902346 
-20.824444 22.252984 15.203728 
-20.176061 23.002709 16.281196 
-18.816475 23.574920 16.784382 
-18.567078 22.787238 16.249136 
-19.225934 22.242433 16.836438 
-20.016352 22.585034 17.406022 
-20.696269 21.675424 17.793671 
-19.968909 21.275635 17.295815 
-20.917212 20.818590 17.172991 
-20.482281 19.771290 17.544249 
-18.845656 18.118738 18.091059 
-16.042183 14.517304 16.903644 
-14.954965 13.357732 17.254059 
-15.874815 13.044122 17.621313 
-15.372010 12.255884 18.114658 
-14.458911 12.683085 17.810111 
-14.202913 13.287584 18.583744 
-14.631971 13.167697 19.590171 
-15.501683 12.037233 19.227091 
-15.662701 10.991626 19.412920 
-16.467914 11.100843 19.988484 
-16.522725 10.153895 19.589791 
-16.933758 10.878372 18.946278 
-17.910465 10.518073 18.717793 
-18.059635 11.029025 17.713635 
-16.740911 11.684378 17.557775 
-15.814224 11.271536 17.637331 
-16.319118 11.163248 16.757018 
-16.300081 11.798568 15.877438 
-16.181683 12.595953 15.243138 
-16.376275 13.145052 16.194203 
-17.315347 11.928807 15.566137 
-17.881052 10.385025 14.225387 
-17.107551 8.495152 14.656746 
-16.005339 7.036409 15.202612 
-16.391762 6.254153 14.615132 
-15.476368 3.703645 16.313733 
-15.876093 5.048704 17.880306 
-15.082649 5.405068 18.278049 
-14.042371 5.590354 18.378131 
-11.765875 4.572708 19.409789 
