-15.821687 2.354086 20.063871 
-14.957698 1.838192 19.925411 
-15.475382 1.065890 20.123412 
-14.567287 0.831764 19.730591 
-14.746002 0.432388 20.686954 
-13.902304 0.316060 21.300642 
-13.623137 -0.095761 20.365644 
-13.418153 -1.228855 20.273257 
-13.871038 -2.185340 20.282850 
-14.352683 -2.961380 20.716655 
-15.341139 -3.212491 20.207337 
-14.746659 -3.937642 20.349680 
-15.240418 -3.924227 19.541151 
-15.590809 -4.899981 19.360423 
-15.016513 -5.019203 20.243872 
-15.547613 -5.882199 20.196362 
-14.801949 -6.319087 19.579237 
-14.256612 -7.181848 19.694858 
-14.532112 -8.104957 19.455492 
-15.276813 -7.651273 18.931241 
-15.530886 -6.919848 18.170046 
-16.288549 -6.258510 17.968946 
-15.884432 -5.275340 18.122375 
-15.880384 -4.411321 17.498210 
-16.441281 -3.702349 16.941257 
-17.466880 -3.410085 16.519342 
-17.806186 -3.093983 17.446400 
-17.797321 -2.169513 17.052999 
-17.940584 -1.245234 16.515839 
-17.526830 -0.429177 15.934118 
-16.881577 0.350644 16.083032 
-17.912128 0.325007 16.373978 
-17.702434 1.223463 16.036286 
-18.006864 1.791758 15.265253 
-18.037025 2.726693 15.791645 
-17.567312 3.539531 15.503068 
-17.077613 4.259654 14.999833 
-17.414919 4.476681 16.161305 
-17.084196 5.416306 16.306044 
-16.142086 4.891503 16.041727 
-16.227716 5.816354 16.582005 
-15.912315 6.271756 15.848207 
-16.747108 6.938543 16.005288 
-17.784210 7.133282 16.198281 
-17.686089 8.050944 15.920002 
-18.225138 8.820864 16.188271 
-18.854961 9.707342 15.844031 
-19.237279 9.899689 16.794242 
-19.760638 10.734214 16.400844 
-20.311465 11.106198 17.114116 
-19.613076 11.354728 17.864946 
-19.316754 10.376947 17.737069 
-19.131763 9.438666 17.767775 
-18.274304 9.835148 17.655538 
-18.411464 9.207815 18.402433 
-19.047980 9.946891 18.651689 
-19.374694 8.906227 18.697405 
-19.722337 8.366035 17.881954 
-18.884926 7.811050 18.416328 
-18.170112 7.974466 19.133001 
-17.461833 8.642262 18.726001 
-16.719835 7.972671 18.895018 
-16.135821 7.290002 18.255464 
-15.634094 6.865529 19.112834 
-15.238225 6.540398 18.318076 
-14.402829 6.484483 18.900167 
-14.049599 5.876937 19.732774 
-13.164484 5.267570 20.016151 
-13.399694 5.137415 19.072648 
-14.223610 4.665605 18.856373 
-14.237175 4.533655 17.909949 
-15.128019 4.404968 18.342681 
-14.788995 3.567269 18.881223 
-15.592711 3.920746 19.412350 
-12.678581 3.253043 19.349974 
-10.486671 2.484463 20.500045 
-11.027954 1.670367 20.537596 
-11.957011 1.919473 20.830056 
-12.013764 1.245621 19.999582 
-12.677867 1.074056 21.033729 
-12.691333 2.463032 21.509231 
-13.748967 2.420507 21.262328 
-14.118620 3.468582 21.114798 
-13.734382 4.728021 21.421554 
-12.874820 5.749814 20.974422 
-13.338279 6.418082 20.471325 
-14.167773 7.070391 20.621177 
-14.696746 7.631241 20.016243 
-14.242412 9.683148 18.309376 
-13.698953 10.639859 19.408841 
-15.041217 11.988532 20.030741 
-15.440671 13.900193 19.771257 
-14.855597 14.054579 20.619738 
-14.422570 14.455806 21.878450 
-15.546247 14.776863 22.002414 
-15.908880 15.390022 22.672514 
-15.242728 15.665370 23.405846 
-14.823399 16.626817 23.658314 
-15.025998 17.002920 22.712560 
-15.399919 15.027320 19.959383 
-18.093501 9.613565 19.761214 
-15.809046 7.249426 19.948739 
-18.153593 4.070292 18.629413 
-18.912622 5.720971 19.395681 
-18.571976 6.538006 18.753519 
-19.584371 6.859646 18.858571 
-19.517861 6.697360 17.812205 
-20.129945 5.537468 15.681503 
-21.690007 4.963781 13.641217 
-21.052187 1.956439 14.821253 
-22.282267 0.072581 14.732622 
-23.063827 -0.539885 14.617653 
-23.774045 -0.898496 15.371248 
-22.730926 -1.738058 15.085543 
-22.282192 -1.340773 14.312037 
-21.007754 -1.558336 13.859888 
-21.002637 -3.160320 12.328082 
-20.680446 -4.023975 12.360425 
-20.426655 -4.449853 13.092787 
-21.441201 -5.342483 13.959387 
-20.264365 -5.303886 14.700395 
-20.315536 -5.923664 15.509390 
-20.971575 -6.624971 15.409990 
-20.825663 -8.018503 14.806748 
-20.921255 -9.312961 14.945567 
-21.076290 -9.066428 15.946514 
-20.017209 -8.868288 15.984307 
-20.288293 -9.846274 15.567765 
-21.148792 -10.481061 15.674763 
-20.399091 -11.416664 17.030292 
-21.881558 -9.720780 14.832578 
-23.978268 -4.176542 17.189580 
-22.706029 -1.867310 16.764523 
-23.751549 -0.650244 16.344642 
-25.774402 -2.061222 16.859836 
-26.183034 -0.737663 17.724908 
-26.552414 -0.807093 19.230476 
-25.512315 -0.158795 20.046380 
-23.945060 0.114821 20.060908 
-23.311177 0.182278 19.272818 
-22.849596 -0.668829 19.995477 
-23.223060 -0.270387 21.463629 
-22.587279 0.228452 20.896855 
-21.859367 -0.541297 21.068118 
-20.918357 -0.285925 20.863085 
-21.262212 -1.095835 20.268178 
-21.598291 -0.682577 19.336623 
-21.728717 0.186053 19.061543 
-22.122463 -0.912167 18.428695 
-22.159290 -0.371802 17.533925 
-21.197294 -0.246213 17.331719 
-21.259171 -0.690383 16.391858 
-20.670074 -1.582690 16.528839 
-20.486469 -2.489292 17.038101 
-20.123307 -1.821445 17.849602 
-19.917956 -0.829385 18.370181 
-19.771187 0.319705 17.081092 
-20.424220 0.277476 16.273329 
-19.851587 -0.568981 16.480079 
-19.308491 -1.513863 16.578370 
-19.514449 -2.491050 16.474926 
-18.388711 -2.517285 15.718608 
-18.534056 -3.282557 16.595011 
-18.406915 -4.354538 15.422078 
-17.526783 -1.951624 14.525971 
-19.226745 0.946906 15.744386 
-18.630206 1.566661 17.618552 
-17.748469 1.783500 16.901993 
-16.843772 1.424462 16.787894 
-17.049103 0.406237 17.060532 
-17.746358 -0.321058 17.139956 
-18.232536 -0.034979 17.952914 
-18.667188 -0.791842 18.242643 
-18.739885 0.078465 18.892464 
-18.561189 0.186207 19.917122 
-19.134729 1.022659 20.150548 
-18.571560 1.815623 20.284156 
-18.760924 2.491719 19.423006 
-18.559994 3.243363 20.113750 
-19.288597 3.475969 19.489455 
-19.149942 4.636543 19.286837 
-18.460881 4.015192 18.843422 
-18.187905 4.509423 19.662646 
-17.830239 5.376079 19.397383 
-18.220846 5.400430 18.396586 
-18.983249 6.244111 16.573868 
-20.356064 7.638158 16.876989 
-20.989625 7.080784 16.452563 
-21.105177 5.663752 16.392924 
-21.034210 4.656380 16.182131 
-21.755177 3.640391 15.089778 
-21.270539 3.357034 16.343044 
-21.918569 2.605655 15.810652 
-22.425571 1.267870 15.530054 
-20.663967 -1.077378 14.549654 
