-28.011979 4.013535 7.179147 
-27.944663 5.092774 7.328136 
-27.360287 5.116652 6.542965 
-27.413230 5.505698 5.604899 
-28.463641 5.861581 5.669299 
-29.222216 6.391918 6.112485 
-29.959096 6.743257 5.454377 
-29.901664 5.704800 5.527823 
-30.342351 5.054273 4.883910 
-31.385949 4.831775 5.081077 
-30.875820 4.027385 4.649519 
-31.666027 3.108091 4.954590 
-31.333431 3.118814 5.955017 
-30.719564 2.445096 5.475374 
-30.521124 1.606121 5.869977 
-31.408348 1.056693 5.655769 
-31.153099 0.395636 5.060407 
-31.946980 -0.066869 5.350949 
-31.632640 -0.048440 6.417184 
-30.743920 -0.324936 6.056648 
-30.882964 -0.631403 6.962468 
-31.322344 -1.158201 7.829680 
-31.239573 -0.342811 8.540059 
-30.845932 -1.280472 8.771416 
-31.818055 -1.359510 9.088512 
-31.847056 -2.144288 8.316117 
-31.391097 -2.800754 7.492573 
-31.124431 -3.693015 7.910691 
-30.130399 -3.493232 7.726364 
-29.977995 -3.367919 8.713663 
-29.576394 -2.362093 8.823037 
-29.016031 -1.449649 8.785409 
-28.602445 -0.510708 8.991427 
-27.569736 -0.407593 8.805112 
-26.780089 0.196715 9.219211 
-25.719553 0.028678 9.389267 
-26.156095 -0.804941 9.100672 
-26.332886 -1.668024 8.478863 
-25.940294 -2.238089 9.240414 
-26.779156 -1.888280 9.746921 
-25.970683 -1.814556 10.447191 
-25.924721 -2.861295 10.104972 
-26.002563 -3.627091 9.364654 
-25.327540 -4.195137 8.676331 
-25.317978 -4.483795 9.751908 
-24.572353 -4.602452 10.559569 
-23.891623 -5.390806 10.220576 
-24.820863 -5.954834 10.424074 
-23.920269 -6.265012 10.879105 
-23.356112 -6.513620 10.074584 
-23.445166 -7.438186 10.660156 
-23.435792 -7.793346 11.749406 
-23.070827 -6.861757 11.374304 
-22.840828 -6.831366 12.324112 
-22.340917 -6.032116 11.795472 
-22.667985 -5.859745 10.919245 
-21.969713 -6.622036 10.825967 
-21.111775 -7.172565 10.519014 
-21.532078 -8.008723 10.060785 
-21.917404 -8.872379 10.026689 
-21.516746 -9.916646 10.027573 
-21.505535 -10.792407 9.653519 
-20.743263 -11.515577 10.085530 
-20.808680 -12.061482 10.894635 
-21.852408 -11.921850 11.042540 
-22.076313 -11.251193 11.876895 
-22.111652 -10.191835 11.657533 
-23.176096 -10.224402 11.837048 
-23.136093 -10.620655 10.871717 
-23.892324 -11.276701 10.518649 
-23.881590 -12.136859 10.010740 
-24.858058 -12.704614 9.964425 
-25.323716 -11.961535 9.412907 
-25.520560 -12.045890 10.445964 
-29.286377 -10.008776 9.807109 
-30.428778 -8.507760 9.864670 
-31.064730 -7.856613 10.476637 
-31.397315 -8.183798 9.676269 
-32.312892 -8.222198 9.944675 
-33.215163 -7.756003 9.768086 
-33.214521 -6.769215 9.872130 
-33.678893 -7.070377 8.966062 
-32.674238 -7.061074 8.737782 
-32.609911 -8.340770 7.983959 
-32.834471 -9.433318 7.473111 
-31.875695 -9.591825 7.709273 
-31.125756 -10.033574 7.434076 
-30.814047 -10.520460 6.578371 
-29.146884 -12.631709 8.460653 
-28.620917 -15.664052 9.709899 
-29.560816 -14.750020 10.827680 
-28.503067 -14.751123 11.801178 
-27.704079 -14.721814 12.561159 
-26.938759 -14.620574 11.941641 
-26.855981 -15.629179 12.011816 
-27.558423 -15.909404 12.585874 
-27.384326 -16.484266 13.516801 
-26.472994 -16.219071 13.055978 
-26.131325 -17.107536 13.206126 
-24.699093 -18.631110 10.290316 
-24.794363 -16.534066 10.069947 
-22.941511 -16.683829 10.542126 
-20.441431 -18.637837 11.662286 
-22.808125 -19.793368 11.243120 
-21.868082 -19.436567 10.996699 
-22.171057 -18.443683 11.266922 
-22.890741 -18.762983 10.526391 
-22.535525 -16.521753 8.161928 
-23.019343 -13.727842 8.760451 
-22.922510 -12.758676 8.568784 
-22.937055 -12.044518 9.386106 
-22.719097 -11.551519 10.272000 
-22.538114 -10.904397 9.093635 
-21.559566 -10.186896 7.470042 
-22.249102 -9.883729 6.936649 
-22.217363 -9.365097 5.298839 
-20.881016 -11.571743 5.160406 
-20.472779 -12.950179 6.592894 
-20.871760 -13.643527 6.569126 
-19.754245 -15.348019 8.577661 
-20.142971 -17.021992 7.623711 
-19.498114 -17.389781 8.383291 
-19.528435 -17.828550 9.416749 
-19.530087 -19.213135 10.106429 
-18.574672 -19.612730 9.819011 
-18.492611 -20.549984 10.296698 
-17.816982 -20.697168 11.044281 
-17.994553 -21.607840 11.380065 
-17.879095 -22.346158 12.068650 
-18.042753 -22.875944 10.833131 
-16.034651 -24.181679 15.464312 
-12.289731 -25.637294 14.646902 
-10.278221 -25.564205 12.219927 
-11.436627 -25.064851 12.621684 
-11.669132 -23.353404 12.207719 
-12.235360 -21.785522 13.513276 
-12.834744 -20.722023 14.263501 
-13.351962 -20.359271 13.452484 
-13.022889 -19.611949 12.151230 
-13.682040 -20.468423 12.497406 
-13.963654 -19.183218 13.088860 
-14.508836 -18.266995 14.195596 
-13.521188 -18.408229 14.625913 
-13.181909 -19.425320 14.691015 
-13.133419 -18.565077 15.538035 
-12.255369 -19.290895 15.609465 
-11.958104 -20.274295 15.218600 
-11.241195 -20.889187 15.078899 
-10.656407 -21.571113 14.680639 
-9.868189 -20.990031 14.487881 
-10.163423 -22.245853 14.277881 
-11.651574 -23.162306 14.762155 
-12.329311 -22.745124 15.559579 
-12.714609 -23.513204 15.092258 
-13.488246 -22.963967 15.282943 
-13.651481 -23.935890 15.632888 
-13.017062 -24.410957 15.380566 
-12.459054 -23.807160 15.927495 
-11.572743 -23.372514 15.823255 
-11.567616 -23.969583 16.694778 
-10.832665 -24.656476 16.569266 
-11.217455 -24.958806 17.512104 
-10.307090 -24.119660 17.632123 
-9.980356 -25.381904 18.059353 
-10.590714 -23.868044 19.603543 
-12.970754 -21.562290 16.597954 
-14.225183 -21.890172 14.689114 
-15.128162 -21.783596 14.983809 
-16.065603 -21.558571 14.487954 
-16.958657 -21.176805 14.736696 
-17.653354 -22.030508 14.705315 
-18.470058 -22.290271 14.012837 
-19.366376 -23.259531 14.116837 
-19.433753 -23.923379 15.515548 
-19.078679 -24.651726 14.976384 
-18.755947 -25.305118 14.252750 
-18.624473 -24.591071 13.544156 
-19.274078 -24.475868 12.722215 
-19.085068 -23.506661 11.795784 
-18.166451 -23.435849 12.225668 
-18.152453 -22.816230 13.052436 
-17.863755 -23.563073 13.572605 
-17.341056 -22.975628 14.249094 
-16.605013 -23.000515 13.483068 
-15.949851 -22.702937 14.097747 
-15.108114 -22.031318 12.781828 
-15.720103 -21.150906 11.056604 
-16.412222 -19.855412 11.628774 
-16.371155 -17.889160 11.014118 
-16.748639 -16.932804 10.788248 
-19.805875 -14.403516 9.977453 
-21.933205 -13.623214 10.190528 
-22.876070 -13.793625 10.256661 
-23.705570 -13.258441 10.002393 
-25.070582 -10.006603 7.097734 
