-6.889955 1.947828 26.603431 
-7.850239 1.914917 26.861419 
-7.639601 1.009971 27.239055 
-7.891971 0.103086 26.694453 
-7.175298 0.813735 26.266593 
-6.500136 0.681038 27.012578 
-5.437126 0.497841 27.227725 
-5.787220 0.236548 26.392233 
-5.753122 1.360172 26.156021 
-4.742496 1.274594 26.083571 
-4.631894 2.372634 25.648817 
-4.579584 3.365951 25.291623 
-4.158259 4.303730 25.508199 
-3.170384 4.068418 25.533245 
-2.321299 4.737390 25.475882 
-1.623744 4.025214 25.382978 
-1.786772 4.337930 26.323202 
-2.700293 4.665611 26.545265 
-2.652080 4.010372 27.427588 
-2.507834 3.621321 28.360749 
-2.079164 2.651435 28.670152 
-2.136515 2.559133 29.720369 
-1.904975 1.588763 29.235861 
-1.427084 0.943672 30.027061 
-2.428032 0.808430 30.427549 
-2.778367 1.514037 31.280178 
-2.114495 2.174756 31.097668 
-1.547138 2.138470 30.315716 
-0.905391 1.442548 30.816733 
-0.898870 2.436362 30.966413 
0.016910 1.891973 31.040612 
0.549392 2.169839 32.020721 
1.208239 1.508130 31.713115 
0.313956 1.098107 32.165113 
0.135428 0.769013 31.181215 
1.131134 0.470622 31.398548 
1.755332 0.393504 32.240344 
1.761242 -0.345691 31.572863 
2.652604 -0.717210 31.813667 
2.579140 -0.358872 32.912196 
2.784164 -1.360123 32.881918 
1.872200 -1.217468 33.236040 
1.169473 -0.483866 33.045485 
0.707508 -0.131018 32.229818 
0.600143 -0.551533 31.198556 
-0.229220 -0.278872 31.719187 
-1.289892 -0.379145 31.680497 
-0.873545 0.458649 32.045048 
-0.965997 0.423349 30.982120 
-0.308239 -0.185618 30.504332 
-0.508498 -1.201812 30.398651 
-1.349489 -0.731340 30.268665 
-2.264487 -0.229790 30.572758 
-2.671753 -0.053795 29.576592 
-2.270215 -1.102271 29.484867 
-2.585999 -1.651869 28.556276 
-3.007364 -1.368420 27.573333 
-3.085028 -2.440114 27.313428 
-4.131359 -2.379593 27.657620 
-4.716712 -3.073728 28.410664 
-5.157665 -2.893290 29.324577 
-5.958287 -2.378477 28.909175 
-5.871182 -3.474826 28.534604 
-5.997592 -3.786683 27.503899 
-6.403770 -4.249302 26.709770 
-6.668934 -4.989840 26.185433 
-7.695609 -4.969315 26.474904 
-8.125208 -3.927360 26.678880 
-7.229922 -3.694658 27.305910 
-6.868850 -4.684971 27.619821 
-7.279743 -4.881330 28.460653 
-7.910812 -4.357885 29.092030 
-8.852954 -4.719428 29.117153 
-9.522466 -4.065311 28.921809 
-10.205514 -1.213892 29.480720 
-8.350217 1.636138 30.171153 
-8.681912 0.761350 30.093626 
-8.861881 -0.054650 29.349537 
-9.580458 0.305895 28.518550 
-10.137311 0.781347 29.175284 
-11.073459 0.340359 29.426557 
-11.142809 1.325395 29.170310 
-10.344796 1.904246 28.771798 
-11.011894 1.838499 27.560339 
-10.816784 2.939493 27.043360 
-11.137503 3.860336 26.739965 
-11.780697 3.234411 27.292234 
-10.992163 3.903643 27.724092 
-9.127247 4.268085 27.422419 
-7.621245 2.752149 27.685071 
-9.900724 1.451509 26.543425 
-9.789323 2.257401 27.099330 
-9.089682 3.008137 27.157211 
-8.989346 2.497315 26.135079 
-8.481849 2.006576 25.385144 
-8.798466 0.980267 25.321816 
-9.626250 1.259383 24.901086 
-10.628463 1.594990 25.059006 
-11.026229 0.884935 24.524992 
-10.600510 -0.831340 28.463700 
-9.627333 -3.160355 27.055267 
-6.938003 -2.728510 28.496478 
-6.820767 -5.616312 30.825024 
-4.970750 -4.963346 28.767304 
-4.347903 -4.383960 29.355374 
-3.947991 -4.124552 30.255667 
-3.393189 -3.268852 30.358802 
0.267582 -2.586017 29.860968 
1.128898 -3.668624 29.223696 
0.345753 -4.455108 29.031617 
0.389259 -3.857381 29.970698 
0.106064 -4.526744 30.661813 
-0.300812 -5.331392 29.627961 
0.521192 -5.782037 30.749386 
1.162480 -5.867749 30.121477 
2.000175 -5.666476 29.170312 
3.543448 -3.020134 28.155387 
3.013079 -1.922511 27.765597 
4.082337 -0.984475 28.393299 
2.497194 0.333965 29.797199 
3.280650 0.152183 31.392909 
4.264503 0.488693 31.743816 
5.221584 0.389923 32.212785 
5.734064 0.744996 31.566718 
6.584993 1.207627 31.101118 
6.297958 1.447318 32.042721 
6.758653 1.175888 32.976676 
7.717025 1.269284 32.609712 
8.706062 1.369773 33.027728 
8.309356 2.529907 32.708370 
7.871915 -0.389881 31.873771 
4.195675 -3.107235 33.460532 
2.526508 -1.100215 34.421173 
3.978754 -1.700112 33.765502 
4.541466 -1.502334 32.939303 
4.966208 -1.969743 31.029795 
5.619975 -0.594720 31.166044 
6.182699 -1.871320 31.747729 
6.263555 -2.323255 30.723167 
7.048929 -2.894795 31.130895 
6.762892 -4.680400 31.111297 
7.077665 -6.569260 31.484934 
6.081624 -6.601692 31.798492 
6.021827 -6.865491 32.690710 
6.676175 -6.234071 32.331681 
7.535720 -5.661682 31.947755 
7.229760 -4.686814 31.794445 
8.488739 -4.018734 31.423696 
9.525843 -4.230232 30.614737 
10.325802 -3.441567 30.771642 
11.252818 -3.513017 30.999222 
12.489440 -2.397501 30.345219 
12.498007 -2.831457 29.427480 
13.234292 -3.500248 29.911628 
13.445299 -4.037914 29.101276 
14.305629 -3.892873 28.174504 
14.686393 -2.850287 27.118793 
14.497359 -3.031041 26.030371 
14.833449 -2.038271 26.009130 
14.334596 -1.948144 26.884975 
13.663605 -2.526171 26.315089 
13.333734 -3.193618 26.998842 
12.872069 -3.281648 27.910437 
12.532087 -2.269121 28.411224 
15.067504 -2.255565 29.851534 
11.593684 -4.946815 32.059527 
10.291140 -5.779272 33.468946 
10.087748 -4.754279 33.497475 
9.343659 -4.521337 32.905908 
9.360045 -5.488575 32.761894 
8.499772 -5.628052 33.297744 
8.102471 -6.547706 33.367401 
8.308286 -7.656150 33.825241 
7.931416 -8.586991 34.004306 
8.097790 -8.774765 32.968797 
6.950119 -8.810603 32.553691 
6.074694 -9.014971 33.153416 
5.579485 -8.071252 32.851312 
4.398943 -8.286517 32.921864 
3.742528 -8.392253 31.579467 
4.340079 -8.301590 30.781607 
4.491590 -7.578266 31.364046 
5.300943 -7.270272 32.003212 
4.828388 -6.624549 31.328107 
5.092649 -5.604422 31.314111 
4.500455 -5.232264 31.317261 
3.853854 -6.850418 32.225162 
2.352548 -5.230411 31.261743 
2.932915 -3.793746 31.620932 
2.678170 -3.078498 30.948600 
3.044140 -3.422338 30.240917 
3.311241 -0.841116 30.056834 
3.484008 0.134462 30.260479 
4.097094 -0.532159 30.889468 
2.647690 -2.833035 33.470288 
