-9.151926 -4.386334 25.789719 
-8.154705 -4.236131 25.627207 
-7.124824 -4.114959 25.895154 
-7.090106 -3.412989 25.271732 
-6.155005 -3.099559 25.409795 
-5.846315 -3.994591 24.949269 
-5.000813 -4.478876 25.263507 
-4.295546 -4.797512 26.085272 
-4.112081 -5.080611 25.128501 
-3.691878 -5.904095 24.803743 
-4.367447 -6.061817 25.521823 
-4.816795 -6.735363 26.047924 
-5.380081 -6.751533 25.278609 
-6.367130 -7.085143 25.180288 
-6.685687 -7.808457 25.836479 
-6.910686 -8.739962 26.077261 
-6.640600 -8.500199 27.022312 
-7.546016 -8.074292 26.913846 
-7.740189 -7.994758 27.862428 
-7.654947 -7.124624 28.228838 
-6.990287 -7.061946 28.935969 
-7.380402 -6.004691 28.973783 
-8.069750 -6.365572 29.569682 
-8.929520 -5.882631 29.156211 
-9.201068 -6.373307 28.355309 
-9.016112 -5.163679 28.233796 
-9.755899 -5.646124 27.703716 
-9.823214 -6.648969 27.572761 
-8.746680 -6.605628 27.421679 
-7.822393 -6.938815 27.168906 
-7.114871 -6.966043 26.500810 
-6.592702 -7.414923 27.230310 
-5.671717 -6.979535 26.833864 
-4.689025 -7.391541 26.840275 
-4.258880 -7.917842 27.499985 
-3.585687 -7.856367 28.344543 
-4.590939 -8.118324 28.510475 
-5.106340 -8.983531 28.749897 
-4.942975 -8.865337 29.708314 
-4.177172 -9.330691 29.205251 
-3.497924 -9.006821 28.515787 
-2.765459 -9.588474 28.840260 
-3.159341 -10.481682 29.028026 
-3.015069 -10.687490 28.063409 
-3.631612 -9.907248 27.984296 
-4.714350 -9.749241 28.300455 
-4.679854 -10.672584 27.725699 
-5.042994 -11.057889 28.599019 
-5.527660 -10.611858 29.462302 
-5.267564 -10.187137 30.334387 
-6.024736 -9.380697 30.627248 
-6.682685 -10.154454 30.785489 
-7.347945 -11.107144 30.686152 
-7.048378 -12.146264 30.778085 
-6.621413 -13.094584 30.741469 
-5.902291 -12.286896 30.565307 
-6.227433 -11.458596 30.039543 
-6.814391 -11.685787 29.355791 
-7.816035 -11.859481 29.001651 
-7.309029 -11.642434 28.185195 
-6.369455 -11.516983 27.880716 
-6.497036 -10.920654 27.056457 
-7.163814 -10.651117 26.285776 
-7.933740 -11.300768 26.032460 
-8.450854 -11.266570 25.213592 
-8.308417 -12.186546 25.608458 
-7.509911 -12.753793 26.004999 
-6.972386 -11.913887 25.720957 
-6.296124 -11.255507 26.036065 
-6.567760 -10.415939 25.462061 
-7.158076 -11.053362 25.006436 
-7.764128 -10.183075 24.900681 
-7.130819 -9.502225 24.368857 
-6.593654 -8.636784 24.333117 
-6.017740 -10.680902 25.384966 
-8.604612 -10.033892 25.501510 
-9.237247 -9.677970 24.833775 
-9.886717 -9.853608 25.688415 
-10.380985 -10.215172 24.884019 
-11.339463 -10.386491 24.969085 
-11.816586 -9.457460 24.747140 
-10.984773 -9.050461 25.280720 
-11.677798 -8.970935 25.925579 
-11.598715 -7.338068 26.287533 
-12.933406 -6.785379 26.615033 
-13.194893 -7.879231 26.763696 
-13.811057 -7.342107 26.242673 
-14.360112 -8.102665 25.915315 
-17.879206 -6.213222 26.261085 
-20.283419 -6.062067 24.258537 
-22.249102 -4.891897 23.746289 
-22.656128 -4.861319 25.024196 
-22.687560 -5.241365 25.906608 
-21.809165 -5.595822 25.609772 
-22.488748 -6.090321 26.299752 
-21.795409 -6.498421 26.929085 
-20.908462 -6.158834 26.711514 
-21.190154 -5.307300 27.347260 
-21.865733 -4.748237 27.878391 
-18.182286 -5.251299 27.412073 
-14.634426 -6.624819 24.000632 
-16.873094 -5.500343 24.368611 
-17.953069 -1.351660 27.054217 
-18.643477 2.609639 27.805177 
-17.542108 2.806437 27.789444 
-17.765063 3.106307 26.849749 
-17.856673 2.089724 27.018761 
-16.323330 2.062696 27.127804 
-16.721690 -1.122516 29.255336 
-17.649967 -0.884519 29.409893 
-17.914458 -1.884235 29.492546 
-18.783831 -1.907089 29.967323 
-19.028562 -1.134571 28.797090 
-18.757389 0.080615 28.349201 
-17.836685 0.874369 28.167951 
-18.071197 1.014258 29.496586 
-16.840487 0.668262 30.364370 
-15.863673 -0.350297 29.437565 
-15.502229 -1.671327 29.907748 
-16.449960 -4.030006 29.763225 
-16.168805 -6.175719 28.415013 
-17.038908 -6.601896 28.018225 
-17.423297 -7.169503 28.796149 
-16.604767 -7.391558 29.406574 
-15.453741 -7.588045 28.428185 
-15.462735 -7.542000 27.409259 
-16.040167 -8.359126 27.155925 
-16.178286 -7.885227 26.285917 
-15.724217 -8.792699 26.185717 
-15.352916 -9.113266 24.937883 
-13.549240 -13.388081 26.473856 
-13.211970 -14.189875 28.505884 
-14.997683 -12.590188 27.023440 
-15.954581 -12.588435 27.180085 
-16.978624 -13.621406 25.951433 
-16.880582 -14.755039 27.005280 
-15.516317 -15.067911 26.394198 
-14.965716 -16.318757 25.940251 
-16.065930 -16.228622 25.999155 
-16.009008 -15.310877 25.407331 
-15.574685 -15.971068 24.489875 
-16.236610 -17.903222 24.828302 
-15.977302 -18.194940 25.823792 
-15.005591 -18.307545 25.027031 
-14.214577 -17.609718 24.750767 
-13.817943 -17.483836 25.673802 
-12.842904 -17.375915 25.096608 
-11.271669 -17.249284 25.315966 
-10.202012 -17.313515 26.146952 
-10.364906 -18.154526 25.578352 
-11.154700 -18.648038 26.496358 
-11.078471 -19.645674 26.992893 
-11.008863 -19.264721 27.869046 
-10.286239 -18.620109 27.349396 
-9.586317 -17.887498 27.828222 
-9.152736 -16.840371 27.227519 
-8.560466 -17.341474 28.151767 
-7.560189 -17.476997 27.973171 
-7.640321 -17.354901 28.947519 
-7.488419 -16.878860 29.851164 
-6.540136 -17.029306 29.466335 
-7.029120 -16.550940 28.678033 
-6.427446 -17.354769 28.457052 
-5.141913 -17.471184 28.546529 
-2.689034 -16.371933 27.687083 
-3.971077 -16.735372 27.194234 
-3.046028 -18.198785 27.359713 
-3.178860 -18.408370 28.346596 
-2.969041 -19.385784 28.513504 
-3.649613 -19.155438 27.828043 
-4.278590 -19.351682 27.059460 
-5.172232 -19.604335 27.408079 
-5.436072 -18.281802 27.098013 
-5.292854 -17.131437 26.588534 
-6.396835 -17.164353 26.145559 
-6.548870 -16.249620 26.531240 
-5.729379 -15.635749 26.855963 
-5.961039 -16.465024 27.470539 
-5.315318 -15.288496 28.105379 
-5.405206 -13.890173 27.554823 
-4.863493 -13.655862 28.356277 
-4.242432 -13.820307 27.531503 
-3.448957 -13.353829 27.092455 
-2.670430 -12.776567 26.722923 
-2.074516 -13.221628 27.451998 
-1.220911 -13.595452 27.237545 
-1.094789 -12.801672 27.169183 
0.348030 -11.643095 27.303953 
2.089158 -9.945810 27.931985 
2.398396 -9.142859 28.173426 
3.393809 -7.645253 25.939742 
4.753414 -5.407057 25.186095 
4.412364 -5.806001 26.029490 
4.781353 -6.483705 25.500555 
4.901422 -10.199165 27.557747 
