0.345753 -4.455108 29.031617 
0.389259 -3.857381 29.970698 
0.106064 -4.526744 30.661813 
-0.358467 -4.857497 29.815888 
-0.243157 -5.805287 29.440033 
0.124665 -6.003787 30.416803 
0.917719 -5.560286 31.081970 
1.162480 -5.867749 30.121477 
1.907534 -6.575713 29.931191 
1.527632 -5.998287 29.151522 
2.111709 -5.153289 29.335394 
2.453825 -4.938614 28.263140 
2.901432 -4.010751 28.302268 
3.642682 -3.417412 27.705552 
4.194320 -2.521344 27.960607 
3.435356 -2.131027 28.653119 
3.013079 -1.922511 27.765597 
3.752615 -1.336772 28.137051 
4.412058 -0.632177 28.649548 
3.536859 -0.241997 28.545452 
2.749018 -0.217171 29.123976 
2.464450 -0.262227 30.101723 
1.627313 0.189338 29.919849 
1.908110 0.972645 29.466534 
2.342080 0.997648 30.281697 
2.852526 0.899521 31.141159 
3.280650 0.152183 31.392909 
4.264503 0.488693 31.743816 
5.221584 0.389923 32.212785 
5.287833 1.059360 31.426656 
6.180295 0.430632 31.706779 
6.584993 1.207627 31.101118 
6.297958 1.447318 32.042721 
6.758653 1.175888 32.976676 
7.717025 1.269284 32.609712 
8.706062 1.369773 33.027728 
8.551087 2.377303 33.191953 
8.067626 2.682510 32.224787 
7.436055 2.023193 31.778466 
7.095036 2.711784 30.982060 
8.272542 2.881430 30.999041 
9.104851 2.204377 30.860577 
8.973234 1.466569 30.251447 
8.870831 0.600498 29.800026 
8.226281 0.118226 30.475970 
7.268885 0.552172 30.886739 
7.983559 0.166543 31.538176 
7.790699 -0.844877 31.432217 
8.462853 -0.741521 32.200978 
8.676019 -1.260970 31.353592 
8.642302 -1.916888 32.206002 
7.713080 -1.700438 32.469443 
7.247614 -1.137191 33.150940 
8.094531 -1.610228 33.699304 
7.283593 -1.972798 34.268559 
7.374444 -2.664624 33.518822 
6.986393 -3.262679 32.834797 
5.935498 -3.410204 32.768261 
6.193536 -2.556745 33.414725 
5.267523 -3.004589 33.492904 
4.967343 -3.264928 32.565354 
4.981409 -3.709219 31.645336 
4.116402 -3.053075 31.716756 
3.408707 -3.284856 32.542397 
2.985251 -3.772872 33.471890 
3.590794 -4.275957 32.865599 
4.009403 -4.082259 33.698861 
4.238466 -3.725710 34.659589 
4.020117 -2.750419 34.922606 
3.704854 -1.807115 34.790303 
3.059966 -1.106313 35.200602 
2.526508 -1.100215 34.421173 
3.303259 -1.038827 33.861392 
4.128471 -1.621488 33.932865 
5.548013 -2.102392 31.462157 
6.217766 -4.190109 31.647023 
6.587536 -4.877439 30.962822 
7.296988 -5.669443 30.933388 
7.077665 -6.569260 31.484934 
6.081624 -6.601692 31.798492 
6.021827 -6.865491 32.690710 
6.676175 -6.234071 32.331681 
7.535720 -5.661682 31.947755 
8.069079 -4.241428 31.547279 
9.525843 -4.230232 30.614737 
10.325802 -3.441567 30.771642 
10.782843 -3.651451 31.695333 
11.283173 -3.868139 30.895957 
13.598793 -3.149193 28.469928 
13.276699 -2.720136 27.320504 
13.312368 -1.953779 27.992929 
14.795985 -1.732959 27.912044 
14.374623 -2.339980 28.670936 
14.345988 -1.409712 28.990957 
14.621559 -1.967376 29.865740 
15.631422 -1.914703 29.644617 
16.588540 -2.086866 29.773051 
16.866162 -2.291265 30.715170 
16.083632 -2.918409 31.158752 
11.706277 -4.566872 32.196066 
6.968200 -7.938152 33.244625 
3.742528 -8.392253 31.579467 
3.613850 -5.351730 31.209890 
3.376622 -4.966575 30.428370 
3.388985 -3.968574 30.628352 
4.246131 -3.450181 30.373381 
3.808100 -3.017908 29.654431 
3.219478 -2.044239 32.370290 
1.849091 -2.283323 33.703845 
1.828825 -3.265030 33.319240 
1.427249 -4.155349 33.372213 
1.180750 -4.962482 34.053509 
1.885861 -5.745918 33.058524 
1.821869 -4.364317 32.509974 
0.744356 -4.660566 31.748536 
1.548417 -6.770968 32.132064 
2.698998 -9.645240 32.635857 
1.566431 -10.225165 33.107486 
1.061714 -8.883969 33.157577 
2.224859 -7.897841 33.798944 
2.943985 -5.470787 33.882559 
3.291147 -5.344127 32.885049 
4.292988 -5.330313 33.303126 
4.357518 -5.041555 34.246176 
5.175966 -4.455899 33.521304 
6.343602 -4.356189 33.301191 
6.003922 -3.544482 33.886142 
7.094871 -3.553771 33.961830 
6.893784 -4.542266 34.379496 
6.895580 -5.494278 33.556507 
9.754963 -0.432801 32.654590 
15.387776 1.504796 29.707408 
13.612067 -0.406599 29.551664 
12.670840 -1.153231 31.164856 
11.148504 -0.909839 31.925244 
10.630380 0.656737 30.394025 
11.873885 0.152889 29.372581 
11.747905 -0.622428 29.974292 
11.401591 -1.110761 29.217985 
10.703113 -1.675626 29.871917 
10.353248 -2.481180 29.068682 
11.216342 -2.512739 29.134779 
11.648181 -3.446730 28.748107 
11.151530 -4.192682 29.109360 
10.482698 -3.684378 29.703017 
9.512837 -3.537784 29.297590 
9.965065 -4.331680 28.753090 
10.319672 -5.523089 28.520660 
9.774961 -5.834442 29.478414 
9.492108 -6.203300 30.392877 
9.621991 -5.669607 31.141673 
8.186485 -5.331081 30.235683 
7.811887 -6.323987 30.166899 
6.741428 -6.507727 30.444421 
6.569051 -7.489453 30.811419 
5.674477 -7.709858 31.013886 
5.201979 -8.643402 31.983769 
5.112610 -9.569106 31.631949 
5.923047 -9.834792 31.048810 
6.443390 -10.294487 30.248182 
7.471826 -10.046190 30.117905 
7.049156 -9.215090 29.615709 
6.927843 -8.605793 30.447784 
7.398350 -8.349520 31.395586 
8.437435 -7.745447 30.468171 
10.210152 -11.266303 30.381555 
9.754343 -12.113409 29.093010 
10.664412 -12.598763 29.146069 
11.070193 -12.715662 30.136514 
10.882090 -13.488599 29.620758 
10.800038 -14.435959 29.077213 
10.214686 -13.713560 28.470288 
9.397706 -14.179234 28.992971 
8.589525 -14.231833 29.443519 
7.653223 -14.206997 28.885225 
7.950113 -15.160873 28.403004 
7.399262 -16.035369 28.502218 
7.101586 -15.050514 28.910432 
7.230470 -15.297058 29.837385 
6.904350 -14.057787 30.106744 
5.921265 -14.483952 30.350931 
6.277355 -14.461929 31.307351 
6.368898 -14.360011 32.333034 
6.897257 -13.487797 31.943955 
7.794529 -13.630939 31.422908 
8.872110 -13.548611 30.435250 
10.816727 -15.828762 30.264430 
11.492184 -15.091273 28.701478 
11.309997 -14.020899 28.279190 
11.843542 -13.146112 27.750278 
9.733439 -13.473352 26.718898 
9.450089 -11.624764 28.281343 
9.491250 -10.592736 28.847466 
8.760259 -10.139827 29.570416 
9.311928 -9.409973 31.023239 
