27.411013 -9.782437 2.337078 
27.276469 -10.735051 2.325854 
26.212480 -10.965117 2.082104 
26.482246 -10.915866 3.104147 
26.111966 -9.907201 3.252223 
25.702423 -9.633797 4.083904 
25.507993 -9.734872 5.151905 
25.711429 -10.696788 5.007489 
25.011092 -11.399356 4.800894 
24.098462 -11.340057 4.204494 
23.816494 -11.403337 3.274225 
22.813947 -11.994695 2.973021 
22.571218 -12.403180 1.991062 
21.934654 -11.705203 1.392049 
22.367653 -12.113588 0.714008 
21.358742 -12.444834 0.802978 
21.541364 -11.807160 0.055890 
22.367658 -11.121138 -0.000345 
22.563591 -10.104132 -0.117002 
23.086676 -9.353847 -0.498621 
24.048489 -8.933893 -0.083590 
24.329227 -8.917764 -1.019575 
24.516447 -9.359833 -1.984791 
25.521515 -9.147380 -2.416705 
25.021163 -8.416698 -2.716888 
25.040245 -8.174823 -1.660189 
24.704373 -7.264240 -1.297593 
23.809309 -7.710454 -0.964048 
22.921216 -8.167354 -0.643328 
22.250188 -8.870661 -0.184274 
22.988924 -8.733421 0.683026 
22.618796 -9.452641 1.291749 
23.463483 -10.004277 1.017699 
24.255694 -9.776067 0.434428 
24.774202 -10.581759 0.648247 
25.372837 -11.011578 1.318537 
24.353447 -10.886516 1.528980 
24.810936 -11.524310 2.391997 
23.846182 -12.061617 2.245496 
24.594212 -12.103421 1.603118 
24.812035 -12.924296 2.099748 
24.703578 -13.058464 1.113723 
24.725546 -14.060696 1.107823 
23.868367 -13.961275 0.769790 
23.844738 -13.087252 0.232412 
23.920499 -12.052539 0.008788 
23.858592 -11.338315 -0.639469 
23.065617 -11.353939 -1.340297 
22.934798 -12.245493 -0.563354 
22.630230 -12.365987 -1.551679 
23.467158 -12.875446 -1.253381 
23.377821 -12.435724 -2.253741 
23.259696 -13.463802 -2.288407 
22.630641 -13.932625 -2.977599 
22.994661 -13.340820 -3.607363 
23.417295 -14.206034 -4.049450 
22.453059 -14.445914 -4.544390 
21.710144 -13.889691 -4.815247 
21.837823 -13.114521 -4.156954 
22.046024 -12.895239 -5.151978 
23.026810 -13.281626 -5.485980 
23.924702 -13.760790 -4.966416 
24.630434 -14.326463 -4.415904 
24.819160 -13.918733 -3.462300 
24.955442 -13.740814 -2.524193 
25.474228 -14.083890 -1.630386 
26.043712 -14.585745 -2.238846 
26.935425 -15.364938 -2.521738 
26.486539 -15.162190 -3.298681 
25.535134 -15.651933 -3.441390 
25.935530 -15.796789 -2.603670 
25.922508 -15.621437 -1.466176 
25.454234 -16.087581 -0.614303 
24.948545 -15.276873 -0.755304 
25.893366 -12.574110 0.526029 
27.733827 -10.719650 1.026221 
27.348896 -11.205249 0.256216 
26.445236 -11.049992 0.721043 
25.955324 -10.223915 0.971778 
26.187717 -9.974137 1.922003 
25.353615 -9.839962 2.430328 
25.818505 -9.048315 1.791419 
26.656408 -8.427726 2.013499 
25.569593 -8.155326 2.791950 
24.112709 -7.941219 2.994854 
23.099364 -8.060344 3.515236 
23.817753 -8.817190 3.439728 
23.898769 -8.925682 4.496161 
23.489837 -9.867870 3.477488 
25.788862 -12.087696 3.980402 
24.280166 -13.332010 3.266910 
24.483814 -14.747939 3.722470 
24.485867 -14.367119 4.624308 
24.990689 -13.477772 4.783136 
24.666316 -13.981518 5.673965 
24.255189 -13.360492 6.487916 
23.363738 -12.957597 6.120219 
23.069209 -13.206478 5.129938 
22.746951 -12.368615 4.510054 
24.271420 -11.340305 6.528776 
22.946686 -11.429317 7.338720 
22.202326 -12.985705 10.067042 
21.658397 -13.964917 7.245380 
22.236793 -16.627953 7.859513 
22.669741 -17.168321 8.727168 
23.472748 -16.553272 8.662623 
22.536577 -16.235418 9.075599 
21.275092 -18.243844 10.058615 
20.931653 -18.810488 8.304932 
20.900995 -18.960932 7.269100 
20.251306 -18.713405 6.458491 
19.671333 -19.232848 5.759665 
19.399643 -18.938162 4.327185 
20.692142 -18.930708 4.118760 
21.792204 -18.229898 3.289469 
22.656010 -19.523944 3.907320 
24.069922 -21.350171 2.197174 
25.033709 -21.395237 0.670221 
25.630986 -21.463947 -0.338297 
24.123170 -20.205410 1.211704 
22.539004 -20.206096 1.254564 
22.084208 -20.881261 0.550214 
21.639902 -21.734488 0.140276 
20.785531 -22.494770 0.341435 
20.914641 -23.445504 0.996507 
19.886434 -23.587236 1.170354 
20.099327 -22.634897 1.244276 
20.149932 -21.669696 1.662116 
19.601985 -22.349354 2.085840 
20.656901 -22.580597 2.634190 
18.920153 -21.943787 4.382152 
19.657998 -21.706671 1.386298 
22.895659 -18.975934 1.517390 
22.859991 -18.661979 2.270403 
21.506371 -17.705874 2.350373 
20.429489 -18.464963 2.407515 
21.398097 -20.309667 2.660490 
21.323746 -21.380983 2.056651 
21.773014 -21.883386 1.375949 
22.752827 -21.982720 1.804403 
22.744696 -22.141756 3.337463 
22.555274 -21.683633 5.317265 
23.621462 -21.496223 5.200648 
23.616023 -20.720172 6.031145 
22.715473 -20.530412 6.490142 
22.705612 -19.841199 7.316699 
23.341163 -20.119536 8.187027 
23.927156 -20.127209 7.483600 
24.528773 -21.510914 7.971256 
23.436712 -21.304931 7.785818 
22.078286 -20.369623 7.842670 
21.831563 -19.812182 6.829220 
21.576512 -19.145810 6.100605 
21.057672 -19.829301 5.752202 
21.985928 -20.041811 5.827593 
22.217703 -20.714858 4.742319 
20.940980 -21.097456 4.239337 
20.401286 -21.023618 3.325773 
19.910710 -20.506958 2.569160 
20.361079 -20.618076 1.615238 
20.930343 -20.145995 0.909102 
20.749672 -19.864412 -0.234080 
21.145732 -20.777939 -0.231245 
21.899013 -19.968858 -0.511594 
22.593720 -20.811103 -1.792288 
20.001711 -21.733991 -3.883367 
19.072624 -21.265473 -6.313106 
18.499566 -22.028866 -6.653471 
18.821078 -21.174749 -7.271248 
19.642654 -20.590858 -7.127542 
20.165080 -20.636808 -6.224530 
19.821704 -20.800677 -5.313634 
18.472725 -20.772252 -5.348444 
18.599222 -19.866385 -5.611285 
19.480313 -19.346486 -5.136324 
19.172978 -19.457132 -4.247440 
18.732462 -18.677431 -3.794774 
18.546252 -18.951719 -2.859522 
19.841766 -19.163641 -2.809206 
21.207734 -18.471549 -2.447692 
21.033770 -17.408520 -2.268813 
20.654002 -16.855587 -1.368356 
20.159104 -16.923194 -0.542072 
19.206498 -17.200020 -0.326444 
19.893954 -16.730034 0.417874 
21.003434 -16.904489 1.033018 
22.404362 -16.563662 0.853153 
22.563665 -17.515275 0.807495 
23.097767 -18.758346 0.309873 
22.402630 -18.167709 -0.207789 
21.878848 -17.662172 -1.473711 
20.400270 -15.347424 -3.642432 
20.846452 -14.991738 -4.528694 
20.792519 -15.962334 -4.368131 
19.791898 -16.427903 -4.056202 
