17.982661 -18.244682 -2.137472 
17.241404 -18.396777 -2.901460 
16.634612 -17.531941 -2.996270 
17.009624 -16.510148 -2.845483 
16.011875 -16.779357 -2.730036 
15.833460 -15.750208 -3.046340 
15.390462 -16.502253 -3.442867 
15.370621 -17.538005 -3.199693 
14.635172 -17.950245 -3.735043 
14.015332 -17.582487 -4.498253 
13.103886 -17.497772 -3.887499 
13.679949 -18.283044 -3.603601 
13.114351 -19.067910 -3.569227 
14.008809 -19.317081 -3.109003 
14.202602 -19.366097 -4.199096 
14.504936 -20.368723 -3.934711 
13.767587 -20.438097 -4.471445 
13.239168 -19.582907 -4.857075 
12.672954 -20.376581 -5.168747 
12.897676 -21.436384 -4.860070 
12.295410 -22.090956 -4.313217 
12.987422 -22.746462 -4.275587 
12.458449 -22.903581 -3.341482 
11.380757 -22.749504 -2.929132 
11.253469 -23.716610 -2.849151 
12.069751 -23.562658 -2.278654 
12.618766 -24.073275 -2.951120 
13.610734 -23.744051 -3.410725 
14.195569 -23.198464 -3.982404 
13.491740 -23.941188 -4.402452 
14.336506 -24.278399 -5.004265 
14.153666 -25.324489 -4.693357 
14.308584 -24.812811 -3.863384 
15.143873 -25.206900 -4.331317 
15.450566 -24.944855 -3.480216 
15.266091 -25.051298 -2.442153 
14.867568 -24.766941 -1.484433 
15.762327 -25.086853 -1.481850 
15.767065 -25.927762 -0.807444 
15.385965 -26.840298 -0.317296 
14.599009 -27.261150 -0.713173 
14.454656 -27.189621 -1.791499 
13.973141 -26.267898 -1.453336 
13.515964 -26.438194 -2.507909 
12.641812 -26.099973 -2.990078 
13.014056 -25.349444 -2.407991 
12.381833 -25.222373 -1.556667 
13.337593 -25.437061 -1.172149 
13.163343 -24.412458 -1.225580 
12.732240 -24.377966 -0.195392 
13.577769 -23.910609 -0.345662 
13.892766 -22.821307 -0.631293 
14.003607 -23.565069 -1.382568 
14.995532 -23.616021 -1.521368 
15.300255 -23.573361 -0.560250 
16.070983 -23.986469 0.012985 
16.272929 -24.653869 -0.731119 
17.048667 -23.996921 -0.589848 
17.265377 -24.177468 0.405882 
18.132054 -24.530738 0.976627 
18.228072 -23.882632 0.094766 
17.660018 -23.130889 -0.273855 
18.464430 -22.619635 0.006474 
18.198651 -22.384860 -1.000926 
17.314641 -21.878146 -0.794806 
16.545984 -21.913042 -1.513055 
16.594117 -21.290396 -2.439698 
15.573898 -21.025697 -2.368363 
15.910492 -20.442496 -3.227449 
15.055602 -21.076755 -3.473457 
14.689127 -21.113529 -4.444907 
14.834969 -20.772356 -5.407873 
14.747048 -19.736761 -5.614741 
14.181068 -18.882328 -5.651714 
14.766699 -17.528618 -8.964310 
12.034422 -17.269250 -11.867481 
12.078313 -18.137580 -12.436033 
11.324845 -18.797202 -12.034018 
11.996687 -19.069226 -11.376267 
12.705200 -19.675678 -10.926637 
13.025358 -19.853700 -11.821318 
13.137204 -19.495115 -12.794389 
13.038219 -18.907313 -13.655807 
13.721634 -17.849271 -13.897677 
15.023504 -17.182073 -14.935705 
15.906304 -16.726790 -15.214468 
16.247907 -16.130173 -14.415991 
15.362731 -15.800632 -14.663506 
14.391700 -13.707315 -13.486849 
11.464923 -13.760542 -14.134530 
12.788777 -14.745240 -15.633917 
12.997861 -14.305347 -16.750050 
12.412254 -14.768873 -17.274727 
12.363428 -15.492241 -16.457979 
11.456005 -15.701012 -16.908083 
11.280189 -15.986911 -15.975620 
12.072656 -16.714920 -15.924348 
12.613143 -16.451823 -15.030424 
12.798652 -17.517881 -15.091656 
14.025123 -15.370549 -14.512321 
14.185744 -15.827238 -10.772555 
13.603467 -18.700426 -11.586413 
12.809416 -19.070992 -10.456773 
11.833335 -20.576732 -9.251385 
11.002811 -21.173290 -9.195843 
11.236448 -21.438978 -10.196524 
11.928119 -20.689557 -10.229720 
16.068698 -19.698518 -6.887509 
17.873513 -16.990984 -6.913840 
16.860037 -17.264226 -7.089038 
17.058282 -16.333765 -7.730659 
17.131419 -16.115868 -6.649837 
16.104166 -15.645158 -6.423246 
15.452181 -14.618521 -4.972385 
14.574698 -13.850184 -5.292875 
15.386051 -12.917556 -5.149936 
15.780120 -14.211943 -3.350347 
16.914980 -15.751231 -3.812602 
16.189318 -16.185923 -4.524909 
15.606009 -17.835752 -6.257696 
13.619403 -18.594876 -7.956582 
14.019421 -19.387687 -8.623299 
14.718943 -19.929605 -7.914402 
14.820891 -20.617629 -8.973779 
14.926989 -21.237863 -7.965585 
14.861578 -22.208585 -7.484486 
13.913220 -22.290845 -7.355774 
13.314296 -21.750467 -6.717717 
12.497051 -21.409827 -6.170301 
11.681346 -21.830720 -6.174008 
9.705378 -21.688903 -8.168142 
11.362186 -23.216296 -10.618388 
10.998199 -23.702601 -11.930321 
9.246648 -23.628122 -12.707436 
7.644145 -24.134368 -13.871733 
7.497670 -24.947654 -13.248481 
9.719634 -24.831605 -12.583226 
10.000797 -24.126740 -13.808508 
11.019090 -23.693500 -14.121905 
10.168006 -23.073485 -14.449210 
8.476358 -23.417778 -14.716907 
8.267453 -22.116084 -14.890452 
8.056301 -21.549118 -15.767507 
8.566884 -21.135605 -16.542330 
7.918882 -20.584967 -17.384175 
8.648709 -20.192875 -17.901617 
8.178423 -19.805301 -18.831473 
7.236804 -20.713783 -18.718561 
5.849567 -21.255820 -18.838332 
6.252170 -22.195532 -18.684883 
7.343540 -22.329235 -18.892371 
7.787223 -21.650838 -17.637284 
7.481187 -22.181545 -16.777454 
8.693171 -22.229288 -16.807003 
8.716389 -22.836414 -15.965114 
8.625319 -23.635981 -17.179508 
7.662396 -24.485220 -17.888376 
7.484205 -25.265428 -18.628642 
6.761061 -24.804400 -19.251720 
7.591458 -24.737689 -19.784654 
8.365591 -25.385994 -19.527985 
8.230712 -26.209391 -18.848440 
8.803127 -26.483362 -17.934871 
7.979660 -26.097766 -17.513456 
8.374026 -25.827419 -14.816687 
6.747742 -25.619986 -10.898114 
6.952362 -26.010427 -8.954326 
7.661088 -26.723056 -8.960899 
8.081366 -27.637160 -9.235723 
8.896167 -27.249336 -9.809783 
9.210460 -26.393857 -10.318138 
8.536336 -26.860419 -11.121407 
8.520672 -25.389311 -10.882535 
8.907121 -25.131261 -9.791024 
9.034940 -24.354906 -9.026999 
8.499730 -24.703516 -8.138857 
7.829122 -25.285995 -7.746404 
6.885069 -25.807516 -7.838935 
5.889210 -25.654950 -7.863856 
5.000107 -26.472551 -8.603334 
5.764465 -26.323120 -9.348198 
5.043908 -26.938645 -9.547941 
4.875410 -26.351766 -10.367896 
5.837943 -26.589186 -10.350950 
6.792312 -26.402638 -10.417779 
8.687758 -26.281829 -9.055216 
8.943737 -28.015838 -8.506020 
8.031892 -28.180332 -7.515259 
7.657304 -26.560516 -7.775017 
8.132127 -26.528081 -6.865235 
8.489273 -25.118138 -3.516860 
8.140215 -22.333609 -1.159282 
8.506858 -21.369232 -1.135965 
8.386817 -20.895423 -0.125499 
9.321594 -23.301777 -1.841208 
