22.250188 -8.870661 -0.184274 
22.988924 -8.733421 0.683026 
22.618796 -9.452641 1.291749 
23.463483 -10.004277 1.017699 
24.255694 -9.776067 0.434428 
24.774202 -10.581759 0.648247 
25.372837 -11.011578 1.318537 
24.353447 -10.886516 1.528980 
24.810936 -11.524310 2.391997 
23.846182 -12.061617 2.245496 
24.594212 -12.103421 1.603118 
24.812035 -12.924296 2.099748 
24.703578 -13.058464 1.113723 
24.725546 -14.060696 1.107823 
23.868367 -13.961275 0.769790 
23.844738 -13.087252 0.232412 
23.920499 -12.052539 0.008788 
23.858592 -11.338315 -0.639469 
23.065617 -11.353939 -1.340297 
22.934798 -12.245493 -0.563354 
22.630230 -12.365987 -1.551679 
23.467158 -12.875446 -1.253381 
23.377821 -12.435724 -2.253741 
23.259696 -13.463802 -2.288407 
22.630641 -13.932625 -2.977599 
22.994661 -13.340820 -3.607363 
23.417295 -14.206034 -4.049450 
22.453059 -14.445914 -4.544390 
21.710144 -13.889691 -4.815247 
21.837823 -13.114521 -4.156954 
22.046024 -12.895239 -5.151978 
23.026810 -13.281626 -5.485980 
23.924702 -13.760790 -4.966416 
24.630434 -14.326463 -4.415904 
24.819160 -13.918733 -3.462300 
24.955442 -13.740814 -2.524193 
25.474228 -14.083890 -1.630386 
26.043712 -14.585745 -2.238846 
26.935425 -15.364938 -2.521738 
26.486539 -15.162190 -3.298681 
25.535134 -15.651933 -3.441390 
25.935530 -15.796789 -2.603670 
25.922508 -15.621437 -1.466176 
25.454234 -16.087581 -0.614303 
24.948545 -15.276873 -0.755304 
24.979005 -14.826819 0.192109 
24.984897 -14.317273 -0.788536 
24.685527 -13.439694 -1.192181 
24.256727 -12.425859 -1.434297 
24.732393 -12.026843 -0.783315 
25.226892 -12.489841 -0.022143 
25.750345 -11.882418 0.575964 
25.791516 -12.656798 1.215297 
26.363453 -11.882210 1.644788 
26.612236 -12.141384 2.635160 
27.297507 -12.025185 1.893683 
28.043590 -12.060534 1.088314 
27.889664 -11.288572 1.813534 
27.733827 -10.719650 1.026221 
27.348896 -11.205249 0.256216 
26.445236 -11.049992 0.721043 
25.955324 -10.223915 0.971778 
26.187717 -9.974137 1.922003 
25.353615 -9.839962 2.430328 
25.818505 -9.048315 1.791419 
26.656408 -8.427726 2.013499 
26.466764 -8.053205 2.874489 
25.418095 -8.184873 3.223451 
24.823921 -8.227899 2.277911 
24.112709 -7.941219 2.994854 
23.099364 -8.060344 3.515236 
23.817753 -8.817190 3.439728 
23.898769 -8.925682 4.496161 
23.235125 -9.630822 4.227016 
24.315738 -10.545743 3.596464 
24.502958 -12.391694 3.695833 
24.200067 -12.996144 2.850618 
24.360264 -13.667876 3.683203 
24.483814 -14.747939 3.722470 
24.485867 -14.367119 4.624308 
24.990689 -13.477772 4.783136 
24.666316 -13.981518 5.673965 
24.255189 -13.360492 6.487916 
23.059966 -12.844230 5.253404 
23.420324 -11.619441 4.972584 
24.271850 -11.541884 5.464007 
23.893149 -12.189919 6.237042 
24.113140 -13.008996 5.532614 
24.388810 -11.181012 7.030698 
23.441459 -10.440167 6.328719 
21.811954 -10.872561 6.835378 
22.691809 -11.523420 6.774398 
23.364086 -12.108390 7.201798 
23.528171 -12.770000 7.997071 
23.299260 -12.419576 9.002923 
23.183753 -12.889350 9.853787 
22.202326 -12.985705 10.067042 
22.484535 -13.473722 9.258577 
22.297066 -13.277306 8.217690 
21.280796 -13.510213 7.495407 
22.536700 -16.192467 7.844444 
20.275095 -16.698421 10.358427 
20.899237 -18.940790 7.751702 
22.102469 -19.663953 4.190256 
23.148954 -19.467920 4.051607 
22.915940 -20.178710 3.377654 
23.541102 -20.951935 3.383575 
24.167978 -20.753140 1.045697 
21.639902 -21.734488 0.140276 
20.710093 -22.038725 0.525780 
20.860969 -22.950815 0.157089 
20.914641 -23.445504 0.996507 
19.992880 -23.111066 1.207315 
19.875958 -22.009525 1.873978 
20.595838 -22.739130 2.164256 
21.194471 -22.430998 3.685802 
19.965928 -21.588423 5.318079 
19.926179 -20.797878 6.370950 
18.776483 -21.384094 6.055003 
17.801068 -21.836078 3.640660 
16.586178 -22.989716 3.359839 
17.561207 -23.269357 3.575218 
18.245430 -22.542446 3.830996 
19.482126 -23.307265 3.284644 
19.430719 -23.364584 2.195980 
18.352081 -23.489714 2.107617 
17.958488 -23.188496 1.160256 
18.849521 -22.639833 1.494989 
19.311067 -22.669680 0.614375 
19.448278 -21.471758 0.725581 
21.480510 -19.539054 1.874245 
23.325812 -21.111850 6.171620 
22.460735 -21.082448 7.505915 
21.868562 -19.946201 7.617105 
21.576512 -19.145810 6.100605 
21.683997 -20.479657 5.060754 
20.401286 -21.023618 3.325773 
20.135894 -20.562517 2.092199 
20.930343 -20.145995 0.909102 
20.749672 -19.864412 -0.234080 
21.654167 -20.272624 -0.689982 
22.455365 -20.798921 -2.162241 
22.568975 -19.803909 -2.537713 
23.085449 -19.936448 -1.604302 
23.819756 -20.150594 -2.262601 
23.987952 -19.817545 -1.298503 
23.303989 -20.483281 -0.766060 
22.931353 -21.272474 -1.411554 
22.372533 -21.862498 -2.112163 
21.320170 -21.726799 -2.014728 
19.779178 -22.107200 -2.707665 
19.536679 -21.393117 -3.699531 
20.377897 -21.870341 -3.374347 
21.337674 -21.433970 -3.672218 
20.694384 -21.323819 -4.405037 
19.702177 -21.881264 -5.106675 
19.072624 -21.265473 -6.313106 
18.499566 -22.028866 -6.653471 
18.821078 -21.174749 -7.271248 
19.642654 -20.590858 -7.127542 
20.165080 -20.636808 -6.224530 
19.821704 -20.800677 -5.313634 
18.841456 -20.764143 -4.885845 
18.351608 -20.323373 -5.711164 
19.814217 -18.195746 -2.349331 
21.348075 -16.897661 0.892076 
22.105540 -17.924854 0.870189 
22.648013 -17.201244 1.544747 
23.141479 -17.744310 0.729691 
23.097767 -18.758346 0.309873 
22.402630 -18.167709 -0.207789 
22.225141 -19.064367 -0.217640 
22.941344 -18.832981 -1.106374 
22.033564 -19.159094 -1.766744 
21.628949 -18.351490 -1.156356 
21.839034 -17.349284 -1.247212 
21.528894 -16.459009 -1.638310 
20.947599 -15.830383 -2.197112 
20.612018 -15.213690 -3.234857 
20.846452 -14.991738 -4.528694 
20.792519 -15.962334 -4.368131 
21.239920 -16.084010 -3.399974 
20.365639 -16.613763 -3.635030 
19.595279 -17.191445 -4.123557 
20.219634 -18.108849 -3.948597 
19.809355 -16.618331 -5.001409 
18.432220 -15.662470 -4.036804 
19.603222 -15.525272 -2.107831 
21.114646 -15.596798 -0.912965 
21.395655 -16.178370 -0.077838 
22.269908 -13.987637 1.913184 
23.330036 -13.682613 4.092980 
22.849881 -14.301317 4.910007 
23.634731 -14.848971 4.733335 
21.673421 -15.816055 7.058560 
