20.975440 -19.354274 14.860293 
20.287468 -18.546597 14.616142 
20.271803 -18.817187 13.455505 
21.091990 -19.429188 13.395394 
21.285889 -20.085920 12.570532 
20.816853 -20.339409 11.686099 
19.892910 -20.022415 11.636210 
19.974539 -21.086462 11.856568 
21.049340 -21.326000 11.746998 
20.845195 -22.339389 11.454514 
20.920170 -21.533828 10.847406 
21.945900 -21.419860 10.837984 
21.994537 -22.058014 11.567687 
22.288536 -22.277699 10.494529 
22.260103 -23.382936 10.454166 
21.439971 -23.918948 10.313487 
21.634762 -23.563209 9.403668 
22.078008 -24.447673 9.818178 
21.367082 -25.257824 10.071161 
21.277056 -24.831147 11.034117 
20.990824 -24.079343 11.727782 
21.288999 -23.288016 11.228290 
22.217349 -23.464637 11.573076 
22.545490 -23.001501 12.436797 
23.256759 -22.310935 12.857736 
22.794699 -22.111170 13.698908 
22.100733 -22.178790 12.984510 
21.115311 -22.352060 13.299493 
20.276915 -21.619307 13.454425 
20.958444 -21.376231 12.735146 
21.947223 -21.040395 12.989541 
22.793077 -20.407128 12.854642 
23.619540 -20.835489 13.370302 
23.878632 -20.011699 13.030683 
23.251752 -19.135251 12.775341 
24.227771 -18.779739 12.557215 
23.815293 -17.954681 12.358515 
24.299073 -17.527089 13.205174 
23.514208 -18.100687 13.518405 
23.080194 -18.968389 13.965215 
23.326475 -19.594511 14.641490 
24.055548 -19.396879 15.331065 
24.022763 -18.606074 14.634638 
24.478428 -17.802911 15.107680 
24.182582 -16.920832 14.569643 
23.916096 -16.322727 13.801829 
23.389172 -16.893508 13.128801 
22.540698 -16.378445 13.263850 
22.162009 -15.363744 13.558111 
22.005866 -14.378521 13.398814 
21.409678 -14.894244 12.707758 
20.833039 -15.247205 11.921394 
20.204619 -14.538064 11.630030 
19.524104 -13.812791 11.664180 
19.415507 -14.215526 12.631039 
18.779352 -15.020006 12.422646 
17.847392 -15.003615 12.308253 
17.849023 -15.083407 11.286112 
17.148139 -14.337465 11.564781 
16.878480 -15.055759 10.880044 
17.078525 -16.073266 10.862695 
16.349320 -16.668723 11.165718 
15.990065 -17.591629 10.820943 
16.777936 -17.291436 10.157399 
16.106388 -16.733229 9.607899 
16.193726 -17.389638 8.988027 
17.155500 -17.784131 8.824671 
17.307644 -18.728645 9.173397 
17.455124 -18.674301 10.161063 
16.998522 -19.134614 10.997683 
15.999055 -18.775403 10.921720 
15.695812 -18.385058 10.029629 
14.953824 -19.087935 9.562448 
14.401818 -19.723328 10.076381 
16.885396 -20.367067 10.868990 
19.110764 -21.172496 10.249053 
19.910204 -21.328660 9.751780 
20.925486 -21.224561 9.352183 
21.286671 -20.303068 9.054527 
20.454065 -20.386402 9.844038 
20.923196 -19.664496 10.133827 
21.967343 -20.028903 10.398107 
21.806972 -20.604523 11.327212 
22.946216 -19.393931 10.997935 
23.303381 -17.710702 10.760270 
23.791500 -16.845494 11.255192 
24.366311 -16.207008 11.829143 
24.311098 -15.186504 12.111238 
24.518799 -13.377568 12.247785 
24.438463 -14.352087 11.258215 
26.044311 -14.799809 10.551069 
25.996113 -16.201427 11.020938 
25.790583 -16.445543 11.965601 
25.729986 -17.170304 12.617741 
26.723415 -16.401245 12.482127 
27.019146 -15.990728 11.571482 
27.210464 -15.207650 12.142239 
26.444557 -15.506545 12.742081 
25.870498 -14.952623 12.167240 
22.703686 -16.571706 10.880748 
19.530209 -18.044607 11.295443 
18.519422 -16.953047 9.300117 
17.604005 -17.232106 7.674151 
17.355596 -19.329562 6.323532 
17.162671 -19.666420 7.391455 
16.796415 -19.790788 8.383397 
16.989339 -19.946603 9.233231 
13.899093 -18.472269 8.225525 
13.976901 -15.462820 8.946913 
14.682663 -14.439550 9.457103 
15.393866 -15.586028 8.240090 
15.300122 -16.471003 8.845440 
14.271987 -16.503220 8.532737 
15.586953 -16.875452 7.358465 
15.241633 -16.485321 6.308195 
14.108769 -16.959251 6.958785 
13.778489 -15.513320 7.200999 
13.282527 -14.560955 7.583187 
12.028007 -14.054169 7.204470 
10.791417 -15.756892 7.933779 
9.615907 -15.236945 8.451393 
9.299270 -14.455870 7.945212 
9.619345 -14.202141 7.049109 
11.369219 -13.351909 6.842889 
11.293448 -13.212394 8.577729 
10.843548 -13.125555 9.510838 
10.633246 -13.994029 8.988073 
9.768581 -13.660578 8.619492 
9.839061 -12.757095 8.339100 
9.832217 -12.140360 7.551010 
11.104477 -12.495223 9.464854 
7.606560 -7.686388 8.418873 
6.737249 -7.361010 6.185531 
5.999216 -9.023242 5.832107 
6.949135 -10.770831 4.842634 
7.869980 -11.460520 5.134335 
7.035003 -13.331099 5.770797 
7.441299 -12.998141 6.801896 
7.114223 -13.221013 7.960452 
7.596530 -14.157575 8.289482 
7.563126 -15.035256 8.218940 
8.559075 -15.972624 7.918172 
8.723124 -17.097228 7.693002 
9.004818 -17.124789 8.652796 
8.137591 -16.584282 8.787922 
8.671535 -16.151430 9.667862 
8.092772 -15.272949 9.572291 
8.814166 -14.091078 9.542924 
8.799709 -12.660817 9.110687 
7.894329 -12.886660 8.464883 
8.585839 -13.723458 7.891556 
8.132545 -12.767974 7.129575 
8.473990 -11.931690 6.765792 
9.155651 -11.267456 6.500048 
8.813897 -10.544007 5.999495 
6.836405 -10.965655 6.250533 
5.796688 -10.975367 7.310065 
6.381993 -11.844809 7.234664 
6.243185 -12.467542 8.086219 
6.713699 -12.901232 8.985271 
7.564980 -13.046221 9.567126 
8.212732 -14.437332 10.496807 
8.793185 -15.737380 11.688631 
6.847722 -17.458615 11.660956 
6.425862 -19.949112 10.942875 
7.374918 -18.346842 10.005548 
8.568287 -18.227651 9.562235 
9.152459 -18.191706 8.758783 
9.323769 -18.546033 7.774588 
8.991461 -19.542223 8.096497 
8.703858 -19.607861 7.122579 
7.906286 -19.165034 7.505377 
8.064259 -18.346458 8.125346 
7.974884 -17.880442 7.152419 
7.257764 -18.487332 7.374919 
6.987466 -17.777776 8.065221 
6.406670 -16.952047 7.873366 
5.620118 -17.109003 8.686785 
5.013490 -17.758657 9.208502 
4.820526 -17.519612 10.204451 
5.279354 -18.352533 10.780110 
6.287833 -18.031788 10.383669 
6.249282 -17.664155 9.328482 
5.634254 -16.933437 9.755216 
6.321277 -16.388611 10.281059 
6.780952 -14.987664 10.388401 
6.687894 -12.914317 10.501602 
5.543055 -12.779560 11.110851 
5.065756 -12.449008 12.464778 
4.220454 -11.986771 12.622887 
4.076966 -10.496038 11.115120 
4.414583 -8.814884 10.974246 
5.237781 -9.098853 10.402062 
5.495372 -8.621799 9.018670 
7.165863 -10.644809 9.132109 
