10.829889 -27.850301 14.437185 
10.302673 -26.906894 14.218934 
9.281901 -27.087267 14.224918 
9.559628 -28.085191 14.000125 
9.107991 -28.659789 13.284394 
9.246325 -29.064024 14.201560 
8.477391 -28.263832 14.027726 
7.946320 -28.539894 13.162653 
7.723389 -27.684206 12.722352 
7.501679 -27.683560 13.655842 
7.456982 -26.632305 13.882104 
8.327402 -26.654397 14.341192 
9.155468 -26.103463 14.616156 
9.904267 -25.703433 15.308914 
9.072317 -25.874651 15.766862 
8.669659 -24.855448 16.067221 
8.210516 -24.513458 15.189750 
8.157894 -24.769067 14.155391 
7.233504 -24.877374 13.673383 
6.604570 -25.739830 13.635287 
6.050044 -26.548986 13.266687 
6.612489 -27.493060 12.967174 
6.939106 -28.447414 13.192528 
5.989568 -28.863466 13.286631 
6.850800 -29.295211 13.693240 
6.779466 -30.319738 13.653011 
7.769501 -30.065795 13.876615 
7.920882 -29.365940 14.548846 
7.960507 -29.135398 15.580645 
8.844675 -29.511795 15.115928 
9.687916 -28.733229 15.302509 
9.990256 -28.243555 16.193734 
10.646280 -28.370276 16.956489 
10.637085 -27.357014 16.923891 
10.616157 -27.111382 15.932041 
11.404489 -26.548825 16.021396 
11.772659 -25.678733 16.249741 
11.153285 -25.758455 17.009705 
11.458948 -26.399243 17.784298 
12.023811 -26.327897 18.578534 
12.427696 -26.139664 17.683405 
11.970976 -25.335153 17.479791 
12.979630 -25.343589 18.131585 
13.166302 -25.743007 19.003763 
12.839458 -26.023146 19.923636 
12.973050 -25.033678 19.801120 
13.842173 -25.550088 20.339708 
14.308349 -25.698139 19.492317 
14.771988 -24.735303 19.592527 
14.824615 -24.277873 20.510082 
13.900006 -23.741024 20.457997 
14.563629 -23.082596 20.026758 
14.511303 -23.517263 18.958924 
14.224120 -23.061357 18.033438 
13.662525 -23.170487 18.811038 
13.041256 -22.588686 19.299619 
12.958773 -22.468097 20.267381 
13.815191 -22.649165 20.792292 
13.199343 -21.861435 21.017900 
13.225029 -20.771115 20.897568 
12.173871 -20.615367 20.704899 
12.319053 -19.736731 20.904677 
12.714986 -18.912696 21.178849 
13.525929 -19.335249 20.750069 
13.168388 -19.476132 19.801036 
13.248035 -18.459213 19.558739 
13.195329 -18.264423 20.553301 
14.070430 -18.021929 20.152643 
14.627036 -17.933850 19.277441 
14.071399 -18.332923 18.484362 
14.970479 -18.007969 17.994769 
14.870967 -16.816583 18.124287 
14.604659 -16.260970 17.403259 
13.656111 -15.869596 17.760085 
12.597866 -17.418007 15.739429 
13.541463 -19.184111 12.824070 
13.405018 -20.143276 12.972552 
13.282137 -20.423823 11.837298 
13.895666 -21.275505 11.857840 
13.578279 -22.178340 12.198376 
14.030364 -22.373965 13.073433 
14.463466 -21.551031 13.623270 
15.108626 -20.844913 13.155381 
15.174531 -22.019037 12.772253 
15.296532 -23.138953 13.085632 
14.740647 -23.144998 12.217819 
14.502673 -24.118262 12.620595 
13.565905 -24.471456 12.261652 
12.518232 -23.853140 11.882128 
10.295015 -23.762471 8.832081 
9.709056 -24.693089 8.628715 
9.558686 -25.003941 7.065726 
9.818621 -24.239821 6.343303 
10.576090 -23.719009 6.916361 
10.947175 -23.948189 6.049973 
10.630274 -24.783605 6.554778 
9.995628 -25.556426 6.165302 
10.886970 -25.801665 5.564078 
11.324409 -25.314813 4.807066 
12.675427 -22.031719 2.420676 
13.334763 -19.038405 1.917969 
11.981678 -17.808849 -0.563869 
14.346041 -16.668940 0.735528 
15.552096 -19.106128 3.380689 
14.996154 -18.380308 3.918716 
15.817341 -18.586618 4.697023 
16.163613 -17.504427 4.916916 
15.192818 -15.554379 7.515291 
16.343608 -11.263127 6.305427 
17.257436 -11.260437 6.246471 
16.821105 -10.457607 6.694530 
16.848036 -11.241833 7.282777 
17.577321 -10.944030 7.509646 
17.120727 -9.782140 8.552022 
18.120036 -9.134862 7.821792 
19.383011 -10.268250 8.448347 
21.720386 -11.015408 9.083957 
23.469288 -10.701779 9.432373 
22.900151 -9.906561 8.312558 
23.518354 -8.474562 8.524157 
21.848265 -8.027851 8.101772 
21.639584 -7.766232 7.112387 
21.480460 -6.757927 7.443508 
21.917876 -6.794843 8.536499 
21.292410 -6.329459 9.409014 
20.861315 -6.371784 8.573403 
19.886280 -6.379978 8.153186 
19.785581 -6.023963 7.222857 
18.924129 -6.100935 7.659897 
17.968170 -5.837298 6.749880 
18.120345 -7.200391 5.643631 
18.704130 -7.308072 2.810055 
19.773689 -7.400747 3.731764 
20.409037 -6.879671 3.762538 
20.760506 -7.523580 5.169157 
20.594124 -7.719550 7.204008 
20.595858 -8.978105 8.964230 
21.108248 -9.677636 8.796920 
20.004704 -9.696838 9.170952 
19.423337 -8.825794 9.041107 
17.779423 -9.773470 10.090945 
17.452212 -9.544072 11.232167 
18.291498 -9.013701 11.482033 
18.764288 -8.185001 11.706438 
18.585590 -8.671334 12.627962 
17.920798 -9.248386 13.091801 
18.538508 -9.947787 13.462623 
19.091418 -9.593240 12.618798 
19.296744 -10.569488 12.899596 
19.101091 -11.423185 12.667788 
20.428976 -11.545642 13.771601 
19.957585 -10.781283 14.321692 
19.911458 -9.721885 14.465430 
19.668727 -8.997603 15.200509 
20.195480 -8.841384 16.182863 
19.492414 -7.770099 15.529315 
19.227786 -6.606159 16.104628 
19.977798 -6.240598 15.618126 
20.211039 -7.045141 16.217506 
20.543182 -7.046910 15.362374 
21.313078 -7.247752 15.912412 
21.247958 -7.739909 15.059659 
22.189635 -7.189943 14.731549 
22.130169 -7.212470 13.325806 
20.805403 -7.644600 12.547560 
18.480373 -11.138646 10.655613 
18.263334 -12.406083 8.487870 
17.241089 -12.325259 8.297317 
17.820053 -11.451172 8.222899 
18.316121 -10.876500 8.920632 
18.996903 -11.555474 8.498986 
19.704101 -12.223667 8.971742 
19.589615 -12.687559 8.033929 
20.542551 -13.510690 8.094811 
19.854398 -14.216161 7.838138 
18.939770 -14.697697 8.145026 
19.122025 -14.405949 7.088820 
18.601818 -13.541334 7.047571 
18.893281 -12.363751 7.077425 
19.657901 -11.330812 7.322413 
19.478501 -10.618050 6.615881 
18.859028 -9.847212 6.254336 
18.313826 -10.354994 5.562660 
18.254233 -10.721467 4.687690 
17.749216 -9.720565 4.924361 
16.793685 -11.285440 3.728018 
16.719652 -13.207035 5.720058 
16.440210 -14.147874 5.649606 
16.884341 -13.226302 6.944551 
17.640866 -13.770137 7.411561 
16.919133 -16.905434 7.817829 
16.241180 -19.284934 6.661925 
17.069390 -18.929000 5.976486 
17.373866 -18.026334 5.644547 
19.629026 -16.354352 7.796964 
