-9.436368 -25.713851 18.466876 
-10.443853 -26.022763 18.819281 
-11.168218 -26.083123 18.099871 
-11.057190 -26.984136 17.525406 
-11.332031 -27.039083 16.546368 
-10.896881 -27.217783 15.616137 
-10.463540 -26.156892 15.675662 
-10.031638 -25.928436 16.563871 
-10.882348 -25.251654 16.279609 
-10.531320 -25.141021 15.330924 
-9.921017 -24.436115 15.614086 
-9.113607 -23.709886 15.534101 
-8.224261 -23.028779 15.333264 
-8.220517 -23.624001 16.303086 
-9.149394 -23.454163 16.939127 
-9.863448 -23.418215 16.218310 
-9.171435 -22.664452 16.131963 
-9.064371 -22.437501 15.104631 
-9.191748 -22.493754 14.011895 
-9.487308 -23.028460 13.014799 
-8.872094 -23.661365 12.740975 
-8.991670 -23.967806 13.784579 
-9.601922 -23.651246 14.553269 
-9.816477 -24.636234 14.143658 
-10.006665 -25.506431 13.651323 
-9.801661 -25.860692 12.605026 
-9.818958 -24.798544 12.644389 
-10.653168 -25.117844 11.983330 
-11.547732 -24.871444 12.373202 
-12.108930 -24.580803 11.575797 
-11.426287 -25.185912 11.042293 
-10.985618 -25.449822 10.018726 
-11.962187 -25.521501 10.293537 
-12.752579 -25.447761 11.059116 
-12.868955 -25.647944 12.133488 
-13.002643 -24.644352 12.511841 
-12.701141 -24.926826 13.474455 
-13.671545 -25.034139 14.002370 
-12.941289 -24.470294 14.423098 
-13.791329 -24.480924 14.913620 
-13.907344 -24.071125 13.997948 
-13.722601 -23.372206 14.753254 
-14.118789 -22.880375 13.987955 
-14.093612 -21.934442 14.151078 
-14.260056 -20.905934 14.316326 
-14.874545 -20.988056 15.098913 
-14.993148 -21.757140 15.807860 
-15.738067 -22.476326 15.699818 
-16.245575 -21.681407 16.131786 
-16.928672 -22.503205 16.480705 
-16.608826 -22.773888 17.408001 
-16.788685 -22.833486 18.410368 
-16.154307 -22.313303 19.046178 
-15.537046 -21.843569 18.527827 
-15.916300 -21.168963 19.428749 
-15.825164 -20.275662 18.838084 
-15.799278 -20.153895 19.918483 
-14.751216 -20.276195 19.725075 
-14.932490 -21.183989 20.175420 
-14.640464 -22.220027 19.982112 
-15.550668 -22.190986 20.149624 
-15.868521 -22.722122 20.963227 
-15.173802 -21.976988 21.061484 
-14.212975 -21.798609 21.193208 
-14.862474 -21.802240 22.122786 
-15.168013 -20.849437 21.892350 
-14.903862 -20.509684 22.931937 
-14.095289 -21.139308 23.316780 
-13.653639 -21.483050 22.363215 
-13.948239 -22.469809 22.643679 
-13.606901 -22.838626 21.830982 
-14.582886 -23.297941 21.389564 
-13.709079 -23.381140 20.706606 
-13.153929 -23.441407 19.967114 
-12.387150 -22.112027 19.369977 
-13.153883 -22.272164 17.344131 
-13.448725 -21.620816 16.567536 
-12.745918 -20.966675 17.314905 
-12.707549 -20.400220 16.471716 
-11.758169 -20.393089 16.908787 
-11.637387 -21.197359 17.536297 
-11.025650 -21.437601 16.841978 
-10.471726 -22.119217 16.474617 
-10.116677 -23.686575 17.275294 
-8.945167 -24.377640 16.389217 
-8.562710 -25.378227 16.505722 
-8.336654 -25.969021 15.788795 
-7.350880 -26.245852 15.854322 
-7.205965 -25.313738 15.200121 
-7.185607 -25.239266 12.966215 
-7.036468 -24.296157 11.685069 
-5.790755 -24.761360 12.605117 
-5.940754 -24.032900 13.326849 
-6.404034 -23.989850 14.296845 
-6.074709 -24.968216 14.437349 
-5.720943 -25.467927 15.244879 
-5.659038 -24.516011 15.801569 
-5.474098 -23.999155 15.067674 
-4.674573 -23.954620 14.287422 
-3.465083 -24.729389 12.596291 
-2.340242 -27.426849 10.450110 
-3.857386 -28.365990 9.883670 
-2.152546 -29.030198 11.483261 
-3.012008 -29.611805 16.012566 
-3.007559 -29.966645 14.940909 
-2.442928 -30.845901 14.748786 
-2.769262 -31.045770 13.761766 
0.660278 -30.838515 11.995869 
0.540396 -27.886828 8.881968 
0.299657 -28.800796 9.128176 
0.254744 -29.751007 9.402468 
0.076072 -29.984841 8.455676 
-1.091231 -30.337334 9.125159 
-0.471004 -30.882994 8.617721 
-0.163910 -31.181258 9.869811 
0.772910 -32.039065 10.721120 
2.276611 -30.947916 11.107881 
3.314300 -31.063921 10.564831 
3.220681 -31.038575 9.424018 
3.957326 -30.484111 7.808885 
4.454793 -31.204610 5.677082 
5.096741 -30.352950 5.772356 
5.079012 -30.774887 6.759942 
5.070873 -31.282193 8.127115 
5.584536 -32.417406 8.894766 
5.064029 -32.585732 7.922245 
4.392512 -32.685109 8.689400 
3.942186 -33.048571 9.468288 
4.198705 -32.918103 10.556671 
3.016262 -33.184291 9.903919 
1.818091 -31.687986 6.278615 
-1.356221 -32.740052 5.296411 
-2.875826 -33.765366 6.123527 
-1.533230 -33.150039 6.903592 
-0.726604 -31.690398 6.982046 
-1.267434 -29.771593 6.821196 
-1.821791 -27.837176 5.925345 
-1.385060 -27.166352 6.801243 
-0.184313 -27.340252 6.477438 
-0.432481 -28.378239 6.219069 
-0.538892 -29.593169 4.647270 
0.383639 -30.061680 3.733258 
0.859671 -30.919254 4.144218 
-0.238216 -30.909030 3.977512 
0.048676 -31.118635 2.941486 
0.956753 -30.672425 2.618839 
1.368568 -31.275730 1.808152 
1.794035 -32.059531 1.937465 
1.696749 -32.735976 1.203682 
2.151873 -33.313569 0.505214 
1.463297 -34.257031 -0.559867 
1.607839 -34.787632 -2.103025 
0.755743 -34.596523 -2.464829 
-0.278555 -34.557697 -2.666240 
0.111748 -34.916648 -3.605799 
0.937175 -34.692364 -4.264532 
0.717584 -33.525974 -5.264768 
1.284909 -33.286956 -5.961692 
1.755938 -33.142031 -5.025394 
2.211074 -33.728006 -5.624006 
3.149117 -34.048407 -5.682444 
3.163430 -34.325906 -4.738002 
3.445728 -35.060172 -4.039062 
3.357859 -34.219891 -3.206662 
3.427995 -32.848461 -1.286717 
-0.624593 -31.273589 0.686223 
-1.676763 -30.794213 2.416636 
-2.659727 -31.078329 2.185873 
-3.128722 -30.826043 1.318880 
-2.386625 -30.093266 1.040785 
-2.040819 -30.624884 0.211543 
-1.644026 -29.843346 -0.397200 
-0.314175 -30.363369 -0.673513 
0.080369 -29.472425 -1.572186 
-0.569095 -28.778621 -1.279985 
-1.379376 -28.540331 -1.955418 
-0.746022 -28.205242 -2.715501 
0.005303 -27.469716 -3.292917 
0.989939 -28.294627 -2.642485 
0.464231 -28.830983 -2.808072 
1.159882 -29.427427 -3.247218 
2.150391 -29.285193 -3.663294 
2.105122 -29.353201 -2.682886 
1.950794 -29.099896 -1.729213 
1.863913 -29.147320 -0.581777 
0.208882 -27.854467 -0.407559 
-1.110017 -26.798726 -0.859593 
-1.928168 -28.387835 -0.100025 
-2.475117 -28.113807 1.454822 
-2.963795 -27.566153 2.122015 
-2.588575 -26.932427 4.256070 
-3.598328 -28.494267 3.458322 
-2.806329 -28.981262 3.705486 
-2.837725 -28.775652 4.722437 
-2.437315 -28.348147 7.248489 
