-24.282639 -2.374436 8.446289 
-24.706428 -1.796610 9.076938 
-24.930686 -0.946325 8.564718 
-25.113058 -0.148509 7.909759 
-24.289022 0.015942 7.421208 
-23.917489 -0.260732 6.554609 
-23.638780 0.138383 5.544535 
-24.547648 0.144722 5.112477 
-23.672359 -0.221321 4.555826 
-22.735668 0.037698 4.182268 
-23.447473 0.852412 4.180519 
-24.024045 0.225769 3.637305 
-24.718488 -0.260276 4.268307 
-25.723886 -0.301287 4.490478 
-26.397853 -0.965004 4.634939 
-26.277661 -1.558819 5.487659 
-25.953940 -1.428507 6.524729 
-25.624855 -0.560885 6.014498 
-25.986724 0.163733 6.409819 
-27.016951 -0.059221 6.459207 
-28.076455 0.126616 6.634680 
-28.283655 -0.912898 6.833020 
-29.042267 -1.664993 6.765044 
-29.095982 -2.724351 6.904041 
-29.620354 -2.905340 7.805089 
-28.697799 -2.668264 7.893687 
-27.718871 -2.559065 7.544323 
-27.412161 -1.894607 6.787190 
-27.633955 -2.832678 6.458763 
-27.867854 -3.859849 6.553220 
-27.378249 -4.615145 7.183806 
-27.889390 -4.809484 6.278671 
-28.035125 -4.923034 5.195834 
-27.351323 -4.334665 4.657361 
-27.895821 -3.632013 5.310610 
-27.080821 -4.056775 5.570037 
-26.879927 -3.003733 5.550056 
-27.365042 -2.037922 5.698213 
-28.345555 -2.201994 6.132272 
-28.847025 -3.095595 5.686495 
-28.605153 -3.127450 4.693824 
-29.284129 -2.309698 5.003240 
-29.562493 -1.833975 5.831611 
-29.875560 -2.768068 5.974515 
-30.740483 -2.264107 5.963094 
-30.830507 -1.430350 5.497813 
-31.771170 -0.908919 5.346523 
-31.755939 0.086309 5.627657 
-32.610061 -0.130798 6.101113 
-31.807470 -0.038265 6.723775 
-31.112511 -0.867881 7.161343 
-31.029462 -1.685272 7.810916 
-30.644325 -1.176626 8.609592 
-29.821572 -0.647290 8.327317 
-30.437171 0.118621 7.906817 
-31.250280 0.490691 7.309235 
-30.423343 0.613330 6.716243 
-29.532173 0.036407 7.172165 
-29.041352 -0.781926 7.635825 
-28.453489 0.067346 7.859141 
-27.549801 -0.404439 7.819279 
-27.180407 -1.228508 7.943097 
-27.262540 -1.326335 8.922896 
-27.568214 -2.311517 8.977725 
-28.123288 -1.794334 8.328915 
-28.715424 -1.257976 9.150568 
-28.933992 -1.542150 10.184880 
-29.709547 -1.019158 9.745387 
-30.331925 -0.177698 10.085341 
-30.141221 0.613737 9.442595 
-30.642146 -0.202049 9.085229 
-31.549536 -0.432560 9.529335 
-31.193236 0.465442 9.819347 
-31.754302 0.656300 8.962402 
-31.802064 3.088284 10.463292 
-29.335034 4.695919 11.832587 
-30.274110 4.283509 11.598888 
-29.443037 3.811889 11.189718 
-29.971293 3.280106 10.559049 
-29.569847 2.320678 10.473875 
-28.899470 2.302397 11.225896 
-29.450627 1.740593 11.890570 
-29.483743 1.119043 11.094570 
-28.837481 0.494238 9.825361 
-29.504896 1.473428 9.722667 
-28.747754 1.791831 10.380066 
-28.474948 1.305150 11.291528 
-28.316197 0.845400 12.171562 
-27.486463 -0.357957 11.998498 
-24.912852 -1.925628 12.845497 
-24.668553 -2.619199 14.780731 
-24.279544 -3.449199 14.602087 
-24.180896 -4.329597 14.107314 
-24.188221 -4.480019 15.104971 
-24.139218 -4.694510 16.167228 
-24.229877 -4.913352 17.081239 
-24.681985 -5.703521 16.642378 
-24.253628 -6.464567 16.183677 
-23.848869 -7.363212 16.016037 
-24.659493 -7.927019 18.884303 
-24.496074 -9.403072 17.437775 
-26.522705 -7.659989 17.967208 
-26.829513 -4.412073 17.123697 
-28.045987 -3.249819 19.108922 
-27.486466 -2.714904 18.419055 
-28.074487 -2.244834 17.533726 
-28.691717 -2.851510 16.863903 
-28.254868 -4.256542 16.524864 
-27.986245 -5.971664 16.066663 
-28.555239 -6.414668 15.264207 
-28.133864 -5.541330 14.967212 
-28.813969 -4.971626 14.474689 
-29.368137 -5.081138 13.707203 
-29.666072 -5.947152 12.987425 
-28.959408 -6.857113 12.418186 
-29.015483 -5.053448 12.395187 
-28.162496 -3.942938 11.760091 
-27.178379 -4.791375 11.654604 
-27.142442 -5.520923 12.726954 
-26.927210 -6.662423 14.952573 
-26.220529 -8.646240 15.501836 
-26.905293 -9.492367 15.509826 
-27.290302 -9.794496 14.616654 
-27.753363 -9.561096 13.697897 
-27.592583 -10.588882 13.675515 
-27.784266 -11.393040 14.186575 
-28.457014 -11.160320 14.779822 
-29.044688 -11.739364 15.675839 
-28.644212 -11.269225 16.505896 
-28.179395 -10.907090 17.430633 
-26.277408 -10.861505 18.460850 
-22.988940 -12.873118 17.866010 
-23.762786 -13.393852 19.560181 
-24.550998 -13.176489 18.036706 
-24.831263 -13.913817 16.306845 
-23.797803 -15.517831 15.753852 
-22.520267 -14.908372 16.110122 
-22.276182 -13.914116 15.571340 
-22.552131 -13.822378 14.637092 
-23.122034 -14.628219 14.791068 
-24.025348 -12.743649 14.720413 
-23.218710 -11.416472 13.432742 
-24.184940 -11.235083 12.878140 
-24.468063 -12.125343 13.360697 
-23.605005 -12.612387 13.429208 
-22.820088 -13.060711 13.815993 
-22.707543 -12.221285 13.435251 
-23.091727 -11.743828 12.467833 
-22.687814 -11.710888 11.704061 
-22.532689 -10.766842 11.456350 
-23.620401 -10.221820 12.572135 
-24.741247 -9.317557 12.987449 
-25.200935 -8.503355 13.389866 
-25.779798 -9.222445 12.893641 
-25.840394 -9.503798 11.791185 
-24.753565 -9.420671 11.764589 
-24.959414 -10.613354 12.599413 
-25.610934 -10.409988 11.902416 
-24.633559 -10.620080 11.354753 
-25.375010 -10.093831 10.777490 
-26.187574 -9.536642 10.256772 
-27.038326 -9.017239 10.399292 
-28.033697 -9.001823 10.745544 
-28.441646 -8.081895 10.341320 
-26.308184 -8.067324 8.596555 
-25.394714 -10.349804 8.863224 
-25.139221 -12.930217 8.652624 
-25.843066 -13.593985 8.533541 
-25.324136 -13.416274 7.607161 
-25.753304 -14.374847 7.577812 
-26.251464 -14.824202 6.756844 
-26.656297 -15.212199 7.723889 
-25.800761 -15.451207 8.770046 
-24.799675 -15.599966 9.794624 
-24.459054 -15.313119 10.728727 
-23.497745 -15.118598 10.312455 
-23.371935 -14.607138 9.470315 
-24.307041 -14.846973 9.393811 
-23.917844 -13.537516 9.607405 
-24.005556 -12.747254 9.033601 
-24.724381 -12.024765 9.348583 
-24.410768 -11.406361 8.545966 
-24.851879 -11.118503 7.638556 
-25.732871 -11.036011 7.225397 
-26.514030 -11.480496 6.693651 
-29.061137 -12.346644 6.880792 
-29.475270 -12.024906 5.809535 
-28.705237 -11.000057 6.162655 
-28.359029 -10.192241 7.705198 
-28.552386 -9.353521 8.174891 
-27.319372 -10.746033 8.066952 
-26.846073 -11.154474 10.206168 
-27.429601 -11.548819 10.889951 
-27.600665 -10.471319 10.681171 
-28.041702 -10.343910 10.492256 
