-26.687697 -17.157839 0.946427 
-26.606733 -17.072087 -0.158536 
-25.800508 -17.125798 -0.823275 
-25.831072 -17.526060 -1.753174 
-25.501752 -17.542917 -2.690480 
-25.526950 -18.458005 -3.337920 
-24.832508 -19.105888 -3.776442 
-24.167454 -19.056143 -2.985076 
-23.431864 -18.764636 -2.297420 
-23.089868 -18.845742 -1.364752 
-22.412516 -18.435178 -0.711334 
-22.370978 -19.414830 -0.774732 
-22.025217 -19.404559 0.141446 
-22.478757 -18.580380 0.787010 
-23.071332 -19.384210 0.872055 
-23.662018 -19.619066 1.623287 
-24.130385 -18.812446 1.261573 
-25.072854 -18.603730 0.886854 
-24.834111 -19.447996 0.326579 
-24.482259 -20.020362 1.104857 
-24.241318 -20.822632 0.569556 
-24.586674 -21.763561 0.321324 
-25.635196 -21.570913 0.544964 
-25.947686 -22.534656 0.105569 
-25.300672 -22.063889 -0.713473 
-24.903722 -21.131973 -0.849879 
-25.411736 -20.601637 -0.087709 
-25.859472 -19.856361 0.496255 
-26.388480 -20.044511 1.337005 
-27.360107 -20.355109 1.597134 
-27.603758 -19.529428 1.083916 
-26.952843 -19.321068 1.820763 
-27.271317 -19.646949 2.779241 
-28.247584 -19.496982 2.528229 
-29.096339 -19.508296 2.006167 
-28.417676 -18.688646 1.858437 
-27.847169 -17.868470 2.229976 
-27.549153 -17.850475 3.203134 
-27.034764 -17.265702 3.859665 
-27.111986 -16.427749 3.305525 
-27.100641 -16.732274 2.304096 
-26.279383 -16.246852 2.099784 
-25.908974 -15.248967 1.765467 
-25.833627 -14.301387 1.273513 
-25.295353 -14.345155 2.014018 
-24.445271 -14.620127 1.585131 
-24.327893 -15.564460 1.922599 
-24.943953 -15.715515 2.790166 
-25.590472 -15.015886 3.124300 
-26.317861 -15.680780 3.209277 
-26.824621 -15.626253 4.175625 
-26.483925 -14.566877 4.024424 
-26.327813 -13.976596 3.144659 
-26.457887 -13.394647 2.287053 
-27.346653 -13.166027 1.856050 
-28.124335 -12.612261 1.946402 
-28.264946 -13.620187 2.282933 
-28.982606 -13.675655 1.594281 
-29.182031 -14.063910 2.529276 
-28.545423 -14.827711 2.169546 
-27.566701 -15.019013 2.473296 
-27.662132 -14.166512 3.148187 
-27.967913 -13.611731 3.887813 
-28.739477 -14.294314 3.735092 
-29.256265 -15.190257 4.055510 
-30.249276 -14.757327 3.767926 
-30.225245 -13.615759 3.787178 
-30.958963 -12.922480 3.965133 
-30.617392 -12.772106 3.100144 
-29.802097 -12.148713 3.222248 
-29.165038 -13.001609 3.140509 
-30.004740 -13.314027 2.384781 
-29.920977 -12.560816 1.703099 
-29.207598 -11.908941 2.161848 
-29.732688 -9.499215 0.939326 
-29.273748 -11.332237 -0.769409 
-28.982536 -12.312357 -0.522281 
-28.857887 -12.218800 -1.542403 
-28.746407 -13.200644 -1.153532 
-28.497775 -14.213246 -1.302331 
-28.034434 -15.150695 -1.574488 
-27.917020 -15.112441 -0.525002 
-27.876655 -15.828083 0.265910 
-28.099931 -17.051267 -0.816128 
-27.784325 -17.823693 -2.704168 
-28.595962 -18.432978 -2.691619 
-29.057937 -17.995576 -3.524095 
-29.365745 -17.108564 -3.659208 
-29.934703 -15.724810 -2.460009 
-31.348522 -13.922689 -1.085747 
-29.388700 -14.806621 -0.034593 
-29.463220 -14.904496 1.320769 
-29.421048 -15.862688 0.967187 
-29.015752 -16.288527 1.882741 
-28.026171 -16.423169 1.306907 
-27.976732 -15.848118 2.255667 
-27.449484 -15.275763 1.507096 
-28.232547 -14.638155 1.090892 
-27.344491 -14.210873 1.244188 
-29.788273 -11.422531 -0.629363 
-31.076078 -9.722707 -4.729023 
-33.294447 -10.007846 -4.293892 
-32.246448 -10.144420 -2.119817 
-30.774266 -11.265555 -1.370434 
-30.258101 -11.621330 -2.053577 
-31.115704 -11.876338 -2.545446 
-30.939477 -12.593759 -3.436949 
-27.819782 -14.532645 -2.698196 
-24.035939 -16.388709 -0.166374 
-24.770780 -16.818075 0.369465 
-25.213014 -16.387136 1.214911 
-24.285181 -16.483050 1.230477 
-23.594887 -16.756377 1.893376 
-22.732096 -15.831319 2.514474 
-23.277513 -15.167733 2.873419 
-24.238408 -14.220743 2.617524 
-26.208172 -12.913625 3.960992 
-26.491794 -11.954861 2.498056 
-27.708740 -11.961147 2.430084 
-27.017741 -10.809287 2.326632 
-27.660694 -10.920614 0.978136 
-26.726550 -11.005441 0.667606 
-25.854383 -10.652913 0.240212 
-26.534030 -10.005192 -0.574620 
-27.035180 -10.042635 0.263350 
-26.166838 -9.433676 0.327050 
-25.832671 -8.463247 0.495669 
-26.885451 -7.949951 0.612020 
-27.171377 -8.651376 -0.106890 
-27.817055 -8.409104 -0.806214 
-26.064866 -7.920430 -0.060471 
-27.463597 -6.205314 2.824377 
-27.774849 -8.987792 1.950558 
-27.731831 -9.856071 3.027157 
-28.202524 -9.319917 4.091199 
-27.241659 -8.932516 4.807525 
-26.099565 -7.794237 5.042021 
-24.946839 -7.037464 4.477177 
-25.664443 -6.583859 3.982016 
-26.505750 -5.946742 4.052795 
-26.244580 -7.270359 3.703273 
-25.063006 -7.168054 2.077660 
-24.404745 -6.837219 1.360793 
-24.557287 -6.253749 2.307952 
-24.503920 -5.541534 1.615978 
-23.718219 -5.077994 1.253968 
-24.318791 -4.402288 1.736999 
-23.197007 -4.273689 1.957603 
-23.882699 -5.135206 2.532459 
-23.957545 -4.699645 3.387054 
-24.610974 -5.517880 3.677127 
-25.900446 -5.312346 3.762511 
-25.875704 -4.342957 3.342033 
-24.973833 -3.885873 3.447506 
-24.163025 -3.319138 3.334867 
-23.343489 -3.321276 2.758622 
-22.192104 -4.217905 2.716745 
-21.969494 -3.468740 3.461143 
-21.309603 -2.964097 4.010029 
-21.640373 -3.348578 4.817207 
-21.991660 -2.389453 4.608739 
-22.649640 -3.161947 4.388668 
-22.974652 -4.075208 4.030084 
-23.792825 -4.548787 4.817146 
-24.685133 -7.078238 6.118643 
-24.201004 -11.287549 5.506812 
-22.281244 -11.998435 3.576932 
-23.042731 -11.613139 2.918248 
-23.511379 -10.656781 2.420007 
-22.766407 -10.336709 1.887501 
-22.207762 -9.510865 2.077695 
-22.698838 -9.166208 2.963555 
-22.654809 -8.295922 3.447646 
-21.977612 -7.344560 3.421862 
-21.435418 -6.992986 2.602435 
-21.352081 -6.087563 2.267867 
-20.619589 -5.946590 2.899407 
-21.316021 -6.251825 3.638177 
-20.351498 -7.344608 3.963173 
-20.226118 -7.586683 2.996401 
-21.075261 -8.176597 3.234304 
-21.026206 -8.268997 4.277783 
-21.894581 -8.748461 4.718688 
-22.081273 -7.725476 5.038713 
-22.241449 -7.021872 5.739989 
-21.559569 -7.996362 7.176322 
-20.525919 -7.419173 6.944002 
-19.339485 -7.100198 5.830969 
-18.580688 -5.180752 6.297528 
-18.386624 -4.302047 6.837367 
-19.203304 -4.295837 3.387492 
-21.222513 -4.745141 3.035673 
-21.535240 -4.302576 3.916193 
-20.622910 -3.936659 3.825758 
-21.206145 -5.228876 6.177081 
