-0.224111 -25.330649 16.474231 
-0.747628 -24.732887 17.143064 
-0.252833 -24.012923 16.505938 
0.652155 -24.426799 16.736946 
0.084736 -23.747600 17.396922 
0.331183 -22.964262 17.823711 
-0.444725 -22.499684 17.424353 
-1.194647 -22.981402 17.050506 
-1.643991 -23.654292 16.338942 
-1.580535 -24.754932 16.466207 
-2.011706 -24.767731 17.357314 
-2.235297 -24.021486 18.052878 
-3.081638 -24.464821 17.763803 
-3.192637 -23.674303 17.007304 
-3.101611 -24.641051 16.465894 
-3.930486 -24.761397 15.905047 
-4.355753 -25.515605 15.235721 
-4.826407 -25.659086 16.076335 
-4.705919 -26.387967 16.746575 
-4.953991 -27.365064 16.609532 
-4.700141 -27.257130 15.656162 
-5.678897 -26.920333 15.576172 
-5.727688 -26.229420 16.345499 
-5.485490 -25.480421 17.053213 
-6.501925 -25.990354 17.186963 
-5.932706 -26.914750 17.022916 
-5.704358 -26.281626 17.870687 
-4.873692 -26.373360 18.389814 
-4.235518 -25.585648 18.314178 
-3.909403 -26.214372 19.125320 
-4.629891 -25.506197 19.223354 
-5.538400 -26.063179 19.306811 
-5.747226 -25.213649 18.483034 
-6.459921 -24.582759 18.429409 
-6.888405 -25.412193 17.871003 
-7.463193 -24.536229 17.947878 
-7.993021 -23.660532 17.961315 
-8.970810 -23.844408 17.711787 
-8.348450 -24.613442 17.269998 
-8.188880 -25.455369 16.690644 
-7.978014 -26.100643 15.865359 
-8.632103 -25.507764 15.261437 
-8.839371 -26.461779 14.718183 
-9.097371 -25.509067 14.247151 
-8.530169 -24.818729 14.594829 
-8.191283 -24.698109 15.647181 
-7.416712 -24.956484 16.323755 
-7.272225 -25.144693 15.274202 
-7.428118 -25.358789 14.325159 
-7.513300 -26.286035 13.866078 
-7.385619 -26.275910 14.910030 
-6.384443 -26.005057 15.211012 
-5.518178 -26.194647 14.614911 
-6.132572 -25.915637 13.874493 
-5.378047 -26.194664 13.147489 
-5.633962 -25.882499 12.337796 
-6.293715 -25.565734 12.996122 
-6.268951 -25.165738 11.987537 
-5.641485 -24.694506 12.656754 
-5.247023 -25.166546 13.517101 
-5.003212 -24.912437 14.495404 
-5.957989 -24.383213 14.430326 
-5.881609 -24.970546 15.241747 
-6.386875 -24.188453 15.693784 
-6.317536 -24.472813 16.765211 
-5.832668 -24.286782 17.707467 
-5.623891 -23.273752 17.784464 
-5.462064 -23.663531 16.756910 
-5.804890 -22.762158 16.539186 
-4.842057 -22.764883 17.003733 
-4.194703 -23.575972 16.826197 
-4.607506 -24.089522 17.594536 
-4.596226 -24.619856 18.460201 
-4.907045 -23.951123 19.242631 
-5.564994 -25.934168 20.749243 
-6.681555 -24.090201 21.920028 
-6.661644 -23.485550 22.773507 
-6.406122 -23.657942 23.800060 
-5.387048 -23.887925 23.926577 
-5.363145 -23.073995 23.291478 
-4.421542 -23.458991 23.486097 
-3.692428 -23.963574 24.055582 
-3.152347 -23.208547 23.630329 
-2.210323 -22.718697 23.426647 
-1.820319 -22.639372 21.991896 
-2.173915 -23.602304 21.865809 
-3.011604 -23.127956 21.345511 
-3.573123 -23.811236 21.886364 
-3.129814 -24.362366 21.525544 
-4.275088 -22.444404 20.488219 
-5.606735 -23.286876 21.762788 
-5.578009 -22.316325 21.466940 
-4.950913 -21.466859 21.473367 
-4.091974 -21.089135 21.189246 
-3.072593 -21.060434 20.985375 
-2.445599 -21.744359 21.328704 
-1.497757 -21.727882 21.832304 
-1.048354 -21.150621 22.688511 
-0.452250 -20.886618 21.841878 
-3.514365 -21.017597 22.811054 
-8.737360 -20.807110 24.883925 
-9.380396 -18.622112 24.085437 
-5.987053 -20.984641 26.231274 
-5.845390 -23.116763 25.101608 
-5.293168 -22.313645 25.481522 
-4.448392 -22.082468 24.883834 
-4.757726 -22.374673 23.955660 
-0.293418 -20.021776 24.633461 
-0.303272 -16.121300 24.775092 
0.505782 -16.070364 24.131937 
1.449693 -15.703582 24.303186 
2.500107 -15.948358 24.247860 
2.125367 -16.461495 23.621217 
2.333415 -17.830654 23.289699 
3.371305 -17.214501 23.041069 
2.839407 -15.537037 22.960080 
3.079477 -14.703689 21.938777 
2.916996 -15.721307 21.117565 
3.513476 -16.521285 21.543751 
5.096619 -15.872643 23.385793 
5.847634 -15.800533 21.658772 
5.113092 -14.886062 21.504823 
4.910752 -15.306199 22.440878 
4.597303 -14.145688 21.786891 
5.282948 -13.788416 20.500962 
4.677676 -14.340073 19.928651 
4.284185 -14.739390 19.029570 
5.264691 -15.015106 19.003127 
5.104646 -15.525074 18.134556 
5.201375 -15.845761 16.930107 
6.420557 -20.002066 14.665460 
0.238174 -24.481515 12.300270 
0.193966 -23.233896 13.382247 
0.453957 -22.182521 14.411493 
-0.268643 -21.176057 14.890204 
-0.637201 -19.767536 15.838696 
0.852593 -18.783450 16.763330 
0.809989 -18.398182 15.739921 
1.202107 -17.052969 16.133010 
1.605751 -16.172671 16.736484 
1.655025 -17.664685 17.696332 
1.969377 -18.738459 16.380936 
2.753391 -18.006291 15.959730 
3.657530 -18.426189 15.753148 
4.645003 -18.833155 15.952558 
4.937518 -18.089177 15.347286 
4.538586 -18.289900 14.271070 
4.524610 -19.513634 15.122285 
5.375949 -19.397130 15.713762 
6.174750 -19.175610 15.261774 
7.175107 -19.116941 14.686880 
8.022323 -18.023919 14.235658 
7.404874 -18.838362 13.952015 
7.031363 -19.645350 13.470678 
7.415063 -20.303813 13.993661 
8.450436 -20.224759 13.085789 
9.149227 -20.485344 12.169135 
8.208447 -20.779124 12.293629 
7.533183 -21.373524 12.300802 
7.810606 -21.943055 11.537049 
7.482123 -22.592269 10.908967 
7.031957 -22.962475 9.971150 
7.576776 -22.779087 9.155857 
6.652843 -22.009632 8.973486 
3.625801 -21.101771 10.918445 
3.742850 -21.285687 14.767300 
3.194193 -20.042887 15.308493 
3.655962 -19.491348 15.996066 
3.453886 -20.022427 16.912805 
3.116216 -19.068004 16.707018 
2.304082 -19.655436 16.830472 
2.605413 -18.870528 17.506913 
3.255217 -19.400143 18.075916 
2.948559 -18.594292 18.626157 
3.178844 -17.523605 18.408408 
3.500684 -18.105317 17.761173 
2.958768 -17.655600 17.000607 
3.964358 -17.809785 16.493393 
4.747774 -17.145505 16.787473 
5.391103 -17.958364 17.769986 
4.885193 -18.789486 17.549290 
4.549110 -18.600990 18.420105 
4.041717 -18.194763 19.165082 
3.295533 -17.886481 19.853414 
2.287412 -17.510739 19.827240 
0.706332 -19.055940 18.892974 
-0.275414 -20.753629 19.356509 
-0.315291 -22.531299 19.094655 
-1.196917 -22.319993 19.190038 
-0.830408 -21.421822 18.854967 
0.598752 -20.013451 20.868015 
3.299768 -19.809961 20.121838 
3.768825 -20.445913 19.548164 
2.897427 -20.382817 19.185236 
1.445346 -21.547693 19.607543 
