6.109453 -23.694792 11.277849 
5.968347 -24.572084 11.781703 
5.011964 -24.398614 12.171262 
5.132896 -24.685667 13.139125 
4.234716 -25.165973 13.467257 
3.489811 -24.511373 13.627960 
3.418522 -23.811521 14.401365 
3.552344 -22.890476 14.188882 
4.407990 -23.453324 14.645397 
4.793479 -23.616087 13.693348 
5.425690 -23.869705 14.463457 
6.179754 -23.686227 15.144154 
6.876167 -23.460201 15.764111 
7.479790 -24.228005 15.702075 
7.334951 -25.206694 15.600426 
6.366353 -25.107839 15.755987 
5.562616 -24.859056 15.239171 
4.607044 -25.225962 15.323364 
4.936586 -26.171477 14.766209 
5.402084 -26.006085 13.817455 
5.179097 -26.331370 12.758368 
5.605116 -25.798690 12.058177 
5.534429 -26.534606 11.261048 
6.292381 -26.169171 10.777760 
5.679071 -25.351188 10.733864 
4.793808 -25.361549 11.332041 
4.072991 -25.470970 12.053532 
3.343811 -25.564028 11.427936 
2.773321 -26.198226 10.909620 
3.278618 -26.938041 11.362733 
2.492078 -27.411364 11.389227 
2.743030 -28.239802 10.750930 
3.392095 -29.157198 10.765201 
3.638793 -29.350383 9.848620 
2.585104 -29.717281 9.727439 
2.449553 -29.299787 8.840664 
1.393658 -29.138456 8.956468 
1.300304 -29.129137 10.063914 
1.580313 -29.753091 11.025689 
1.164951 -29.144284 11.705646 
0.544789 -28.496270 11.354760 
0.429957 -27.541221 11.966113 
0.267440 -26.803020 11.301416 
-0.200914 -27.263786 10.494722 
-0.783464 -27.658596 11.298661 
-1.811417 -27.348809 11.790392 
-2.469969 -27.891430 12.533026 
-1.886243 -27.413290 13.173434 
-1.572906 -28.100522 12.467273 
-0.936433 -28.101239 13.244195 
-0.178373 -27.503965 12.981231 
-0.848217 -27.260033 13.947725 
-1.089910 -26.227728 14.120715 
-0.790501 -25.849894 15.003312 
-1.358729 -25.304631 15.623472 
-1.617270 -24.614400 14.891606 
-0.623369 -24.320227 14.738663 
-0.407906 -25.045630 15.476977 
-0.224111 -25.330649 16.474231 
-0.747628 -24.732887 17.143064 
-0.252833 -24.012923 16.505938 
0.652155 -24.426799 16.736946 
0.084736 -23.747600 17.396922 
0.331183 -22.964262 17.823711 
-0.444725 -22.499684 17.424353 
-1.194647 -22.981402 17.050506 
-1.643991 -23.654292 16.338942 
-1.580535 -24.754932 16.466207 
-2.011706 -24.767731 17.357314 
-2.235297 -24.021486 18.052878 
-3.081638 -24.464821 17.763803 
-3.192637 -23.674303 17.007304 
-3.101611 -24.641051 16.465894 
-3.930486 -24.761397 15.905047 
-5.206345 -26.304674 16.775674 
-3.909403 -26.214372 19.125320 
-4.629891 -25.506197 19.223354 
-5.538400 -26.063179 19.306811 
-5.747226 -25.213649 18.483034 
-6.459921 -24.582759 18.429409 
-6.888405 -25.412193 17.871003 
-7.463193 -24.536229 17.947878 
-7.993021 -23.660532 17.961315 
-8.502713 -24.637740 17.224143 
-7.978014 -26.100643 15.865359 
-8.632103 -25.507764 15.261437 
-8.839371 -26.461779 14.718183 
-9.097371 -25.509067 14.247151 
-7.177262 -25.565409 14.864165 
-5.843232 -25.500628 12.625140 
-5.125117 -25.039492 14.006253 
-5.957989 -24.383213 14.430326 
-5.881609 -24.970546 15.241747 
-6.386875 -24.188453 15.693784 
-6.317536 -24.472813 16.765211 
-5.832668 -24.286782 17.707467 
-5.623891 -23.273752 17.784464 
-5.462064 -23.663531 16.756910 
-5.804890 -22.762158 16.539186 
-5.260407 -25.357389 19.505560 
-5.304744 -24.055585 23.015247 
-2.274308 -23.002201 23.967017 
-3.219486 -23.532402 21.480907 
-5.167295 -23.277781 22.021386 
-6.046175 -23.295972 21.504189 
-5.578009 -22.316325 21.466940 
-4.950913 -21.466859 21.473367 
-2.070677 -20.898819 22.133252 
-5.004457 -22.385419 22.652967 
-5.287122 -21.797684 23.414376 
-5.994260 -22.052255 24.002556 
-6.553352 -21.554430 23.282985 
-5.712326 -20.825467 23.340077 
-6.179492 -20.948100 24.995764 
-7.350503 -21.434104 24.977442 
-9.207950 -21.387260 25.416495 
-9.892418 -19.999716 24.272055 
-9.380396 -18.622112 24.085437 
-9.946020 -18.527527 25.101513 
-8.299768 -20.240985 26.670400 
-5.491232 -20.253941 25.445330 
-4.601786 -19.847812 25.491569 
-4.348375 -20.451030 26.286154 
-4.189392 -21.110615 27.189730 
-4.001425 -21.524525 26.304515 
-3.492820 -22.274864 25.792977 
-2.681100 -22.249441 26.423530 
-2.381339 -23.062723 25.835424 
-3.236949 -23.282493 26.456364 
-4.561946 -23.383726 25.772809 
-1.252461 -20.316775 24.684982 
2.373128 -16.120821 23.348804 
2.475596 -14.819005 21.881530 
3.336907 -15.271879 21.614300 
3.257641 -16.587599 21.119745 
4.257579 -16.455947 23.208503 
5.625598 -15.342156 23.895513 
6.266075 -14.970790 22.865140 
5.847634 -15.800533 21.658772 
5.113092 -14.886062 21.504823 
4.847077 -14.346498 21.628906 
4.677676 -14.340073 19.928651 
4.284185 -14.739390 19.029570 
5.264691 -15.015106 19.003127 
5.104646 -15.525074 18.134556 
4.798597 -15.720981 17.184187 
5.604152 -15.970541 16.676027 
6.533168 -16.667003 15.777835 
6.965170 -16.547704 14.853787 
7.750998 -17.025538 15.113480 
7.503909 -18.210687 16.215951 
7.713869 -19.743000 16.645856 
7.996046 -19.790898 15.465378 
8.171177 -20.465569 14.733658 
7.545568 -20.677336 15.542369 
6.269935 -20.320274 14.934995 
6.170441 -20.729328 14.211313 
5.951432 -21.599447 13.726042 
5.157539 -22.249767 13.561390 
5.291992 -22.621923 12.643850 
4.434462 -22.489194 12.186535 
4.081785 -23.509117 12.369028 
3.062722 -23.985884 12.183009 
2.096943 -24.740843 11.426640 
-0.075305 -24.334326 12.536039 
-0.252495 -21.015436 15.114949 
-0.072815 -18.437814 16.398566 
0.852593 -18.783450 16.763330 
1.038639 -18.911799 15.699359 
0.581338 -17.884566 15.780482 
1.202107 -17.052969 16.133010 
1.605751 -16.172671 16.736484 
1.674307 -17.002264 17.949375 
1.612953 -18.565366 17.873886 
1.658533 -18.088846 17.012691 
1.969377 -18.738459 16.380936 
2.753391 -18.006291 15.959730 
3.657530 -18.426189 15.753148 
4.791260 -18.461166 15.649922 
4.538586 -18.289900 14.271070 
4.583947 -19.123792 14.831263 
4.465272 -19.903476 15.413307 
5.375949 -19.397130 15.713762 
6.174750 -19.175610 15.261774 
6.449677 -19.139516 14.364548 
7.491545 -19.170459 14.224684 
8.284902 -20.529455 13.451248 
8.376706 -20.639513 12.370974 
7.810606 -21.943055 11.537049 
7.482123 -22.592269 10.908967 
5.203512 -21.763913 9.478150 
2.343946 -21.016754 11.377363 
2.663228 -21.182587 12.279452 
3.180356 -21.457980 11.391946 
3.799847 -20.947805 14.084727 
