-20.366302 -22.265879 11.530759 
-19.706247 -23.087325 11.538247 
-19.653925 -23.880284 10.978520 
-20.682791 -23.514569 10.828665 
-20.279000 -23.995989 10.096678 
-20.010133 -24.299284 9.174732 
-19.034585 -24.423116 9.055450 
-18.845024 -24.496411 8.052025 
-18.904955 -25.357598 7.425440 
-18.425084 -26.213485 7.046410 
-18.643048 -26.419377 5.973581 
-19.195686 -25.589970 6.389510 
-19.509533 -26.121043 7.271152 
-20.110249 -26.696598 7.826182 
-19.883820 -26.379923 8.742283 
-19.513376 -25.466187 8.520065 
-18.459072 -25.533098 8.398334 
-18.752072 -26.539332 8.182380 
-18.277777 -26.416446 9.108591 
-19.085271 -26.377290 9.842761 
-19.337735 -27.036138 10.606353 
-19.067780 -25.995060 10.792720 
-18.085372 -26.109019 10.585664 
-18.082776 -25.859708 11.568929 
-17.861110 -25.051070 10.990227 
-18.262629 -24.725636 10.004048 
-19.203996 -25.060294 9.665184 
-19.837004 -24.996718 10.395953 
-20.726230 -25.145956 10.077169 
-21.695330 -25.183675 10.133035 
-22.127072 -25.768624 10.925691 
-22.368259 -24.751212 10.989090 
-23.116031 -24.049598 10.904617 
-23.393287 -23.241371 10.256330 
-22.668006 -22.901212 10.884679 
-22.638292 -23.263332 11.869277 
-21.585491 -23.330138 12.202955 
-20.811318 -23.990119 12.287225 
-20.445862 -23.527271 13.026209 
-19.926511 -24.374185 13.283069 
-19.516303 -23.648494 13.967578 
-18.927475 -22.942641 13.472279 
-19.437381 -22.055665 13.543618 
-20.209634 -22.184502 14.129885 
-20.060750 -21.370455 14.840025 
-20.306694 -21.997627 15.643752 
-19.673081 -22.570808 15.024541 
-18.788807 -22.638528 15.284403 
-18.739079 -21.824001 14.677408 
-18.311063 -21.457762 15.579586 
-17.939730 -22.300864 15.978698 
-18.722041 -22.549159 16.574280 
-18.031571 -23.286355 16.021992 
-18.861934 -23.641117 16.528976 
-19.162347 -24.223724 15.586107 
-18.303885 -24.529115 16.142111 
-18.226413 -25.583103 16.149257 
-17.368278 -25.648953 15.697009 
-16.630754 -25.662548 16.461346 
-15.770822 -25.929594 15.963606 
-15.160108 -26.669856 16.319549 
-14.727258 -26.405875 15.405255 
-14.282274 -27.103641 16.001156 
-14.531316 -27.476538 15.165286 
-14.260947 -28.390534 15.181173 
-15.234571 -28.718971 15.512021 
-15.926189 -28.640063 14.761921 
-16.098374 -27.887992 14.055018 
-15.217442 -27.847956 13.384063 
-14.900609 -28.686361 13.888983 
-13.820498 -28.545594 14.211093 
-13.117778 -27.967972 14.573157 
-12.732302 -27.173474 15.188573 
-12.912729 -26.455943 14.407482 
-14.948255 -25.031245 17.502426 
-18.670835 -23.549146 17.906223 
-17.949613 -23.992307 17.367242 
-17.452688 -23.069686 16.880353 
-16.835186 -23.906054 17.049073 
-16.372147 -23.202505 17.680217 
-16.288666 -23.475818 18.540027 
-16.534424 -22.617274 19.128872 
-16.654838 -21.927193 19.797529 
-15.318889 -21.060859 20.172441 
-14.396893 -21.647383 19.112696 
-14.895516 -21.267313 18.368584 
-15.457542 -21.764309 19.120888 
-15.559857 -22.404223 18.213007 
-15.189632 -21.466189 20.934586 
-13.019816 -19.491770 21.918401 
-12.548587 -19.946262 20.907027 
-13.942817 -20.060470 21.052847 
-13.558517 -20.896135 20.537644 
-12.896069 -21.629544 20.788014 
-12.287524 -20.974824 21.184789 
-11.724971 -20.917989 21.950088 
-11.792164 -22.038733 21.621532 
-11.524284 -22.946130 21.426525 
-10.808676 -22.763426 22.092080 
-9.897904 -22.947473 22.269902 
-8.219778 -24.727727 20.614201 
-7.850996 -25.131861 19.114670 
-7.856737 -26.000511 20.646353 
-7.673091 -21.912211 23.667485 
-7.345254 -21.974828 22.612518 
-7.799731 -21.500082 21.779123 
-7.405124 -20.517323 21.654711 
-12.357140 -21.644830 22.906521 
-16.888960 -22.871861 20.967697 
-16.139194 -23.639825 21.120342 
-17.053592 -23.498463 21.669438 
-17.037572 -24.000632 20.791212 
-17.738616 -23.956073 19.866488 
-19.390968 -22.914294 19.639409 
-20.187691 -22.004934 18.827312 
-19.450516 -21.630743 18.020553 
-19.471381 -20.433830 16.808496 
-20.647649 -21.000504 15.558396 
-21.719917 -21.202765 15.144454 
-21.979471 -19.792468 17.081942 
-20.378248 -18.987558 17.451053 
-20.010973 -19.112662 18.413092 
-20.755777 -18.993253 19.176459 
-20.167656 -18.400490 19.663589 
-20.051929 -19.629450 19.763267 
-19.745328 -19.248537 20.670919 
-19.629625 -18.418589 21.066160 
-19.163489 -18.978814 21.811934 
-18.269673 -18.599928 22.208439 
-16.892325 -18.795510 21.765521 
-15.694329 -22.371850 18.339265 
-12.674291 -22.859083 19.600547 
-13.582466 -23.556971 17.842982 
-13.314407 -23.006492 16.886744 
-12.489497 -23.113331 15.717730 
-14.248472 -22.708270 14.751310 
-15.287390 -21.887930 13.639857 
-16.784638 -21.946748 13.415956 
-17.279930 -22.984108 13.485854 
-16.707643 -22.600981 14.479370 
-17.920165 -22.276505 13.513345 
-17.459427 -24.000341 12.110508 
-17.969413 -23.689558 11.183727 
-18.024459 -22.890373 10.592911 
-17.259539 -23.239776 9.841236 
-17.019909 -24.168422 10.133523 
-17.191408 -25.120988 9.674199 
-16.389094 -25.021864 9.365386 
-16.254379 -24.528965 7.893394 
-16.947936 -24.615821 7.148440 
-17.391076 -25.347295 7.199361 
-18.075323 -24.991512 5.631967 
-18.825716 -24.321077 5.405731 
-19.175094 -23.453751 4.870447 
-19.851322 -24.237908 4.782120 
-20.916719 -24.507615 4.654246 
-21.402110 -25.454939 4.220875 
-20.400155 -25.341112 4.331662 
-19.647455 -25.613162 4.956217 
-20.414727 -25.673633 5.615535 
-20.143457 -26.606016 5.369388 
-19.750205 -27.475512 5.659973 
-18.784424 -27.818637 5.278412 
-18.260520 -26.504636 4.880968 
-17.835027 -27.933585 6.893987 
-16.674704 -27.300392 9.437665 
-17.066131 -28.136648 8.939086 
-17.491737 -27.395399 8.299590 
-16.949717 -26.828856 7.691952 
-16.094475 -26.288242 7.471257 
-16.304412 -25.640700 8.302878 
-15.563672 -25.724801 9.076717 
-14.488018 -26.289841 9.742776 
-14.027955 -26.908336 9.168558 
-14.301469 -26.536479 8.248696 
-14.989938 -27.379809 8.279959 
-14.539071 -27.591506 7.368865 
-15.315157 -27.229012 6.836710 
-16.155337 -27.902943 7.136802 
-15.731892 -28.056052 6.058205 
-15.904423 -29.000653 5.968027 
-14.860120 -28.760684 6.491616 
-14.145419 -29.527507 6.099087 
-13.077699 -30.041511 5.949232 
-12.171218 -30.461057 5.661092 
-11.017968 -29.485429 6.072086 
-10.126267 -29.118772 7.420883 
-9.476580 -29.557111 9.135653 
-10.237207 -28.712486 10.419357 
-10.870713 -29.254646 10.930965 
-12.947541 -28.567859 11.748608 
-14.278600 -27.439741 10.988314 
-14.152943 -27.247235 11.982604 
-13.386644 -27.053763 11.183541 
-13.447751 -27.937968 7.398229 
