24.174655 3.291866 20.731832 
23.787239 2.521363 21.281232 
23.393497 2.057886 22.055347 
23.854733 1.105239 22.368455 
22.888904 1.040312 22.915738 
23.445642 1.208693 23.753083 
23.338886 2.313874 23.510353 
22.493165 2.708615 24.179298 
21.568735 2.345055 24.332232 
22.047482 1.360205 24.087116 
21.089168 1.511138 23.512378 
21.038751 2.226077 22.791551 
20.155787 1.860968 23.316038 
20.411721 1.299940 22.283693 
19.852493 1.235868 21.521648 
20.242412 0.407842 21.019095 
19.435660 -0.036932 21.502323 
18.513393 0.422524 21.667443 
17.688838 -0.233138 21.978778 
17.252857 0.508003 21.317894 
16.383385 0.970141 20.902590 
15.493007 1.572678 21.038832 
14.972588 1.590660 20.204009 
14.991346 2.649923 19.949953 
14.451248 2.332849 20.819542 
14.242546 1.747719 21.596395 
14.978473 1.460033 22.214839 
14.769888 0.713966 21.429780 
15.237605 0.356983 20.685041 
14.405614 0.549861 19.950390 
14.341463 -0.561648 20.221816 
15.143126 -1.292191 20.390324 
14.337480 -1.927048 20.087869 
13.889382 -2.133202 21.067489 
13.486004 -1.291448 21.350534 
12.527409 -1.529762 21.010726 
12.486212 -1.478783 22.043086 
11.989375 -1.499372 22.914178 
13.047948 -1.471508 22.980459 
13.631324 -2.172521 22.454894 
13.234047 -2.790721 23.260275 
12.712709 -2.899319 24.060903 
12.800195 -3.985440 24.053521 
13.787178 -4.407135 23.877128 
13.406735 -4.395381 24.891664 
13.833726 -3.610667 24.584839 
14.570341 -3.067364 24.639266 
14.771640 -4.031452 25.121451 
15.729356 -3.499673 25.249785 
15.615313 -3.215826 24.339059 
16.496222 -3.727502 24.079591 
16.436832 -2.758247 24.466872 
17.551193 -3.120929 24.307978 
16.893835 -3.000392 23.616110 
17.150521 -2.039359 23.720163 
18.014334 -1.543680 23.970364 
18.485726 -1.819595 23.127251 
18.105268 -1.327347 22.212259 
18.020374 -0.745135 23.117471 
18.018725 -0.123856 23.882419 
18.645850 -0.123910 24.653104 
18.380174 -0.434066 25.641876 
17.604597 0.087667 26.059570 
16.992564 0.302746 25.189896 
17.065919 -0.730314 25.355560 
16.223167 -1.317832 25.195869 
15.581608 -0.486102 25.311746 
15.967236 -0.400173 24.334769 
16.637713 0.198676 23.798413 
16.201093 0.009128 22.900809 
15.117919 0.190885 22.784840 
15.740427 -0.083514 22.018074 
15.053566 -0.315802 21.374179 
14.383021 -0.144651 22.015198 
15.488763 -2.395793 22.854364 
16.750200 -4.483804 21.464663 
17.489451 -3.645590 21.293055 
17.601251 -3.725478 22.379953 
17.906984 -4.788301 22.429825 
16.694755 -5.138936 22.953841 
17.556567 -5.461915 23.759365 
17.120355 -6.323118 23.738149 
16.235100 -6.473174 24.369875 
14.844699 -6.971815 24.245886 
14.090921 -7.340908 22.875789 
14.588768 -6.479439 22.503195 
15.645712 -6.486633 22.180342 
15.627421 -5.397644 22.093466 
17.778087 -4.827341 23.278837 
19.812922 -6.695179 24.647942 
17.725755 -7.517483 24.760690 
17.344709 -7.118647 25.585072 
16.457647 -6.560023 25.477071 
16.200610 -7.937373 25.370874 
15.977355 -8.961662 24.651867 
16.104450 -10.012191 24.890441 
15.259731 -10.229207 25.421119 
15.769525 -10.898156 24.663346 
15.684204 -11.850720 25.205660 
17.172110 -9.761660 26.627245 
18.003086 -5.416074 27.739266 
16.333585 -2.580107 28.058218 
19.800283 -3.185566 26.801767 
23.744837 -3.232652 24.815115 
23.150752 -2.824067 25.752515 
22.245223 -3.104903 25.371967 
22.204292 -3.848729 24.663640 
21.098794 -4.698235 25.516989 
22.798861 -6.766361 25.897900 
21.481360 -8.723424 26.752204 
20.033963 -8.999476 26.932849 
19.066197 -9.425145 26.493619 
18.671751 -9.942260 27.236624 
18.656734 -11.879228 26.674366 
18.466235 -13.305273 25.164342 
18.908652 -13.237756 23.893831 
18.323003 -10.879208 24.489213 
17.713435 -11.216902 25.396267 
16.859890 -10.769626 25.651745 
15.506519 -9.057139 26.327923 
14.737292 -7.764303 25.280271 
13.786736 -7.430211 25.082889 
14.503144 -6.708736 25.473778 
16.020415 -5.419051 26.288224 
17.114191 -4.704811 25.677793 
17.164883 -5.328081 24.901845 
17.688853 -5.591889 25.870059 
18.416736 -5.644197 25.168028 
18.487999 -6.205125 26.049699 
19.641549 -7.549620 26.100457 
18.862658 -10.451178 23.575797 
15.674823 -12.934292 26.108078 
17.506592 -14.550955 25.398334 
18.186303 -12.734229 25.210698 
19.580458 -12.830257 23.795135 
20.676063 -13.801203 24.203795 
18.921319 -15.056317 24.317263 
18.062770 -14.349587 23.801679 
17.087480 -13.985250 23.111696 
17.101141 -13.234026 23.848883 
16.692996 -14.533226 24.517426 
15.949032 -15.450584 24.262169 
15.793535 -16.105301 25.258235 
16.607403 -15.734452 25.607420 
16.168370 -16.236488 26.444646 
15.626986 -17.099569 26.409368 
15.097058 -16.218697 26.231779 
14.807586 -15.005147 25.963651 
14.243523 -14.662716 24.653538 
15.073137 -15.295022 24.614007 
13.949530 -15.756936 25.243513 
12.814831 -14.741895 25.084214 
12.068163 -14.276925 25.560842 
12.301072 -15.199565 25.855288 
11.268236 -15.454547 25.795291 
10.817884 -16.490606 25.385717 
9.939690 -17.332092 26.620177 
9.432006 -17.719767 25.820833 
10.052647 -17.389631 25.098722 
10.968017 -17.464944 24.479395 
10.365762 -17.795745 23.676206 
10.562239 -16.609616 23.523799 
11.251310 -15.870601 23.548060 
13.057582 -15.836975 23.999295 
13.865808 -18.597952 24.089366 
11.886491 -19.412801 23.766892 
11.019396 -18.029513 22.072008 
10.350214 -18.965364 22.195672 
10.099570 -18.988782 23.174835 
9.767323 -18.759011 24.065768 
9.606155 -18.654043 25.053376 
8.623028 -18.367313 24.849146 
8.779295 -19.089961 24.107540 
7.858209 -19.274487 24.671016 
7.413745 -20.088963 24.209800 
6.781729 -20.789596 24.547818 
7.252116 -20.316537 25.312106 
7.683422 -21.248362 25.270169 
8.669329 -21.520361 25.391694 
8.818749 -22.230600 24.524944 
7.961460 -22.735456 24.481570 
7.639479 -23.247082 23.603892 
8.028186 -23.809665 22.762236 
7.648396 -22.864324 22.675585 
7.811166 -22.670891 21.661719 
7.258503 -21.973379 22.837438 
6.554610 -21.127051 23.552302 
6.212295 -21.233742 22.480438 
5.754894 -20.210317 23.052199 
6.778862 -20.030686 22.932808 
6.921605 -17.271836 22.173398 
7.786309 -15.252031 22.889741 
7.795456 -14.809976 21.966001 
6.698101 -14.491083 21.694759 
5.424375 -14.871437 22.857368 
