-9.379817 -28.496193 11.851066 
-8.860060 -29.095266 11.273943 
-8.609683 -29.659224 11.971793 
-8.014411 -30.395248 11.785481 
-8.715101 -30.503958 12.450114 
-9.696553 -30.731617 12.616855 
-9.778848 -29.704329 12.416461 
-10.211256 -30.120810 13.171834 
-11.051275 -30.260331 12.546714 
-10.363254 -30.303213 11.733807 
-10.661493 -30.923563 11.017845 
-11.226737 -31.345300 10.206080 
-10.888704 -32.138832 9.468737 
-11.275547 -32.143655 8.510841 
-10.298841 -32.502529 8.402305 
-10.532524 -31.879699 7.637469 
-9.647696 -31.335185 7.369937 
-9.300009 -30.500129 7.796369 
-8.633488 -30.192430 6.921079 
-9.339529 -30.874185 6.502127 
-9.898848 -31.754583 6.205175 
-9.701930 -32.538346 5.538793 
-9.171234 -33.036161 4.791615 
-10.113688 -32.980867 4.411354 
-11.024270 -33.440543 4.764248 
-11.506113 -32.591112 5.167559 
-11.818962 -31.825255 5.774071 
-11.030842 -31.573198 5.087354 
-10.917600 -31.660936 4.026715 
-10.484867 -32.109302 3.213661 
-9.599140 -32.580015 3.300614 
-9.303516 -31.685871 2.963870 
-9.952646 -31.038481 3.636225 
-9.753108 -31.353398 4.563426 
-10.083795 -30.595617 5.202527 
-10.544222 -30.610775 6.104499 
-11.281220 -30.220012 6.609375 
-10.723105 -31.050184 7.097363 
-11.654577 -31.265465 7.557145 
-11.746695 -30.362058 8.033710 
-11.095103 -30.485277 8.908991 
-10.756450 -30.017037 8.108636 
-10.668245 -29.604887 9.066839 
-10.088286 -29.947159 9.818533 
-9.946752 -29.939864 10.880485 
-9.548571 -30.863523 10.539028 
-9.027202 -30.542563 9.767737 
-8.434080 -31.110012 10.487504 
-7.582003 -30.686994 10.451700 
-7.352466 -30.974650 9.438531 
-7.026436 -31.766090 8.955498 
-6.655171 -31.651303 7.944481 
-6.136463 -32.641009 8.025351 
-5.781166 -32.479492 9.019690 
-5.010964 -32.166290 9.756811 
-4.282875 -32.843006 9.467563 
-4.730483 -32.899491 8.515599 
-4.349048 -33.487472 7.824451 
-3.509019 -33.832635 8.523924 
-2.532464 -33.426567 8.976271 
-1.490589 -33.652927 8.856197 
-1.489665 -32.743478 8.242496 
-1.706197 -32.916498 7.246810 
-1.945476 -33.169281 6.282942 
-2.450482 -33.843019 5.671574 
-2.493459 -34.566122 5.069446 
-1.499890 -34.833293 5.321045 
-0.646690 -35.088200 5.772937 
-0.634774 -35.322897 4.725977 
-0.757140 -35.340766 3.620351 
-0.323759 -34.439300 3.609058 
0.404653 -33.955607 4.198045 
0.151258 -33.745594 5.271786 
1.150801 -33.426133 5.176359 
1.953316 -31.560977 7.391215 
-0.920769 -31.950686 8.929651 
-1.155465 -31.168582 9.648342 
-1.043081 -31.653793 10.553954 
-2.083571 -31.416512 10.808209 
-2.561768 -30.628055 11.409464 
-3.448036 -30.077333 11.605750 
-3.147657 -29.628332 12.436971 
-2.765677 -28.945882 12.950370 
-1.996186 -28.948048 14.137389 
-3.209069 -29.109933 15.174582 
-2.810959 -29.683748 15.944566 
-3.445128 -30.332211 16.499804 
-2.713758 -30.764136 15.905059 
-0.600207 -31.344593 14.498903 
-0.262397 -29.830295 10.871281 
-1.218462 -30.301212 10.560734 
-2.390635 -29.779306 10.930177 
-2.445414 -29.069057 10.083355 
-2.027640 -29.450629 9.289223 
-2.788527 -28.775625 9.176490 
-2.906322 -27.775206 9.303575 
-3.465385 -28.238385 8.557581 
-4.153065 -29.136907 8.342711 
-4.349756 -29.164464 7.363947 
-5.274635 -32.180004 6.134024 
-8.255880 -33.193960 4.676418 
-7.226730 -32.897915 3.402391 
-2.715208 -32.357657 5.670282 
-1.436303 -31.912817 6.412777 
-0.617381 -31.930932 7.204137 
0.148669 -32.645969 7.274614 
1.016199 -32.839632 6.920861 
-1.119814 -31.806793 11.346214 
-4.612423 -31.473740 13.530103 
-5.438061 -31.103939 13.941333 
-6.429359 -30.976777 13.385034 
-7.203097 -30.550218 12.636076 
-6.533430 -31.721840 12.122826 
-7.112888 -32.910707 10.896899 
-6.433164 -32.863276 9.662138 
-8.204157 -32.146548 8.834438 
-8.252591 -29.927773 8.633984 
-7.479409 -29.147853 9.823252 
-7.756379 -28.236072 10.226129 
-7.304606 -29.402435 12.852321 
-8.942780 -30.897832 15.347819 
-8.047214 -31.147697 15.697682 
-7.440142 -30.303038 15.905920 
-7.287119 -29.500232 16.416618 
-7.744124 -28.256665 15.914284 
-6.830559 -28.643363 16.092015 
-6.689218 -27.967811 16.866966 
-6.056775 -28.296497 17.551837 
-6.814807 -28.219973 18.116741 
-7.859061 -28.931814 17.460127 
-11.477238 -27.754513 16.201161 
-12.583764 -29.550693 10.393075 
-14.495866 -29.860900 7.083919 
-13.962413 -28.731547 6.512701 
-14.656956 -29.275841 5.104896 
-14.512682 -29.134554 3.059767 
-15.703422 -29.714037 3.390014 
-16.477255 -29.260197 4.288992 
-17.260332 -30.413694 4.316836 
-18.272246 -30.715513 4.392305 
-18.476002 -29.574282 3.602080 
-19.045412 -29.746554 2.175268 
-19.042869 -29.541074 1.188492 
-18.318269 -30.202431 1.452214 
-17.572617 -29.914942 2.261541 
-17.021720 -30.777822 2.291739 
-16.230074 -31.269184 1.942139 
-15.879431 -30.793476 3.286533 
-15.149090 -31.227904 4.517513 
-15.626052 -30.380232 5.019785 
-15.969598 -30.077576 6.423778 
-16.712934 -29.820814 7.428967 
-16.301431 -29.449700 8.453066 
-15.283935 -29.926779 8.491923 
-15.398288 -29.723707 9.573540 
-14.678669 -28.824794 9.623483 
-15.616037 -28.865021 10.562175 
-15.088380 -28.122784 11.083193 
-15.277626 -27.939357 12.044048 
-15.112182 -27.192152 12.607086 
-15.020449 -26.519365 11.758579 
-16.078667 -26.536031 11.982272 
-16.596289 -25.980012 11.500894 
-16.393993 -26.186790 10.636021 
-15.516226 -26.575222 13.112218 
-11.451678 -25.299158 14.001659 
-10.550958 -24.767575 15.096016 
-9.951329 -25.398527 15.657394 
-10.585602 -25.248645 16.449191 
-11.382472 -25.189757 16.822172 
-12.184728 -25.417608 16.068163 
-12.509910 -24.518236 16.097685 
-11.690200 -24.395841 15.376725 
-12.789491 -24.515389 14.945398 
-12.906654 -25.563635 14.925716 
-13.591975 -25.643874 14.417934 
-13.924577 -24.766756 14.724080 
-14.888600 -24.584389 14.880884 
-16.260124 -25.389649 14.905316 
-16.689810 -24.653032 14.636455 
-16.941530 -24.113832 15.481578 
-17.235513 -23.124162 15.378774 
-18.002870 -23.443387 14.725048 
-17.399637 -23.797044 13.966350 
-17.598286 -24.626148 13.661780 
-18.877059 -24.969009 12.448360 
-18.349426 -22.847292 11.648578 
-16.074103 -22.000325 12.069736 
-14.581961 -21.028850 13.243023 
-14.025583 -20.452208 12.756782 
-16.651169 -20.673572 12.608559 
-19.079906 -21.512087 12.350483 
-19.252025 -22.384253 12.484753 
-20.194615 -22.046718 12.838963 
-23.466816 -22.040788 11.868801 
