27.999219 -4.906199 -0.838644 
29.081059 -5.220118 -0.871413 
29.846963 -5.510543 -0.093132 
29.858011 -4.354078 -0.311770 
30.367400 -4.017001 0.596627 
31.301528 -3.848379 1.154642 
32.262534 -3.794484 0.626552 
32.252184 -4.180577 -0.373082 
31.518583 -4.071006 -1.064886 
30.994523 -3.579770 -0.410698 
30.658741 -2.610657 -0.694536 
30.615005 -2.480326 -1.727454 
31.108579 -2.173655 -2.549259 
30.639392 -1.430995 -2.030991 
30.017490 -0.911544 -1.503901 
29.365539 -0.857795 -0.669948 
29.972455 -1.690501 -0.297493 
30.005653 -1.944137 0.671875 
29.041875 -1.719314 1.163108 
28.580853 -1.939373 0.230284 
29.424840 -2.481473 0.077947 
29.171625 -3.453591 -0.132714 
28.617585 -4.226889 -0.388220 
29.066025 -3.883147 -1.295807 
28.611912 -4.777899 -1.844688 
28.348202 -3.928936 -2.454547 
27.454287 -3.988259 -1.946202 
27.036844 -3.489565 -2.757737 
26.913904 -3.093613 -3.738550 
26.206952 -2.446424 -4.055257 
25.920995 -1.527561 -3.636895 
26.938107 -1.540236 -3.391198 
27.922024 -1.824678 -3.150916 
27.842420 -1.478927 -4.070411 
28.842943 -1.778341 -3.748700 
29.560522 -2.244668 -3.152708 
29.655990 -1.232871 -3.035217 
28.811943 -1.808377 -2.686257 
28.653035 -1.246765 -1.751624 
28.325882 -1.182844 -0.706404 
28.291251 -2.309219 -0.873938 
27.719817 -3.103677 -0.814416 
27.327740 -2.161909 -0.475514 
26.233253 -2.298455 -0.568950 
25.560156 -2.905671 -0.200652 
26.688105 -3.033186 0.001610 
26.627343 -2.787871 0.970033 
27.448479 -3.334577 0.953115 
27.375904 -4.148303 1.616688 
28.111552 -3.578834 1.952845 
28.075683 -3.120395 2.881268 
28.907348 -3.430431 2.836014 
29.256426 -4.311742 2.566979 
28.377893 -4.241738 3.153512 
28.582740 -3.898105 4.049705 
29.406465 -3.691594 4.642910 
30.249369 -4.066489 4.249525 
29.805658 -4.777063 4.794277 
29.592103 -4.877984 5.770111 
29.078324 -5.775467 5.944280 
29.163463 -6.887185 6.173478 
29.378641 -6.412800 5.354254 
28.572676 -5.873973 5.156507 
27.657989 -5.367130 5.174170 
28.011151 -4.251372 4.976063 
28.521807 -3.481927 5.338355 
27.817812 -3.306575 4.608746 
27.445040 -3.565746 5.603365 
27.647950 -3.513097 6.598436 
27.680379 -3.957831 7.626421 
28.554946 -3.435021 7.360812 
29.077532 -3.998019 8.086805 
29.900534 -4.399758 8.393908 
30.083596 -5.342698 8.145487 
27.992871 -7.042193 10.343143 
27.199218 -7.831577 12.755417 
26.327373 -7.528344 12.254595 
25.807948 -6.834766 11.633589 
25.149115 -7.622905 11.735976 
24.920996 -7.600801 10.716908 
24.300366 -8.301832 9.987170 
24.264909 -9.100056 9.239460 
23.626748 -8.380652 9.201372 
22.508516 -8.484497 8.557002 
20.722803 -8.808300 8.169407 
20.562301 -8.516381 7.251446 
21.371415 -8.710945 6.502315 
22.267978 -8.489135 7.017676 
23.989950 -5.924931 5.797072 
26.699875 -4.721428 4.093664 
26.132269 -3.552105 2.655613 
25.218276 -2.971988 3.475727 
24.489417 -3.622978 3.173034 
25.163277 -4.144034 2.410940 
24.080004 -3.586699 2.040473 
23.337037 -4.239571 2.129857 
23.454953 -5.290779 1.788115 
23.296013 -6.329200 1.517171 
22.382299 -5.777358 1.675785 
24.175897 -6.160548 2.287424 
26.043551 -7.767753 4.032695 
24.867588 -8.132248 4.731027 
24.023004 -8.827801 1.422267 
24.162688 -7.117386 -2.539526 
23.748755 -8.023527 -2.299760 
22.718683 -8.426113 -1.945097 
22.813854 -8.014592 -2.946347 
22.469390 -10.533147 -2.395913 
20.406498 -11.921841 -0.787121 
19.590047 -11.888168 -1.557957 
19.576029 -11.363447 -2.527640 
19.857895 -10.817789 -1.655657 
20.698497 -11.824521 -1.725553 
19.879637 -12.735993 -2.948006 
19.581388 -13.644996 -3.874984 
18.866611 -14.937360 -3.947888 
20.637028 -15.321046 -4.112832 
22.637862 -16.121009 -4.099489 
21.872180 -15.803739 -5.167028 
22.871336 -13.487758 -4.848466 
23.292078 -14.222039 -4.535983 
24.347161 -14.249676 -4.286793 
23.948824 -13.922062 -3.399298 
23.354943 -13.394934 -2.466817 
23.425593 -12.402947 -1.456707 
24.345719 -12.624581 -1.062314 
24.968777 -12.802634 -1.880368 
24.883493 -13.097737 -2.933211 
25.212067 -12.019984 -2.968826 
25.162053 -12.022046 -3.813352 
23.860978 -10.808172 -3.774377 
25.479970 -5.343380 -2.389876 
25.231051 -3.590547 -1.359064 
24.981339 -4.539241 0.249927 
25.642292 -4.879889 1.564186 
24.995508 -5.928544 -0.175763 
23.087643 -6.063672 -1.293423 
22.695075 -5.411426 -0.497123 
23.484616 -4.628388 -1.046640 
23.054186 -3.643465 -0.912023 
23.294618 -4.639071 0.370085 
24.101238 -4.050600 0.096361 
23.698688 -3.565256 0.945053 
23.998498 -2.599010 1.080922 
23.971092 -2.486921 2.141021 
22.978114 -2.397020 2.092753 
23.313134 -3.218800 2.640979 
22.446051 -3.302644 2.490407 
21.817085 -2.986266 1.829527 
21.293223 -3.871381 1.866227 
20.954337 -4.549567 3.698848 
20.942309 -3.835620 4.648993 
21.476403 -4.432594 5.314320 
22.412488 -4.759613 4.958841 
23.179759 -4.127809 4.584050 
24.597777 -3.729334 5.321423 
25.375968 -4.565093 5.086289 
25.077832 -4.007211 4.249817 
24.040538 -3.708548 4.003330 
23.855694 -3.076841 4.787252 
22.997366 -2.927622 5.281839 
22.145766 -3.537688 5.677513 
22.120082 -4.310418 6.286786 
23.046751 -5.130155 6.559038 
23.686243 -4.544739 7.236054 
22.751646 -2.991373 7.934593 
22.578453 -3.591132 9.754485 
22.484169 -4.577330 9.261881 
22.935373 -5.443821 9.633299 
22.303196 -6.176146 9.592352 
22.889074 -6.134646 8.759787 
23.410269 -6.321470 9.571000 
23.333028 -6.555677 11.064403 
23.874526 -5.534913 12.132956 
23.596729 -5.015340 11.278587 
22.605697 -4.896258 10.726894 
21.891139 -4.942789 9.969966 
21.017870 -4.456326 10.258095 
21.131277 -4.699392 11.168188 
19.703693 -4.509667 10.899639 
19.944576 -3.523831 10.902410 
18.932534 -3.573546 11.161564 
18.363966 -3.109445 10.475949 
17.751213 -2.987861 11.278076 
16.723234 -2.820085 11.257672 
17.554600 -3.776044 9.490348 
18.654219 -2.489232 8.571084 
20.036026 -3.052254 8.596248 
21.508302 -3.826472 9.164393 
20.882248 -4.465818 8.520234 
21.762183 -5.979371 8.136698 
24.315191 -7.329319 8.120945 
24.519140 -6.706974 7.192028 
25.361163 -6.233655 6.804747 
26.141715 -6.079714 8.788235 
