6.015957 -31.427113 -6.884990 
6.810425 -30.907740 -7.105790 
7.776093 -30.658335 -7.496864 
7.727079 -31.241126 -6.416658 
6.985943 -31.822146 -6.185618 
7.356280 -31.778060 -5.212918 
7.972324 -30.880497 -5.063325 
8.482620 -30.244663 -5.629855 
9.159680 -29.725824 -4.997778 
9.460314 -30.637641 -5.236150 
9.350801 -31.698987 -5.330325 
8.449892 -32.066673 -5.782352 
9.115011 -32.576277 -6.316138 
10.197875 -32.514276 -6.502042 
11.050808 -32.339721 -7.027597 
10.677055 -31.405206 -7.286035 
9.761237 -30.765916 -7.164719 
10.292922 -30.769389 -6.256813 
10.510485 -31.575849 -5.652480 
10.421555 -32.211712 -4.775945 
10.181495 -31.584360 -3.871585 
9.249652 -32.155267 -3.620490 
9.157891 -32.515247 -2.661085 
9.670184 -33.104791 -2.011216 
10.425304 -32.537107 -1.386184 
11.410284 -32.229325 -1.192860 
11.661909 -32.596850 -0.370539 
12.184168 -31.871197 0.094242 
12.625780 -32.542155 0.586021 
12.140457 -31.973362 1.378355 
11.273707 -32.456694 1.724780 
10.680053 -31.871093 2.315028 
10.583136 -31.570469 1.406535 
9.812348 -31.940895 1.833659 
9.374991 -31.651127 2.704861 
9.643573 -32.489547 3.202738 
9.789410 -32.505970 4.187539 
8.847517 -32.571638 4.627259 
8.864533 -32.104452 3.748825 
7.835938 -32.430830 3.816627 
7.555100 -31.988012 2.849827 
6.615821 -32.001284 3.335418 
6.600867 -33.042958 3.457378 
6.683141 -33.522743 2.587478 
7.208509 -33.028898 1.881044 
8.174732 -33.148972 2.356558 
7.885954 -33.795919 1.622214 
8.893459 -33.609039 1.349212 
8.659850 -32.557771 1.479512 
8.004513 -33.119671 0.827319 
8.450389 -34.062689 0.568755 
8.173230 -33.535385 -0.324979 
8.868843 -32.953230 0.191746 
8.366313 -32.038531 0.158460 
7.471189 -31.568599 -0.140535 
6.499525 -31.340844 -0.296833 
6.386267 -31.212429 0.696544 
6.507954 -32.161019 0.578933 
6.147092 -33.063581 1.036496 
6.247409 -34.109010 1.180320 
5.394255 -34.044401 1.982929 
4.861567 -33.889915 2.788806 
4.727764 -33.046120 3.544723 
3.851818 -32.383113 3.294365 
3.102741 -31.731925 3.639742 
4.041775 -31.526141 3.907552 
4.504899 -31.608367 3.045682 
5.398317 -32.109040 3.152055 
5.636900 -31.249876 3.409333 
5.723721 -31.548180 4.377938 
6.108085 -32.204131 4.987371 
5.761654 -32.998971 5.594637 
6.608482 -33.576675 5.609439 
7.267722 -32.843598 5.455007 
7.112896 -33.300937 7.071328 
3.103426 -33.717255 8.601739 
2.698296 -32.680174 8.794856 
2.523807 -33.096728 9.668342 
1.616509 -33.063163 9.063160 
1.721513 -32.083448 9.373225 
2.003250 -32.098091 8.363044 
2.511668 -32.011446 7.404355 
2.833925 -31.357410 6.721559 
3.622216 -31.372629 8.053462 
3.861102 -31.599522 9.506607 
3.333836 -32.370563 9.811723 
3.761383 -33.084918 9.230616 
4.034292 -32.325312 8.423517 
6.713746 -31.650005 7.338869 
8.787971 -31.369910 9.560800 
9.587829 -29.025700 8.416066 
8.661786 -28.812594 9.326202 
7.678257 -28.950514 9.303246 
6.861223 -29.519195 8.930642 
7.001620 -29.506060 9.967597 
6.540584 -30.428561 9.714443 
7.032129 -30.552164 8.827628 
5.994444 -30.764330 8.582254 
5.764067 -31.790857 8.709042 
4.717745 -30.973520 11.671715 
2.892282 -32.296851 11.260354 
-0.364611 -33.463980 10.507413 
-2.101753 -33.071425 6.689177 
-3.259437 -32.968231 7.693786 
-3.912970 -32.246378 8.204935 
-4.577396 -31.448927 8.539161 
-5.061409 -30.627193 8.248685 
-3.488442 -31.105274 8.950747 
-2.356573 -29.987550 6.528771 
-2.577461 -28.966331 6.902449 
-3.632001 -29.030368 6.818168 
-2.919674 -29.228481 6.011435 
-3.815277 -29.229336 5.320821 
-3.420216 -29.034552 4.395297 
-4.278305 -30.013167 3.562818 
-2.601044 -30.488619 4.260942 
-1.688812 -32.782124 4.394521 
-0.989214 -34.424440 5.010207 
-0.614347 -33.460423 4.212417 
-0.280743 -32.262615 6.402085 
0.686329 -33.219066 7.242753 
1.656789 -32.740208 7.332115 
2.507345 -33.048887 6.829308 
3.315929 -32.075299 6.160756 
4.370531 -32.375956 6.369568 
4.376224 -32.857375 5.461821 
3.697619 -32.506523 4.785308 
2.890547 -32.749672 4.127794 
2.508950 -32.248477 4.979881 
1.320770 -33.091361 4.538847 
-2.339760 -32.080773 2.904073 
-7.561377 -31.703630 3.750896 
-6.464431 -32.052440 3.955400 
-5.559261 -32.438099 4.623043 
-5.420607 -31.100394 5.372985 
-4.737386 -31.090432 4.279266 
-5.807282 -32.077871 2.514464 
-4.676348 -32.699345 2.145792 
-3.539584 -33.446070 1.900368 
-4.258165 -33.996932 2.277385 
-4.181850 -33.844886 3.683910 
-5.253557 -33.692663 3.694319 
-5.377162 -34.684749 3.369751 
-5.215162 -34.359356 2.383061 
-6.166943 -33.930022 2.434508 
-6.356186 -34.067663 1.432102 
-5.485936 -33.656072 1.120248 
-4.540347 -33.245602 0.681961 
-4.170523 -34.334971 1.090568 
-4.167640 -34.732087 0.114946 
-4.360921 -33.828940 -0.870126 
-4.824621 -32.787418 -0.763346 
-4.712011 -32.304412 0.096008 
-5.529451 -31.786224 -0.075713 
-5.961518 -32.584032 -0.648232 
-6.768838 -32.662441 -0.939529 
-6.467458 -32.239320 -2.111902 
-5.781430 -32.067928 -2.699506 
-5.324017 -32.241780 -1.830885 
-4.679141 -33.005118 -2.117471 
-3.826972 -33.617989 -2.172225 
-3.024875 -34.264001 -2.050890 
-3.377719 -34.289143 -3.015117 
-3.844886 -34.004210 -3.984917 
-4.594503 -30.832507 -4.272341 
-5.750316 -28.307450 -2.148819 
-7.123338 -27.325023 0.160764 
-6.760773 -28.268040 0.696908 
-6.941423 -29.066814 1.283609 
-6.938629 -29.122837 0.240353 
-6.874281 -29.146395 -0.710134 
-6.282528 -29.266076 -1.596245 
-6.547379 -30.306399 -2.530782 
-6.035482 -30.876008 -2.147384 
-5.101719 -30.650740 -1.742882 
-3.970910 -30.561724 -1.700043 
-3.083527 -30.081816 -1.881005 
-2.893717 -29.763254 -0.933771 
-2.538115 -30.805858 0.141894 
-3.207776 -30.976433 1.102155 
-4.013371 -31.524843 1.232377 
-4.592566 -31.079532 0.307871 
-4.520374 -31.283312 -0.676197 
-3.461529 -31.075471 -0.660849 
-3.487231 -31.536195 0.299405 
-2.411890 -33.439388 0.722857 
-1.334112 -34.234317 -0.580270 
-2.333348 -32.990008 -1.677303 
-2.470960 -33.544469 -2.421036 
-1.407903 -33.433447 -2.548756 
-0.159044 -33.250927 -2.742405 
-1.096262 -32.341154 -1.068805 
-1.659769 -32.502105 -0.313420 
-1.583044 -31.427630 -0.399022 
-2.425571 -31.598441 -3.278477 
