-6.938629 -29.122837 0.240353 
-6.874281 -29.146395 -0.710134 
-6.282528 -29.266076 -1.596245 
-6.536636 -30.090415 -2.092334 
-6.558122 -30.522382 -2.969230 
-6.035482 -30.876008 -2.147384 
-5.101719 -30.650740 -1.742882 
-3.970910 -30.561724 -1.700043 
-3.083527 -30.081816 -1.881005 
-2.893717 -29.763254 -0.933771 
-2.694888 -30.556137 -0.294551 
-2.381342 -31.055578 0.578339 
-3.207776 -30.976433 1.102155 
-4.013371 -31.524843 1.232377 
-4.592566 -31.079532 0.307871 
-4.520374 -31.283312 -0.676197 
-3.461529 -31.075471 -0.660849 
-3.487231 -31.536195 0.299405 
-3.255053 -32.372857 -0.351147 
-3.023999 -32.991449 0.490274 
-2.564703 -32.854199 1.498405 
-2.673950 -33.897101 1.517308 
-1.875066 -34.098288 0.804007 
-1.078571 -34.422436 0.378293 
-1.334112 -34.234317 -0.580270 
-1.443886 -33.432805 -1.283223 
-2.404973 -33.179227 -1.065153 
-3.098733 -32.905865 -1.810571 
-2.385800 -32.442136 -2.550265 
-2.470960 -33.544469 -2.421036 
-1.407903 -33.433447 -2.548756 
-1.496682 -34.099943 -3.345023 
-0.584755 -33.593211 -3.370832 
-0.158600 -34.487623 -3.057740 
0.390407 -33.961769 -3.808955 
0.539712 -33.193635 -3.299590 
0.580059 -32.815160 -2.333637 
-0.220756 -32.309457 -2.642967 
-0.239414 -31.968101 -1.654791 
-0.241366 -32.829442 -1.168110 
-1.096262 -32.341154 -1.068805 
-1.659769 -32.502105 -0.313420 
-1.583044 -31.427630 -0.399022 
-1.841463 -30.889417 -1.243238 
-2.549128 -31.323411 -1.923692 
-1.493509 -31.325091 -2.284495 
-1.482107 -31.384919 -3.348997 
-2.415333 -31.025795 -2.977884 
-2.631268 -30.003410 -3.005386 
-3.490373 -30.586204 -2.743874 
-3.314763 -31.611923 -3.160256 
-2.534752 -31.675386 -3.757869 
-3.438734 -31.824319 -4.212831 
-3.073867 -32.805846 -3.968767 
-2.346208 -33.203770 -4.572929 
-1.923151 -32.549158 -3.948711 
-1.423334 -32.169522 -4.749751 
-0.378642 -32.068562 -4.507973 
-0.094878 -33.053804 -4.337198 
-1.063076 -33.426850 -4.750218 
-1.809450 -33.157354 -5.432907 
-0.936036 -33.393040 -5.970054 
-1.778260 -32.930707 -6.532007 
-2.250280 -33.859919 -6.663821 
-3.093006 -34.439899 -6.511243 
-3.215036 -33.372449 -6.166722 
-3.361118 -32.820881 -7.017002 
-4.041152 -32.337588 -6.515912 
-4.235226 -31.756092 -7.308009 
-3.808831 -31.912207 -8.215356 
-4.769534 -31.686583 -8.120488 
-4.147270 -30.899569 -7.957045 
-3.816653 -31.048927 -8.948725 
-2.869539 -31.360700 -8.603931 
-1.525979 -33.402153 -9.553554 
0.004831 -34.059100 -7.581792 
0.578303 -33.550764 -6.918885 
0.384180 -32.609736 -6.829021 
0.186360 -32.789821 -5.723733 
0.335917 -31.734711 -5.362134 
1.130127 -32.410490 -5.211593 
0.962998 -32.076321 -6.263610 
1.611464 -32.900589 -6.045605 
2.185105 -33.280518 -5.005052 
1.594125 -34.404659 -5.140593 
2.438909 -34.834541 -5.373107 
2.719049 -34.077698 -4.673059 
3.162702 -35.043967 -4.243210 
3.683336 -33.500686 -2.374298 
3.534980 -33.936649 -0.517356 
2.559743 -33.750718 0.942369 
1.603094 -33.966923 0.587211 
1.110596 -33.121563 0.459590 
1.513834 -32.342436 1.081674 
2.367758 -32.473200 1.426041 
1.736494 -33.291723 1.604751 
1.899411 -33.078797 2.682127 
2.170846 -34.098948 2.417541 
3.003180 -33.570245 2.225826 
4.790596 -31.438764 -0.019049 
6.637508 -29.751826 -6.256968 
7.191437 -30.362604 -9.065930 
7.579742 -28.957222 -11.581317 
6.459710 -29.606271 -14.923201 
5.958315 -30.391919 -15.115804 
5.231876 -30.906100 -15.384094 
4.240548 -30.952700 -15.452442 
4.011843 -31.000770 -10.664162 
2.053622 -30.440448 -5.883055 
1.731769 -30.155476 -5.019858 
2.938422 -30.300226 -5.109819 
3.287229 -30.678811 -4.231883 
2.479059 -31.680631 -3.720571 
2.226228 -30.955952 -2.040777 
2.846614 -30.838003 -0.697806 
4.522777 -30.338961 0.457831 
5.467128 -30.938269 2.081130 
6.432005 -29.919213 1.558222 
7.019656 -29.664837 2.244196 
4.307668 -28.532674 3.021437 
3.711100 -27.926077 3.706662 
4.160988 -27.018039 3.536126 
4.780925 -26.985130 4.356136 
4.879768 -28.368032 4.485190 
5.524035 -29.491887 5.453214 
5.938112 -29.483759 4.472446 
5.397989 -30.552126 4.616387 
4.947499 -31.259267 5.220660 
5.204804 -30.495679 5.800570 
5.754361 -30.259694 6.945173 
6.643483 -27.458265 9.676900 
6.984140 -27.101049 15.445259 
6.732625 -30.061341 15.726863 
7.425330 -29.929981 14.453229 
9.196197 -29.141845 14.452957 
8.032613 -28.844416 13.226596 
6.106841 -29.226704 14.401202 
5.577741 -29.234347 13.061194 
5.493501 -28.580928 11.911827 
6.311664 -29.246075 11.354607 
7.017450 -29.074254 11.465488 
6.849783 -30.820328 10.564930 
7.256484 -30.895355 11.419284 
7.646465 -31.718447 11.900185 
6.998318 -32.401680 12.357651 
6.253661 -32.569023 11.596639 
6.095336 -31.725426 12.102536 
5.829218 -30.799811 13.101979 
5.116982 -30.035216 13.545935 
4.815960 -31.011275 13.685723 
5.254020 -30.746620 14.935224 
3.668802 -30.612823 14.721633 
3.535875 -31.391409 13.895570 
3.214526 -31.531819 14.918774 
2.428100 -31.428841 14.147739 
1.896397 -29.971512 13.973004 
1.267957 -29.919407 12.905854 
1.065960 -29.355064 12.192030 
1.048881 -30.167731 11.785489 
1.374416 -31.185700 12.114712 
1.464257 -31.907242 12.837834 
0.957331 -32.010104 11.856110 
0.165539 -32.381036 11.428724 
0.405787 -31.708712 10.263165 
1.130046 -32.261757 6.905491 
3.511822 -33.979732 4.594993 
2.775786 -32.265784 2.641781 
3.262358 -31.498281 2.364350 
2.292919 -31.252285 2.619209 
1.470109 -31.913812 2.681942 
1.754186 -32.067149 3.663845 
1.767343 -31.137956 4.255767 
0.706757 -31.275147 4.691638 
-0.103420 -31.226663 5.634828 
-0.022989 -31.190679 6.678665 
-0.646720 -30.348029 6.839607 
-1.058481 -30.754249 7.704433 
-1.567739 -29.821918 7.902337 
-0.749354 -29.720191 9.124226 
-1.179967 -28.926108 9.515853 
-2.004124 -28.497958 9.737624 
-2.890692 -28.071953 9.452460 
-3.848857 -28.579387 9.717995 
-4.097070 -27.795999 9.055443 
-3.389510 -27.668119 8.227742 
-3.001080 -29.190583 10.108825 
-2.023567 -30.271595 12.851407 
-1.382422 -29.999053 11.282068 
-1.555325 -29.819251 10.035503 
-1.551096 -30.881419 9.918046 
-0.123288 -30.984221 12.269240 
-0.212943 -29.513802 15.486237 
-0.112500 -28.617628 16.055430 
-0.726654 -28.301640 15.440303 
0.926352 -29.742343 15.936621 
