16.903244 -27.173752 -11.164714 
16.924568 -28.027113 -10.445089 
17.233645 -28.182599 -9.439763 
16.770544 -28.969860 -8.942121 
16.469804 -28.732975 -7.933277 
16.953691 -28.841161 -7.109973 
16.559876 -27.898260 -7.464387 
16.055827 -26.927430 -7.305721 
15.731880 -26.802314 -8.265609 
15.216101 -27.523570 -7.744351 
14.223436 -27.755082 -7.672226 
13.544107 -28.439461 -7.270120 
12.987453 -28.730594 -8.071836 
13.210486 -29.710377 -8.319634 
14.162184 -29.505107 -8.172858 
15.130738 -29.528565 -8.545911 
15.013775 -29.902598 -9.631436 
15.717610 -29.133131 -9.456209 
15.046165 -28.371076 -9.696191 
14.369520 -28.442769 -8.998418 
13.745103 -27.620577 -9.355504 
14.492479 -27.028834 -9.730265 
15.234352 -26.725878 -10.350269 
16.027805 -27.360665 -10.115785 
15.940140 -26.582651 -9.409084 
16.751960 -26.758324 -8.811717 
17.361606 -25.962400 -8.612624 
17.285038 -25.679371 -7.567943 
16.228099 -25.758742 -7.823988 
16.060300 -24.689252 -7.336348 
15.163044 -25.106917 -6.990291 
15.563141 -24.688285 -6.155523 
15.543941 -23.904298 -5.412902 
14.824692 -23.512570 -6.088443 
14.518618 -24.417226 -5.329628 
14.343068 -24.383816 -4.272433 
13.521716 -24.327185 -4.907902 
13.317622 -24.617631 -5.841390 
14.050704 -25.121786 -6.567215 
14.685426 -25.173685 -5.860805 
14.590633 -26.113974 -6.216269 
15.338306 -26.741719 -6.763416 
15.299888 -27.702525 -6.305682 
14.169144 -27.654267 -6.215733 
14.015346 -28.378920 -5.555433 
14.555220 -27.763713 -4.975264 
14.985871 -27.460504 -3.914079 
14.400464 -27.644641 -3.047167 
13.489087 -27.768741 -3.555377 
13.111262 -27.721027 -2.537025 
13.612679 -27.712410 -1.679953 
14.317022 -28.355869 -1.374223 
14.539455 -29.183560 -2.184728 
15.278946 -28.688447 -2.559628 
16.100007 -28.574481 -1.965988 
16.299683 -28.570885 -3.104604 
16.373069 -27.879957 -3.827025 
17.186368 -28.481893 -3.634121 
17.676678 -27.598794 -3.646804 
18.284716 -28.459851 -3.764556 
18.530016 -28.920946 -4.722534 
17.910734 -28.974143 -5.649493 
17.068719 -28.350128 -5.590343 
16.315338 -28.970482 -5.925634 
15.812730 -28.132006 -5.548740 
15.507016 -27.096131 -5.425468 
14.568414 -26.743607 -5.254059 
13.567918 -26.631506 -5.836666 
12.963472 -25.851061 -5.726577 
12.460392 -26.576789 -5.240814 
11.853657 -27.451487 -5.650938 
12.675770 -28.005762 -6.063040 
12.568415 -27.110406 -6.327955 
12.971089 -26.194273 -6.705302 
11.670535 -28.260490 -7.226514 
12.222416 -30.449887 -6.645713 
11.689607 -29.571712 -6.868556 
12.246943 -29.633183 -5.944976 
11.773496 -28.727807 -5.666459 
11.550036 -29.354937 -4.931393 
12.274823 -29.168525 -4.220813 
11.972849 -29.925220 -3.562585 
11.529969 -29.634897 -2.682995 
10.904964 -28.507514 -3.664306 
10.857238 -27.034901 -4.736216 
11.040143 -26.817339 -5.729977 
11.523521 -25.879732 -5.516050 
10.953516 -24.954807 -5.619387 
12.592119 -25.787316 -4.009864 
13.877459 -23.844731 -2.309899 
13.120441 -23.086414 -1.615191 
12.717086 -24.304623 -1.595481 
12.664267 -23.577981 -2.347082 
12.423948 -24.112882 -3.191299 
13.071202 -23.608605 -3.913823 
12.679501 -22.752375 -3.707909 
13.242817 -21.864703 -3.671523 
13.118274 -22.038564 -4.662712 
13.815383 -21.504348 -5.307606 
16.424257 -21.328670 -4.133080 
16.249011 -22.254521 -1.027906 
14.091356 -23.554778 1.544777 
15.551005 -22.170286 3.908128 
17.000736 -21.564379 4.114415 
16.969048 -21.736804 3.123524 
18.003841 -21.865299 3.007952 
17.484741 -22.414154 3.774840 
18.654951 -20.407402 7.350140 
18.302894 -18.256646 7.354175 
18.757086 -18.295621 6.450195 
19.047729 -19.220665 7.034029 
18.482617 -20.083744 7.194770 
18.226257 -19.151023 6.042407 
16.927143 -18.910650 6.226133 
16.902767 -17.533228 6.247770 
16.832926 -17.648976 7.718626 
16.383847 -17.140729 10.016388 
15.826362 -17.362714 11.276411 
15.701552 -18.428934 12.171846 
17.757079 -18.074846 12.307120 
17.381129 -17.965629 11.346769 
17.673575 -17.134560 10.899670 
18.388981 -16.307397 11.262385 
17.320444 -15.739563 11.531510 
16.389233 -15.561231 12.337671 
17.034816 -15.651410 13.137406 
16.627728 -16.485262 12.610071 
16.179295 -16.161113 13.541299 
16.883025 -16.917385 13.683945 
16.394725 -17.436889 14.175345 
19.276284 -16.206577 16.003241 
22.229703 -12.896705 13.441966 
20.773773 -12.375575 11.129196 
19.655319 -13.386609 10.457299 
19.716799 -14.659579 11.378967 
19.746749 -13.660104 13.041489 
19.255775 -13.250000 11.706568 
18.349058 -14.141265 11.983227 
17.524830 -15.171389 12.494060 
17.666517 -14.536973 13.316558 
18.079225 -14.863275 14.525986 
16.636072 -15.138606 15.770762 
15.765575 -15.024062 15.176577 
15.039887 -14.396471 15.343984 
14.303052 -15.028048 14.957333 
14.345994 -15.993012 14.454976 
14.209266 -16.737967 15.165398 
14.643034 -15.975880 15.547218 
15.189171 -17.145225 15.101677 
15.929107 -17.700984 15.234669 
15.259514 -18.007937 15.709779 
15.046481 -19.455559 16.124522 
15.846185 -18.842946 16.121205 
16.753242 -18.438549 16.075004 
16.711959 -19.465590 16.355807 
16.246509 -19.421002 17.211378 
16.132061 -17.819019 17.063080 
15.797210 -16.830325 17.445133 
16.775193 -17.004694 17.099111 
16.586818 -17.148233 16.050428 
16.690327 -16.251076 15.792581 
16.022835 -16.528876 15.068951 
17.078335 -16.354798 14.777992 
17.862566 -16.154076 13.911728 
19.037795 -15.355072 11.032775 
21.126134 -12.519977 7.063950 
22.441979 -11.205359 4.697336 
22.772210 -10.904412 3.802476 
22.759339 -10.112070 3.155050 
23.761511 -10.479358 3.133774 
24.180075 -9.910770 3.860340 
23.784179 -10.767434 4.243105 
23.530310 -12.001283 3.717312 
22.587715 -12.107723 3.778415 
21.730828 -12.274874 3.064786 
20.899753 -11.655030 3.097240 
20.511481 -12.573193 3.446087 
21.112686 -12.765190 4.208772 
21.432556 -12.648584 5.290848 
20.449074 -12.656899 4.922880 
19.861572 -12.523120 4.181952 
19.687844 -11.840163 3.462294 
19.480689 -12.738499 2.806499 
19.818239 -13.741040 2.503492 
19.854908 -14.699431 2.485193 
19.582303 -14.448486 0.327795 
20.845545 -14.522280 -0.574838 
21.303937 -13.337000 -0.908335 
21.096530 -14.441867 -2.518994 
21.676155 -15.061203 -3.082550 
19.372346 -16.396267 -2.068792 
19.642717 -15.941793 -1.265965 
19.301925 -16.713984 -0.633488 
19.281429 -15.825838 -0.244528 
19.173345 -16.798385 3.087165 
