-0.535173 -23.040603 12.037499 
0.019393 -23.643021 11.434466 
0.091024 -24.620392 11.700592 
0.690506 -25.087806 12.252589 
0.111472 -25.996503 12.488193 
0.305011 -26.877687 12.310933 
0.218403 -27.444328 11.553690 
0.025206 -28.491427 11.447383 
-0.568240 -28.281638 10.606975 
-0.954071 -28.103159 11.540655 
-1.684901 -27.841634 12.250361 
-2.714830 -28.072927 11.966021 
-2.672567 -27.153428 11.704960 
-2.937627 -27.214286 12.605455 
-2.013558 -26.785720 12.426469 
-2.372463 -25.883898 12.715014 
-2.096731 -24.981724 13.193914 
-1.878750 -25.097661 12.237617 
-1.141913 -25.250379 12.874149 
-0.416914 -25.076894 13.459100 
0.063178 -24.170956 13.424706 
0.180437 -23.289100 12.780894 
0.931848 -23.807259 12.497265 
1.725811 -24.479234 12.643126 
1.673509 -25.424416 12.105125 
1.742999 -26.364424 11.681111 
2.416242 -27.051318 11.241247 
2.888023 -27.477673 12.108637 
3.486247 -28.045323 12.661828 
2.265182 -27.890894 12.824468 
2.096240 -28.788295 12.492476 
2.887151 -28.973347 12.020665 
3.806695 -29.094596 12.419332 
4.706109 -29.252138 12.923122 
5.508770 -29.049694 12.414586 
6.274313 -29.022234 11.740651 
6.678981 -28.089527 11.905241 
7.424628 -27.811345 11.395745 
8.178544 -28.064331 11.993768 
8.072648 -27.123022 11.552151 
8.808780 -27.448616 10.828796 
7.822593 -27.513388 10.482888 
8.434199 -27.343816 9.745669 
9.376126 -27.886321 9.849879 
8.735752 -28.767208 9.933629 
7.769945 -28.571857 10.292734 
7.083846 -29.087331 11.028380 
6.985134 -30.100831 11.411979 
7.432253 -29.270274 11.966635 
8.140766 -29.976409 12.311232 
8.118324 -29.947672 11.226355 
8.526625 -29.133048 11.702625 
9.541013 -29.174276 11.319158 
9.820621 -29.881625 10.476588 
10.117146 -30.736872 10.088290 
9.830477 -31.449678 10.785471 
9.498184 -30.599359 11.145673 
8.553094 -30.892075 10.950714 
8.870825 -30.738560 9.946793 
9.557808 -30.524674 9.167367 
9.001734 -29.819228 8.626217 
9.218350 -30.327814 7.739796 
8.527489 -30.713983 7.110813 
7.929056 -31.630439 6.761463 
7.052707 -31.313199 7.099703 
6.674341 -31.847203 7.840623 
7.109700 -30.921015 8.064210 
6.389819 -30.110055 8.112415 
7.266337 -29.748300 8.243067 
7.594045 -30.005445 9.240572 
6.700924 -30.360490 9.372597 
6.250045 -30.936166 8.679593 
5.765528 -31.786224 9.201462 
6.111837 -31.478742 10.168042 
4.794152 -29.678207 10.709199 
4.068928 -26.876684 10.525699 
3.585755 -27.073765 11.395482 
3.319203 -28.034733 11.388470 
2.365973 -28.164094 11.284562 
1.588778 -28.661299 11.164528 
1.560662 -29.601560 10.536645 
2.055773 -28.963142 9.995835 
2.402744 -27.967087 9.610984 
2.450690 -26.203521 9.245880 
2.028719 -24.317818 9.469104 
1.466738 -24.790754 8.788243 
2.138463 -24.321411 8.295207 
3.171592 -24.397068 8.594730 
4.649030 -25.982166 8.473165 
7.278513 -25.449484 8.168778 
7.379903 -27.244957 9.277993 
6.539097 -27.761170 9.924395 
6.156844 -27.533902 10.905253 
5.728369 -26.958804 10.149473 
5.033596 -27.372295 10.822948 
4.732430 -27.195030 11.742010 
4.928223 -28.169727 11.380295 
5.415708 -28.858629 10.724067 
5.774280 -29.829330 10.633588 
6.881194 -27.847541 7.870514 
2.767267 -28.430216 7.061776 
-0.038895 -27.558975 7.648962 
-2.459349 -25.248131 8.883548 
-2.489778 -24.733815 11.485767 
-1.739932 -24.853008 10.845159 
-1.824465 -25.821072 11.272093 
-1.480003 -26.260913 10.406899 
2.125012 -26.627081 7.237892 
4.035458 -25.519860 4.914018 
4.699522 -25.243269 5.565906 
5.136827 -24.879537 6.432814 
5.152986 -25.881513 6.324555 
5.819349 -26.459067 6.089564 
5.698256 -27.594888 6.463935 
6.450200 -27.722052 5.194625 
5.894529 -29.363422 4.749509 
6.989211 -29.923855 6.039056 
6.089613 -29.455120 6.685744 
5.473542 -28.792675 6.381735 
4.017410 -28.757621 8.240897 
2.436138 -27.857346 7.778462 
1.545642 -27.923404 7.325398 
1.195577 -28.341174 8.209126 
1.414905 -28.880972 8.911971 
2.390610 -29.719663 8.186751 
3.031874 -29.845072 7.423520 
3.400823 -30.571063 6.718669 
3.155157 -31.197477 7.465674 
2.958411 -30.541044 8.245164 
2.763568 -30.086386 9.344746 
3.052278 -30.536608 6.603313 
-1.440061 -30.541297 4.791070 
-0.090693 -31.501184 2.545811 
0.670128 -30.941339 2.538715 
-0.026617 -29.325796 2.318182 
1.198017 -29.481751 2.062880 
1.426987 -29.096666 3.225702 
0.651519 -28.747889 3.041358 
0.084478 -29.629799 4.394925 
1.154295 -29.751066 4.132679 
-0.296470 -28.192675 4.627989 
-1.675265 -28.732896 5.039840 
-0.736140 -28.717896 5.286448 
-1.252332 -28.748489 6.261303 
-0.502474 -29.242478 6.756768 
-0.874033 -29.748392 5.961164 
0.022106 -29.330047 5.578829 
0.428588 -28.341957 5.914105 
1.030994 -27.163195 5.727255 
1.454967 -27.906945 5.288735 
2.801386 -28.127417 4.746934 
4.131228 -27.879577 5.258562 
4.892204 -28.557746 5.153384 
5.109503 -28.270554 4.151050 
4.141742 -28.775242 4.355802 
2.903127 -29.116990 3.832097 
2.786747 -30.146540 4.123163 
3.588146 -30.751047 4.116091 
3.793730 -29.800946 4.450064 
4.177723 -30.670415 4.926835 
4.929571 -30.945265 5.481036 
5.112055 -30.410617 4.621631 
5.196663 -31.442447 4.583641 
5.976890 -30.575724 3.711756 
7.505366 -29.902021 4.346722 
6.192380 -31.341604 2.618115 
4.198737 -30.891258 1.788121 
4.111405 -31.582903 2.511429 
3.517979 -32.061634 1.799862 
3.750981 -31.747931 0.903981 
4.162989 -31.058681 0.284880 
3.198294 -30.762365 0.718576 
2.798057 -29.354883 0.825549 
3.179195 -29.771403 1.653316 
4.043261 -29.770020 1.157211 
5.101402 -29.738987 0.831490 
4.753199 -28.612741 0.468529 
3.872171 -28.254170 0.672950 
2.965837 -27.780864 0.213761 
2.456640 -27.319221 0.876167 
1.432313 -27.706771 0.822723 
1.336438 -28.728153 0.353653 
1.160057 -29.776481 0.467477 
1.799576 -30.405271 1.055658 
1.771408 -31.252647 1.575474 
2.179014 -30.956232 3.408133 
0.230183 -30.533147 3.939013 
0.079266 -32.689335 4.135492 
1.635025 -33.527697 4.080653 
1.222903 -32.623870 4.389338 
3.170024 -32.467775 4.142118 
4.943085 -31.868586 3.333606 
5.754981 -32.470639 3.525045 
5.472191 -32.336880 4.598420 
8.267238 -32.377834 7.394719 
