-12.091136 -22.486282 7.417829 
-12.563664 -21.705222 6.900285 
-12.298696 -20.664743 6.853328 
-12.538632 -20.884519 7.800980 
-11.999070 -19.940944 7.969025 
-11.696785 -19.592537 7.096633 
-12.461485 -19.321133 6.465047 
-12.299867 -20.042865 5.589978 
-11.978439 -21.136966 5.387234 
-11.139682 -21.577654 5.908782 
-10.201799 -22.046191 5.828794 
-10.525231 -22.977432 6.043744 
-10.042089 -23.713726 6.566382 
-9.840506 -23.109222 7.283326 
-10.218261 -23.970737 7.635667 
-10.769419 -24.530050 8.412325 
-10.605147 -25.484007 8.784047 
-9.665306 -25.634031 8.919596 
-9.147479 -25.371496 9.841648 
-9.390556 -26.035394 10.508619 
-8.910122 -26.308543 9.659820 
-8.804967 -26.090254 8.489700 
-8.089605 -26.761987 8.300025 
-8.348733 -26.877798 7.258093 
-8.049567 -25.968553 7.109286 
-7.686032 -26.354401 6.237277 
-6.693853 -26.332817 6.166800 
-7.012300 -25.399159 6.499946 
-7.196039 -25.580702 5.500367 
-6.754510 -25.916235 4.597603 
-7.600802 -26.318487 3.926249 
-7.272840 -25.326583 3.687316 
-6.215023 -25.587758 3.633026 
-5.805367 -26.428196 3.434744 
-4.963055 -26.056322 3.176280 
-5.166409 -25.488489 4.091280 
-5.153506 -26.439087 4.485738 
-4.303366 -25.955911 4.515468 
-4.235889 -24.909574 4.749157 
-4.400263 -23.862583 4.134339 
-5.136319 -24.488166 4.777104 
-5.346094 -24.611000 5.809119 
-5.433394 -23.731446 6.417777 
-5.165726 -23.041359 5.718182 
-5.949498 -22.678601 6.204577 
-6.063065 -22.636315 5.140930 
-6.263976 -23.198662 4.245200 
-6.593333 -24.112567 4.622872 
-7.103876 -24.364356 5.489029 
-6.579165 -25.038572 4.886630 
-5.887270 -25.833465 5.061718 
-6.298050 -26.793741 4.640238 
-7.110636 -26.967607 5.381373 
-7.912325 -27.111606 4.681529 
-8.648195 -26.540124 4.575226 
-9.448045 -26.120875 5.187009 
-9.364357 -27.118317 4.990902 
-9.060251 -27.144251 5.974390 
-10.039358 -27.244504 6.503599 
-10.870917 -27.736888 6.613927 
-11.230339 -28.028247 7.455903 
-12.069498 -28.204796 8.034824 
-12.392638 -29.156836 7.943984 
-12.065384 -30.052548 8.419781 
-11.761262 -29.987982 7.381732 
-12.685840 -30.631876 7.137554 
-13.310666 -31.340133 6.875497 
-14.094091 -31.900279 6.614788 
-13.434314 -32.447137 7.157197 
-13.043681 -31.945818 7.874602 
-12.046173 -31.836575 7.882100 
-11.584419 -32.375290 7.152068 
-11.985408 -31.837956 6.442652 
-11.121993 -31.992376 6.301402 
-11.104561 -29.253699 7.052279 
-13.511007 -26.116081 6.503372 
-12.809853 -25.497005 6.883355 
-11.952820 -24.962587 6.813357 
-12.222643 -24.481368 7.726130 
-13.111345 -24.174171 8.261836 
-13.014906 -25.024833 8.689846 
-12.885268 -24.298059 9.423137 
-13.090654 -23.326793 9.822339 
-14.151766 -23.241584 10.988256 
-16.063627 -23.284011 11.175415 
-16.264618 -22.442440 11.781106 
-16.811301 -21.926563 12.396922 
-16.512867 -22.684071 13.155723 
-16.849909 -21.274250 11.513399 
-16.561069 -21.454681 8.403154 
-15.699688 -21.928281 9.223301 
-15.148892 -22.633144 9.408326 
-15.088286 -23.484497 10.128174 
-14.450376 -23.749569 9.276096 
-14.634467 -23.813216 8.245516 
-13.671282 -23.703443 7.557891 
-13.840393 -23.173603 8.324657 
-13.246537 -22.274260 8.052181 
-12.999624 -21.671278 8.916707 
-11.178351 -21.636032 10.603093 
-11.452842 -20.066046 14.171138 
-10.649467 -18.435947 16.141673 
-14.639558 -17.963693 16.435873 
-18.129471 -17.019440 18.499338 
-18.910412 -16.558984 19.137343 
-19.079119 -17.463081 19.512405 
-19.749631 -18.038501 20.169871 
-21.124524 -17.885381 19.619141 
-19.666424 -16.886378 17.831562 
-19.924966 -16.247310 18.501000 
-19.165664 -15.901082 17.829316 
-18.741301 -16.842572 17.600912 
-19.720089 -17.202205 16.828270 
-20.159594 -18.959929 16.768294 
-19.969355 -19.980522 17.729643 
-18.653188 -20.505804 16.826467 
-16.792033 -20.642806 14.926606 
-16.005433 -19.064577 15.103971 
-16.101017 -18.102688 15.365100 
-14.419880 -20.215225 15.303298 
-11.452020 -21.074181 15.146672 
-10.861908 -21.389571 15.862401 
-10.101629 -20.689243 15.586100 
-8.704458 -20.813006 15.418816 
-8.578784 -20.824079 16.640839 
-8.621239 -21.782766 16.243410 
-8.047468 -21.721657 15.445632 
-7.310677 -22.143303 16.016256 
-6.588961 -22.932763 16.110246 
-6.546570 -22.022287 15.634107 
-7.139104 -23.010829 12.403970 
-3.912003 -25.220119 7.237876 
-1.957678 -24.773309 5.407683 
-2.422604 -25.321911 4.385746 
-1.731597 -26.657561 3.418608 
-1.688748 -26.975110 4.721856 
0.274497 -26.621508 6.112093 
-1.025742 -26.871488 6.934474 
-1.090133 -28.005911 6.892478 
-1.415155 -28.817381 7.354831 
-2.421436 -29.517467 8.370641 
-3.083559 -29.001882 6.753678 
-2.817917 -29.625851 6.020447 
-1.935060 -29.893502 6.677830 
-2.407885 -30.806707 6.444198 
-3.326204 -30.721994 5.854477 
-4.185117 -30.712199 5.119712 
-4.358296 -29.704679 5.379766 
-4.842188 -28.669216 5.656050 
-4.346258 -27.967437 5.038238 
-4.821313 -27.327127 5.637931 
-5.583925 -26.780518 6.307649 
-5.843644 -26.875011 7.190176 
-6.068991 -25.952661 7.566795 
-6.943655 -26.417167 7.591219 
-7.540442 -25.583134 8.031140 
-7.691306 -24.209215 7.508556 
-6.664473 -24.590810 7.870202 
-6.195748 -25.420293 8.381081 
-6.960631 -25.465903 9.171021 
-6.723041 -24.490427 9.102583 
-7.760699 -24.386333 8.678056 
-8.831169 -24.538670 8.444869 
-9.264644 -23.821105 8.991104 
-8.502754 -23.444886 11.464226 
-6.609950 -26.432710 14.035529 
-6.342902 -26.380007 12.997889 
-6.222009 -26.377167 11.931691 
-5.532990 -26.324805 11.132716 
-6.176938 -27.080018 10.910947 
-6.320682 -27.006027 9.890215 
-6.231947 -26.348381 9.140102 
-5.730233 -25.608485 9.520019 
-5.661158 -25.367360 10.668394 
-5.957930 -24.349663 10.541777 
-6.927480 -24.842068 10.582328 
-6.659911 -24.192207 11.407425 
-7.161685 -23.454066 10.926114 
-8.021287 -23.674244 10.715038 
-8.365821 -24.437338 9.685126 
-9.264505 -24.381021 10.021005 
-10.199362 -24.757617 10.198872 
-10.295547 -24.953278 11.200317 
-11.323201 -24.463364 10.990882 
-11.601221 -24.511422 11.981183 
-13.225879 -22.716966 12.438040 
-13.035138 -23.058345 13.054034 
-12.895872 -24.074032 13.424979 
-12.693752 -23.795575 14.839177 
-12.028390 -24.347112 14.445182 
-11.480195 -23.583831 11.160896 
-11.288343 -25.144972 9.580882 
-10.495376 -25.765935 9.987773 
-10.568273 -26.427144 9.107142 
-10.843314 -26.967267 7.824694 
