24.960428 -11.056503 -1.938094 
25.096334 -11.171246 -0.953122 
24.467432 -10.467329 -1.345766 
23.645794 -9.935372 -1.599080 
22.690893 -9.775478 -1.508274 
22.712487 -8.842854 -1.465258 
22.065202 -9.008585 -0.703534 
21.197532 -9.081130 -0.336694 
21.584511 -10.078249 -0.071822 
20.686299 -10.409923 -0.132446 
21.125933 -10.909508 0.629674 
20.119867 -11.022863 0.748107 
19.736155 -10.123524 0.876515 
19.194902 -9.798197 1.742806 
18.358167 -9.162704 1.661955 
18.780845 -9.150143 2.533013 
18.123419 -9.100603 3.274638 
17.670861 -9.744978 2.516127 
17.008925 -9.124584 2.148931 
16.123979 -9.236404 1.630640 
15.815994 -9.595322 2.543786 
16.224789 -10.555322 2.109581 
15.983032 -10.423863 3.145376 
16.785791 -9.803072 3.130831 
16.522407 -9.255272 4.036379 
17.337539 -9.809962 4.228584 
17.441091 -10.788270 4.130350 
18.343460 -10.863621 4.848679 
19.419430 -10.852423 4.786305 
19.614449 -11.064546 5.783079 
20.281031 -11.595415 6.470523 
21.260515 -11.637936 6.260900 
20.659735 -11.697644 5.428625 
20.479956 -10.756486 5.245709 
20.260339 -11.749273 4.533359 
20.310793 -12.822105 4.729975 
19.329128 -12.943014 4.909754 
19.512259 -12.452406 5.713635 
18.527923 -12.690511 5.861352 
18.184331 -12.262713 5.018104 
18.853626 -12.246299 4.218837 
19.081234 -11.679206 3.397289 
18.417485 -11.158357 2.993819 
19.018759 -10.482000 3.468074 
19.953461 -10.431036 3.088169 
20.606199 -10.757798 2.341086 
20.662602 -11.556417 3.014322 
21.348390 -11.649422 2.301763 
22.031878 -12.071898 1.601279 
22.841901 -11.483360 1.656972 
22.038528 -10.736783 1.817352 
21.594550 -10.093153 1.140617 
20.564760 -9.924318 1.337883 
20.930165 -9.696984 2.315496 
21.348671 -9.144606 1.576773 
21.047143 -8.587339 0.716046 
20.438487 -7.828011 0.302947 
19.517454 -7.882379 0.590878 
19.736116 -6.817675 0.721481 
18.697875 -6.987657 0.790514 
18.906400 -7.330663 -0.251891 
17.946146 -7.787861 -0.286943 
18.671397 -8.573899 0.022774 
18.326838 -7.987620 0.744175 
18.599259 -7.976319 1.712884 
18.005445 -7.321758 2.240847 
17.527316 -6.983266 3.067414 
17.188286 -6.115403 2.522816 
16.569264 -5.938978 1.733021 
17.354064 -6.605450 1.318642 
16.934426 -7.557184 1.470917 
16.911896 -7.463167 0.449448 
17.468718 -8.237187 0.643326 
16.917448 -9.133834 0.560176 
15.065566 -7.813439 0.154824 
15.072677 -5.925308 -1.027755 
14.252507 -6.346593 -0.695111 
13.277275 -6.342590 -1.161552 
13.511111 -6.522275 -2.114611 
14.340374 -6.277382 -2.582359 
13.971099 -5.397579 -2.224718 
13.076603 -5.503461 -2.015993 
12.029655 -5.044406 -1.888102 
12.504231 -4.468648 -0.213747 
13.156894 -5.307739 1.478287 
13.562962 -4.836111 2.199941 
13.104699 -5.254886 3.151089 
12.797913 -4.830768 3.989499 
14.411987 -5.479133 5.420256 
15.710874 -4.310749 8.887552 
15.458237 -4.082075 7.386921 
14.983598 -4.926513 7.157576 
14.634363 -5.911186 7.217634 
14.244936 -6.867579 7.401510 
13.415455 -7.487001 7.116479 
14.092328 -7.907906 6.440987 
14.947035 -7.524264 7.058435 
15.753147 -6.830585 7.024338 
16.151785 -7.633338 6.506670 
17.631316 -8.493412 5.286421 
22.036520 -9.426038 2.284140 
22.016304 -6.340336 1.354165 
21.510827 -4.880821 2.404869 
22.140665 -6.486726 5.287875 
21.878383 -6.274796 4.250575 
22.360960 -5.447278 4.661205 
23.379940 -5.556775 4.526179 
23.331511 -7.529208 4.668779 
20.606369 -9.276398 3.038106 
19.926805 -8.985979 2.205298 
20.269246 -8.598385 1.231862 
19.749571 -7.903741 1.865551 
20.727337 -7.911158 2.165591 
21.844910 -8.599329 2.060154 
22.921030 -8.621201 2.635342 
22.902727 -7.645254 3.175407 
23.900664 -8.472507 1.330254 
23.125829 -9.428358 -0.402371 
23.202201 -10.550757 0.114147 
24.816147 -9.992556 0.439090 
26.147181 -8.645102 0.383734 
26.503890 -9.470601 -0.080586 
26.003143 -9.658267 -1.021127 
26.682710 -8.279910 -0.671964 
27.041436 -8.268445 0.633784 
27.285669 -7.669401 1.543902 
26.603511 -6.925875 1.129397 
26.718774 -7.022955 0.089868 
26.377304 -7.306718 -0.902890 
25.745603 -6.872993 0.044838 
24.793405 -9.960644 4.085102 
18.896240 -12.990828 4.054200 
17.066037 -11.006249 6.371734 
16.224217 -10.727660 4.732980 
15.528051 -11.318431 4.824880 
14.242645 -11.307982 6.580137 
13.663071 -9.818326 7.491663 
13.578717 -8.919120 7.098354 
13.377784 -8.538907 5.669121 
12.283366 -8.253764 5.640116 
12.536096 -8.580924 7.585436 
11.780423 -8.800060 8.860755 
10.902345 -8.403520 8.636035 
10.769441 -7.452133 8.043596 
10.327064 -7.187258 7.167395 
9.750601 -7.150464 8.073193 
9.454942 -8.255914 8.280864 
10.147680 -9.352335 8.971539 
9.365247 -9.550583 9.577951 
8.594687 -8.813649 9.231138 
9.048961 -9.577131 7.986318 
8.878592 -10.497587 7.716993 
8.051105 -9.786150 7.823973 
7.690166 -9.768485 6.776372 
7.052306 -8.932900 6.561068 
8.487099 -8.727934 7.021820 
8.794867 -7.656841 7.147701 
8.224050 -6.801773 7.184750 
8.463739 -6.477969 6.235213 
7.566577 -6.368954 6.483450 
7.885982 -7.361266 6.283725 
7.992998 -8.242148 5.746232 
8.896491 -7.610538 5.713602 
9.699996 -7.715018 6.531527 
12.906141 -6.361340 8.300486 
13.397652 -7.252088 10.326472 
11.395324 -7.216444 9.926413 
10.891921 -7.003449 8.938177 
11.397054 -6.096555 8.850540 
11.365947 -5.987537 9.991291 
11.588052 -5.217395 10.675469 
12.161337 -4.440028 10.376136 
11.750321 -3.664548 10.050449 
12.982404 -3.777895 9.546276 
12.370369 -4.394941 9.191122 
11.589968 -4.996393 8.868791 
11.874998 -5.823778 8.061861 
11.125160 -6.323414 7.590124 
10.603055 -5.445594 7.261980 
10.143501 -4.964685 7.953983 
10.232160 -5.929717 8.383031 
9.801053 -6.599705 8.968334 
10.431492 -5.932311 9.381375 
10.675825 -4.951368 9.186907 
9.656392 -5.244579 9.249989 
8.840009 -5.612565 10.466082 
9.352098 -5.014751 12.795247 
10.076705 -5.008351 14.532753 
11.073670 -5.868123 14.672229 
11.065290 -6.586432 13.976550 
10.069306 -4.805826 10.628088 
11.068793 -3.213934 8.164651 
10.717540 -3.436515 9.077129 
9.848380 -2.917940 9.416309 
9.086021 -1.529682 9.339517 
