18.028388 -10.181353 23.820904 
18.903782 -10.527272 24.274823 
18.285733 -11.324237 24.564615 
18.723192 -12.195357 25.003133 
19.613894 -12.438462 24.905613 
19.242929 -11.627136 24.378707 
19.931806 -11.195362 23.724252 
20.365185 -12.040894 24.012401 
20.566740 -12.460954 23.097130 
19.541292 -12.624248 23.226584 
19.809145 -11.956575 22.468189 
20.615228 -11.191385 22.038131 
19.536982 -10.976178 22.086153 
18.489060 -11.168512 22.092520 
18.047866 -10.768569 21.347237 
17.797701 -11.788324 21.513708 
17.020203 -11.964861 20.755822 
18.110243 -12.132373 20.389179 
18.364605 -11.132432 20.515945 
17.786674 -10.332392 20.095968 
17.851828 -11.140735 19.426482 
17.357776 -12.028817 19.106780 
16.997684 -12.733790 19.902519 
17.254075 -13.665371 20.246770 
17.109527 -14.653037 20.493593 
16.539422 -14.143992 21.131753 
16.191230 -13.402953 20.566725 
16.006199 -13.441686 21.601546 
16.003636 -14.320823 22.078995 
15.560385 -15.117826 21.784329 
15.130429 -14.242248 21.496101 
14.651983 -14.970666 21.838863 
14.884312 -15.812189 21.122549 
15.300626 -15.104443 20.386632 
15.022019 -14.135594 20.355170 
14.128244 -13.762314 19.785585 
14.135876 -13.903707 18.825899 
14.529912 -14.795176 18.749845 
15.519445 -14.474053 19.045892 
16.357778 -15.153829 18.887197 
16.078957 -15.853626 18.232247 
15.511915 -15.200443 17.691392 
15.027742 -14.245667 17.864537 
14.825463 -13.531932 17.103332 
14.733992 -12.681619 17.719032 
13.863798 -13.115750 17.978810 
13.843487 -14.001006 17.588997 
13.597537 -13.429413 16.764757 
12.982662 -14.114163 16.619979 
12.690874 -14.304229 17.616367 
11.791752 -14.815914 17.733336 
11.055265 -14.047325 17.584971 
11.969149 -13.669761 17.976821 
12.435797 -13.054951 18.584952 
12.906808 -13.944001 18.741688 
12.970020 -14.887776 19.274853 
13.497163 -14.454234 20.021918 
13.589833 -13.860608 20.975422 
13.499570 -14.872923 21.135578 
13.947892 -15.713962 20.762576 
13.968574 -16.347852 19.964292 
13.852808 -15.473387 19.550906 
14.811867 -15.671307 19.338757 
15.268075 -16.440473 18.695990 
15.543348 -16.677696 17.750056 
16.114449 -16.569612 16.894087 
17.020787 -16.230983 16.615412 
16.780274 -15.205292 16.612406 
16.146666 -15.763407 15.898669 
15.663449 -15.183261 15.151075 
15.191001 -14.674895 14.470015 
14.354463 -14.970571 14.815370 
14.668878 -14.788716 15.707096 
14.112483 -14.566388 16.550396 
16.405785 -13.678812 14.746000 
19.979586 -12.687072 12.570497 
20.826891 -13.188969 12.061338 
20.908645 -12.271233 12.539386 
20.728375 -11.788812 11.789301 
20.578706 -11.225327 10.876164 
19.902887 -12.028566 10.994692 
18.995551 -11.506848 10.638327 
18.375774 -10.911062 10.004202 
18.571066 -11.145073 11.521305 
17.979623 -12.241625 13.007046 
17.132591 -12.799031 12.682060 
17.852794 -13.430587 13.126151 
18.130862 -13.686299 12.178483 
18.378634 -15.430807 10.419174 
18.949153 -17.534035 9.925044 
19.911957 -16.611719 10.728710 
18.488937 -16.838890 11.229114 
18.358229 -17.780612 11.062613 
18.569423 -17.547468 12.075573 
18.173618 -18.531613 11.972572 
17.095939 -18.568142 11.506293 
17.045590 -19.091873 12.244278 
16.150943 -18.638276 12.256745 
15.270430 -18.297978 12.461449 
16.528639 -16.641545 12.874237 
14.960443 -21.664295 13.711350 
16.957060 -22.227261 14.292207 
16.467172 -24.364209 13.292629 
14.902933 -26.828468 14.257047 
14.700702 -25.974347 13.691881 
15.028414 -26.552680 12.739188 
15.924468 -26.165176 12.428643 
13.863755 -23.599300 10.379459 
13.752945 -20.040311 9.967355 
13.875453 -18.964416 10.167173 
14.616183 -19.778317 10.277482 
15.273058 -20.496056 10.752462 
15.395234 -21.761285 10.745711 
16.578714 -22.840827 10.191187 
15.769610 -22.805452 9.333976 
14.983766 -22.337101 10.886004 
14.596358 -23.479806 11.699095 
13.027062 -23.465018 12.380932 
12.997159 -23.825276 13.418125 
11.489543 -25.686346 15.726910 
10.479609 -28.294817 16.592314 
9.609921 -28.880676 16.568302 
8.766362 -28.647970 17.147470 
8.863893 -28.389921 18.342319 
9.035271 -27.409770 17.785648 
9.104258 -26.350660 17.817352 
9.300995 -26.956153 18.611647 
10.005252 -26.110491 18.506021 
10.376958 -26.729430 17.725701 
10.400124 -27.427098 17.264404 
10.658790 -28.437204 14.942518 
12.897125 -26.836217 13.294629 
15.212516 -28.480569 13.803788 
16.031402 -27.818529 12.032171 
15.228703 -26.947850 11.869564 
13.857636 -26.609353 10.979774 
13.230421 -24.633866 8.857388 
14.441648 -24.899711 8.711899 
14.177354 -26.001337 9.504921 
15.118542 -26.216533 9.815228 
14.999841 -26.442417 8.084758 
15.379364 -26.145108 7.056619 
15.962762 -26.103647 6.287236 
16.179207 -27.060252 5.993898 
15.578042 -26.650228 5.235939 
14.752314 -27.158531 4.912250 
14.599183 -26.983474 3.910123 
14.916077 -26.025920 4.058584 
15.513888 -25.803958 4.579961 
16.126378 -25.183370 4.149663 
16.422414 -25.090210 5.991099 
17.041897 -26.014933 7.163947 
17.244787 -25.023920 7.366229 
17.918863 -25.408854 6.486978 
18.754842 -25.676643 7.040483 
18.706074 -25.087241 8.392516 
17.737166 -24.225978 9.274973 
16.807929 -23.823095 9.372132 
16.117875 -23.634560 8.696740 
15.314057 -23.826247 9.462866 
15.612937 -23.649559 10.457651 
16.086999 -24.059136 11.353622 
16.530094 -24.146969 10.369519 
16.179382 -24.983145 10.048236 
15.510265 -28.063525 7.755307 
15.463155 -28.700884 9.519621 
17.062960 -27.750785 9.665835 
17.279025 -28.844605 9.708377 
17.687939 -28.193762 8.975680 
17.916653 -27.156153 9.403273 
18.303513 -27.107679 8.455118 
18.609879 -26.481829 7.675737 
18.115648 -26.830588 6.265697 
17.174641 -26.586705 5.456690 
17.053939 -25.611591 5.414280 
18.071031 -25.259341 5.258664 
18.094347 -25.364296 4.216536 
18.950113 -25.909311 4.079288 
19.171203 -25.454446 3.288156 
20.430459 -24.631947 3.768111 
21.229850 -24.911680 3.287368 
20.958115 -25.488991 4.135503 
20.676660 -24.828752 4.968298 
19.752850 -24.590299 5.475538 
19.054664 -25.109092 4.888432 
20.173634 -26.853900 4.131690 
18.659687 -28.103985 2.567676 
17.431710 -28.764037 4.232460 
16.279160 -28.658847 4.102319 
16.203552 -28.079841 3.279405 
17.929805 -27.608504 4.162491 
19.901304 -29.254297 4.644932 
19.405378 -28.966371 3.775349 
19.384463 -29.467938 2.731876 
20.280954 -27.350147 -0.667585 
