15.393795 -10.285446 9.609360 
14.569361 -9.717988 9.342437 
14.233892 -10.471346 8.707202 
13.264322 -10.785629 8.746926 
12.216409 -10.532264 8.941995 
11.658051 -11.352010 8.953645 
12.100297 -11.594282 9.900602 
13.214238 -12.032144 9.975543 
13.202173 -11.770412 10.900633 
14.254707 -12.005372 11.141568 
13.844999 -11.424979 11.932733 
13.376410 -12.299935 11.754376 
12.501395 -11.927037 12.161146 
11.734179 -11.880468 11.500991 
11.370992 -12.017988 10.572271 
10.886004 -12.776151 10.225896 
10.165947 -12.896639 10.827495 
10.850947 -12.666177 11.543585 
10.110065 -11.909506 11.387823 
9.043848 -11.942799 11.338735 
8.007527 -11.402870 11.670952 
8.779032 -10.780963 12.027703 
9.634613 -11.162915 12.412754 
9.459073 -11.148585 13.476342 
10.333523 -10.954351 14.033961 
10.366750 -10.147540 13.439811 
9.707077 -9.813776 14.354790 
9.258230 -9.803920 13.485430 
9.454664 -8.782565 13.725945 
10.317979 -8.494201 14.290509 
10.278591 -8.163196 13.308892 
10.588726 -7.975770 12.330237 
10.430560 -8.936727 12.638555 
10.910643 -9.866180 12.456815 
11.902108 -9.491394 12.215354 
11.795789 -8.863342 12.982423 
12.215136 -8.562330 12.130990 
11.372271 -8.283346 11.677028 
10.421150 -8.516165 11.310323 
9.386157 -8.652910 11.245613 
9.167074 -8.291870 10.344915 
10.200233 -7.921982 10.440603 
10.380758 -6.994504 9.814247 
9.920139 -6.365446 10.526897 
9.359514 -7.228517 10.289418 
9.720449 -7.520788 11.270770 
10.449882 -6.967305 11.803593 
11.274809 -7.219377 11.048097 
11.587276 -8.115692 10.547191 
11.407898 -9.204021 10.855999 
11.230370 -9.236733 9.837375 
12.252154 -9.328726 9.832811 
13.196806 -9.050063 10.109824 
13.274337 -9.701173 9.224130 
13.735707 -9.382592 8.393852 
13.807261 -8.330241 8.618849 
14.873326 -8.386987 8.426918 
15.505772 -7.719520 9.085544 
14.647438 -7.224077 9.005999 
15.292378 -6.433091 8.537216 
16.014669 -6.197425 9.156237 
16.607750 -6.824130 8.805019 
16.197690 -7.162878 9.756658 
17.145587 -6.910736 10.086081 
17.096505 -7.197136 11.197220 
17.936528 -6.722582 11.557869 
17.919944 -6.275103 10.635634 
18.088718 -5.324618 10.044644 
18.802540 -5.936057 9.823318 
19.711252 -6.289845 10.010733 
19.049646 -6.916366 10.345188 
18.728952 -7.526033 11.250066 
18.156768 -7.434325 10.310150 
18.762689 -7.660771 9.516857 
19.435285 -7.834215 7.441693 
19.870449 -11.089778 7.316254 
18.912266 -11.652972 7.010679 
18.717279 -11.156521 7.912304 
19.143691 -12.121736 7.969780 
19.686301 -11.840115 8.727580 
19.291212 -11.167597 9.432117 
19.431478 -10.629806 8.598303 
19.192070 -9.633637 8.190128 
20.235725 -8.884189 7.312538 
21.064678 -8.553618 6.355638 
21.460432 -7.645082 6.670726 
22.398885 -7.509096 7.157144 
22.457613 -8.240530 8.007521 
22.133493 -9.882253 5.578212 
23.638148 -10.286279 4.478587 
24.723538 -11.436434 3.135924 
24.107624 -11.854045 2.551525 
23.639140 -10.888316 2.471056 
24.023933 -11.247600 1.722397 
24.938329 -11.254827 1.179626 
25.191559 -10.993538 2.215983 
25.704845 -10.060695 1.967676 
26.514904 -10.605729 1.883489 
26.749230 -9.894568 2.532210 
27.411518 -12.333558 2.719696 
28.456169 -10.206468 2.226374 
28.438290 -10.152647 2.624565 
28.020762 -7.201503 2.229578 
27.290729 -4.514257 0.941241 
26.453503 -3.845450 1.055004 
27.361073 -3.535081 1.309764 
28.332770 -3.558497 1.437809 
29.867279 -7.870842 0.673413 
31.794350 -11.473840 1.518057 
31.242894 -11.778061 0.737816 
30.815520 -12.609666 1.251477 
29.916325 -13.190189 1.135630 
30.881954 -13.836609 1.542812 
31.426200 -12.796892 0.111081 
30.418832 -13.191193 -0.126607 
29.176340 -12.764520 -0.492904 
27.360041 -13.414746 -0.691252 
26.290234 -12.936884 -0.248958 
25.200755 -12.690617 0.871595 
24.526758 -12.571240 -1.023853 
25.012166 -12.121719 -3.549534 
24.286735 -11.359872 -3.549320 
25.170756 -10.924440 -3.705863 
25.179775 -10.826533 -2.779177 
24.960428 -11.056503 -1.938094 
25.096334 -11.171246 -0.953122 
24.467432 -10.467329 -1.345766 
23.645794 -9.935372 -1.599080 
22.690893 -9.775478 -1.508274 
22.388844 -8.925719 -1.084396 
18.291102 -9.858695 2.027317 
19.706411 -11.799084 5.353077 
18.853626 -12.246299 4.218837 
18.839159 -11.106521 3.286394 
19.953461 -10.431036 3.088169 
21.498194 -11.503779 2.183084 
22.038528 -10.736783 1.817352 
21.079655 -10.008736 1.239250 
20.930165 -9.696984 2.315496 
21.348671 -9.144606 1.576773 
20.184800 -7.778851 0.582838 
18.697875 -6.987657 0.790514 
18.906400 -7.330663 -0.251891 
17.946146 -7.787861 -0.286943 
18.671397 -8.573899 0.022774 
18.326838 -7.987620 0.744175 
18.599259 -7.976319 1.712884 
17.766381 -7.152512 2.654130 
17.188286 -6.115403 2.522816 
16.569264 -5.938978 1.733021 
17.066795 -7.208600 1.079669 
17.468718 -8.237187 0.643326 
16.917448 -9.133834 0.560176 
16.580932 -8.493401 -0.148830 
16.136062 -8.542999 0.851207 
15.424800 -8.055687 0.684447 
15.666677 -9.083504 -0.145794 
14.778685 -9.076280 0.241349 
14.657288 -8.249967 -0.403753 
14.214655 -8.129377 0.451253 
13.546142 -7.409180 -0.042845 
13.633718 -6.443104 0.153470 
14.579166 -6.643415 0.606367 
15.604715 -6.696056 -0.459301 
13.350074 -5.506106 -1.072763 
13.144288 -5.201149 4.163172 
14.972424 -5.221352 5.723817 
15.407843 -5.787194 5.037617 
16.144662 -6.153562 5.729303 
15.730384 -5.362337 6.434348 
16.175827 -5.579457 7.312631 
15.995696 -5.242012 8.299799 
15.191458 -4.239428 9.113025 
16.079054 -4.202373 9.403801 
16.096704 -3.630506 8.508112 
15.698149 -4.303633 7.817761 
15.218326 -3.860517 6.956082 
14.983598 -4.926513 7.157576 
14.439649 -6.389382 7.309572 
13.415455 -7.487001 7.116479 
14.092328 -7.907906 6.440987 
14.947035 -7.524264 7.058435 
15.753147 -6.830585 7.024338 
16.151785 -7.633338 6.506670 
16.130517 -7.693389 5.484142 
17.252311 -8.948797 5.557492 
18.106605 -7.979240 6.432370 
17.578507 -7.818834 5.317450 
18.583412 -8.522839 4.949908 
18.685742 -9.399124 4.305216 
21.720898 -9.839626 2.917751 
22.172179 -9.005057 0.750538 
22.325391 -7.887276 0.715405 
21.551647 -7.075930 0.909765 
21.811085 -4.852186 0.835127 
