-23.733946 8.026536 -5.998291 
-24.298906 7.931271 -6.767801 
-23.969266 6.975386 -7.051648 
-23.598484 7.338292 -7.930041 
-23.475018 7.174205 -8.963078 
-23.433794 6.060444 -9.200647 
-22.526888 5.619119 -9.427746 
-22.589029 4.913566 -8.671211 
-21.632012 5.232104 -8.300480 
-21.989643 5.135115 -7.392766 
-22.966765 5.434876 -7.275854 
-23.404688 5.790157 -6.474727 
-23.258718 5.338003 -5.545655 
-23.952260 5.126411 -4.951704 
-24.008920 4.327916 -4.348853 
-23.403309 3.595134 -3.912211 
-24.238932 2.987088 -3.651744 
-24.831009 2.137523 -3.541159 
-25.401181 1.367001 -3.865902 
-25.491985 1.542782 -4.909092 
-25.800121 1.178969 -5.874905 
-26.261089 1.179637 -6.793452 
-26.275577 0.656960 -7.606214 
-25.394957 1.285576 -7.689025 
-25.337003 0.301279 -8.040119 
-25.210488 -0.634409 -7.678857 
-24.860895 -0.573253 -6.584276 
-24.738731 0.122822 -5.918279 
-24.782904 1.211694 -6.277172 
-24.951900 1.990517 -6.969423 
-24.987061 2.345232 -8.012817 
-24.191110 2.546815 -8.429919 
-23.831745 2.657662 -7.387188 
-23.681626 3.652818 -7.375415 
-22.965542 3.088325 -7.980068 
-21.933056 2.889399 -7.972415 
-21.641218 3.888014 -8.215187 
-20.716824 4.339493 -8.259807 
-20.256922 3.743860 -8.938729 
-19.986817 4.339510 -9.881415 
-20.705693 3.522420 -9.863523 
-20.963810 4.460954 -9.406206 
-21.791505 4.030020 -9.950631 
-22.404039 3.296520 -10.411987 
-23.315938 3.098085 -9.925329 
-23.303339 2.443895 -8.957138 
-22.495490 1.816611 -8.778543 
-22.853154 1.973107 -7.801276 
-22.959630 2.415888 -6.817423 
-22.923526 1.558657 -6.263557 
-23.591056 1.573370 -5.480217 
-23.628828 1.434329 -4.479713 
-24.233558 0.975532 -5.162757 
-24.660599 0.241366 -4.456041 
-24.706076 0.448960 -3.536170 
-25.606760 -0.123440 -3.982052 
-26.058680 0.213209 -3.166107 
-26.841431 1.024729 -3.041918 
-26.105657 1.700370 -2.843849 
-26.463620 1.637125 -1.901558 
-26.043603 2.107112 -1.024418 
-25.500580 1.792740 -0.160058 
-24.890218 1.850302 0.681845 
-25.696619 2.007430 1.311106 
-25.927033 1.627221 2.310331 
-26.727830 2.254533 2.582481 
-27.021368 2.129498 1.606957 
-26.563248 3.072535 1.463442 
-25.781107 3.766314 1.793081 
-24.739571 4.033911 1.666909 
-23.720395 3.850122 1.521807 
-23.885969 4.744712 1.103945 
-23.066642 4.157983 0.659751 
-23.506626 4.789654 0.080597 
-23.798332 3.571536 -1.141364 
-21.288044 4.870507 -1.696264 
-21.267528 5.251886 -2.596828 
-21.564218 5.954333 -3.423692 
-22.556393 5.976022 -3.971397 
-22.511443 6.336022 -4.894647 
-22.860329 7.192866 -5.287378 
-23.167174 6.426806 -5.695235 
-24.153959 6.650483 -5.327430 
-25.158570 6.862834 -4.651754 
-25.836031 6.158909 -5.571595 
-25.176282 5.446104 -5.177034 
-24.967699 6.080729 -6.081956 
-24.552303 5.404797 -6.689007 
-23.016064 4.890122 -3.999905 
-23.104907 8.161004 -2.577555 
-22.940449 7.420096 -4.302738 
-21.677073 7.773797 -4.953929 
-21.756173 8.791083 -5.099933 
-21.504880 9.583030 -4.420130 
-21.524555 9.337540 -3.278540 
-20.700846 8.793246 -3.805683 
-20.468769 9.745705 -3.590207 
-20.190241 9.570521 -4.536129 
-20.368979 9.175649 -5.419534 
-17.391602 10.582074 -3.444998 
-18.019452 8.142430 -2.566099 
-19.164191 9.070241 -4.731569 
-16.895148 11.504591 -9.358679 
-15.349932 16.054487 -10.895873 
-16.294572 16.442522 -10.978694 
-15.364065 17.090023 -11.207865 
-14.792347 17.013964 -12.062850 
-13.751138 16.603500 -13.412419 
-13.077604 15.702593 -11.951200 
-12.251785 16.036404 -11.427931 
-12.097530 16.938930 -12.060294 
-12.720751 17.464373 -12.564174 
-13.760447 17.383150 -12.392956 
-13.642606 15.654295 -13.402931 
-12.732128 14.645757 -14.029771 
-13.389153 12.867129 -14.373741 
-13.327993 11.266789 -16.222617 
-14.670076 10.154291 -15.487865 
-15.699668 10.573114 -14.735219 
-13.657031 12.660460 -14.415222 
-12.709748 11.778205 -13.853337 
-13.367606 10.988846 -13.858700 
-13.679099 11.083231 -12.818191 
-14.962518 10.563474 -12.045945 
-15.997094 10.441115 -12.710920 
-16.755883 9.915956 -12.745948 
-16.867790 8.987653 -12.389188 
-17.800111 8.632305 -12.255400 
-17.670466 7.641793 -12.707209 
-18.456399 6.725999 -13.477280 
-15.337539 10.689985 -13.580345 
-18.208888 11.411148 -10.911746 
-21.516201 9.241048 -12.542277 
-21.382227 8.528638 -13.084216 
-19.952330 8.427770 -14.115492 
-21.090314 6.962186 -13.189956 
-23.036426 6.570865 -13.788167 
-24.055011 6.346335 -13.087362 
-24.579939 6.033431 -12.402443 
-25.244450 5.369306 -12.158299 
-24.258874 4.771256 -11.467946 
-23.385502 3.553767 -11.418610 
-23.446338 3.970841 -10.514214 
-23.184644 4.240303 -9.634170 
-22.545745 3.497434 -9.148442 
-22.355400 2.518721 -9.521514 
-21.929729 1.560474 -9.847327 
-21.483967 2.088061 -10.478466 
-21.900964 2.461189 -11.255472 
-22.103118 3.473755 -11.477986 
-22.706438 2.215544 -12.131054 
-23.787240 0.903678 -12.841987 
-23.572994 0.155090 -13.557431 
-23.244765 -0.900387 -13.836913 
-23.768501 -1.705844 -13.680668 
-23.889820 -1.284498 -15.101433 
-24.254738 -0.479720 -16.253833 
-24.266224 -1.286955 -16.856386 
-24.978401 -1.095969 -17.461635 
-24.269322 -1.045906 -18.311411 
-23.974822 -0.840381 -19.349948 
-24.436739 0.175792 -19.127642 
-23.398769 0.222454 -18.990313 
-22.545555 0.728706 -19.443432 
-20.662891 2.375473 -20.253971 
-16.592809 6.130858 -24.022065 
-15.857838 7.944746 -24.501210 
-14.864249 8.266287 -24.604603 
-15.028420 7.993842 -23.515485 
-15.963166 7.749260 -23.234177 
-16.949988 7.558626 -23.126640 
-16.680490 7.675390 -22.201510 
-15.731992 7.290695 -21.128628 
-14.958363 7.692770 -21.330713 
-14.264259 7.822547 -22.082734 
-13.839674 7.090141 -21.494754 
-12.797700 7.533741 -21.588677 
-13.092905 7.433445 -22.544288 
-13.028782 6.388445 -22.990607 
-14.030460 7.017923 -23.541169 
-13.075688 7.634751 -23.519563 
-13.824024 8.168038 -24.138183 
-13.618349 7.689576 -25.048349 
-13.467679 8.047471 -25.985861 
-12.969152 8.705373 -25.487921 
-14.436247 9.628504 -23.961327 
-14.109630 10.648846 -22.163696 
-13.307718 10.498191 -23.835462 
-11.923129 10.441841 -24.818119 
-11.514011 11.297966 -24.328679 
-12.137120 12.658972 -23.060757 
-12.262888 14.104751 -24.374323 
-13.129941 14.809677 -24.601774 
-13.274517 15.369763 -25.515590 
-11.470827 17.093434 -25.126998 
