-32.383871 -3.899110 -5.735239 
-32.749717 -4.789982 -5.676641 
-31.848871 -4.913008 -6.233725 
-31.196510 -5.159813 -6.891499 
-30.647369 -6.121734 -6.631522 
-30.394110 -5.489247 -7.463148 
-30.009188 -4.576995 -7.143678 
-29.821873 -4.859436 -6.147381 
-29.793934 -4.488352 -5.200468 
-29.985078 -5.651805 -5.409960 
-29.854003 -6.562572 -5.916196 
-30.721855 -6.306062 -5.302688 
-30.879826 -6.282115 -4.274942 
-30.445277 -7.112701 -4.220509 
-31.095852 -7.862124 -3.985603 
-31.663978 -7.054623 -4.270590 
-32.141389 -6.460398 -5.000405 
-32.420299 -6.794756 -5.978812 
-32.313156 -6.117604 -6.683382 
-33.290917 -5.897458 -6.452527 
-34.368682 -6.215335 -6.389437 
-33.758344 -6.050716 -5.505042 
-33.206979 -5.295415 -5.034733 
-32.710777 -5.359065 -4.242942 
-31.891306 -4.863680 -3.765159 
-31.030300 -4.879205 -3.306148 
-31.179900 -4.043735 -3.696693 
-31.161419 -2.964931 -4.056320 
-31.233304 -3.498673 -4.944079 
-31.441852 -3.758754 -5.913791 
-31.421976 -3.129027 -6.653630 
-30.560122 -3.097621 -7.263150 
-30.262576 -3.710776 -8.088210 
-30.338376 -4.132241 -9.069483 
-29.530688 -3.522338 -9.412068 
-29.505747 -4.010952 -10.296321 
-29.275127 -4.960082 -9.908424 
-29.207058 -5.146574 -10.854795 
-29.087342 -5.273572 -11.902795 
-28.462223 -4.587882 -11.462090 
-28.206011 -5.040395 -10.556035 
-28.126341 -6.002814 -10.058558 
-27.344797 -6.756369 -10.409944 
-28.363467 -7.065252 -10.354272 
-29.129253 -7.079593 -10.956626 
-29.268300 -6.385350 -10.219428 
-29.628022 -7.191326 -9.827250 
-30.544219 -7.529892 -10.076720 
-31.299389 -7.497358 -10.692261 
-32.169083 -7.182731 -10.081672 
-32.538768 -7.454388 -11.005032 
-32.154851 -7.476822 -11.991245 
-31.269971 -7.232062 -12.507309 
-31.284791 -6.274391 -12.881335 
-30.889500 -6.709895 -13.667922 
-30.952050 -7.571782 -14.125999 
-30.608982 -7.416630 -15.044848 
-30.068256 -8.264422 -15.443916 
-29.087032 -8.491289 -15.550222 
-28.016527 -8.136777 -15.299725 
-28.059399 -8.022103 -14.280158 
-28.096624 -8.089775 -13.182374 
-28.359484 -9.063567 -13.426536 
-29.189702 -8.594962 -12.993651 
-28.552489 -8.949395 -12.094110 
-27.644126 -9.270871 -11.803873 
-28.300204 -9.483829 -11.088407 
-28.438301 -8.788521 -10.407242 
-28.839886 -7.915067 -10.318128 
-28.566890 -8.075686 -11.250237 
-28.596810 -7.954800 -12.246829 
-29.559983 -8.306685 -11.922031 
-29.867133 -8.076410 -10.917437 
-30.718835 -8.406638 -11.443110 
-31.064450 -6.232688 -10.077035 
-32.080022 -4.068480 -7.119170 
-30.974952 -4.053983 -6.941574 
-30.176671 -3.663462 -6.370427 
-30.262108 -2.686498 -6.229604 
-30.094094 -1.927673 -5.661447 
-30.310329 -2.686421 -4.916509 
-31.149578 -2.487669 -5.496762 
-31.257477 -1.877112 -4.642085 
-31.951345 -0.814498 -4.883341 
-30.696553 0.282676 -5.040456 
-31.091095 0.812361 -5.822693 
-31.499895 1.720082 -5.955000 
-32.007264 1.585301 -5.100334 
-29.568592 4.607737 -3.430132 
-27.377106 7.145488 -1.976900 
-28.625646 6.598861 -3.539712 
-28.608168 6.274808 -4.865092 
-29.363851 6.697662 -5.379045 
-29.327526 5.871781 -5.908776 
-29.534686 5.863026 -4.795635 
-29.886378 5.089227 -4.354585 
-30.051276 4.225665 -5.077711 
-30.530596 5.033116 -5.640836 
-31.469361 4.753429 -5.946113 
-30.268081 3.948838 -8.337183 
-29.607041 2.755878 -5.638458 
-30.098859 3.638673 -1.945881 
-28.982430 1.213781 -4.634887 
-29.505363 -1.651805 -1.864510 
-29.575701 -2.616892 -1.411215 
-28.720546 -2.275162 -1.667911 
-28.390719 -1.287860 -2.081412 
-29.082418 -3.355722 0.163598 
-30.834512 -4.796890 4.075631 
-30.431536 -3.798405 4.226972 
-30.314304 -3.003371 4.833365 
-30.785816 -3.919046 5.228086 
-31.324352 -3.620680 4.258763 
-31.679538 -2.218811 4.280584 
-31.855570 -1.070466 3.310956 
-30.833835 -0.913758 4.851205 
-28.764646 -1.886228 5.172411 
-29.150373 -3.235680 3.667684 
-30.261124 -2.320547 3.876554 
-32.146393 -2.672397 3.045500 
-33.751481 -4.207435 4.248159 
-33.208708 -4.034921 5.139512 
-32.562512 -4.684803 5.738060 
-31.657250 -4.935601 5.724263 
-31.423671 -3.795332 6.429012 
-30.717785 -4.470323 6.378056 
-30.554930 -3.465760 6.595766 
-30.051368 -2.925181 5.871302 
-29.406246 -2.446488 6.495582 
-28.467866 -1.647952 7.271662 
-28.914494 1.405898 8.019036 
-26.335011 5.060976 7.648371 
-24.084756 5.630431 4.804128 
-24.769180 6.016845 3.951672 
-25.107341 6.601498 3.324479 
-24.932512 8.652431 3.327698 
-23.402168 8.445572 3.897064 
-22.251036 7.797632 4.629456 
-21.410947 8.425290 4.367023 
-21.622975 7.567562 3.820630 
-21.186653 7.594004 2.022334 
-21.274747 5.921397 1.925828 
-22.256425 5.635770 1.627349 
-22.674376 6.546309 1.290109 
-22.472983 7.473126 0.780187 
-22.854421 7.637005 1.704836 
-22.837787 8.707059 1.916185 
-22.568349 9.447477 3.041553 
-22.565242 9.096407 4.034767 
-22.198641 9.704666 4.756497 
-21.492481 9.831801 6.125439 
-21.593570 8.693578 7.009549 
-20.622833 8.903111 7.159877 
-20.516486 9.860171 7.247351 
-19.795926 10.581152 6.950036 
-20.271250 10.906702 8.279788 
-20.983665 9.823176 8.942468 
-21.681641 9.357399 8.472648 
-22.331620 8.637606 8.444599 
-22.886635 9.319871 7.960111 
-23.089351 8.317856 8.051215 
-22.680391 8.001084 7.093638 
-23.122888 7.094232 7.028317 
-22.998978 6.975326 5.880971 
-23.309619 6.360920 2.999886 
-25.815740 5.347775 2.510243 
-24.731428 4.473293 3.383911 
-23.886101 4.238615 3.996124 
-23.510646 4.186155 2.961900 
-23.753998 5.092418 2.540390 
-24.765464 5.511598 2.497723 
-24.062682 6.159966 2.913654 
-23.569641 7.229316 3.145192 
-24.100258 7.370598 4.380479 
-24.690058 7.031140 5.195399 
-24.238526 6.319627 5.806796 
-25.098224 5.965057 5.757145 
-24.599719 5.902706 6.633814 
-24.646491 5.052951 5.526392 
-25.746326 5.384607 4.682092 
-26.257083 4.638043 5.170938 
-26.313843 3.719186 4.977090 
-26.932592 2.946926 4.558822 
-26.603678 2.321394 3.852204 
-26.830937 1.419727 3.495324 
-27.570164 0.539126 0.889234 
-28.534056 0.226363 -0.762615 
-28.570013 -0.491850 1.210097 
-28.456469 0.477558 1.965899 
-28.998899 1.023664 1.175669 
-30.868951 -1.159215 1.149052 
-32.684320 -2.505547 -0.414330 
-33.509040 -2.711959 0.099029 
-33.908698 -3.639966 0.377318 
-33.413079 -4.745497 1.928802 
