-6.829270 0.589270 33.577440 
-7.157620 1.557777 33.006919 
-6.171301 1.306007 33.099234 
-6.011327 1.687179 34.083954 
-6.787736 2.307847 34.522879 
-6.619179 1.272097 34.736083 
-6.513759 0.408275 35.191870 
-6.295452 0.712803 36.129019 
-5.544951 0.571245 35.309936 
-4.693477 0.834203 34.840492 
-4.090711 1.576194 35.348201 
-3.638177 1.363936 34.245840 
-3.644327 0.511125 33.944264 
-3.212173 -0.050896 34.882640 
-2.785198 -0.033504 35.741020 
-1.603559 0.017590 35.913647 
-0.651396 0.123927 35.733045 
0.092546 -0.517236 35.063102 
-0.361744 -1.584916 35.307974 
-0.490956 -2.316887 34.716940 
0.417788 -2.006136 34.415318 
-0.303425 -2.604906 33.903258 
0.171100 -3.232187 33.285850 
0.448188 -4.101225 32.925870 
-0.359929 -3.992072 32.411985 
-0.529398 -4.082754 33.413884 
-1.413274 -4.606697 33.700346 
-0.837170 -5.055614 32.972815 
-1.611999 -4.248776 32.647756 
-2.170706 -3.988209 31.870658 
-1.267935 -3.495931 32.081173 
-0.981522 -3.873306 31.119101 
-1.402741 -4.734813 30.801371 
-1.132259 -5.142195 31.690003 
-0.252239 -5.371377 31.094246 
-0.655543 -6.319689 31.030831 
0.330007 -6.482675 31.376763 
0.055694 -7.172722 32.216234 
-0.855434 -6.825534 32.079021 
-1.090977 -7.364752 31.262011 
-0.622040 -7.233275 30.321962 
-0.159606 -8.140958 30.557864 
-0.588411 -8.838242 30.998389 
-1.134364 -9.610680 31.016397 
-1.013116 -9.460734 30.008811 
-0.179744 -9.748738 29.425719 
-0.387415 -8.735633 29.708279 
-0.097626 -7.966200 28.926350 
-1.027056 -7.742783 29.286415 
-1.159127 -8.285577 30.190603 
-1.734870 -8.212175 30.971235 
-2.640089 -8.377109 31.622063 
-3.300915 -8.973495 32.220651 
-3.260691 -9.639877 33.005492 
-4.021513 -10.069532 32.379285 
-4.328597 -10.922578 31.762200 
-4.820715 -11.257677 30.867322 
-3.855400 -11.596035 30.987122 
-3.770203 -12.608012 31.110207 
-4.359840 -12.263877 30.290435 
-3.754442 -12.606567 29.560117 
-3.715939 -11.563756 29.910235 
-3.636931 -11.429892 28.851985 
-2.846501 -12.131058 29.152256 
-2.438858 -11.184580 29.406902 
-2.330306 -11.549577 28.357411 
-1.634504 -12.096259 28.902428 
-0.783227 -11.488139 28.560986 
-0.124690 -11.307492 29.281875 
0.772088 -10.835985 29.517402 
0.623655 -10.464425 30.623343 
1.065225 -9.640702 30.995533 
1.520971 -8.982432 30.337434 
1.242490 -7.969900 30.313695 
-0.608655 -8.715885 32.010237 
-1.979661 -10.416097 30.919111 
-2.170525 -10.152717 29.940008 
-3.046566 -10.491592 30.385010 
-4.051476 -10.478103 30.106370 
-4.523511 -9.765087 30.989359 
-3.634299 -8.963881 30.426278 
-2.554716 -8.937466 30.411995 
-2.730299 -7.868181 30.537152 
-3.188210 -7.229109 31.914938 
-1.907600 -6.910601 31.860373 
-2.130758 -5.972901 32.096593 
-2.848005 -6.016517 31.394866 
-2.753537 -4.973579 31.495263 
-6.895781 -4.238379 31.452154 
-10.490080 -3.942826 31.274054 
-12.543791 -3.782386 31.605023 
-12.395398 -4.784075 31.865723 
-12.237018 -5.471079 31.040957 
-11.617105 -5.811875 31.672719 
-10.559516 -4.895896 31.402897 
-9.626524 -5.159161 31.159273 
-10.106784 -5.978772 30.696433 
-10.791210 -5.456854 30.238700 
-10.283732 -4.858890 29.369524 
-11.047098 -7.226064 29.065031 
-12.812938 -7.978134 29.981811 
-13.946960 -5.989906 30.023575 
-12.629297 -2.383441 30.711375 
-10.374959 -4.731686 32.932314 
-9.451629 -4.377626 33.052373 
-9.616118 -4.907924 33.960145 
-8.665989 -4.829906 34.335284 
-4.230313 -5.802036 33.129447 
-0.238357 -6.096426 34.297362 
-1.963628 -5.261892 35.146815 
-2.961662 -7.262254 34.016053 
-3.802550 -7.540015 33.252994 
-3.688799 -6.654119 33.179059 
-4.609658 -6.837093 33.892062 
-4.915746 -8.246862 34.497489 
-5.073906 -8.386305 32.881178 
-6.632599 -7.553409 33.622730 
-7.219527 -8.822158 33.235104 
-7.396403 -8.744453 31.602012 
-5.667712 -9.549749 31.624207 
-5.055510 -11.431890 32.407813 
-4.076222 -11.544129 32.793264 
-3.111295 -11.478391 33.279023 
-2.088700 -12.578475 33.358233 
-1.715986 -12.811934 32.110243 
-1.820335 -13.625710 31.663605 
-2.368244 -14.116244 32.511082 
-1.332244 -14.369550 32.230739 
-0.333592 -14.155132 32.411771 
0.438707 -13.054661 31.322098 
2.760133 -12.509782 31.550161 
0.305263 -14.393829 30.095170 
0.090196 -12.658980 29.772133 
0.065828 -11.815003 30.400492 
0.161818 -11.978020 31.795717 
-0.335812 -10.792856 31.235280 
-0.647248 -12.056859 30.060469 
-1.321356 -12.948754 30.189509 
-2.543297 -13.170694 29.178989 
-2.719338 -14.162873 29.475665 
-3.521102 -13.662765 30.607526 
-4.057920 -14.033558 29.975373 
-4.871614 -13.494469 29.753562 
-4.040173 -13.547116 29.017930 
-3.330220 -14.077574 28.602992 
-4.096031 -14.686629 28.920257 
-4.222916 -15.680732 28.651461 
-2.657925 -15.558480 28.737119 
-2.271075 -15.095428 29.835876 
-2.437978 -15.280062 30.768250 
-1.433771 -15.526184 31.321439 
-0.056504 -15.635045 31.219315 
-0.488366 -16.580009 31.715311 
-1.314457 -16.352688 31.032417 
-1.346293 -15.810986 30.185360 
-1.343223 -16.580861 29.208167 
-2.340331 -17.519280 29.870704 
-2.729114 -16.611547 29.945687 
-3.149690 -15.721256 30.005538 
-3.441650 -15.081850 30.826608 
-4.098049 -15.440527 30.096748 
-5.549610 -15.170063 29.454635 
-6.621240 -14.349354 28.850056 
-7.812872 -14.438655 30.028704 
-9.781636 -11.636029 30.294097 
-10.865906 -10.173353 26.945741 
-9.319005 -12.329856 25.041947 
-9.434458 -12.267040 26.075602 
-10.234467 -12.591079 25.492078 
-10.110726 -13.403024 24.954200 
-9.709299 -12.904592 23.951672 
-9.011181 -13.242705 24.497622 
-8.515744 -13.576128 25.287126 
-8.326641 -14.548172 24.988450 
-9.251803 -14.301037 25.487784 
-10.030759 -13.693309 25.918041 
-9.960703 -14.603392 26.421090 
-10.656497 -15.004287 25.877881 
-10.777998 -14.632500 24.872437 
-11.224567 -15.091227 23.974392 
-11.770210 -14.264457 24.116236 
-11.826849 -14.863436 25.093648 
-12.416465 -14.164894 25.761844 
-12.268665 -13.355260 25.000147 
-11.345114 -13.530584 24.932042 
-10.982857 -13.721489 26.275633 
-10.777448 -15.445487 27.825944 
-11.613376 -14.385836 27.756837 
-11.023719 -13.337977 28.154772 
-11.277584 -12.438061 28.603808 
-10.502842 -12.363780 27.731985 
-9.265135 -11.587989 28.857258 
-8.406753 -11.408527 28.259072 
-8.029450 -10.887057 29.452528 
-8.536160 -9.476517 29.125752 
