10.423064 -12.410724 19.023644 
11.149991 -11.578583 18.845383 
11.370363 -10.875939 18.188418 
10.576216 -10.273688 18.385555 
9.546145 -10.550537 18.499030 
9.650398 -9.493629 18.480962 
10.583393 -9.595460 19.071033 
10.447736 -10.279985 19.761947 
9.981669 -9.341593 20.245976 
8.938248 -9.260555 20.122806 
8.944922 -10.328377 20.288216 
9.867484 -10.607233 20.480573 
10.107096 -11.616282 20.644256 
9.327552 -11.696360 19.915013 
8.550472 -11.608457 20.642337 
8.016595 -11.023511 21.382127 
8.121474 -9.981498 21.490753 
9.000520 -10.162961 22.275229 
9.605972 -10.439181 23.077246 
8.759026 -11.070073 23.070854 
7.908662 -11.358521 23.497998 
7.558524 -11.446506 24.543203 
7.505285 -11.697131 25.498102 
7.738600 -10.678808 25.470347 
7.334045 -10.231380 26.272804 
7.523628 -11.220354 26.593552 
8.495270 -11.154018 26.167680 
8.835466 -11.304168 27.107877 
8.812320 -12.292462 27.480188 
7.955860 -12.128762 27.025947 
8.532337 -12.859131 26.809809 
8.845038 -12.486247 25.963093 
8.439592 -13.378157 25.736636 
7.992281 -14.211449 25.804792 
7.880765 -14.082756 24.682965 
7.681714 -15.018589 25.027371 
8.691765 -14.882600 25.176887 
9.428937 -14.527833 24.570421 
9.753961 -15.269774 23.864730 
8.711843 -15.152614 23.991067 
8.241393 -14.531646 23.264554 
7.525217 -14.711069 23.981286 
7.615950 -15.739328 23.851633 
8.144018 -16.201402 23.122504 
8.832105 -16.943708 23.174919 
8.705808 -16.968015 22.064781 
9.196809 -17.802964 21.593506 
8.899203 -18.115629 20.620360 
7.951740 -18.432823 20.824156 
7.840896 -19.397903 20.915580 
7.591526 -20.433908 20.540663 
8.042475 -21.263551 20.543308 
8.705251 -22.084980 20.380023 
8.799265 -21.741323 21.247050 
8.278075 -20.893279 21.713345 
7.398858 -20.648117 21.487787 
6.378000 -20.569685 21.047559 
6.057357 -20.518773 21.962126 
6.241728 -19.450625 21.807847 
6.821633 -18.917227 21.067514 
6.567076 -18.088769 20.446914 
6.389135 -17.125759 20.586155 
6.526209 -17.118247 21.532499 
6.419597 -16.121062 22.128854 
5.693327 -16.719881 22.523017 
6.221267 -17.583262 22.694521 
6.542426 -17.506021 23.716416 
6.195528 -18.490804 23.394230 
7.100586 -18.118126 23.122665 
7.015114 -18.993274 22.390111 
8.004394 -18.984486 22.568422 
8.339680 -18.462730 23.325153 
8.544573 -17.740605 23.954483 
7.607778 -17.490513 23.798654 
9.492796 -13.903687 26.265406 
8.657066 -12.164862 24.790248 
7.880005 -12.922150 25.094033 
7.828895 -13.036314 24.107552 
8.500165 -12.943772 23.354344 
9.811705 -13.344524 23.400868 
10.722928 -12.956713 23.689456 
10.553622 -11.976242 23.241968 
9.834963 -11.482800 23.658815 
9.721211 -11.470875 25.204446 
10.583603 -11.169446 25.506838 
11.045951 -10.480982 26.146938 
11.039516 -9.861310 25.319355 
11.987523 -9.674082 25.523509 
12.836142 -9.368833 28.485156 
14.741808 -10.382255 29.728455 
14.120147 -12.728734 28.030687 
13.068452 -14.009970 28.169933 
13.059758 -13.357713 28.976555 
12.175569 -12.963194 28.642370 
11.945773 -13.701746 27.881081 
12.486963 -13.076020 27.425799 
12.139071 -13.360296 26.377134 
13.222097 -13.549171 26.817277 
13.731062 -13.442680 26.010171 
15.935663 -12.405622 22.964670 
14.899627 -14.349084 21.198516 
14.987859 -15.321416 22.021158 
13.003742 -17.937196 22.827262 
10.421702 -16.355357 23.442327 
9.743303 -16.357914 22.136716 
10.182283 -15.805618 21.093009 
9.305796 -15.266217 21.310274 
7.189051 -14.889332 17.998633 
8.390774 -15.830869 17.944108 
9.449301 -15.928577 17.751588 
9.291696 -15.299828 16.955386 
9.195042 -14.548745 17.531433 
9.396040 -13.507968 17.497103 
9.774439 -12.469223 16.117133 
9.284939 -12.111084 15.312948 
7.805679 -12.895989 15.241108 
8.683646 -15.253969 15.605944 
9.074655 -17.040132 16.780704 
9.233769 -17.675725 15.644209 
8.382735 -19.949811 16.162411 
8.911381 -20.580605 17.878104 
8.687247 -19.774275 18.335546 
8.228505 -20.616878 18.649811 
8.912525 -21.145002 19.293794 
9.486670 -19.980882 19.125490 
8.540216 -19.931437 19.437882 
9.079121 -19.165661 19.797713 
9.538706 -19.656032 20.485719 
9.720081 -19.196997 21.411727 
10.327665 -18.625879 21.894163 
12.563123 -19.626969 20.005565 
12.532629 -18.197850 20.675830 
13.885858 -17.198407 22.773342 
15.375456 -17.928206 23.239248 
16.428295 -17.608781 23.353031 
16.289795 -16.149195 21.914763 
16.827491 -15.143468 23.171532 
16.177385 -14.197511 23.177763 
15.145600 -15.517183 23.206530 
15.951352 -15.589354 23.888457 
16.369211 -15.081988 25.347544 
16.628982 -16.258375 25.394362 
15.904068 -16.525210 25.994645 
15.030673 -16.044932 26.306014 
14.481767 -15.574558 27.144088 
14.087154 -16.615736 26.959086 
13.578661 -17.346822 26.485866 
14.476572 -17.565743 26.024814 
14.499097 -18.763513 25.221716 
15.380383 -18.904351 24.769636 
16.164500 -19.302050 25.053765 
16.667242 -18.542202 24.462054 
16.045379 -17.961845 25.048602 
15.371192 -17.218939 24.806477 
15.128940 -16.130490 24.622686 
14.182640 -16.732880 23.939977 
13.362035 -16.031515 24.479767 
13.671877 -15.685743 23.617782 
13.618302 -14.866195 24.141400 
14.004264 -14.278253 24.858758 
13.510612 -13.581929 24.178059 
14.031503 -12.496201 23.154012 
14.598090 -12.916700 23.945716 
15.129657 -13.910480 24.965282 
12.760424 -16.091752 27.042354 
11.236768 -18.747388 22.141715 
12.485687 -14.933430 21.762062 
12.492390 -15.267980 20.729640 
13.077902 -14.416881 20.887522 
13.634533 -13.551359 21.187045 
13.351295 -13.581988 20.257741 
13.805603 -12.861988 19.541503 
13.442019 -12.464786 18.584161 
12.630019 -11.869251 18.725729 
12.987813 -11.292187 19.540045 
14.102682 -11.433175 19.480948 
14.614950 -11.582244 18.663528 
15.189177 -11.860853 17.942768 
15.776579 -11.656981 17.148058 
15.774451 -12.673028 17.278510 
16.169302 -13.521054 17.041417 
15.776308 -14.531467 17.137921 
15.533909 -15.452005 17.202161 
14.503845 -15.498038 17.127468 
14.413722 -15.436765 16.056919 
13.241800 -17.640709 16.375930 
12.286210 -16.825329 16.475366 
12.245014 -16.046324 15.726264 
11.462954 -15.604312 16.249075 
11.055722 -15.818362 15.278325 
10.891217 -17.083629 17.446009 
9.553828 -19.040547 17.681978 
9.534523 -19.854548 17.202684 
9.748756 -20.726367 16.554523 
7.648821 -21.941349 16.117256 
