-14.142863 13.029635 22.083658 
-14.147692 12.012738 22.264224 
-14.720115 11.451209 23.011786 
-15.253335 12.239509 22.595888 
-15.224588 13.301128 22.590182 
-16.232484 13.538292 22.852937 
-16.782277 13.841117 21.980882 
-17.623494 13.947309 21.410630 
-18.463742 13.760194 21.983831 
-18.118998 13.457401 22.843469 
-18.723524 12.609045 22.853908 
-18.433739 12.681013 21.830323 
-18.142045 11.760057 21.947411 
-18.819228 11.250038 22.547867 
-18.716073 10.364530 23.061562 
-18.142685 10.041687 22.404955 
-18.457541 10.751344 21.666644 
-17.995888 11.326708 20.824740 
-17.427831 11.878542 20.267207 
-17.922486 11.122430 19.780752 
-17.248830 10.728011 20.515079 
-18.038673 10.274275 20.854588 
-19.034545 9.924957 20.864445 
-19.449882 9.103158 20.323550 
-20.180108 8.567032 19.886332 
-19.529652 7.848895 19.651720 
-20.442389 7.379335 20.013097 
-20.388903 6.461730 20.326313 
-20.470928 6.909965 21.188747 
-19.804563 6.248937 21.363719 
-19.681602 5.779760 20.390234 
-20.169888 4.978107 20.189296 
-19.687614 4.572752 21.002029 
-18.867287 4.208137 21.492255 
-18.817132 4.277998 20.440466 
-19.504884 3.484333 20.411769 
-18.968897 3.138298 21.138644 
-18.773604 2.368474 21.738745 
-19.643021 2.462158 22.251482 
-19.182003 1.915775 22.886949 
-19.262450 1.341333 23.787131 
-18.377190 1.343239 23.098833 
-17.533315 1.824234 23.630505 
-17.932668 1.013595 24.112551 
-17.196396 0.364570 24.472007 
-16.850606 0.920935 23.653624 
-15.803010 1.052478 23.463484 
-14.908908 1.348297 22.800358 
-14.289705 0.667836 22.298351 
-14.934314 0.061025 21.915629 
-14.867061 1.093927 21.583885 
-14.344502 1.893712 22.045279 
-14.501243 2.861665 22.115770 
-14.282058 3.907055 22.172193 
-14.412463 4.687357 22.764439 
-15.441030 4.817684 22.708999 
-16.165441 5.332112 23.018667 
-15.700377 6.167045 23.192846 
-16.374789 5.991011 23.951368 
-17.165844 6.573069 24.043724 
-17.221999 7.559197 24.476112 
-16.347975 7.994656 24.991431 
-17.006764 8.604188 24.370289 
-16.483801 9.043184 23.580113 
-15.957213 9.923413 23.743565 
-16.581774 10.476190 23.085655 
-16.368288 11.132139 22.321828 
-17.145964 11.844230 22.233693 
-16.881690 12.169671 21.271902 
-17.632574 12.733097 21.101140 
-18.356004 13.129995 20.516412 
-17.802991 13.877895 20.181285 
-18.073672 14.027956 19.195504 
-18.021293 15.099504 19.355652 
-18.198648 17.069482 22.203814 
-17.457024 16.964093 20.755769 
-16.629323 16.607478 20.164372 
-16.132055 15.705135 20.180149 
-16.262732 15.137783 20.822264 
-16.626589 14.622764 21.415106 
-16.011505 13.726087 21.394228 
-15.807220 13.094223 20.645559 
-15.297894 12.379421 21.197471 
-15.673013 11.427274 21.541170 
-15.213473 10.209387 21.850652 
-15.288681 10.327623 22.936232 
-15.298445 9.234713 23.178532 
-15.087097 8.215521 22.916523 
-14.915728 6.595181 23.010631 
-15.394031 2.001534 24.279647 
-14.527067 -0.049240 24.493926 
-14.098061 0.896855 23.479911 
-13.133987 1.018194 23.617535 
-13.083409 1.192013 24.723502 
-12.093963 1.262929 24.764541 
-12.210494 1.607579 23.818167 
-11.638358 1.060943 23.211497 
-11.906732 0.033885 23.151812 
-11.543599 0.463853 22.308753 
-14.431084 -1.785289 24.430882 
-15.778102 -4.428089 24.566658 
-16.703118 -5.099031 23.841025 
-20.196980 -0.567828 23.538645 
-22.080626 4.787185 23.687592 
-21.021134 4.697310 23.528239 
-19.977064 5.073134 23.495110 
-19.092114 5.569152 23.313287 
-19.611603 10.572169 20.093546 
-18.263909 13.852850 16.890175 
-19.323759 15.171757 17.380208 
-19.401946 16.275786 17.590643 
-20.194839 16.186247 18.160641 
-20.114239 16.843012 18.841972 
-18.449022 18.132735 19.062423 
-18.300361 18.991771 19.878271 
-18.836622 19.419933 20.357318 
-19.395473 17.045248 20.627153 
-18.768487 15.795850 19.436497 
-19.041083 14.492665 19.213598 
-19.912127 14.597697 21.454478 
-20.350493 13.763778 21.228004 
-19.504937 13.254493 21.484860 
-19.937127 13.791261 22.234919 
-20.068875 12.519662 22.130792 
-20.408817 11.205563 21.846849 
-20.355570 10.826425 22.816393 
-20.419157 9.831732 22.979342 
-21.118820 9.319459 23.477001 
-21.719246 9.086088 22.676408 
-21.566426 8.147825 22.715004 
-18.816923 5.802887 24.479491 
-21.230907 3.507889 26.011248 
-20.026400 3.264075 24.611550 
-19.083753 3.682686 23.592340 
-19.451122 3.480694 21.965777 
-17.460814 4.127359 22.263715 
-18.055232 5.777241 22.667133 
-18.118959 6.110531 21.549346 
-16.294527 6.707984 21.824231 
-16.060683 6.541763 20.829402 
-15.186110 5.913285 21.421276 
-15.523821 4.905233 21.559566 
-15.870600 4.020269 21.108718 
-15.219397 3.226526 20.675714 
-15.799787 2.815021 21.399421 
-15.753312 3.462588 22.152308 
-15.577936 2.913202 23.064508 
-16.618942 1.582545 22.248749 
-17.833617 1.217993 22.174860 
-18.695060 0.712834 22.280108 
-19.342717 1.327115 21.669313 
-19.964428 0.952585 21.049086 
-19.881140 2.015522 21.161888 
-20.890612 1.725681 21.358153 
-20.790277 1.895756 20.329096 
-21.532796 3.222004 20.113230 
-23.151479 3.071107 19.877880 
-23.297939 4.000462 19.286175 
-22.198644 4.227948 19.038493 
-22.717736 5.089147 18.840690 
-23.703887 4.738821 18.704937 
-24.579326 4.165396 19.737577 
-24.282561 3.168771 19.379066 
-25.467460 4.482753 19.749095 
-23.989086 3.492752 20.901741 
-22.630226 1.453088 18.742962 
-22.267363 1.046751 21.655257 
-22.380253 0.160881 22.390153 
-22.182242 -0.605724 22.949988 
-21.468983 -1.272192 22.410566 
-21.978560 -1.564857 21.459000 
-22.099755 -2.556753 21.653533 
-21.792686 -3.488829 21.391858 
-22.009114 -4.452174 21.343780 
-21.522995 -4.624474 20.501952 
-21.335042 -4.152507 19.695400 
-22.074908 -3.993534 18.995998 
-22.315064 -3.257897 19.764458 
-23.106082 -3.755378 19.441714 
-23.020086 -4.213050 20.420510 
-23.098976 -5.272045 20.213486 
-22.324583 -5.864148 20.369636 
-22.712574 -6.703106 21.070900 
-22.129126 -7.578354 21.228254 
-23.214406 -7.666704 21.208771 
-25.069585 -7.346723 20.662763 
-23.729218 -6.728189 19.193959 
-23.790567 -5.926517 19.815897 
-24.132514 -5.168514 19.407055 
-24.186981 -4.530245 20.113680 
-26.268917 -3.169275 21.857605 
-25.152354 -1.413731 21.303292 
-25.530697 -1.100590 20.349810 
-26.180096 -0.452214 20.991548 
-24.604514 -2.633298 20.002234 
