-23.972125 -11.553372 4.303748 
-24.684516 -11.277134 5.018857 
-24.170857 -10.606244 5.606386 
-23.612213 -11.325151 5.262164 
-23.104271 -10.534302 5.779916 
-23.421429 -9.826008 6.447638 
-23.680888 -8.752368 6.419253 
-22.787235 -8.996224 6.903354 
-22.043653 -8.710078 7.507308 
-22.192285 -9.127052 8.482986 
-22.348221 -9.978743 9.171223 
-23.157076 -10.241677 8.547715 
-22.823179 -9.501078 7.826303 
-23.862263 -9.946853 7.614047 
-24.630936 -9.118602 7.824642 
-24.538677 -9.208742 8.822810 
-23.607979 -9.171001 9.188298 
-23.814866 -8.623659 9.999077 
-24.278180 -9.427079 9.857418 
-24.364143 -10.427908 9.517537 
-24.212871 -11.058026 8.769676 
-23.686151 -11.170314 7.861225 
-24.435357 -10.847641 7.133601 
-24.522574 -11.433447 6.352486 
-23.417783 -11.730089 6.317606 
-22.539035 -12.163714 6.718778 
-21.600907 -11.712299 6.748537 
-21.132049 -11.041689 7.472839 
-21.337548 -12.023803 7.678176 
-20.537170 -11.599203 7.977422 
-20.128236 -12.479809 8.365816 
-20.875661 -12.948017 7.789731 
-21.378621 -13.726221 8.085061 
-22.268468 -13.223159 7.911606 
-22.408899 -14.334281 8.245319 
-21.783587 -15.110882 8.297825 
-20.840188 -15.403932 8.592190 
-21.412629 -15.682960 9.557542 
-21.136883 -15.059555 10.263783 
-22.180135 -15.031471 10.073733 
-22.970105 -15.521027 9.612487 
-22.754280 -16.154677 8.977281 
-21.678093 -16.168266 8.697722 
-21.844890 -16.742669 9.594373 
-20.820937 -17.029164 9.778791 
-20.512732 -17.326475 10.683040 
-20.712621 -18.027548 11.312112 
-21.101218 -18.850031 11.450300 
-20.622047 -19.659640 11.629060 
-20.133357 -19.699639 12.583645 
-20.843795 -20.259596 13.027278 
-21.924003 -20.354270 13.066690 
-22.592013 -19.675928 13.644783 
-23.103718 -19.853984 12.829788 
-23.423318 -18.861335 13.036975 
-24.109227 -19.519008 13.354213 
-24.086557 -20.358476 12.783035 
-24.341559 -21.231144 12.246168 
-25.080880 -20.755455 11.614111 
-24.409110 -19.978585 11.797947 
-23.914166 -19.052884 11.685356 
-23.635286 -18.117903 11.892090 
-22.952732 -18.807536 11.925366 
-22.053585 -19.219447 12.125348 
-21.969905 -20.348793 12.093687 
-21.480985 -20.685588 11.174045 
-22.242959 -20.515952 10.526730 
-22.607885 -19.916232 9.751073 
-23.498232 -20.214641 9.312385 
-23.952279 -19.901775 8.420143 
-23.794401 -20.871262 8.326171 
-23.840419 -21.103880 7.270074 
-23.829732 -19.986016 7.298837 
-23.872065 -19.436047 6.463974 
-23.471515 -19.153221 7.295109 
-22.768082 -17.456782 7.415893 
-22.435669 -17.421402 6.503734 
-23.414445 -17.675781 6.569007 
-24.752305 -16.962530 6.596812 
-25.621224 -17.744880 6.306135 
-26.481822 -18.115532 6.638516 
-26.360402 -18.427920 7.555983 
-26.402840 -17.802783 8.317088 
-26.054324 -16.891379 8.479982 
-25.500925 -16.140547 7.686100 
-26.141452 -16.451106 7.067831 
-25.750548 -15.778056 6.448688 
-24.965879 -14.893297 6.200308 
-26.274651 -14.091027 5.537761 
-26.378311 -12.168104 6.124152 
-25.993198 -11.359353 5.422475 
-27.316140 -10.654275 5.126115 
-28.237531 -10.239383 4.947265 
-27.754364 -9.433393 4.322512 
-27.796293 -9.328650 5.355571 
-28.808001 -8.999255 5.113882 
-29.671300 -9.411191 4.713675 
-29.514292 -9.979440 5.604947 
-29.340555 -10.926691 5.350155 
-32.283624 -9.504260 4.895702 
-30.860790 -7.121377 7.183082 
-29.927058 -5.422110 6.249059 
-31.375900 -7.273012 5.098282 
-30.173313 -11.090874 2.908354 
-30.414468 -11.884515 2.645619 
-29.861509 -11.927751 3.874688 
-30.343403 -12.157645 4.745813 
-31.139482 -13.119475 6.141752 
-30.603789 -16.131502 4.236027 
-28.904592 -16.306543 3.570243 
-27.893098 -16.380808 3.519520 
-27.265720 -16.472304 4.386119 
-26.437498 -15.819613 4.365928 
-27.539359 -15.622788 3.311425 
-28.791049 -15.708323 4.498752 
-27.635309 -15.950083 5.552409 
-28.383242 -17.756654 4.086705 
-30.528525 -17.515852 3.703386 
-30.758333 -16.482988 2.858548 
-30.981682 -14.924306 3.529320 
-31.582988 -14.482290 3.952831 
-31.604302 -13.526656 4.361733 
-30.948595 -12.842299 3.795327 
-32.016707 -11.989767 3.835001 
-33.061659 -11.198419 3.550241 
-33.403595 -10.900440 2.649391 
-32.559056 -10.455577 2.118167 
-32.583100 -9.519285 1.838368 
-31.695630 -9.110629 1.973772 
-31.246128 -9.867249 2.526312 
-29.241752 -7.006006 2.926157 
-28.105761 -6.202595 4.741683 
-27.516445 -4.661452 5.574679 
-27.550762 -4.307455 4.438470 
-26.551976 -4.032018 4.110920 
-26.251140 -3.255384 5.566373 
-27.163305 -2.439837 5.296890 
-28.630772 -2.632058 4.320157 
-29.586134 -2.732973 4.936522 
-29.863726 -3.761550 5.496715 
-29.987103 -3.994301 6.356136 
-30.837128 -3.049420 6.672742 
-31.852708 -2.733561 6.585209 
-32.445242 -2.738410 5.663338 
-32.453239 -1.838797 5.231981 
-32.623808 -1.726550 4.245558 
-32.328259 -2.652126 4.651274 
-30.848584 -2.232800 3.901363 
-30.034184 -2.880222 2.629156 
-31.029675 -3.128118 2.552333 
-31.718226 -3.690587 3.160903 
-30.940818 -4.007291 3.675897 
-30.049303 -4.352714 3.229054 
-30.006279 -4.937039 4.161251 
-30.217352 -5.341336 5.135517 
-30.357077 -6.542777 5.998167 
-29.189506 -7.858087 6.073136 
-28.474364 -7.530324 5.394060 
-27.847312 -8.009201 4.646616 
-27.413531 -7.476677 5.367047 
-26.648084 -7.532292 4.647761 
-26.442121 -7.859904 5.705752 
-27.221341 -6.682752 6.065713 
-25.773390 -5.937023 5.838548 
-23.372963 -6.739702 5.511838 
-25.050853 -3.798506 4.612643 
-28.211283 -1.007527 4.102889 
-28.175351 -0.173029 3.574680 
-28.324611 0.738754 3.086231 
-27.269646 0.763821 3.493703 
-27.195190 0.666907 2.569298 
-26.510786 1.052462 2.009688 
-27.376004 0.890269 1.580221 
-27.262541 0.343255 0.761384 
-27.841796 1.285354 0.594009 
-28.318610 1.415621 1.546811 
-28.772558 1.357824 2.413891 
-28.680793 2.041130 3.101746 
-29.346921 1.656506 3.697373 
-29.888027 2.301981 4.398631 
-30.227662 3.072190 3.815584 
-30.275894 2.292865 3.160605 
-31.087497 3.009983 2.887064 
-31.351240 2.250361 3.487785 
-31.606611 1.745988 4.336969 
-32.260012 0.395900 3.524043 
-32.700093 -0.659858 3.631826 
-32.905978 -1.285479 2.764698 
-32.926637 -2.294203 2.640890 
-31.928665 -2.611145 2.865320 
-30.713510 -1.147685 1.314148 
-29.326461 0.289260 1.623920 
-30.191697 0.036082 1.130917 
-30.081266 0.530873 0.246098 
-30.568268 -2.630754 0.817924 
