-14.147251 -6.663415 21.257559 
-13.585997 -6.587827 20.321538 
-13.506703 -7.599796 20.786414 
-12.378564 -7.589291 20.943946 
-11.993799 -8.240688 20.141205 
-11.857910 -7.212635 20.161733 
-12.726755 -7.036325 19.756306 
-12.910000 -6.029487 19.544335 
-12.841200 -5.235380 18.898024 
-11.813855 -5.165668 18.918612 
-12.368862 -4.798860 18.061677 
-12.483942 -3.920695 18.390429 
-13.486861 -3.974234 18.323180 
-14.316907 -4.582489 18.646959 
-14.184237 -4.753182 17.683046 
-14.973924 -4.943000 17.014506 
-14.632693 -5.808580 17.205963 
-15.160547 -6.512024 16.560843 
-14.989571 -7.325551 17.150445 
-15.346013 -8.238105 17.107606 
-16.391935 -8.095634 17.487774 
-16.934546 -7.315193 16.990881 
-16.184257 -7.328022 16.360353 
-16.459890 -6.940392 15.459834 
-16.367566 -5.949657 15.890304 
-16.339263 -5.096383 15.188718 
-16.097815 -4.242430 15.713151 
-16.594646 -3.631008 14.995446 
-15.759908 -3.059476 15.299494 
-15.508170 -3.503176 16.322039 
-14.934309 -3.919808 16.924310 
-14.820284 -4.508832 16.039490 
-15.671128 -4.855673 16.422785 
-16.559186 -5.296306 16.727567 
-17.416492 -4.906780 16.271298 
-18.167779 -5.607300 16.273791 
-17.669031 -6.477530 16.248214 
-17.680999 -7.426344 15.741464 
-18.723583 -7.711259 15.670415 
-18.186172 -8.364965 16.134860 
-17.894145 -8.384011 17.184402 
-18.827335 -8.927006 16.791689 
-19.246581 -9.806793 16.509118 
-18.506466 -10.136710 17.336201 
-19.077680 -9.846987 18.132679 
-20.153638 -9.405258 18.059690 
-19.780772 -9.080448 18.996994 
-20.765762 -8.996237 18.866725 
-20.799887 -10.109116 18.608846 
-20.918553 -9.860064 17.614900 
-21.178274 -8.929682 17.117320 
-20.410456 -8.368841 17.410605 
-19.423190 -8.051611 17.563151 
-19.328338 -7.527766 16.585042 
-20.044731 -6.803002 16.375875 
-19.238708 -6.155380 15.982200 
-19.195125 -6.767169 15.184082 
-18.137222 -7.109034 14.895581 
-18.871413 -7.752992 14.577000 
-19.817958 -7.939367 14.716935 
-19.496545 -8.169871 13.775669 
-18.823848 -7.483127 13.496723 
-18.508939 -8.399448 13.079135 
-19.246622 -9.116910 12.673224 
-18.658149 -9.241456 11.802118 
-18.259462 -8.185216 11.686957 
-19.020502 -8.368433 11.169601 
-19.347719 -7.742094 11.910580 
-19.544577 -6.915504 12.578610 
-20.671880 -6.929123 12.386493 
-21.324248 -6.160748 11.965165 
-21.887421 -6.621746 12.822998 
-21.072716 -6.609916 13.498038 
-20.557208 -6.201667 14.272717 
-19.275248 -4.105389 13.730666 
-21.003537 -0.841654 12.756233 
-20.273998 -0.121606 12.590193 
-19.758911 0.182179 11.736131 
-18.891917 -0.965171 12.395665 
-17.984592 -2.138275 12.046445 
-18.763760 -2.690291 11.365626 
-19.149287 -2.185897 10.536048 
-19.732851 -3.147978 10.492669 
-20.628333 -3.479278 10.423077 
-21.230264 -4.060394 11.292830 
-22.078304 -3.616051 10.662099 
-22.024546 -4.501291 10.161726 
-22.803070 -4.868595 9.571912 
-26.425315 -2.550701 9.178567 
-27.598265 1.882192 7.766762 
-25.633444 3.053577 9.844776 
-23.944377 4.478607 10.309306 
-24.045019 5.530433 10.068139 
-23.781319 6.436790 9.662651 
-23.871870 7.500583 10.020798 
-23.633517 8.189605 9.406011 
-23.112032 8.693367 8.805134 
-22.209188 9.204131 8.225267 
-21.583066 8.869748 8.975019 
-20.771649 9.000080 9.290143 
-20.490196 6.333665 10.905259 
-20.552025 5.921767 12.280108 
-23.618884 4.412114 11.551696 
-22.388263 1.467293 10.589997 
-22.158280 2.272947 11.106628 
-21.834767 2.492861 12.295985 
-21.038269 1.760104 11.926384 
-20.270134 2.937836 11.496111 
-20.394232 7.735025 10.789385 
-19.469746 8.725240 11.227184 
-20.139790 9.403243 11.639548 
-20.037459 10.495331 11.279738 
-20.975633 10.910950 11.458047 
-22.202198 11.552836 11.727861 
-23.436111 12.159781 12.217055 
-24.490906 13.369870 12.532783 
-25.469135 14.360699 10.858929 
-25.537443 16.334870 11.060091 
-24.703300 17.246134 11.086230 
-25.276426 18.150761 10.744010 
-23.362312 17.756400 12.245399 
-22.323343 17.881332 12.113008 
-22.377199 18.922537 12.012375 
-22.748348 19.757760 13.029340 
-23.189261 21.114446 13.491603 
-23.897273 20.281018 13.316197 
-23.763569 19.346794 13.563960 
-23.931910 18.790847 12.633490 
-24.972116 18.807268 12.878809 
-24.960578 19.317193 13.878561 
-21.823010 20.721207 15.823834 
-20.238210 20.833101 17.670801 
-18.889968 20.285832 18.633933 
-19.307233 19.057070 17.601950 
-18.040952 18.135596 17.449312 
-18.188119 16.494800 18.151967 
-17.087718 14.909874 17.754404 
-16.695711 14.615807 16.599001 
-15.272723 14.581942 17.367231 
-14.998756 14.129874 16.511129 
-15.008402 13.485123 17.358587 
-15.372010 12.255884 18.114658 
-14.458911 12.683085 17.810111 
-14.202913 13.287584 18.583744 
-14.631971 13.167697 19.590171 
-14.986420 12.142464 19.183698 
-16.016946 11.932003 19.270484 
-16.217780 10.748788 19.663732 
-16.933758 10.878372 18.946278 
-17.910465 10.518073 18.717793 
-18.462788 10.904517 17.953476 
-17.656483 11.153532 17.473795 
-16.740911 11.684378 17.557775 
-15.814224 11.271536 17.637331 
-16.319118 11.163248 16.757018 
-16.286013 12.513191 15.771593 
-17.228949 13.226487 16.816360 
-17.268353 12.646475 15.973929 
-17.284435 12.741267 14.956794 
-17.081100 11.764265 15.053926 
-17.020936 10.783918 15.366209 
-17.788470 10.073101 14.595711 
-16.972487 8.600936 14.029799 
-16.594693 7.311597 15.020696 
-15.189895 4.262002 16.932132 
-11.644479 4.228970 19.345000 
-11.293248 1.629774 16.910298 
-11.649661 1.322736 16.048742 
-11.053958 0.490374 15.869381 
-10.476417 0.013508 16.438806 
-10.445070 -0.818035 16.975657 
-9.629367 -1.439146 17.034592 
-9.850522 -1.489224 18.074541 
-10.834908 -1.986796 18.335561 
-10.894141 -2.411236 19.175262 
-11.285944 -3.294224 18.669637 
-11.533874 -2.905187 17.875445 
-11.558793 -2.545657 16.915358 
-11.317013 -1.488833 17.335455 
-11.726536 -1.509452 16.464969 
-11.701938 -0.522132 16.234809 
-11.923292 0.046164 17.242605 
-12.459187 0.104647 18.015808 
-13.315865 0.430970 18.264938 
-13.613270 0.335350 19.194237 
-11.972308 -0.684100 18.654202 
-10.040862 -0.339013 17.993096 
-9.634815 -0.788221 18.864812 
-9.831137 0.257792 18.701444 
-9.902029 1.215110 18.722093 
-10.229608 2.301251 17.119666 
-11.719646 2.751477 15.321803 
-11.658051 2.804049 16.420272 
-12.434379 2.156446 16.573419 
-12.903206 3.984398 17.379382 
