-13.129000 16.065190 20.328302 
-13.180124 15.173377 20.827018 
-14.057063 14.746277 20.410628 
-13.905457 14.127449 19.675330 
-13.848793 13.402572 20.304891 
-12.870831 13.344681 20.327478 
-11.867982 13.365741 19.905460 
-12.102428 12.577411 20.441276 
-11.564531 12.317665 19.616540 
-12.252526 11.484522 19.481495 
-12.425940 10.430141 19.547401 
-12.783692 10.035091 18.706993 
-12.165292 9.553980 18.071104 
-11.506650 8.876302 17.482627 
-10.750877 8.847504 18.321755 
-10.616335 8.832548 19.380096 
-11.592170 9.181011 19.107054 
-12.603290 8.934002 19.069532 
-12.141220 8.255530 18.258008 
-11.712887 7.547388 18.866421 
-11.871697 7.737211 19.811090 
-12.030036 7.547263 20.900047 
-11.340104 8.166921 21.427842 
-10.879901 8.963411 21.815495 
-11.244063 9.418091 22.850059 
-11.372689 8.849501 23.653150 
-10.787909 9.427300 24.164638 
-11.150725 10.348863 23.754725 
-11.664327 10.548944 24.633759 
-10.763092 10.410296 25.307080 
-11.361259 9.527668 25.075579 
-12.571172 9.572398 25.220145 
-12.315848 8.658257 25.512778 
-11.625588 8.071512 25.104625 
-11.341006 7.115719 24.665325 
-10.642012 6.995528 23.920286 
-11.534077 7.427355 23.604696 
-12.306517 8.096956 23.114609 
-11.732069 7.823223 22.344691 
-12.033484 8.696667 22.102870 
-12.420452 9.639571 22.720001 
-11.940043 9.729964 21.789297 
-11.024095 9.904704 22.032445 
-10.936416 9.664451 21.045193 
-11.279536 8.838039 20.321405 
-10.267441 8.889013 20.570086 
-10.604301 7.993785 20.431517 
-9.566386 8.153139 20.404351 
-9.006938 7.288737 20.221105 
-9.518530 7.030139 21.284268 
-9.903360 6.077889 21.364322 
-10.117093 6.338582 20.431896 
-9.433217 6.319529 19.686456 
-9.652163 5.506941 20.270015 
-10.068723 5.086458 21.086421 
-10.614436 4.258366 21.542036 
-10.093829 3.633224 22.191240 
-9.484110 2.928652 21.734528 
-10.076152 2.108289 21.684507 
-10.065666 2.582889 22.654541 
-9.231657 2.837028 23.302864 
-8.812830 3.429515 22.574061 
-8.538017 2.524904 22.529244 
-9.009833 1.594539 22.637500 
-9.499729 1.706675 23.504264 
-10.347175 1.586339 22.837393 
-10.161565 0.611536 22.868832 
-9.901808 -0.203500 22.305996 
-10.664617 -0.873547 21.962576 
-10.399849 -1.169301 20.954598 
-10.289113 -2.066523 21.378425 
-9.284259 -2.107421 21.542607 
-8.685383 -2.936032 21.818983 
-8.793262 -3.612925 21.029654 
-8.992178 -5.892128 18.561739 
-9.948874 -4.895541 17.825051 
-9.447990 -4.002987 17.905071 
-10.179625 -3.791834 18.724018 
-10.225599 -4.462422 19.491340 
-11.078026 -4.142361 19.286727 
-11.712956 -4.814069 19.890330 
-11.834299 -5.873217 20.126317 
-10.923582 -5.988902 19.493070 
-10.779083 -7.033280 20.521242 
-11.393633 -6.685824 21.780123 
-11.335696 -5.683228 21.319309 
-12.089758 -5.125493 21.247112 
-12.942605 -4.253324 21.071910 
-9.037771 -3.506940 19.742229 
-8.757352 -1.674707 20.989072 
-7.548362 -0.640985 21.936141 
-7.559426 0.526902 21.694014 
-6.657299 0.839543 21.917189 
-7.020292 1.742324 21.426390 
-7.958309 1.558457 21.921701 
-7.686669 1.715764 22.948145 
-6.739233 2.278788 22.980065 
-6.787743 1.204018 22.821933 
-7.619246 0.831849 23.233519 
-5.889720 2.353336 22.499056 
-5.663507 -1.582077 21.395218 
-7.622860 -4.029473 21.153189 
-7.396344 -6.701715 20.072322 
-8.295181 -10.231694 16.572019 
-7.353103 -9.643375 15.816047 
-6.742034 -9.067495 15.058970 
-6.185138 -8.493980 14.384615 
-6.050521 -5.711768 18.248389 
-4.589564 -1.805647 20.427203 
-5.607789 -1.028424 19.100045 
-5.883684 0.067428 19.274815 
-5.769666 0.574300 18.383042 
-6.534051 0.238117 17.819089 
-7.649895 -0.156811 17.436010 
-8.645974 -0.380923 17.942400 
-9.719187 0.746657 16.803207 
-8.100870 0.339679 14.538792 
-6.459295 -1.044106 15.859541 
-7.257505 -1.361137 16.530814 
-7.671515 -1.626706 18.568472 
-7.560820 -1.107375 19.855958 
-6.833660 -0.309709 19.973495 
-7.690136 0.077637 19.417831 
-7.658444 0.982789 19.479567 
-8.882087 0.551472 18.918090 
-9.368124 0.281508 19.741613 
-9.752746 0.980354 20.469060 
-8.840258 0.800127 20.400237 
-7.822412 1.143398 20.865741 
-8.602877 0.526235 21.330182 
-8.699472 2.610839 19.360673 
-7.944988 4.232526 20.744854 
-5.560458 3.648349 22.390387 
-4.682726 3.560245 21.003948 
-4.408180 2.202363 21.422846 
-3.812767 1.232994 23.050821 
-5.144336 1.073002 24.257343 
-5.679417 2.648535 25.008769 
-7.101073 2.840306 25.714539 
-7.821699 2.806646 25.016617 
-9.090995 2.746550 24.677027 
-8.778954 3.953529 23.465187 
-8.111792 4.694349 23.585813 
-7.345300 5.338123 23.794902 
-6.498682 5.905441 24.058195 
-6.556347 6.527132 23.217964 
-6.955769 7.009069 22.417595 
-7.991625 8.362676 22.381895 
-8.332089 9.679078 22.465364 
-9.253336 9.760989 22.919685 
-9.849708 9.852811 22.201678 
-10.217526 10.388328 22.987314 
-10.438702 10.860937 22.022217 
-10.310187 10.607677 20.997214 
-11.332068 10.529917 21.339226 
-11.340221 10.623658 20.365253 
-11.119843 12.210048 20.552040 
-10.556321 13.058350 20.563104 
-10.683708 13.526071 19.565376 
-10.293585 14.474501 19.791151 
-11.274736 14.617973 20.015953 
-11.877825 16.056198 19.427449 
-12.125148 15.902286 17.747665 
-12.801467 14.998012 19.142954 
-14.210644 18.334087 18.931149 
-16.205402 21.853095 15.623735 
-16.766619 20.481990 15.194352 
-16.644684 19.586963 15.550451 
-17.002165 19.851211 16.587111 
-17.722975 19.898483 17.234577 
-18.691683 20.466841 17.276558 
-19.255084 19.887841 16.478988 
-19.277367 20.681167 15.806524 
-18.266331 20.224988 16.110818 
-18.339808 21.149592 16.476914 
-18.022877 21.796345 17.250573 
-17.916756 22.734050 17.660415 
-17.401041 22.049467 18.123355 
-16.286511 21.834557 18.105580 
-16.788776 21.059421 18.546312 
-17.043710 21.213613 17.572488 
-17.352690 20.846997 16.686829 
-16.343558 20.544426 16.907789 
-15.776889 20.533008 17.707733 
-15.146883 19.677734 17.642167 
-15.800795 18.915091 16.671978 
-15.191808 18.414895 15.875662 
-16.052579 18.149827 15.206939 
-16.869630 18.292493 15.654309 
-16.921626 17.357774 15.146623 
-17.180904 16.824970 13.209794 
-17.734700 15.779982 11.938383 
-17.183508 15.645044 12.783914 
-18.059447 15.622697 13.300883 
-19.571616 17.220763 14.807002 
