-17.366791 1.722417 26.234413 
-17.092608 2.229092 25.411440 
-16.135545 2.584714 25.397378 
-16.575352 3.376999 25.681870 
-16.650756 2.430253 26.301601 
-15.817457 1.877095 26.915641 
-15.033826 2.456290 26.570364 
-15.164414 2.900226 27.516133 
-15.160409 2.198221 28.138383 
-15.507801 2.951601 28.775614 
-16.430844 2.676472 28.290407 
-16.872133 2.116398 27.366294 
-17.213181 1.155924 27.471608 
-16.852738 0.565978 28.126943 
-16.976100 -0.301238 28.718978 
-16.721690 -1.122516 29.255336 
-17.649967 -0.884519 29.409893 
-17.914458 -1.884235 29.492546 
-18.783831 -1.907089 29.967323 
-19.293665 -1.613440 28.960523 
-18.763459 -0.655702 28.633658 
-19.174380 0.243995 28.691725 
-18.340398 -0.082765 28.006678 
-17.836685 0.874369 28.167951 
-17.314355 0.984836 29.021061 
-17.813793 1.532749 29.748099 
-18.864491 1.201506 29.457321 
-18.292149 0.337943 29.759861 
-17.417408 0.234184 30.333664 
-17.409764 1.176546 30.862271 
-16.406960 0.682976 30.627287 
-16.127815 0.579342 29.634259 
-15.863673 -0.350297 29.437565 
-15.481195 -1.112135 30.103170 
-15.523262 -2.230518 29.712327 
-16.584290 -2.366639 29.647680 
-16.133044 -3.070953 30.430036 
-16.277375 -3.357552 29.429764 
-17.054912 -4.060260 29.811978 
-16.072571 -4.510498 29.464593 
-16.480267 -5.221809 30.261472 
-16.547263 -5.622332 29.297054 
-16.168805 -6.175719 28.415013 
-17.038908 -6.601896 28.018225 
-17.423297 -7.169503 28.796149 
-16.987861 -7.340539 29.776218 
-16.221672 -7.442577 29.036930 
-15.453741 -7.588045 28.428185 
-15.462735 -7.542000 27.409259 
-16.040167 -8.359126 27.155925 
-16.178286 -7.885227 26.285917 
-15.724217 -8.792699 26.185717 
-15.685723 -8.822244 25.076981 
-15.020110 -9.404289 24.798784 
-14.607970 -10.302588 24.524092 
-15.285803 -10.531056 25.330815 
-14.496941 -11.131726 25.442352 
-13.658932 -11.666493 25.506340 
-12.921921 -11.307546 26.177367 
-11.988870 -11.109306 25.901484 
-11.964403 -12.114354 25.978886 
-12.897573 -12.513712 26.218570 
-13.500260 -12.806469 26.937800 
-13.981351 -12.997141 26.079722 
-13.640231 -13.988628 26.632821 
-12.951987 -13.758390 27.279239 
-13.364880 -14.476502 27.901311 
-14.299637 -14.649567 28.403284 
-14.249253 -15.682976 28.117814 
-14.120001 -15.803944 27.113314 
-14.384056 -14.898625 26.836533 
-13.555384 -15.199547 26.199340 
-12.863680 -16.022563 26.596421 
-12.251659 -16.800490 26.299615 
-13.621640 -13.848650 28.265407 
-16.670788 -13.245464 26.893677 
-16.978624 -13.621406 25.951433 
-17.071004 -14.601183 25.762904 
-17.240323 -14.591828 27.205510 
-16.817866 -15.260725 27.674713 
-16.033395 -14.729630 27.177761 
-15.516317 -15.067911 26.394198 
-14.807661 -15.849594 26.110584 
-15.594851 -16.508271 25.884536 
-16.009008 -15.310877 25.407331 
-15.203338 -15.065659 24.906932 
-15.263908 -15.556400 24.005482 
-16.076149 -16.359736 24.106656 
-13.131925 -17.727559 25.391147 
-10.800237 -18.729279 27.222140 
-8.413290 -17.170823 27.905499 
-7.488419 -16.878860 29.851164 
-6.540136 -17.029306 29.466335 
-7.029120 -16.550940 28.678033 
-6.427446 -17.354769 28.457052 
-5.485864 -17.187090 28.695351 
-4.797961 -17.755277 28.397706 
-4.393508 -17.295699 29.142180 
-3.386007 -17.217068 29.242262 
-2.926096 -16.151559 27.306723 
-3.593334 -18.258828 27.672232 
-3.649613 -19.155438 27.828043 
-3.833661 -15.159814 27.240441 
-0.487222 -12.236275 26.415815 
0.298621 -11.816505 27.462481 
1.282100 -10.703092 27.875035 
2.089158 -9.945810 27.931985 
3.843966 -7.643883 26.229451 
4.142565 -10.921426 28.264285 
4.618587 -12.433492 27.923896 
5.318417 -11.651458 27.759952 
6.043483 -11.325495 28.288121 
6.692178 -12.172536 28.441904 
7.223660 -12.095243 27.606174 
6.427020 -11.060486 26.714734 
5.995920 -12.215590 25.580906 
7.746775 -12.919877 25.312748 
8.037269 -14.259776 24.234415 
8.912413 -13.886178 24.770806 
8.793742 -15.438411 24.100304 
6.779685 -16.461682 23.364939 
6.564317 -15.524281 23.601147 
6.901629 -15.944080 24.477127 
6.510047 -16.355768 25.444940 
5.866950 -16.352392 26.403107 
6.784707 -17.002645 26.243353 
6.952385 -17.620337 27.009377 
6.042687 -17.518879 27.326166 
5.324732 -17.069394 26.812243 
4.361732 -17.083025 26.570754 
3.452833 -19.138071 26.098816 
0.390121 -20.459500 25.292501 
-2.240942 -19.548068 26.496931 
-1.956444 -19.995210 27.961013 
-1.497373 -20.879660 28.150427 
-2.821550 -21.747496 26.943563 
-3.242737 -21.084762 25.847510 
-2.286444 -19.152821 25.735202 
-0.422986 -18.961946 25.833993 
0.388103 -19.651792 25.905515 
0.282698 -18.702181 27.381989 
0.871223 -19.749004 28.098376 
0.795959 -19.645353 27.115528 
-0.211802 -19.701314 27.363655 
-0.353333 -20.365573 26.643268 
-1.130337 -19.949440 27.048278 
-1.019483 -19.068955 26.760421 
-1.900809 -18.364357 26.826877 
-1.138426 -18.464899 27.603241 
-0.429458 -17.720788 27.554927 
-0.213991 -17.689743 26.543204 
-0.414130 -17.160951 25.742588 
-0.951593 -17.697799 25.122805 
-0.393154 -18.117629 24.326076 
0.157780 -18.611849 23.487144 
0.809748 -19.392806 22.193510 
2.334526 -19.772506 22.585174 
3.152354 -20.050695 23.182524 
4.084229 -20.318457 23.050808 
4.165325 -19.487514 23.725114 
5.128959 -19.539469 23.507776 
4.603374 -20.009445 24.558133 
4.899554 -21.081188 24.856014 
3.819244 -21.794014 26.854375 
2.685686 -22.147767 26.226627 
3.932585 -22.355767 23.424718 
1.706072 -21.577758 24.862003 
2.313345 -20.780080 24.644062 
3.143407 -21.119684 24.075509 
3.018409 -20.161135 24.247246 
2.214051 -19.957747 23.698183 
1.346186 -19.328045 23.682978 
0.459921 -19.920061 23.520928 
0.823997 -20.810729 23.498055 
0.779648 -20.893975 22.400846 
-0.236330 -21.260903 22.600917 
-1.063248 -21.899029 22.421274 
-2.076324 -21.500827 22.550604 
-2.726622 -22.158103 23.098190 
-2.126068 -22.640933 22.418501 
-1.658654 -22.643319 23.337947 
-2.003138 -22.287629 24.244469 
-1.664355 -22.462389 25.247353 
-0.882719 -21.955298 24.676316 
-0.480399 -20.987173 24.551184 
-2.068163 -20.433609 24.200264 
-3.201938 -20.790507 23.815260 
-3.488240 -20.044121 23.150563 
-4.088559 -19.370836 22.853968 
-3.788364 -18.644484 22.264719 
-6.118626 -18.460300 24.751624 
-6.741877 -18.730987 27.551529 
-7.609049 -19.268654 27.796546 
-7.982803 -20.004337 27.140808 
-6.292245 -20.529703 25.055328 
