-21.190154 -5.307300 27.347260 
-21.865733 -4.748237 27.878391 
-21.123783 -4.280398 27.346074 
-20.687325 -3.458329 26.855093 
-20.150967 -4.236333 26.531087 
-19.530099 -4.633418 27.133291 
-19.941184 -5.252483 27.800527 
-18.991310 -5.563515 27.906879 
-18.061545 -6.073152 28.000557 
-18.351173 -6.518656 28.839285 
-17.941710 -5.512553 29.069528 
-17.633036 -5.183168 28.169657 
-17.469830 -5.253458 27.225638 
-16.579967 -5.897010 27.275597 
-15.550497 -5.665644 27.193912 
-15.127965 -5.271342 26.218836 
-15.593904 -5.970033 25.615139 
-14.620825 -5.993334 25.236359 
-14.038669 -6.639502 24.591420 
-14.919009 -7.203232 24.642737 
-14.898521 -8.162883 24.249103 
-13.979040 -7.574537 24.332918 
-13.903858 -7.224563 23.373747 
-13.795526 -6.621066 22.610232 
-14.581762 -6.397264 23.209978 
-15.294335 -5.650850 23.252379 
-15.018071 -5.775743 24.276343 
-15.929073 -5.630039 24.231732 
-16.873094 -5.500343 24.368611 
-16.373886 -4.906374 24.974647 
-16.047476 -4.792151 26.011631 
-15.430703 -4.295011 26.673571 
-15.331446 -3.315338 26.552855 
-16.046269 -2.959380 25.970195 
-16.113358 -2.118393 26.490548 
-15.973742 -2.124201 27.509863 
-15.627020 -1.182511 27.030701 
-16.359867 -0.828036 27.695420 
-16.882078 -1.417064 27.001862 
-17.829001 -1.423259 27.314787 
-18.182081 -0.528722 26.889209 
-18.987950 -1.156543 26.945076 
-19.316094 -0.390387 27.505823 
-19.767886 -0.903995 28.391283 
-20.459234 -0.291258 28.022013 
-21.170550 -0.617488 27.334527 
-20.964701 0.477527 27.615303 
-20.493569 0.770506 26.802654 
-20.174421 1.582710 27.342524 
-19.483107 2.034515 28.064075 
-18.643477 2.609639 27.805177 
-17.542108 2.806437 27.789444 
-17.765063 3.106307 26.849749 
-17.856673 2.089724 27.018761 
-17.366791 1.722417 26.234413 
-17.092608 2.229092 25.411440 
-16.135545 2.584714 25.397378 
-16.575352 3.376999 25.681870 
-16.650756 2.430253 26.301601 
-15.817457 1.877095 26.915641 
-15.033826 2.456290 26.570364 
-15.164414 2.900226 27.516133 
-15.160409 2.198221 28.138383 
-15.507801 2.951601 28.775614 
-16.430844 2.676472 28.290407 
-16.872133 2.116398 27.366294 
-17.213181 1.155924 27.471608 
-16.852738 0.565978 28.126943 
-16.976100 -0.301238 28.718978 
-16.721690 -1.122516 29.255336 
-17.649967 -0.884519 29.409893 
-17.914458 -1.884235 29.492546 
-18.783831 -1.907089 29.967323 
-19.293665 -1.613440 28.960523 
-17.325880 0.065649 29.490286 
-16.133044 -3.070953 30.430036 
-16.277375 -3.357552 29.429764 
-17.054912 -4.060260 29.811978 
-16.276419 -4.866154 29.863033 
-16.547263 -5.622332 29.297054 
-16.168805 -6.175719 28.415013 
-17.038908 -6.601896 28.018225 
-17.423297 -7.169503 28.796149 
-16.604767 -7.391558 29.406574 
-15.453741 -7.588045 28.428185 
-15.462735 -7.542000 27.409259 
-16.040167 -8.359126 27.155925 
-16.178286 -7.885227 26.285917 
-13.979394 -10.875207 25.673266 
-13.747890 -14.258867 27.402365 
-13.434956 -15.745034 26.609045 
-12.659710 -17.065907 27.204722 
-13.229524 -16.443965 27.905922 
-13.152889 -15.649836 28.530185 
-12.526434 -14.897032 28.705104 
-12.020358 -14.102252 29.315569 
-12.862810 -14.150748 29.844800 
-13.505873 -14.528376 29.193451 
-13.360205 -13.572450 28.940182 
-15.512051 -13.453993 27.365205 
-15.454338 -15.718430 25.764686 
-15.263908 -15.556400 24.005482 
-11.688630 -17.805010 26.319198 
-7.488419 -16.878860 29.851164 
-6.784628 -16.790123 29.072184 
-6.427446 -17.354769 28.457052 
-5.485864 -17.187090 28.695351 
-3.191663 -16.427743 27.529245 
-3.746473 -18.057706 27.500213 
-3.178860 -18.408370 28.346596 
-2.969041 -19.385784 28.513504 
-3.649613 -19.155438 27.828043 
-4.278590 -19.351682 27.059460 
-5.334308 -18.324844 27.048160 
-6.396835 -17.164353 26.145559 
-5.930524 -16.031060 27.247662 
-4.296391 -13.716647 27.555972 
-2.074516 -13.221628 27.451998 
-2.129298 -13.981034 26.467750 
-0.643585 -12.992267 27.344656 
0.453458 -11.335732 27.587137 
1.282100 -10.703092 27.875035 
2.089158 -9.945810 27.931985 
2.852378 -8.930384 28.045558 
3.624027 -9.134251 26.994076 
3.894060 -9.493142 26.015291 
2.992254 -8.866088 26.035016 
2.598041 -7.906222 25.955144 
2.863184 -7.210573 25.380624 
3.719510 -6.819224 25.113240 
4.473394 -8.595190 26.796464 
6.589261 -11.967685 26.959729 
6.694171 -12.767192 25.267394 
7.073199 -13.166057 26.040178 
8.172843 -12.111772 25.143972 
8.590061 -13.588291 24.477602 
9.664736 -14.514404 24.888388 
9.148315 -15.165306 23.823104 
7.960050 -16.114653 24.391749 
7.338149 -16.778593 24.129571 
6.748544 -15.976681 23.814404 
6.970794 -16.253197 25.499087 
6.049301 -16.458340 25.390793 
5.866950 -16.352392 26.403107 
6.784707 -17.002645 26.243353 
6.952385 -17.620337 27.009377 
6.042687 -17.518879 27.326166 
4.805168 -17.344812 26.835585 
5.325510 -18.639109 27.346316 
4.625241 -18.815596 26.527445 
5.017887 -19.030980 25.638963 
5.797228 -19.662904 25.729766 
5.200711 -20.541244 25.930841 
4.275063 -20.082794 26.271468 
3.304686 -20.103495 26.756358 
2.411135 -19.541558 27.263281 
1.723087 -18.709013 26.423456 
1.974080 -18.663873 25.405962 
1.413749 -17.845389 24.995099 
1.919177 -18.532870 24.424032 
2.933764 -18.775962 24.291104 
2.318502 -19.549567 25.105123 
1.268474 -20.632564 25.416699 
0.446387 -20.756621 25.028881 
-2.325464 -20.884665 26.992776 
-0.597204 -19.338732 26.649671 
-1.019483 -19.068955 26.760421 
-1.977815 -18.911094 27.219526 
-2.197969 -18.329885 26.328959 
-1.526643 -17.852093 26.932146 
-1.138426 -18.464899 27.603241 
-0.429458 -17.720788 27.554927 
-0.213991 -17.689743 26.543204 
-0.414130 -17.160951 25.742588 
-0.951593 -17.697799 25.122805 
-0.393154 -18.117629 24.326076 
0.157780 -18.611849 23.487144 
0.539402 -18.710849 22.586488 
0.439991 -19.567579 21.945454 
1.449850 -19.899990 22.048589 
2.334526 -19.772506 22.585174 
3.152354 -20.050695 23.182524 
4.084229 -20.318457 23.050808 
4.165325 -19.487514 23.725114 
5.128959 -19.539469 23.507776 
4.491269 -20.672739 25.116533 
3.834843 -22.058145 27.219688 
3.204200 -22.191002 28.029025 
3.002079 -22.698427 27.142397 
2.234052 -23.392953 27.515656 
2.248667 -21.387833 26.341304 
3.936035 -22.588896 25.241036 
4.000559 -23.629824 25.412674 
3.751859 -24.508201 24.903950 
3.692226 -22.208661 23.590758 
