6.904350 -14.057787 30.106744 
5.921265 -14.483952 30.350931 
6.277355 -14.461929 31.307351 
6.368898 -14.360011 32.333034 
6.897257 -13.487797 31.943955 
7.794529 -13.630939 31.422908 
8.164909 -12.648955 31.528131 
8.142265 -12.758348 30.498159 
8.099139 -13.243518 29.549620 
8.922757 -13.484170 30.214812 
9.491000 -14.285926 30.403942 
10.412592 -14.870749 30.416839 
10.816727 -15.828762 30.264430 
11.428189 -15.029970 29.981377 
11.881504 -15.321733 29.096927 
11.678056 -15.242982 28.115256 
10.980988 -14.770408 27.612350 
11.309997 -14.020899 28.279190 
11.843542 -13.146112 27.750278 
11.920594 -13.801552 26.994439 
10.857178 -14.001433 26.787683 
10.285868 -14.352292 26.032079 
9.495379 -14.598162 26.684978 
8.535930 -14.060886 26.334296 
9.136313 -13.208938 26.057590 
9.448447 -12.454913 26.664850 
8.548857 -12.269044 27.140410 
9.372384 -12.512951 27.773756 
9.450089 -11.624764 28.281343 
9.491250 -10.592736 28.847466 
8.760259 -10.139827 29.570416 
8.030404 -10.971088 29.179448 
8.083210 -11.286644 30.203387 
8.218634 -10.879203 31.174048 
8.243067 -10.346482 32.032189 
7.576264 -9.562959 31.968561 
7.744456 -9.752839 30.992573 
8.538104 -9.477006 30.445547 
8.915239 -8.620373 30.749307 
9.792946 -8.670696 30.270708 
10.490832 -7.876432 30.305968 
10.634844 -7.552141 31.298693 
11.363604 -8.176065 31.916349 
11.196933 -9.115731 32.337309 
11.538461 -9.451967 31.451252 
10.664994 -9.757774 31.087979 
11.374315 -10.078883 30.289733 
10.723542 -9.239826 30.093425 
10.835494 -8.713061 30.934774 
11.535512 -8.164991 30.361921 
12.350393 -7.558185 30.735329 
13.210250 -7.835847 30.033404 
13.616569 -7.266975 30.795754 
14.283734 -7.902382 30.426538 
14.364455 -8.974193 29.980879 
14.602563 -9.943644 30.263580 
13.632741 -9.900545 30.043726 
12.984348 -9.510830 30.906651 
12.291111 -9.363619 30.196353 
11.753101 -8.866236 29.533145 
12.320032 -8.892267 28.655143 
12.486906 -9.682369 28.115153 
13.393290 -9.480576 28.565337 
13.654010 -10.336203 29.060751 
13.622207 -10.985890 29.920746 
13.983953 -11.457492 29.072658 
13.067946 -11.174933 28.610318 
12.530428 -11.577323 27.897571 
12.175103 -10.656984 27.647610 
11.466872 -10.300796 26.981402 
12.322675 -10.212161 26.530153 
13.200914 -9.664996 26.634030 
12.891500 -9.135783 27.405143 
12.038598 -9.132725 26.911487 
12.642901 -8.559834 27.475679 
16.945570 -5.440459 28.171538 
16.882176 -4.896063 29.050128 
17.444842 -4.401097 29.841416 
16.694823 -3.889356 29.506270 
16.715119 -4.868315 30.630200 
15.907447 -5.155219 31.238858 
16.192028 -5.828968 30.436761 
15.637281 -6.377289 29.841729 
14.265657 -5.815339 29.420390 
13.810001 -6.323684 28.724179 
13.212396 -6.192352 27.899487 
13.007378 -5.364364 28.497368 
12.428052 -4.509817 28.146289 
12.351889 -4.846875 27.424742 
9.807653 -7.232366 29.381177 
11.253687 -10.391391 28.907624 
11.175476 -12.252274 28.304780 
10.777356 -12.861837 27.672087 
10.571440 -12.228341 26.968477 
11.279024 -12.769000 26.489438 
11.617796 -11.870237 26.632133 
10.964398 -11.048702 26.548052 
10.725849 -11.163069 27.614069 
10.222078 -10.299628 27.829783 
7.595234 -10.834434 28.893369 
4.286541 -10.475854 31.179971 
4.438857 -10.486205 30.448209 
3.099545 -7.735120 28.269656 
2.048855 -7.752194 29.656779 
2.798576 -7.712042 30.688247 
2.972374 -7.633561 31.872144 
2.410341 -8.246984 31.350908 
0.824252 -8.859680 29.008057 
-1.755205 -5.243189 29.059405 
-1.327827 -6.221963 29.649295 
-2.268165 -6.060443 30.039138 
-2.185106 -6.939392 29.576135 
-1.979168 -6.290971 28.811477 
-3.693242 -6.344461 28.949828 
-5.031965 -5.273411 29.782467 
-3.825139 -5.648976 30.349983 
-4.423795 -7.123491 30.530235 
-4.521792 -8.058192 30.086677 
-3.380482 -7.723844 29.165837 
-3.082291 -9.395316 27.306418 
-4.189709 -11.685161 26.885815 
-4.036471 -12.613372 26.874615 
-5.068406 -12.739345 26.846971 
-6.048166 -12.947879 26.055837 
-6.841324 -13.505584 27.122752 
-6.938060 -12.623270 27.726140 
-7.614034 -13.352560 28.100185 
-6.508277 -13.464082 28.227305 
-6.343656 -12.526769 28.701644 
-5.321370 -12.574294 28.813678 
-0.720185 -10.182661 27.451767 
3.745353 -5.837440 28.987154 
5.257649 -4.029592 28.511641 
6.871443 -3.842661 28.212665 
7.291559 -3.678720 27.179329 
6.639399 -3.296663 26.972742 
7.418449 -2.498711 27.179504 
9.016927 -3.203703 27.277759 
9.740114 -4.187155 27.164951 
9.456956 -4.847346 27.826071 
8.548352 -4.694139 27.765649 
9.144472 -6.112967 27.857117 
8.246331 -6.622483 28.197545 
7.601490 -6.378720 28.972848 
6.737341 -5.875673 29.265287 
6.547081 -4.826172 29.347516 
6.298095 -3.986584 29.801303 
6.606501 -2.682055 29.404181 
5.527223 -3.094703 30.489757 
5.150422 -3.802736 29.768934 
5.017472 -2.855679 29.545277 
5.176651 -1.831158 29.458548 
5.850564 -0.914153 29.627638 
6.850475 -0.837044 30.080213 
6.974095 -1.397983 31.001016 
7.908339 -2.383401 29.904276 
8.754686 -1.838097 29.434103 
7.946623 -1.157784 29.388749 
7.394185 -0.267837 29.216721 
7.817733 -0.161764 28.259009 
8.617964 -0.788397 28.641245 
9.568904 -0.564893 30.209855 
10.604092 -1.565612 31.116531 
8.942352 -2.487449 31.063173 
6.477062 -4.321360 27.272023 
6.468774 -4.591683 23.971350 
4.773045 -6.833020 27.255304 
5.166579 -7.695878 26.912322 
6.121817 -7.214797 27.057394 
6.448381 -8.247219 27.059125 
5.578577 -8.201309 27.732291 
5.514772 -8.704300 28.585411 
5.902685 -9.485709 29.212651 
6.069928 -8.676351 29.799831 
5.547736 -9.067251 30.509999 
5.163872 -9.776526 29.967507 
4.998586 -10.761604 29.640769 
5.207293 -11.662392 29.111617 
5.523407 -12.466504 29.319420 
5.655326 -12.734603 28.303688 
6.540025 -12.852561 27.665929 
6.810544 -13.805890 27.166139 
7.222038 -14.687416 26.677220 
7.948027 -14.868307 25.828687 
8.523163 -15.743836 25.832767 
9.985655 -16.187456 26.600646 
12.064280 -17.157580 26.186906 
12.844109 -17.809209 26.464470 
13.601823 -17.722583 25.848176 
13.096898 -17.406181 24.992501 
11.084820 -19.334798 25.117254 
8.382672 -20.587420 24.616751 
8.220006 -19.904383 25.350518 
8.933442 -19.224929 25.642589 
7.796122 -17.021725 27.263061 
