24.642327 -15.421477 -2.988805 
24.966664 -16.188807 -2.325157 
24.570124 -15.305889 -1.780428 
24.065592 -14.277632 -1.763658 
23.257723 -14.251792 -1.242053 
23.414412 -13.575600 -0.550305 
22.360427 -13.403161 -0.719032 
21.729210 -13.354905 0.129802 
21.771470 -12.605806 -0.739241 
20.663349 -12.866957 -0.746938 
20.599888 -12.944914 0.240877 
19.889584 -12.912136 0.987648 
20.317673 -13.792630 1.429190 
20.977307 -14.495063 0.889520 
20.384524 -15.258521 0.911156 
19.487740 -14.710497 1.044813 
19.518351 -15.292858 2.011369 
19.670683 -15.440703 2.916791 
20.607691 -15.925742 2.362634 
20.479192 -14.936103 1.982523 
21.562326 -14.928474 2.180417 
21.084080 -14.372774 2.871380 
20.953925 -13.415011 3.177034 
20.060296 -13.066080 3.480535 
19.641097 -13.576432 4.231089 
19.177637 -14.127575 4.974318 
19.308918 -14.341096 5.915854 
19.266263 -15.306344 5.362767 
20.091780 -15.797213 4.981088 
20.093940 -14.986273 4.406016 
20.636453 -14.083823 4.040527 
21.283795 -13.496740 4.452741 
21.680240 -14.078698 5.175703 
21.747669 -14.050842 6.271961 
22.259058 -13.084536 6.064326 
22.005964 -12.726604 5.118544 
21.085277 -12.466677 5.617497 
21.279829 -12.897856 6.492775 
20.724861 -11.991093 6.509159 
20.153361 -11.284754 6.169716 
20.997371 -10.905305 6.090708 
20.294652 -10.764460 5.090849 
20.341667 -11.069066 4.144503 
21.197129 -11.461663 4.648946 
21.847726 -12.044542 4.075745 
22.713564 -11.554836 3.847572 
21.986030 -10.979933 3.883863 
21.235541 -11.103723 3.196924 
21.876750 -10.338241 3.022019 
22.238879 -10.332116 2.030700 
21.626314 -9.572701 1.666027 
21.173671 -9.790499 0.821014 
20.522410 -10.481664 1.045311 
19.979116 -9.590104 1.194030 
20.703039 -9.150852 1.855684 
20.788417 -10.056488 2.445925 
20.873052 -9.553270 3.390771 
19.927535 -9.459128 2.909110 
19.712791 -10.370242 3.193245 
20.002444 -11.349320 3.026966 
20.230543 -11.496803 2.034519 
19.438595 -10.721289 2.002876 
18.529473 -11.316799 1.902465 
18.907563 -12.055400 2.374556 
18.936638 -11.190936 2.795638 
18.122475 -11.649588 3.075258 
17.818755 -12.624881 2.911621 
18.104659 -13.638274 2.630503 
17.530816 -13.506505 3.533613 
17.130276 -13.273530 4.419676 
18.060139 -13.196740 4.762330 
18.917960 -12.908609 5.235508 
19.588207 -13.014719 5.867932 
20.127092 -13.385862 5.012235 
20.798467 -9.724836 5.279377 
24.269792 -7.202480 6.701471 
25.333122 -7.458228 6.630753 
26.033253 -8.064992 7.251101 
26.603859 -8.093562 8.485257 
25.762518 -7.084921 8.514452 
24.952898 -6.590937 9.078381 
24.742340 -6.054962 9.895532 
24.856429 -5.695650 10.816521 
25.729794 -5.113417 11.040462 
26.737325 -5.114930 12.083078 
26.926858 -5.563380 13.010738 
26.984653 -6.171087 13.790621 
26.668693 -6.189852 14.682189 
26.217727 -7.452775 15.595250 
26.155299 -6.233780 17.375180 
24.655086 -4.840637 14.527265 
25.030935 -3.485339 12.971995 
25.506085 -3.738731 11.964657 
26.063072 -3.567656 12.772519 
25.517758 -4.459216 13.003657 
25.513505 -5.384175 13.479770 
25.641700 -4.900261 14.332522 
26.034067 -4.001113 14.301497 
26.928916 -4.509172 13.991640 
25.874069 -3.989350 8.886736 
23.296033 -2.064404 7.645042 
24.982424 -0.054458 7.503160 
23.378596 -2.502125 5.286828 
21.715618 -3.973353 1.303906 
21.344854 -4.699168 0.392662 
21.396117 -4.145127 -0.458897 
20.376325 -4.174247 -0.151101 
19.485406 -4.848106 -3.609004 
15.890118 -6.311125 -7.025479 
15.156791 -5.055477 -5.945752 
16.073831 -5.075339 -6.653850 
16.219446 -5.294983 -5.667794 
16.346671 -4.265879 -5.833005 
17.322292 -4.687497 -7.025565 
17.642255 -6.094209 -7.977296 
19.055992 -6.166304 -8.934903 
17.284712 -7.948933 -9.600970 
16.622809 -9.146843 -11.301645 
15.948144 -10.086937 -11.165329 
16.814702 -9.607029 -10.702397 
15.522902 -8.644950 -8.714215 
15.929201 -7.733675 -8.592455 
16.454098 -8.141072 -7.803515 
17.217747 -7.572520 -7.874336 
17.336036 -6.852353 -8.787985 
16.341182 -6.475444 -8.897713 
16.662385 -5.550574 -9.239396 
16.079120 -4.812353 -9.947118 
16.835758 -4.442624 -10.336049 
17.127998 -3.850582 -9.471579 
20.014697 -4.097739 -9.338857 
21.042455 -4.085452 -13.340225 
21.334333 -3.290056 -13.176786 
21.216809 -1.777367 -12.910511 
20.576430 -2.043458 -11.665371 
19.894393 -0.660893 -11.230505 
19.218878 1.527946 -11.736588 
18.992464 0.262452 -12.521854 
18.775314 -0.212185 -13.840458 
19.357700 0.605077 -13.553968 
20.319586 0.965682 -15.084388 
19.709227 0.844969 -16.100999 
19.923244 0.114143 -16.726628 
19.018660 -0.105209 -16.318250 
18.816635 -0.885898 -15.713763 
19.518381 -1.676941 -15.714638 
18.837151 -1.964402 -15.040012 
19.299739 -1.364824 -13.180005 
20.539934 -0.565579 -12.473754 
21.291598 0.074919 -12.705272 
21.734429 0.038090 -13.707023 
21.282376 0.970319 -13.531934 
21.124733 1.711749 -12.879911 
20.165792 1.564435 -12.431390 
20.224479 1.440729 -11.328866 
21.732309 1.416129 -11.590613 
21.914756 2.921905 -12.399233 
21.096838 2.448007 -12.040850 
20.980799 3.450796 -11.646101 
21.145704 2.761560 -10.921591 
21.035418 1.976324 -10.116891 
20.769214 2.392081 -9.027219 
20.923703 1.330155 -7.318824 
22.670939 1.763216 -7.491472 
22.603080 3.058902 -6.501738 
23.580486 3.665296 -8.134771 
26.024266 3.648603 -6.637674 
25.245989 3.403910 -7.239785 
25.244446 3.358655 -6.246266 
24.557855 2.778742 -6.931476 
24.455009 2.360567 -5.911077 
24.953860 1.378282 -5.640090 
24.213420 1.014537 -5.109016 
24.213205 0.178138 -5.645628 
23.600390 1.084524 -5.921990 
23.012449 1.496199 -5.269800 
22.021596 1.772795 -5.108469 
21.343790 0.983926 -4.649323 
21.800739 0.228027 -5.136962 
21.642444 0.080464 -6.169786 
22.569111 -0.233461 -6.616022 
22.398267 -0.717129 -7.507217 
21.885707 -1.367837 -8.159391 
22.863948 -1.345752 -8.690642 
22.389195 -1.770700 -9.462947 
21.241029 -2.960757 -10.732241 
20.802662 -4.055577 -11.584807 
20.432783 -4.584754 -10.803304 
19.418978 -4.777177 -10.935771 
19.927113 -5.136338 -11.752407 
21.967255 -5.819757 -11.846238 
21.617333 -5.542867 -10.901356 
21.889065 -6.417489 -11.299330 
21.273808 -6.931605 -10.624044 
19.907962 -6.710314 -10.593162 
