17.991509 -24.582961 2.039245 
17.116093 -24.137900 2.205988 
16.478752 -24.616386 1.642477 
15.594772 -24.946611 1.410647 
14.645407 -24.602106 1.288798 
15.248966 -24.362373 0.561694 
15.055259 -25.427081 0.578960 
14.463181 -26.027108 1.286101 
13.916775 -25.236950 0.862562 
13.492219 -25.893875 1.698202 
12.680214 -26.391100 1.732597 
11.867676 -26.407944 2.388869 
11.983984 -27.436573 2.222192 
11.202803 -27.348118 1.506369 
11.846229 -27.002443 0.631316 
11.813635 -27.807951 -0.005413 
10.975574 -28.270210 -0.588151 
11.485380 -28.627827 -1.416724 
12.632490 -28.317342 -1.457788 
13.560231 -28.423789 -1.110155 
13.265720 -27.603858 -1.748399 
12.549181 -27.208639 -1.276568 
12.382884 -26.310978 -0.808159 
13.368044 -26.564004 -0.406494 
12.617053 -27.236675 -0.065959 
13.691502 -27.531896 -0.072518 
14.553798 -27.078712 0.339085 
14.148425 -26.187648 0.016265 
13.127923 -25.776060 0.287917 
12.541322 -25.548539 1.062221 
12.590027 -24.783317 1.845091 
11.956281 -25.266582 2.649956 
12.442952 -25.602092 3.327775 
13.269057 -26.197250 2.974255 
12.530944 -26.656972 3.446879 
12.135536 -27.611966 3.207996 
11.701231 -28.316209 3.846734 
12.497661 -27.883243 4.411183 
12.687077 -27.252213 5.214090 
12.401242 -26.388420 5.628454 
12.758347 -25.731322 6.419631 
11.925131 -25.210731 6.222344 
12.156994 -24.291068 6.398495 
12.339394 -24.691866 7.319123 
12.677758 -24.229572 8.125366 
12.731491 -23.662189 7.207902 
13.633317 -24.189612 7.124836 
13.761845 -24.048035 8.129705 
14.148873 -24.297840 9.011510 
13.213518 -23.937846 9.075886 
13.536673 -24.401776 9.911033 
14.277635 -23.667397 10.172329 
13.628310 -23.387274 10.978936 
13.333960 -22.880744 10.134737 
14.262080 -22.683007 9.793948 
13.569058 -22.141863 9.113049 
13.233861 -21.712521 10.167352 
13.788151 -20.827364 10.115117 
14.769668 -21.384286 9.950786 
15.476326 -20.770722 9.483730 
14.883677 -20.261304 8.844021 
13.904591 -20.308601 9.149504 
13.019156 -20.923355 8.892763 
13.157640 -21.553499 8.180388 
14.043750 -21.503244 8.504522 
15.103503 -21.607953 8.822716 
15.189443 -22.160540 7.930250 
15.333651 -23.114061 7.510048 
15.776488 -23.763309 6.869657 
16.103870 -24.486091 6.111304 
15.775881 -25.195576 5.325851 
14.790869 -25.145426 5.459159 
14.060377 -24.709195 4.847858 
13.715841 -25.080847 5.754562 
14.253061 -26.817166 5.285246 
15.192873 -24.969779 7.041739 
14.740234 -24.396154 7.828254 
14.056748 -25.082706 7.332865 
14.752331 -25.789974 8.439186 
14.281994 -25.964399 9.510739 
13.722082 -25.201958 9.131223 
13.093754 -25.898631 8.881678 
13.813120 -26.349467 8.490795 
13.992929 -27.009747 8.990103 
14.367987 -28.162256 8.772161 
13.515958 -28.104183 8.332196 
12.577355 -28.087603 8.489441 
12.931820 -29.107463 8.057131 
13.914899 -29.168914 7.469666 
17.404396 -28.536156 9.091344 
15.702538 -26.998959 10.059579 
13.990386 -25.930792 10.965358 
14.032405 -25.199059 11.694117 
14.099552 -24.665048 10.794800 
14.884750 -23.937720 11.097904 
14.881959 -24.663041 11.803387 
15.585607 -24.579679 12.416441 
14.824183 -25.335108 12.695329 
15.133839 -25.627010 13.582556 
14.311813 -27.016251 15.467406 
15.435861 -24.760991 17.746486 
15.590148 -22.706605 17.158275 
16.053871 -20.277266 21.146733 
18.288464 -19.547342 22.696902 
18.879498 -19.071442 21.489459 
19.642468 -18.883751 20.489826 
20.530365 -19.290887 19.876816 
20.674411 -20.216190 16.137064 
21.735665 -19.813097 13.398219 
22.718711 -19.339380 14.116511 
22.919835 -18.476073 14.514670 
22.863821 -18.709447 15.468353 
21.896038 -19.110476 15.338781 
21.780866 -18.518863 16.290683 
22.009438 -18.615560 17.652635 
22.559089 -17.359363 18.802888 
22.418198 -16.093728 17.066709 
22.437497 -17.629508 17.454725 
23.207438 -16.925358 17.545323 
24.897652 -16.066165 16.072085 
26.223968 -16.154844 16.454704 
26.277043 -16.565955 17.383824 
26.121395 -17.572075 17.314206 
25.749794 -18.303142 16.970309 
25.449702 -18.563212 18.466447 
24.427474 -18.676720 18.575840 
23.524532 -19.036012 18.757266 
22.625624 -19.206326 18.404150 
22.410297 -20.050029 17.937499 
23.066496 -19.322018 17.532701 
23.718420 -16.936329 14.145653 
23.665587 -13.228072 12.974226 
23.296826 -11.057009 12.679782 
22.534625 -10.214477 12.091585 
21.867517 -10.758374 12.583864 
22.191282 -11.912322 12.940725 
23.307739 -12.802542 14.766718 
23.527719 -11.491383 14.318366 
24.071465 -10.279666 13.102831 
24.372879 -9.652798 13.849961 
24.847983 -8.756462 13.366518 
25.520956 -9.599614 14.199985 
26.332524 -9.941125 14.709811 
26.345727 -9.779746 15.803816 
25.450427 -9.588510 16.142273 
24.837861 -9.861444 15.376088 
24.538072 -10.345114 16.186612 
23.867482 -11.723750 16.921128 
24.458968 -13.244801 17.665451 
24.214267 -13.988414 16.883791 
23.685381 -14.873042 16.758433 
23.622262 -15.451686 15.910866 
23.097106 -15.968117 15.321154 
22.771153 -15.790809 14.232649 
22.073234 -15.452914 14.788713 
22.324824 -14.501232 14.693393 
22.985378 -13.476241 15.564225 
23.762228 -13.160789 16.096047 
24.564165 -12.552527 15.888133 
24.550314 -12.862462 14.797214 
24.672656 -12.464228 13.763248 
25.428060 -12.093259 14.770112 
27.144777 -11.950900 14.919774 
26.169911 -13.231911 13.948209 
24.443796 -13.828635 10.785053 
24.364046 -10.177721 10.101148 
25.530853 -9.178253 7.758615 
25.167373 -9.741441 6.901722 
25.171655 -10.304982 7.731990 
25.558719 -11.056352 8.328663 
24.832141 -10.513877 8.690643 
25.391768 -9.579264 8.762024 
26.289690 -9.508202 9.291300 
27.094505 -9.479683 8.713632 
26.529514 -9.670040 7.758639 
26.961350 -9.277145 6.744266 
27.139785 -8.442046 7.151843 
27.256882 -7.483136 7.222790 
26.605535 -7.930456 6.429469 
26.446087 -6.928179 6.306035 
26.767546 -7.192262 5.478037 
26.008196 -7.118891 4.603733 
26.186590 -7.622967 3.729623 
26.601978 -8.108156 4.594837 
26.670164 -8.708643 5.470706 
24.453064 -7.967787 4.938297 
23.546956 -7.104337 3.078861 
23.724753 -6.031099 2.907359 
24.441587 -6.768256 3.262644 
25.165914 -7.029255 4.028819 
24.680791 -7.581850 2.215915 
25.018704 -8.637572 0.893293 
25.084453 -7.652035 1.269057 
25.250094 -7.608260 0.208549 
25.393842 -6.218508 -0.641679 
