11.927408 -23.388240 -18.259202 
11.397298 -23.566309 -17.454555 
11.619593 -23.694259 -16.515076 
12.307346 -23.028304 -15.977937 
11.800736 -22.058862 -16.165139 
12.315408 -21.949498 -15.269836 
12.833349 -22.182454 -16.199591 
12.489212 -21.210458 -16.122527 
12.964559 -20.489931 -16.704048 
14.029918 -20.935017 -16.743604 
14.288510 -21.400672 -15.931834 
14.016553 -22.314656 -16.285655 
14.913863 -22.668785 -15.735989 
14.164706 -23.277767 -16.057713 
14.181142 -24.187278 -15.581499 
13.564045 -24.958798 -15.184973 
12.947192 -24.728169 -14.404780 
12.635082 -25.655570 -13.944430 
12.743972 -26.180079 -13.053622 
13.304978 -26.685549 -13.670249 
13.996293 -26.070983 -14.126951 
14.737432 -25.315134 -14.193079 
15.237036 -25.870783 -14.902416 
14.890939 -24.863358 -15.030384 
14.394430 -24.192931 -14.524187 
15.064401 -23.448336 -14.716179 
14.529673 -23.093350 -13.924079 
15.186213 -22.476189 -13.455949 
15.783562 -23.299013 -13.446282 
15.906777 -22.625804 -14.153488 
15.980850 -21.680887 -14.626230 
16.161215 -21.052297 -13.769361 
15.278288 -21.401914 -13.631753 
14.806192 -22.127989 -14.273688 
14.068503 -22.688972 -14.784839 
13.201745 -22.777976 -15.291523 
12.931487 -23.627004 -14.909948 
12.292401 -23.371366 -14.073826 
11.929205 -23.550097 -13.097588 
11.168699 -24.362450 -13.226325 
10.756399 -25.015031 -13.929500 
10.857071 -26.048783 -14.162710 
9.796999 -26.082111 -14.284094 
9.415781 -25.256427 -13.919437 
9.894371 -25.862140 -13.259838 
10.934718 -25.900565 -12.880598 
11.735076 -25.570556 -13.351107 
11.952070 -25.811041 -12.429474 
12.513130 -26.414745 -11.756202 
12.966020 -27.338047 -11.566782 
12.965556 -27.114392 -12.519986 
13.698389 -26.682642 -12.033759 
13.457159 -26.201805 -10.992773 
12.948245 -26.813227 -10.456715 
13.486676 -27.387068 -9.789623 
13.725357 -26.701648 -9.215153 
13.638840 -25.661344 -9.209830 
14.477511 -25.565453 -9.850961 
14.407249 -24.966812 -10.689651 
13.504824 -25.246170 -11.240148 
12.613094 -25.434031 -10.786522 
11.861483 -26.032152 -10.471080 
11.181146 -26.790794 -10.237183 
11.249031 -26.795714 -11.274900 
12.026013 -27.388857 -10.921381 
11.721878 -27.192361 -12.006347 
11.920818 -26.890647 -12.896327 
11.961322 -26.863183 -14.021836 
11.177430 -27.573013 -14.110349 
11.870465 -28.040571 -13.430570 
12.719484 -27.548940 -13.681885 
13.403960 -28.283221 -13.730750 
13.043175 -29.310463 -13.733842 
12.300175 -29.894123 -13.105910 
10.400995 -29.749386 -13.370610 
7.655938 -29.652301 -13.871292 
6.894366 -30.377240 -13.861182 
6.613042 -29.561883 -13.108576 
6.695739 -29.278771 -13.946333 
5.993108 -30.307707 -14.332265 
6.846190 -30.356043 -15.141239 
7.745003 -30.225185 -15.771716 
8.547194 -30.681778 -15.869373 
8.646171 -29.226227 -14.911109 
9.349700 -29.011754 -13.484139 
9.699278 -28.149703 -13.765847 
9.880116 -27.134606 -13.958665 
10.440412 -26.794954 -14.777876 
10.564735 -24.246500 -15.304201 
10.456502 -22.613342 -16.315078 
9.742964 -21.551710 -14.909587 
10.727570 -21.983931 -12.977337 
11.696978 -22.182142 -13.030425 
12.024287 -21.610329 -12.491153 
12.560952 -20.924708 -11.903761 
13.500922 -21.308837 -11.935502 
13.931156 -21.473112 -12.910611 
14.918382 -21.485735 -12.581213 
15.263665 -20.896962 -11.968105 
17.734813 -18.888732 -11.974695 
19.320344 -19.968592 -15.016036 
16.316557 -19.734092 -14.887515 
17.977310 -17.972668 -13.638675 
20.909243 -15.114850 -12.046085 
20.487114 -16.036666 -11.579361 
19.463271 -16.320809 -11.476254 
18.815447 -15.522349 -11.197547 
17.441827 -16.928981 -10.063139 
15.656661 -14.613509 -9.019365 
15.929720 -14.752417 -10.912669 
16.748036 -15.784600 -13.239352 
15.730174 -15.607762 -13.497745 
16.363514 -14.927055 -13.971126 
15.495793 -14.851468 -12.389508 
15.954168 -15.512252 -12.369752 
14.598056 -16.103736 -11.333200 
14.240098 -16.575828 -12.267748 
14.407588 -17.518586 -13.076088 
15.903600 -17.352148 -13.125436 
18.062197 -15.726661 -13.645928 
18.038125 -14.207873 -13.454746 
17.529792 -14.937796 -12.822170 
18.389445 -15.116477 -12.644556 
18.816053 -14.481756 -11.530730 
19.525945 -13.900151 -9.924853 
20.019424 -14.032030 -9.090041 
20.805599 -13.638690 -9.735988 
21.586192 -13.513455 -9.083275 
21.305602 -14.518126 -8.820615 
20.725508 -15.543161 -9.231107 
18.269690 -14.064455 -6.415521 
17.760243 -14.188086 -7.946218 
17.805304 -15.982637 -5.935406 
17.813030 -15.011870 -4.400121 
19.570836 -14.468749 -3.754716 
19.616217 -13.530264 -5.599806 
19.789263 -12.394378 -6.950748 
19.907519 -12.668734 -7.887837 
19.721090 -11.539456 -8.431375 
20.172902 -10.939598 -7.712168 
19.949096 -11.063074 -6.619508 
19.682426 -10.896420 -5.620088 
19.468562 -10.799220 -4.631567 
19.348435 -9.870648 -5.036207 
20.204979 -9.439833 -4.790197 
20.047261 -10.004919 -3.941489 
20.158737 -9.587259 -3.060912 
20.618679 -8.714018 -4.226209 
20.633636 -7.740849 -4.085883 
21.552248 -8.270166 -3.987931 
21.664902 -8.472898 -2.736851 
21.575049 -9.209981 -2.164788 
21.233144 -10.041994 -2.705299 
20.515615 -9.917358 -2.070605 
20.677932 -10.366073 -1.185192 
19.471907 -11.261552 -0.502996 
19.276207 -9.587023 0.280571 
20.043644 -10.295038 0.065149 
19.857120 -11.289142 0.297755 
19.575930 -11.501109 1.190840 
18.919494 -10.784597 0.914626 
17.837771 -10.670045 1.244151 
18.179369 -9.682625 2.874138 
18.902744 -8.618787 1.424918 
19.638206 -7.345267 -0.474282 
20.360862 -8.666967 -0.502592 
21.920843 -8.205345 0.680772 
22.099525 -7.875818 1.639103 
21.959383 -7.840166 2.646148 
21.581185 -7.710702 3.509289 
21.259132 -8.301948 4.366708 
22.076336 -7.909688 4.756123 
22.002089 -8.374411 5.758881 
22.756254 -8.979988 6.535235 
22.807099 -8.175538 7.183880 
22.891565 -7.412818 7.925290 
23.231500 -6.568236 7.416132 
23.301276 -5.604523 7.061632 
23.338867 -5.665348 8.141351 
22.681729 -5.041402 8.521480 
22.346471 -4.201689 7.875321 
21.451015 -4.418464 8.118693 
20.672931 -5.082799 8.002228 
21.370848 -5.663847 7.849899 
21.900172 -4.911861 7.323983 
20.987689 -4.581088 5.943118 
21.756885 -5.670521 5.995559 
22.036926 -6.185791 5.115101 
22.706639 -7.057139 5.176099 
22.010470 -7.035442 6.069112 
24.189264 -6.640671 6.046389 
23.921256 -5.353603 6.024157 
23.382271 -5.095731 5.164472 
23.418485 -5.410008 4.243327 
24.633228 -4.315300 4.727045 
