19.335343 -15.699445 12.031457 
20.415697 -15.529954 11.980438 
20.424788 -16.598139 11.837005 
19.660020 -17.368507 11.732674 
19.743633 -17.313437 12.777752 
20.367510 -18.024917 13.259110 
19.599843 -18.471609 12.624368 
19.152030 -19.431925 12.365939 
19.677143 -20.016341 12.944182 
19.163012 -20.878330 12.682748 
20.104233 -20.917765 12.467205 
20.590295 -19.984950 12.543236 
20.707209 -19.661963 11.582378 
20.409172 -20.704369 11.215150 
20.925695 -20.094140 10.535510 
20.104298 -19.336685 10.123846 
20.297214 -18.430900 9.615107 
19.823319 -18.758516 8.635936 
20.515327 -17.953367 8.564778 
20.990789 -17.678117 7.553156 
21.765303 -17.276069 6.945232 
21.805522 -18.012243 6.235461 
21.064100 -18.012330 5.677669 
20.103347 -17.788220 5.392875 
20.263878 -17.155249 4.598192 
19.307582 -17.079467 4.836655 
18.882958 -18.059687 4.857779 
18.690224 -17.644085 3.851271 
19.629582 -17.161652 3.591322 
19.701679 -16.285968 4.211112 
19.035114 -15.578198 3.948588 
18.463831 -14.724693 4.362611 
18.149084 -15.469575 5.066259 
17.339392 -15.433950 5.707215 
17.823039 -14.570376 5.823606 
18.101808 -13.597853 6.166435 
18.037392 -12.523043 6.254601 
18.355080 -11.610710 6.061849 
19.237554 -11.581402 5.575101 
18.295509 -11.692261 5.009550 
17.329748 -12.029241 5.336995 
17.410123 -11.824046 4.299751 
18.309678 -12.066885 3.910347 
18.924321 -12.969969 3.723866 
19.226817 -13.180628 2.739300 
18.976368 -14.200737 2.941821 
18.334461 -14.886564 2.427060 
17.577437 -14.770365 3.015338 
16.845590 -14.947778 2.358029 
16.365430 -14.450918 3.160485 
16.151065 -13.531229 3.163433 
16.627150 -12.749743 2.377633 
16.226020 -13.507416 1.826836 
16.718211 -13.490025 0.972119 
16.791913 -14.344003 0.281553 
17.767331 -14.605465 0.074231 
17.503198 -15.325323 -0.777915 
17.242822 -14.991960 -1.701382 
18.079837 -14.900879 -2.353825 
17.771611 -15.540040 -3.060236 
18.167730 -16.454069 -2.544805 
19.108099 -16.311358 -1.938520 
18.897559 -15.399459 -1.525751 
18.797490 -16.163029 -0.728670 
17.742688 -16.405752 -0.652819 
18.038633 -17.272764 -0.782925 
18.545030 -17.950295 -1.361935 
17.982661 -18.244682 -2.137472 
17.241404 -18.396777 -2.901460 
16.634612 -17.531941 -2.996270 
17.009624 -16.510148 -2.845483 
16.011875 -16.779357 -2.730036 
15.833460 -15.750208 -3.046340 
15.390462 -16.502253 -3.442867 
13.559645 -19.784146 -4.063984 
11.380757 -22.749504 -2.929132 
11.253469 -23.716610 -2.849151 
12.069751 -23.562658 -2.278654 
13.114750 -23.908663 -3.180922 
14.195569 -23.198464 -3.982404 
13.491740 -23.941188 -4.402452 
14.336506 -24.278399 -5.004265 
14.153666 -25.324489 -4.693357 
14.726228 -25.009856 -4.097351 
15.450566 -24.944855 -3.480216 
15.266091 -25.051298 -2.442153 
14.867568 -24.766941 -1.484433 
15.762327 -25.086853 -1.481850 
13.747223 -25.902017 -1.428210 
14.640152 -23.578806 -0.738026 
17.389420 -24.248326 0.031262 
17.660018 -23.130889 -0.273855 
18.464430 -22.619635 0.006474 
18.198651 -22.384860 -1.000926 
17.314641 -21.878146 -0.794806 
16.545984 -21.913042 -1.513055 
16.594117 -21.290396 -2.439698 
15.573898 -21.025697 -2.368363 
15.910492 -20.442496 -3.227449 
15.025328 -18.582981 -7.178774 
12.588760 -17.485513 -11.630774 
11.996687 -19.069226 -11.376267 
13.959529 -15.591435 -13.576019 
10.551012 -14.224504 -14.685749 
11.806666 -14.727612 -15.261326 
13.237446 -14.811478 -15.896973 
12.997861 -14.305347 -16.750050 
13.354622 -15.708681 -15.314954 
13.878453 -14.908987 -13.121176 
14.484433 -14.593603 -11.613719 
13.468941 -14.493277 -11.453845 
13.149162 -13.448137 -11.349999 
12.853579 -14.030833 -10.379790 
14.348003 -15.946803 -10.067517 
14.917595 -17.267495 -10.884110 
14.442034 -18.553657 -11.586041 
14.738832 -20.339325 -10.787086 
12.918633 -20.267083 -9.991361 
13.026433 -19.056251 -9.786093 
11.956973 -17.572516 -10.476125 
11.585415 -19.077699 -9.642420 
10.581735 -18.860834 -9.801066 
10.343979 -19.714265 -10.409791 
11.414709 -20.478236 -9.580116 
11.002811 -21.173290 -9.195843 
11.236448 -21.438978 -10.196524 
11.928119 -20.689557 -10.229720 
12.542439 -21.434457 -9.716584 
12.825125 -20.932808 -8.951526 
13.057200 -21.040160 -7.988130 
16.931238 -18.496154 -6.583367 
15.376085 -13.736040 -4.998703 
15.036974 -14.126437 -3.229514 
16.514407 -15.078844 -3.600857 
16.187663 -15.646161 -4.432588 
15.873366 -17.069819 -5.545179 
16.274635 -18.476524 -6.683540 
14.357599 -18.933223 -7.647887 
14.718943 -19.929605 -7.914402 
14.834515 -20.088594 -8.961660 
14.865278 -21.531037 -8.145323 
13.913220 -22.290845 -7.355774 
13.314296 -21.750467 -6.717717 
12.497051 -21.409827 -6.170301 
11.978699 -22.281347 -6.314945 
11.383993 -21.380094 -6.033071 
11.626339 -20.444222 -6.524406 
10.697085 -20.978506 -7.526042 
10.349044 -22.521805 -7.698513 
9.424654 -22.570706 -7.441919 
10.071339 -22.936064 -6.739219 
10.116142 -22.781198 -5.711639 
9.264503 -22.440942 -6.170093 
8.860112 -21.515931 -6.506625 
9.344324 -21.095112 -7.337460 
8.655651 -22.216530 -8.354690 
8.376416 -22.232320 -9.566488 
8.419022 -21.322102 -10.042998 
9.100832 -20.457167 -10.156224 
9.984173 -20.903408 -9.781665 
10.349051 -21.053854 -10.777171 
10.169849 -22.332029 -11.045048 
10.476679 -21.900312 -9.687418 
11.729933 -22.900557 -10.008449 
10.012680 -23.893715 -12.193549 
8.957798 -23.804360 -14.028320 
8.566884 -21.135605 -16.542330 
7.918882 -20.584967 -17.384175 
8.648709 -20.192875 -17.901617 
8.178423 -19.805301 -18.831473 
7.689674 -20.656512 -18.646035 
6.783933 -20.771053 -18.791088 
5.849567 -21.255820 -18.838332 
6.252170 -22.195532 -18.684883 
6.948249 -22.513716 -19.414955 
7.879269 -22.251489 -19.026846 
7.203101 -22.222499 -18.235311 
7.787223 -21.650838 -17.637284 
7.481187 -22.181545 -16.777454 
8.693171 -22.229288 -16.807003 
8.716389 -22.836414 -15.965114 
8.963484 -23.504836 -16.799024 
8.287155 -23.767127 -17.559992 
7.662396 -24.485220 -17.888376 
7.484205 -25.265428 -18.628642 
7.927797 -25.680045 -18.856388 
8.144488 -25.736098 -17.236254 
8.571302 -24.828600 -17.013911 
9.065972 -25.496076 -16.521910 
8.240839 -25.638347 -15.828003 
8.150534 -25.889444 -14.455463 
9.405933 -26.850446 -12.792720 
8.447119 -26.523718 -12.479195 
7.495870 -26.529268 -11.791491 
7.647508 -25.815372 -10.118600 
