-14.295582 -13.902674 6.556494 
-14.548700 -12.869905 6.744662 
-14.511985 -13.338886 7.643288 
-15.344085 -13.770750 7.206237 
-16.029168 -12.873178 7.512327 
-16.736270 -13.638308 7.586090 
-16.728422 -14.575916 7.349400 
-16.395638 -13.906277 6.683993 
-16.928565 -13.185959 6.261148 
-16.907187 -12.606108 7.130845 
-16.206344 -12.450676 6.471644 
-16.227674 -12.960616 5.557485 
-16.407343 -12.185512 5.074465 
-15.596422 -12.594440 4.653490 
-15.983198 -12.266385 3.664126 
-15.292895 -11.897989 3.164766 
-16.154385 -11.539340 2.656217 
-15.321698 -12.061436 2.127393 
-14.793075 -12.819983 1.557496 
-15.136147 -13.812920 1.469366 
-14.681323 -13.219920 0.726926 
-14.429717 -12.292301 0.479487 
-15.173356 -11.685272 0.769994 
-15.690072 -11.182733 1.385301 
-14.585453 -11.013082 1.528207 
-15.321324 -10.863391 2.296554 
-14.517038 -11.496075 2.493824 
-14.500191 -11.720642 3.531294 
-14.804786 -11.920156 4.566142 
-14.800236 -10.944411 4.538584 
-14.566874 -10.517613 5.437467 
-13.883348 -9.682413 5.661524 
-13.157979 -8.985306 5.589602 
-12.635795 -8.765681 4.725494 
-12.789923 -9.849393 4.833971 
-12.036719 -10.337291 5.363924 
-12.705872 -9.960238 6.096832 
-11.962320 -9.513533 6.769654 
-12.806266 -10.067369 7.088435 
-13.404170 -10.831006 7.390816 
-13.929750 -10.239920 8.090426 
-14.456789 -10.383561 7.190824 
-13.973239 -10.562397 6.331030 
-14.868870 -11.031760 6.545286 
-15.299998 -11.610666 5.750024 
-14.754049 -12.444239 5.576512 
-13.824504 -13.019829 5.289105 
-14.015026 -12.426694 4.438939 
-12.917818 -12.127654 4.647086 
-12.009556 -12.139547 5.188574 
-11.286036 -12.378542 5.909347 
-11.376565 -13.204904 6.568138 
-10.855464 -13.414900 7.404754 
-11.417060 -13.561675 8.187125 
-11.090654 -12.500444 8.077125 
-10.214527 -12.642915 8.474468 
-9.985207 -13.528370 8.867292 
-9.766970 -14.403874 8.545899 
-9.245005 -14.252872 9.415812 
-10.192799 -14.508656 9.924436 
-10.026579 -14.803080 10.896833 
-10.068367 -15.857875 10.958585 
-10.437480 -16.823964 10.843055 
-11.088571 -16.930500 9.916941 
-11.944833 -17.456047 10.203270 
-12.105008 -17.510980 11.246843 
-12.505696 -16.587824 10.873710 
-12.698247 -16.092339 11.734354 
-13.580400 -16.581514 12.062468 
-14.403588 -16.113208 12.212682 
-15.493365 -16.119783 12.080056 
-15.960109 -15.819421 12.884701 
-15.165877 -15.935397 13.411662 
-14.495837 -16.628383 13.280330 
-13.269626 -16.054469 12.710088 
-13.313297 -18.505312 11.818850 
-13.734810 -18.461621 10.857491 
-13.314170 -18.843695 9.880924 
-12.500720 -18.424750 10.443586 
-12.641430 -19.394288 11.253735 
-12.864485 -19.783476 12.220785 
-12.163591 -20.333303 12.642541 
-12.309330 -19.188011 12.758345 
-12.135974 -19.127526 13.785462 
-11.350703 -19.484997 13.261163 
-10.421219 -19.836042 13.008655 
-10.100675 -18.997205 13.753811 
-9.470113 -19.034314 13.004402 
-8.060207 -18.300079 9.783952 
-6.406400 -17.534950 4.270083 
-6.281121 -18.429503 1.212487 
-5.228948 -17.975591 0.332534 
-4.191511 -17.469276 0.486387 
-4.584333 -16.761205 1.135801 
-4.908172 -16.118369 1.720011 
-4.314628 -15.817572 2.545459 
-5.001652 -16.012133 3.473919 
-5.256675 -15.325172 4.230216 
-5.562581 -16.357833 4.233126 
-10.251441 -16.077124 6.565968 
-15.036110 -15.625524 10.720280 
-16.268216 -16.253734 11.220939 
-14.247938 -18.874385 16.043961 
-10.522471 -21.400782 17.804142 
-9.683740 -20.969898 17.295976 
-9.515784 -20.516891 16.499063 
-9.493830 -20.372535 15.406983 
-9.124834 -19.859156 12.534773 
-11.432886 -19.533891 11.054975 
-11.514142 -18.591994 12.045163 
-10.794749 -17.964753 12.557134 
-10.463041 -17.202235 13.150226 
-11.235603 -16.811668 12.731054 
-12.579360 -17.702203 14.426259 
-12.145198 -17.937757 15.025507 
-12.827062 -20.008809 14.989607 
-12.630203 -22.191952 15.221347 
-11.960625 -20.247294 15.441979 
-11.238506 -19.917245 14.488751 
-9.127331 -18.793107 13.421264 
-9.388739 -16.451837 11.535235 
-10.311632 -16.773741 11.918406 
-11.420722 -16.546638 11.755207 
-11.600034 -15.674282 11.181662 
-12.577583 -15.347679 10.318467 
-11.864230 -14.692535 10.838739 
-11.012443 -15.183686 10.537280 
-11.051553 -14.107008 10.749431 
-11.612976 -13.297975 10.906451 
-12.708763 -13.494142 10.799567 
-12.784124 -10.711925 11.920570 
-12.129752 -9.886982 8.971632 
-14.213498 -11.420545 10.221379 
-14.538560 -12.716072 9.561684 
-13.337722 -12.889307 9.549104 
-12.340200 -11.895803 10.788985 
-11.640128 -12.928273 9.354236 
-12.446082 -11.798707 8.526754 
-13.366359 -12.625046 8.241272 
-13.970589 -12.264394 7.405313 
-12.693429 -11.960203 6.808927 
-13.071267 -11.117478 5.986316 
-13.484237 -12.028956 5.659048 
-14.152876 -11.322363 5.287666 
-13.522522 -10.571535 4.817912 
-14.029068 -9.756791 4.651256 
-14.955035 -9.753898 4.393860 
-16.105242 -10.898222 4.546001 
-16.469851 -10.946915 5.870515 
-15.617204 -10.502105 6.150107 
-15.782317 -11.424809 6.860562 
-16.659557 -11.590022 7.461684 
-16.074724 -10.625116 7.427537 
-15.539332 -11.211047 8.109050 
-14.999320 -11.795568 7.485736 
-15.123562 -12.560296 8.917894 
-15.006261 -14.069563 10.068643 
-15.909329 -14.112152 9.916457 
-15.827515 -14.083521 10.927321 
-15.426902 -14.814480 11.617831 
-14.990070 -15.058221 12.469240 
-15.942388 -14.838671 13.151104 
-16.162370 -15.158856 14.046314 
-14.997737 -15.710254 15.408350 
-15.229743 -17.169969 18.204331 
-16.704812 -18.944386 22.378033 
-17.951269 -17.368588 22.403916 
-17.494588 -16.572062 23.124771 
-17.350700 -16.147698 22.080661 
-16.582368 -16.265570 21.428534 
-16.822836 -16.923751 20.846110 
-17.634233 -17.099642 21.436629 
-17.781675 -17.781623 20.765352 
-17.908192 -18.022359 19.823386 
-17.816120 -17.056012 19.716476 
-18.139735 -16.511151 18.852823 
-18.835955 -16.072383 19.509826 
-18.958444 -16.623378 20.286562 
-18.187186 -16.375258 21.210856 
-17.882580 -15.383496 21.145322 
-18.058725 -14.546600 21.683941 
-17.082929 -14.993049 21.391877 
-16.218234 -15.161739 21.993735 
-16.671055 -15.005372 22.776320 
-16.874063 -14.107994 22.312168 
-18.787021 -13.180546 20.588118 
-18.630666 -12.000617 19.962310 
-18.547930 -11.146489 19.422758 
-18.077530 -11.714775 18.771577 
-18.616209 -12.002417 17.903300 
-18.871422 -14.101993 16.563249 
-19.934505 -12.816275 16.458511 
-19.074710 -13.186604 15.937612 
-18.028654 -12.996096 16.156345 
-17.597714 -10.079855 13.089876 
