-11.374952 -22.807175 -1.578718 
-11.007784 -22.741562 -0.677380 
-10.481376 -23.143418 0.187086 
-10.473733 -22.080116 0.329868 
-10.155358 -21.233791 -0.165053 
-9.308516 -21.700586 -0.116664 
-8.676940 -21.246422 -0.648999 
-8.758030 -21.897107 -1.470081 
-9.835126 -21.695123 -1.686739 
-9.854554 -22.617730 -2.166773 
-9.085134 -23.176507 -1.612409 
-8.254637 -23.368459 -2.101791 
-7.785305 -24.332011 -1.865650 
-7.580398 -24.761288 -0.927666 
-6.928107 -25.584356 -0.715338 
-6.863000 -24.752958 -0.059411 
-6.232606 -24.110014 0.507615 
-5.461247 -24.304977 1.170385 
-5.382500 -25.220511 1.481866 
-4.634682 -25.964662 1.438670 
-3.884132 -25.311001 1.860202 
-3.744967 -25.710427 2.889289 
-3.384047 -24.779301 3.059232 
-3.305116 -25.294742 3.892065 
-2.912147 -25.275544 4.878044 
-3.217230 -24.296397 4.436247 
-4.079935 -23.858035 4.852352 
-4.810141 -23.123049 4.999828 
-5.340131 -22.948811 4.180626 
-6.194849 -23.493616 3.855872 
-6.710573 -22.744767 4.474443 
-7.486527 -22.120352 4.479547 
-7.888116 -22.116250 5.467190 
-8.345789 -21.741143 4.713788 
-8.889796 -21.260434 3.899284 
-8.744076 -20.745936 3.077841 
-8.462583 -20.409085 2.279216 
-9.326401 -20.064109 1.944278 
-9.438599 -19.658320 1.106858 
-10.031806 -18.796538 1.214766 
-10.757893 -18.260436 1.864755 
-10.193776 -18.339769 2.676031 
-10.876681 -17.641193 3.112554 
-11.048579 -18.463031 3.559508 
-11.640841 -17.995299 4.269629 
-12.463394 -17.458914 4.475605 
-13.403274 -17.485393 4.820418 
-12.731537 -17.220551 5.653966 
-13.208089 -18.017662 6.191943 
-13.911335 -17.133876 6.118289 
-14.813509 -17.006420 6.859430 
-14.289469 -17.993305 6.686767 
-14.058996 -18.235035 5.681838 
-14.868070 -17.701928 5.831218 
-14.670074 -17.285249 4.885070 
-14.757083 -17.515040 3.922177 
-14.063547 -16.786134 3.852312 
-13.639479 -16.339383 4.660675 
-14.201714 -15.849252 5.397026 
-14.759154 -16.093595 6.148344 
-15.518895 -15.544903 6.455751 
-14.871309 -15.987219 7.235424 
-14.428399 -16.104292 8.212291 
-14.823326 -16.984939 7.864813 
-13.751160 -16.743321 7.800842 
-13.333181 -17.140586 7.043407 
-12.788396 -16.315189 6.916021 
-12.544452 -15.621610 7.636989 
-12.603612 -14.602792 7.710491 
-13.280135 -14.008392 8.278355 
-13.893119 -14.865711 8.199543 
-13.719520 -15.620599 7.399601 
-13.204686 -15.400510 6.521305 
-12.684275 -15.734779 5.748758 
-15.162332 -15.998723 3.991408 
-16.937251 -19.109753 3.061904 
-16.820439 -18.390573 2.271962 
-16.710527 -18.261425 1.286320 
-18.176212 -17.975820 0.739934 
-18.395273 -17.002662 0.239645 
-19.409193 -17.260819 0.447515 
-19.459340 -16.983135 1.339625 
-19.946178 -16.381514 0.776526 
-19.935278 -15.747995 1.778720 
-19.231468 -14.485703 1.302151 
-18.718517 -15.364919 1.285729 
-17.557977 -15.523318 1.184725 
-17.321842 -15.707349 0.216180 
-16.257648 -17.373996 -1.071594 
-14.220890 -18.305418 -2.005276 
-14.219635 -18.473685 0.578903 
-15.277309 -17.597780 2.006969 
-15.079895 -16.792169 1.400650 
-15.786900 -17.389894 1.111272 
-16.711284 -17.537346 0.600886 
-17.338337 -17.981355 -0.247000 
-17.944761 -17.233437 -0.813482 
-18.187897 -16.884577 -1.814996 
-17.930130 -15.912003 -1.435054 
-17.272214 -15.338899 0.010464 
-13.199419 -16.934999 2.320005 
-11.754380 -16.460652 2.146611 
-15.723867 -15.272252 4.971276 
-17.612113 -14.492914 10.628734 
-16.818649 -14.262671 9.809397 
-17.583560 -14.736635 8.911647 
-16.792046 -15.446196 9.039425 
-12.747526 -15.585445 8.833892 
-10.517935 -18.422820 9.092491 
-10.204375 -18.375908 8.123724 
-9.369947 -18.008723 7.611113 
-8.392982 -18.164823 7.528741 
-8.196397 -17.227244 7.120563 
-8.781555 -15.964086 7.077907 
-10.055545 -14.264554 7.457568 
-11.819325 -14.520379 6.802683 
-14.283316 -13.735906 6.850247 
-16.029168 -12.873178 7.512327 
-16.732346 -14.107112 7.467745 
-16.381310 -12.841370 5.976153 
-15.983198 -12.266385 3.664126 
-15.292895 -11.897989 3.164766 
-16.154385 -11.539340 2.656217 
-15.057386 -12.440710 1.842445 
-15.136147 -13.812920 1.469366 
-14.681323 -13.219920 0.726926 
-14.429717 -12.292301 0.479487 
-15.173356 -11.685272 0.769994 
-15.690072 -11.182733 1.385301 
-14.585453 -11.013082 1.528207 
-13.663493 -10.357529 5.392080 
-13.661011 -11.971259 5.519545 
-11.376565 -13.204904 6.568138 
-11.121059 -13.159006 7.889668 
-10.214527 -12.642915 8.474468 
-9.843312 -14.299370 9.530054 
-10.068367 -15.857875 10.958585 
-11.393973 -17.180373 10.552527 
-12.505696 -16.587824 10.873710 
-12.698247 -16.092339 11.734354 
-14.492451 -16.271502 12.118402 
-15.960109 -15.819421 12.884701 
-15.165877 -15.935397 13.411662 
-14.495837 -16.628383 13.280330 
-14.811077 -16.370071 14.288221 
-14.436542 -17.337679 14.382629 
-14.128047 -18.325188 14.077294 
-13.398022 -16.920716 13.214957 
-13.679095 -15.134980 12.510937 
-14.170449 -14.710562 11.748078 
-14.041427 -13.908249 11.088512 
-13.049452 -14.061167 11.672300 
-12.784817 -15.051963 11.457898 
-12.069773 -14.965212 12.086614 
-11.589623 -15.241209 12.996079 
-12.453216 -17.001024 12.469327 
-13.313297 -18.505312 11.818850 
-13.734810 -18.461621 10.857491 
-13.314170 -18.843695 9.880924 
-12.362253 -18.511540 9.938464 
-12.639188 -18.337959 10.948709 
-12.556502 -19.837022 12.039020 
-12.309330 -19.188011 12.758345 
-11.510968 -19.394023 13.460185 
-8.472599 -18.432793 10.555939 
-6.100997 -17.914875 2.817163 
-4.584333 -16.761205 1.135801 
-4.908172 -16.118369 1.720011 
-4.314628 -15.817572 2.545459 
-5.001652 -16.012133 3.473919 
-5.256675 -15.325172 4.230216 
-5.562581 -16.357833 4.233126 
-6.431011 -16.280843 4.727664 
-7.432049 -16.000307 4.415715 
-7.907946 -15.917227 5.415201 
-8.920837 -15.640512 5.531970 
-9.773115 -15.665602 4.923255 
-10.306139 -14.862765 5.141335 
-10.538246 -14.673393 6.109773 
-10.474787 -15.628368 6.033574 
-9.683673 -16.225766 6.436147 
-10.648376 -16.138211 6.957435 
-11.100265 -16.473608 7.854426 
-12.057329 -16.997505 7.893742 
-12.248164 -17.463636 8.801312 
-13.952026 -16.013807 9.946873 
-16.228036 -15.339277 10.983325 
-16.526141 -15.520142 11.905091 
-16.268216 -16.253734 11.220939 
-16.371691 -17.203449 11.154880 
-16.169827 -17.313601 14.166252 
-15.294174 -18.999801 16.554293 
-14.654538 -19.386524 15.770159 
-14.215432 -20.034412 15.116695 
-11.966362 -20.169358 17.626512 
