-19.399116 5.979959 -3.591391 
-19.115201 5.053260 -3.817283 
-18.857936 5.567513 -4.736093 
-19.328870 5.990840 -5.495409 
-20.210322 6.207317 -6.127913 
-19.241273 5.861483 -6.484968 
-18.545407 5.390490 -7.045553 
-19.066378 4.516148 -6.958888 
-18.665988 4.394415 -6.093457 
-18.062534 3.627611 -5.680325 
-17.136152 3.770888 -6.085511 
-17.644467 2.981087 -6.599556 
-17.697531 4.138727 -6.921451 
-17.270143 4.720966 -7.576556 
-17.339775 5.810127 -7.545369 
-18.093911 5.875762 -8.354157 
-17.448799 6.698751 -8.392399 
-17.464290 7.144946 -7.508385 
-17.029236 7.745378 -6.902900 
-18.116701 8.045183 -7.195941 
-18.872804 8.383716 -7.644137 
-19.599792 9.045557 -7.481326 
-20.356354 9.749684 -7.345637 
-19.856151 10.094152 -6.500644 
-19.082111 9.794624 -6.988063 
-19.109591 9.206540 -6.100853 
-19.441449 8.268893 -6.442518 
-19.447348 7.356984 -6.678869 
-20.175483 7.346794 -5.936158 
-20.473323 8.056052 -6.653486 
-20.651452 9.150718 -6.482751 
-20.688912 8.643446 -7.569266 
-20.820759 7.655340 -8.265149 
-21.159953 7.194675 -7.498074 
-21.758721 6.854038 -8.202618 
-21.746852 6.987481 -9.158038 
-20.887924 7.531827 -9.174479 
-20.323632 6.798435 -9.775644 
-20.441348 5.736464 -9.723441 
-20.793300 5.476603 -8.857685 
-20.884464 6.008023 -8.022989 
-20.565132 5.976436 -7.046131 
-19.955608 5.263670 -7.209026 
-20.930686 4.852427 -7.493698 
-20.308009 4.088898 -7.621125 
-20.690292 3.829130 -6.767449 
-19.953857 4.083480 -6.142200 
-19.564429 3.102398 -5.862503 
-20.408211 2.679456 -6.295802 
-20.309013 2.577821 -5.327952 
-21.279737 2.827734 -5.193435 
-21.514752 1.876326 -4.736290 
-22.127889 2.063895 -5.460986 
-22.694652 2.320972 -6.288326 
-21.747181 2.387112 -6.653473 
-21.357170 2.748251 -7.607339 
-21.617820 3.726517 -7.848181 
-22.202543 3.199196 -7.201565 
-23.057657 2.597901 -7.432427 
-23.493132 3.000649 -8.360364 
-22.916206 3.720292 -8.043990 
-22.730041 4.377141 -7.366090 
-23.377641 4.042422 -6.764013 
-23.985375 4.813422 -7.355510 
-23.374372 5.362651 -8.029950 
-22.734725 6.177447 -8.050730 
-22.222837 6.165159 -7.163604 
-22.068183 5.260436 -7.442711 
-21.696807 4.770143 -8.301278 
-21.302537 3.907779 -8.727662 
-20.535431 4.291222 -9.180756 
-19.718412 3.817106 -8.857325 
-19.403824 3.143784 -9.488520 
-18.314012 3.380260 -9.289567 
-18.861713 2.310647 -7.798490 
-22.368420 1.819443 -7.353950 
-22.427381 1.745425 -8.405952 
-22.487603 2.672731 -8.771163 
-21.016796 2.840369 -9.159101 
-20.598601 2.938786 -8.305307 
-20.141136 2.264162 -7.687343 
-20.726922 1.417940 -7.865447 
-21.149928 0.533991 -7.631949 
-20.048099 0.088138 -7.659870 
-19.464071 -0.327647 -8.906368 
-18.564374 0.227627 -8.931940 
-18.417221 0.149069 -9.964507 
-18.778890 0.794469 -10.659227 
-17.735632 0.447690 -12.167636 
-17.896793 -1.004134 -14.021557 
-20.038253 -0.372509 -13.927444 
-19.719766 0.593410 -13.551709 
-20.164870 1.225626 -14.282168 
-21.074299 1.264075 -14.716203 
-20.533672 2.041471 -14.891062 
-21.299245 2.022060 -14.049965 
-20.396665 2.025523 -13.565551 
-19.572037 1.428713 -13.136057 
-19.298888 2.414944 -12.966938 
-19.762065 4.611191 -9.925429 
-17.502337 6.776943 -9.309710 
-16.281961 5.628703 -7.818169 
-21.067832 6.974843 -10.007189 
-25.095190 10.178794 -7.302091 
-24.171580 9.387692 -6.449753 
-23.473464 9.410275 -6.957986 
-23.113787 10.282420 -7.372488 
-21.445530 10.174814 -9.914259 
-19.266406 8.228440 -10.017706 
-19.563450 9.629766 -10.554150 
-19.850294 9.398670 -11.552428 
-20.340605 9.331370 -12.459439 
-21.253855 9.662673 -12.144911 
-20.933838 8.867063 -13.225369 
-21.249205 8.801569 -14.068708 
-21.979132 10.096910 -14.535646 
-23.400343 9.760115 -13.799513 
-24.035139 8.713719 -12.356620 
-23.812985 9.246212 -11.319992 
-22.616486 9.608635 -12.235624 
-23.391711 7.802425 -11.443253 
-23.333684 6.820287 -11.729733 
-22.452465 6.431280 -11.469229 
-23.613376 5.701448 -10.744094 
-23.790477 4.585048 -11.329499 
-22.762749 4.971065 -11.404307 
-21.749183 4.805115 -11.546435 
-21.150920 5.353428 -10.837369 
-20.508910 5.840244 -11.413917 
-20.301463 6.153065 -12.341272 
-22.238871 6.656382 -12.816143 
-24.816744 7.314632 -10.267778 
-24.806218 9.705555 -8.913966 
-24.484588 10.654593 -10.477714 
-23.382608 10.486566 -10.550019 
-24.271860 10.940256 -8.627973 
-25.861575 12.013629 -8.453141 
-26.912662 12.496907 -8.084732 
-27.117721 14.303869 -7.922086 
-27.350756 14.997747 -8.584365 
-27.196619 16.390395 -8.731346 
-27.631557 17.647297 -9.644867 
-27.185156 18.015336 -10.473299 
-27.747519 17.260515 -10.722542 
-27.199917 17.305183 -11.636770 
-26.601716 16.473832 -11.779070 
-25.529175 16.338258 -11.873994 
-25.299050 15.843074 -12.597161 
-25.031843 15.185777 -11.118358 
-25.169206 14.196657 -11.386025 
-26.222235 14.047476 -11.511069 
-25.827464 13.114910 -11.122496 
-25.333509 12.153143 -11.114873 
-24.997109 12.763324 -10.407628 
-24.472970 12.817403 -9.527653 
-22.960689 12.924838 -10.899449 
-22.810063 13.682555 -12.361856 
-22.648002 14.033808 -13.293081 
-21.995272 13.200027 -12.938825 
-21.468597 12.558697 -12.313358 
-22.165464 11.723782 -12.161265 
-20.834196 10.841076 -13.162458 
-19.537480 11.037907 -13.702710 
-19.608772 10.636201 -15.065451 
-21.192743 8.996967 -15.949796 
-21.247559 7.215653 -15.332969 
-20.997432 6.561867 -18.681599 
-20.343769 7.242473 -18.976137 
-19.410194 7.669653 -19.230372 
-19.353543 7.371244 -18.169152 
-19.039493 8.391944 -17.869499 
-18.680049 9.144620 -17.389190 
-18.864875 10.144869 -17.580973 
-19.772377 10.412938 -17.840158 
-20.749640 10.587306 -17.390329 
-20.962160 11.347424 -17.991207 
-21.964134 11.012407 -18.270865 
-22.032550 10.380103 -17.424072 
-22.916759 10.978018 -17.704825 
-23.313904 10.105903 -17.476014 
-23.712883 9.664808 -18.335101 
-22.868035 9.290559 -18.304218 
-22.505714 9.342415 -19.230226 
-21.612889 9.319668 -18.839881 
-21.097808 10.023982 -18.348355 
-20.675072 8.746277 -18.285180 
-22.328132 7.350025 -19.257274 
-22.879849 7.409224 -18.337570 
-23.066553 8.301531 -17.712505 
-24.034624 8.749168 -17.658534 
-22.864501 10.144124 -16.079612 
-20.929998 11.252354 -16.223740 
-21.289499 11.393756 -15.290030 
-20.705814 11.930998 -14.716508 
-24.111249 13.102208 -13.445970 
