-21.873062 15.128223 -17.711904 
-22.362463 14.638132 -17.034061 
-21.541290 14.085654 -16.885375 
-21.097190 14.973894 -16.977339 
-20.977680 15.956070 -17.260353 
-20.933258 16.259071 -16.193361 
-21.337195 17.178024 -16.062132 
-21.500096 18.152755 -15.696572 
-20.832959 18.497829 -15.005391 
-21.696413 18.601009 -14.231812 
-22.604339 18.929043 -14.499639 
-23.438038 19.564053 -14.383541 
-23.624271 18.796802 -13.723437 
-23.111745 18.121620 -13.107856 
-22.604750 19.141875 -13.087400 
-22.745451 19.737753 -12.374500 
-23.379727 20.070898 -12.976915 
-23.861379 19.240442 -12.731770 
-24.734679 19.812941 -13.046166 
-24.626756 19.809772 -11.928382 
-23.612292 20.188252 -11.737313 
-23.356358 21.200810 -11.477402 
-24.136321 21.035916 -10.887140 
-24.280342 21.945072 -11.138407 
-24.948352 22.488918 -11.743106 
-25.092128 21.480140 -11.921634 
-25.483542 20.602558 -11.979015 
-25.232535 19.921414 -11.185443 
-25.747640 19.091909 -10.748304 
-26.749089 18.959949 -11.168548 
-26.114818 18.128761 -11.333811 
-25.568725 17.640372 -10.495470 
-24.862686 17.321112 -9.838511 
-24.808753 18.338446 -10.077079 
-23.742964 17.968395 -9.771955 
-22.997550 18.706993 -9.882518 
-22.485391 19.222559 -10.638932 
-22.589358 18.324073 -11.074719 
-23.408608 18.717629 -10.830463 
-23.560691 19.653183 -10.644406 
-24.216840 19.104924 -9.881865 
-24.443520 19.223503 -10.936136 
-23.929963 18.817429 -11.667549 
-24.487051 18.078063 -11.085991 
-24.810546 18.155098 -12.190958 
-24.241639 18.267391 -12.988774 
-24.990882 18.675221 -13.584944 
-25.621276 17.789852 -13.540920 
-26.045846 17.080670 -13.019065 
-26.562587 16.263291 -13.461019 
-27.092891 16.045217 -14.198352 
-28.031491 16.499632 -14.008719 
-28.846495 15.934620 -14.166980 
-28.019986 15.549599 -13.584462 
-28.102215 14.536887 -13.687331 
-27.665448 14.083812 -14.505565 
-28.537741 13.739142 -14.953159 
-28.400810 14.739547 -14.637703 
-27.515616 14.964987 -15.050729 
-26.970319 14.551814 -15.957200 
-27.038569 13.677636 -16.128450 
-26.813400 13.485965 -17.199018 
-25.929071 13.083859 -16.697263 
-25.008901 12.594121 -16.398351 
-25.417800 12.061106 -17.217379 
-25.098976 12.936187 -17.800443 
-25.256077 13.905819 -17.438674 
-26.166179 14.255072 -16.996434 
-25.846620 15.283604 -16.796423 
-25.382300 16.234594 -16.594848 
-26.426163 16.155705 -16.220883 
-26.379851 17.095245 -15.863436 
-25.697118 17.658906 -15.182254 
-26.167509 16.940364 -14.637351 
-24.388972 15.029169 -15.819429 
-23.100039 11.924690 -16.664355 
-24.100855 11.834148 -17.162454 
-24.742099 11.078468 -16.879915 
-25.203211 10.186128 -17.046919 
-26.223414 10.696507 -17.876843 
-26.082066 10.858362 -18.911115 
-27.045424 10.774879 -19.071346 
-27.652782 9.980755 -19.081360 
-27.532519 9.427421 -18.387194 
-27.039331 8.391960 -17.951937 
-26.175663 7.841488 -17.950762 
-25.334000 7.914113 -17.306768 
-25.447857 6.871218 -17.226869 
-26.894114 7.218403 -19.645128 
-27.260620 4.999668 -20.024658 
-25.837453 5.774249 -18.415328 
-26.884852 6.344544 -17.031487 
-26.811916 6.489843 -18.009077 
-26.777574 5.960796 -18.938144 
-27.763283 5.910710 -18.479375 
-27.940437 7.027724 -18.454045 
-28.000342 8.059770 -18.380643 
-28.716943 8.667261 -18.065839 
-27.988895 8.508469 -17.280634 
-29.043768 9.444740 -15.309924 
-27.161821 11.804435 -16.666939 
-27.433270 11.860531 -15.020264 
-26.556758 7.840440 -14.180818 
-27.787858 8.504052 -14.045018 
-27.956933 7.575442 -13.441485 
-27.676042 6.354702 -14.018045 
-28.164429 6.790065 -14.898607 
-29.444027 5.418528 -14.335376 
-27.460849 7.679153 -11.553218 
-26.648874 8.326786 -10.730981 
-27.064753 8.357615 -9.813646 
-27.497495 9.143203 -10.186107 
-26.920233 10.043008 -10.431283 
-27.809090 9.570298 -11.212952 
-29.038203 7.886861 -11.147348 
-30.298494 8.565157 -9.753172 
-31.547714 10.927120 -7.793271 
-31.237352 12.710041 -5.699876 
-30.534023 12.336335 -4.941264 
-31.112486 10.859390 -3.723255 
-32.697774 9.610593 -4.745390 
-33.527427 9.472065 -4.009700 
-33.231112 8.594746 -3.399670 
-33.808171 7.464732 -3.766653 
-33.773736 6.381915 -4.680613 
-33.453157 6.791594 -5.624715 
-32.910334 5.984605 -5.578989 
-32.032217 6.130651 -6.117616 
-31.732067 5.234975 -6.148040 
-32.060634 4.186003 -6.407736 
-30.789897 6.424955 -7.580559 
-28.924047 4.688738 -8.444110 
-27.643791 3.651022 -11.374379 
-28.699077 2.664514 -10.754357 
-29.877665 1.326438 -10.679617 
-28.845997 2.383144 -12.873534 
-28.551637 3.023029 -15.459176 
-28.570303 1.912614 -14.948598 
-29.363153 1.962791 -15.450433 
-30.266510 1.998004 -16.103891 
-29.277132 2.931608 -17.044067 
-30.514825 2.857450 -17.432409 
-31.197547 3.591519 -17.125836 
-31.400464 4.153899 -16.296485 
-32.071287 3.576802 -15.802569 
-32.525540 4.539336 -15.434646 
-32.840865 4.583250 -14.357021 
-32.209268 5.699188 -13.450040 
-32.222117 7.059384 -12.527311 
-32.718552 8.099563 -12.446861 
-31.868488 8.574123 -12.127190 
-32.000973 9.211671 -12.945456 
-31.360961 8.657438 -13.553660 
-30.584746 8.204428 -13.074620 
-29.526016 8.275455 -13.289925 
-28.073905 9.048860 -12.918871 
-28.256945 9.410036 -12.149569 
-29.120941 8.841483 -11.924653 
-29.277786 9.768326 -11.488347 
-28.977524 10.511958 -12.077701 
-29.358197 9.830003 -12.815033 
-30.216960 9.050698 -12.017948 
-30.294084 10.271053 -10.656586 
-31.664971 10.897280 -11.389986 
-29.890009 14.078418 -11.985560 
-27.800398 13.854928 -12.170869 
-28.109263 10.613909 -12.286429 
-28.352709 11.461425 -12.787392 
-28.732133 10.684283 -13.349609 
-29.827692 10.500907 -13.503212 
-29.628181 11.542087 -13.110317 
-30.788446 11.666248 -13.123120 
-30.607621 12.379778 -12.416338 
-29.675859 12.342538 -11.819112 
-29.789083 13.186821 -11.280048 
-30.480711 12.909496 -10.491131 
-31.045678 12.299672 -11.183169 
-31.244232 11.568004 -10.442165 
-30.166587 11.877759 -10.408700 
-29.630045 11.212271 -10.782175 
-28.531316 10.999068 -10.507610 
-28.919454 11.831217 -10.191854 
-28.688274 12.388357 -11.120379 
-27.757933 12.849033 -11.472875 
-27.440251 12.090584 -12.098143 
-26.524800 12.016504 -10.900477 
-25.763098 11.310012 -11.143354 
-26.676073 11.106302 -11.600620 
-26.090112 11.340466 -12.498234 
-27.140648 11.203681 -12.452650 
-26.049599 11.875930 -14.015148 
-26.373351 10.687968 -15.413111 
-25.799411 9.950884 -15.509390 
-25.220631 9.201936 -15.948497 
-24.551958 4.919271 -17.108388 
