-8.910912 -30.032939 -6.978183 
-8.693171 -30.465996 -7.886345 
-9.781842 -30.594241 -7.765314 
-9.710839 -29.855716 -8.429469 
-9.304561 -29.047977 -8.770976 
-9.682078 -28.952770 -9.708184 
-10.300622 -29.643576 -9.515559 
-11.265393 -29.700133 -9.232034 
-11.802579 -28.846537 -9.110265 
-12.305211 -29.360168 -9.862354 
-12.683302 -29.909771 -9.133926 
-13.233401 -30.621121 -9.731914 
-12.259602 -30.829567 -9.930479 
-12.687459 -31.674005 -10.059748 
-11.672737 -31.590231 -10.481374 
-11.214867 -31.065470 -11.103384 
-11.096464 -30.534508 -10.081749 
-10.999172 -31.501017 -9.592915 
-10.945891 -30.872425 -8.777436 
-11.704159 -31.130307 -8.283924 
-11.547053 -30.410072 -7.611084 
-10.844634 -29.970362 -8.157973 
-11.645315 -29.330254 -7.837173 
-10.871849 -28.643505 -7.908683 
-11.489823 -27.864992 -7.716350 
-11.166285 -26.965797 -7.970133 
-10.859608 -27.362814 -8.906204 
-10.719306 -26.523392 -9.459923 
-10.670527 -25.577491 -9.138782 
-10.213892 -25.931918 -8.332829 
-9.448883 -26.653522 -8.472355 
-9.758175 -27.241772 -7.593894 
-9.121806 -26.888920 -6.817134 
-8.824764 -27.356376 -7.719921 
-8.039911 -27.097106 -7.122799 
-7.963925 -27.103542 -6.091684 
-7.358664 -27.525161 -5.282309 
-7.224182 -27.861519 -6.304093 
-7.203505 -28.823980 -5.879622 
-6.463699 -28.832396 -5.123297 
-7.020622 -29.439413 -4.435917 
-6.591932 -30.389260 -4.349477 
-6.783542 -31.073675 -3.619372 
-6.339687 -31.379609 -4.496983 
-5.867556 -30.705344 -5.112020 
-5.690495 -30.832901 -6.251651 
-6.376123 -30.043957 -6.469873 
-7.195786 -29.794591 -7.104752 
-7.670125 -28.957946 -6.819037 
-8.045916 -29.200552 -7.735343 
-8.940009 -28.888466 -7.304875 
-8.552627 -28.308796 -8.085573 
-8.535020 -27.997525 -6.960424 
-8.791099 -28.006743 -6.022617 
-8.366477 -27.702153 -5.149249 
-7.808914 -28.085112 -4.307365 
-7.157247 -27.562598 -3.669251 
-6.331924 -27.694418 -2.985088 
-6.755854 -28.421376 -2.265284 
-6.777279 -29.431640 -2.417525 
-7.263073 -29.994397 -1.790933 
-8.225784 -29.574583 -1.655930 
-8.991634 -30.047487 -2.160493 
-9.185205 -29.080512 -2.552580 
-8.423447 -29.381253 -3.124444 
-8.219283 -28.612202 -3.655767 
-8.686545 -29.376275 -4.369769 
-9.238293 -28.456270 -4.369597 
-9.580358 -28.976534 -5.171311 
-8.794571 -29.596264 -5.288484 
-8.590243 -28.970988 -6.084728 
-8.041589 -29.759839 -6.097420 
-7.520178 -29.691943 -5.242684 
-7.744999 -30.343548 -4.407276 
-8.877289 -31.485128 -4.842382 
-6.499558 -31.593549 -6.797551 
-6.654137 -31.094008 -7.687521 
-6.237692 -32.043413 -7.656852 
-7.450995 -31.453606 -8.045349 
-8.069226 -31.001243 -9.315622 
-8.152181 -31.465311 -10.187340 
-8.838523 -31.509572 -10.913107 
-8.749249 -30.748130 -11.738887 
-7.635192 -30.786399 -11.472022 
-7.445730 -32.036025 -10.732915 
-7.547748 -32.389786 -9.609965 
-8.235021 -32.931708 -9.417137 
-8.343254 -33.327463 -8.510512 
-9.850656 -31.671994 -5.476635 
-12.743541 -29.404489 -2.636618 
-14.388082 -28.185365 -3.014522 
-13.206130 -26.673662 -2.865905 
-12.660222 -27.538856 -3.092938 
-12.044573 -27.796232 -3.913085 
-12.394914 -28.544185 -4.561105 
-11.551054 -29.077529 -4.800670 
-11.340811 -28.622123 -3.941436 
-10.349957 -28.862929 -3.906651 
-10.101200 -29.826135 -3.250441 
-6.233737 -32.372858 -3.870338 
-4.158052 -33.614258 -6.472358 
-5.387096 -32.769916 -7.294306 
-4.835194 -31.165204 -10.616411 
-6.928249 -30.249449 -10.867883 
-7.461882 -29.620698 -9.977335 
-8.362184 -29.173276 -9.643436 
-8.240208 -29.589418 -8.630055 
-3.868319 -29.810044 -7.882242 
-2.428980 -30.796429 -9.251791 
-2.002029 -29.691470 -10.393159 
-2.018721 -29.313596 -11.377604 
-2.800644 -29.920070 -11.975578 
-2.301337 -30.822402 -11.806422 
-1.236791 -30.857886 -10.471600 
-2.569087 -31.249116 -10.683271 
-2.092196 -33.194849 -10.077517 
-2.121382 -33.282246 -8.188492 
-2.534502 -34.788109 -9.029041 
-3.272151 -33.613090 -9.179538 
-2.987739 -32.120481 -7.006174 
-1.622752 -30.264082 -5.483831 
-1.163137 -29.523345 -6.000304 
-0.302175 -29.211275 -5.768552 
-0.292410 -30.388883 -5.418531 
-1.133882 -31.240361 -4.529597 
-2.140474 -31.448302 -4.162823 
-1.582330 -31.186361 -3.404450 
-0.710207 -31.615156 -3.691448 
-0.455767 -32.486138 -4.471495 
-1.083108 -33.356525 -4.583332 
-0.717228 -31.459079 -7.572938 
-2.838322 -32.135093 -5.457713 
-5.397352 -31.711914 -4.716094 
-4.273319 -30.874189 -3.691391 
-3.928558 -31.070690 -2.680852 
-3.791312 -30.213626 -1.195931 
-3.570222 -29.282358 -1.083174 
-2.644928 -28.255814 -2.595893 
-3.093937 -27.928143 -3.651677 
-2.620006 -28.696395 -3.376616 
-3.410292 -28.973720 -4.076620 
-2.870450 -29.617685 -3.913099 
-2.527749 -29.375522 -4.929624 
-3.450573 -29.156062 -5.370790 
-4.470274 -29.088213 -5.083877 
-4.522501 -28.058438 -5.017381 
-5.317436 -28.637899 -4.835589 
-5.499750 -28.981038 -6.256932 
-5.660231 -28.538686 -7.222844 
-4.884028 -28.426563 -7.921632 
-4.998745 -29.194978 -8.537899 
-5.120198 -29.119153 -9.694385 
-5.557582 -29.519836 -10.566004 
-4.544953 -29.164184 -10.855280 
-5.264984 -29.496307 -11.611300 
-6.195116 -30.259849 -12.259415 
-7.597416 -29.499065 -12.578995 
-8.691429 -29.650547 -12.684307 
-8.520554 -29.007023 -13.522197 
-9.346605 -28.355279 -13.798962 
-8.444697 -28.325129 -14.244084 
-8.658260 -28.014739 -13.222161 
-8.589608 -27.824543 -12.132240 
-7.887659 -28.987208 -11.393530 
-9.796921 -28.711124 -10.682577 
-11.329361 -27.363909 -10.598012 
-13.483650 -27.649962 -9.137824 
-14.540543 -27.446459 -9.508342 
-14.691743 -26.453757 -9.195318 
-13.913822 -25.919489 -9.828254 
-13.594913 -26.755880 -10.346921 
-12.979130 -26.349034 -9.689019 
-12.301481 -25.741373 -10.236255 
-12.838189 -24.888814 -10.101729 
-13.554485 -25.062549 -9.385804 
-13.971717 -24.773040 -8.463066 
-14.894925 -24.536004 -8.253787 
-15.034202 -25.436743 -8.943533 
-15.596127 -24.794290 -9.453336 
-16.172045 -25.072859 -8.546508 
-15.900547 -26.112654 -8.657658 
-15.611458 -27.156949 -8.461239 
-16.040665 -28.232475 -8.668104 
-16.333709 -29.165108 -8.368057 
-16.441303 -30.136289 -8.102434 
-15.373488 -29.241241 -7.653393 
-13.920007 -27.310023 -8.076968 
-14.761364 -26.818143 -7.572536 
-15.736154 -27.166048 -7.367928 
-15.113125 -26.815887 -6.515569 
-13.987979 -28.323714 -6.149592 
-11.928706 -29.646492 -6.770631 
-10.923083 -29.767739 -6.988672 
-10.794805 -30.757480 -6.434873 
-12.768199 -31.060527 -6.722882 
