-9.379414 -25.627636 4.773252 
-9.342613 -25.610626 3.889296 
-9.931027 -24.673732 3.717495 
-9.174783 -24.113830 4.231435 
-9.600691 -23.144034 4.120123 
-9.149766 -22.759089 4.906190 
-9.677745 -23.448030 5.387203 
-10.717926 -23.700944 5.429079 
-10.505449 -23.561702 6.494395 
-9.589985 -23.929325 6.743708 
-8.869236 -23.421724 7.198619 
-9.453458 -22.627533 7.571082 
-9.205559 -21.638745 7.388045 
-8.519741 -22.361176 7.092509 
-8.547518 -21.878836 8.025214 
-8.030557 -22.104905 8.847608 
-7.745013 -22.602322 7.980804 
-8.107884 -23.217926 8.702281 
-9.118525 -23.291966 8.918585 
-8.494895 -24.116861 9.101348 
-9.005362 -25.028358 8.807368 
-8.969420 -25.988220 9.003324 
-10.058424 -25.783344 9.061709 
-10.142601 -25.129509 9.856816 
-10.594712 -24.572896 9.080131 
-10.536230 -23.703596 9.655068 
-10.649402 -22.805730 9.435559 
-10.263291 -23.141411 8.512008 
-11.186219 -23.240549 8.002087 
-12.029237 -23.566977 8.368122 
-12.545937 -23.942579 7.476028 
-13.584084 -24.088383 7.354929 
-13.120216 -24.652703 6.662912 
-13.665761 -25.259641 7.223981 
-12.883433 -25.768622 6.768480 
-13.600672 -25.741079 6.162157 
-14.653616 -25.981098 5.690598 
-14.997494 -25.905986 4.730551 
-15.790007 -26.348553 5.075051 
-16.541592 -25.997913 4.562708 
-16.104928 -26.400443 3.666531 
-15.783774 -27.459831 3.630731 
-14.711265 -27.493604 3.265521 
-14.012796 -27.237998 2.425640 
-13.260927 -27.641687 2.984945 
-12.830496 -26.783493 3.304506 
-12.292622 -26.452308 4.044498 
-12.183606 -25.459680 3.624333 
-13.129280 -25.020794 3.333341 
-13.997266 -24.528382 2.764411 
-13.648496 -23.748497 2.153107 
-13.307324 -23.254484 1.260200 
-13.229627 -24.220596 0.921504 
-13.584528 -23.468945 0.372825 
-13.255007 -22.709966 -0.188790 
-12.327567 -22.887285 0.063884 
-12.583045 -23.637656 -0.575557 
-12.289946 -24.487951 -0.165321 
-12.523128 -24.627346 -1.183157 
-13.464937 -24.634856 -0.877257 
-13.338585 -24.893431 0.097083 
-13.291162 -25.584597 -0.606819 
-12.462176 -26.170884 -0.266025 
-13.245027 -26.807210 -0.573379 
-13.030905 -26.330741 -1.454109 
-12.775802 -25.653954 -2.225875 
-12.541173 -25.148360 -3.101467 
-11.763415 -24.613155 -3.526965 
-12.240689 -25.452095 -4.235196 
-12.644002 -25.097356 -5.144692 
-13.117160 -25.874874 -5.595556 
-12.674151 -26.816482 -5.599028 
-11.806504 -26.300746 -5.888864 
-11.885658 -27.330833 -6.032053 
-10.930664 -27.677164 -4.167542 
-12.166158 -27.731571 0.326641 
-12.758359 -28.663535 0.434403 
-13.529322 -27.857157 0.631393 
-13.349245 -26.686775 1.386819 
-13.190776 -27.500216 1.749760 
-13.907980 -28.138031 1.482045 
-13.784801 -29.089738 0.969539 
-13.403400 -29.794516 0.292109 
-13.217753 -28.828146 -0.570101 
-13.965738 -28.731687 -1.139952 
-14.807417 -28.328029 -0.748688 
-15.140085 -29.360548 -0.883910 
-15.565856 -29.061011 -1.909737 
-16.033377 -26.527134 -1.832157 
-15.130336 -26.836051 -1.255054 
-16.948461 -27.400531 0.067265 
-18.324446 -26.638782 -0.857915 
-18.311619 -27.287648 -1.681801 
-18.557292 -26.255612 -1.811018 
-19.226820 -26.828091 -2.111200 
-19.867364 -27.563327 -1.642645 
-19.007076 -28.167227 -2.046286 
-19.486920 -28.460653 -1.099938 
-19.096792 -27.574702 -0.757290 
-20.772193 -26.467358 1.513264 
-21.649860 -22.628219 4.034819 
-22.622611 -21.092478 5.518653 
-21.778405 -23.222713 7.001394 
-21.962988 -20.313962 7.205216 
-20.634428 -19.751364 7.422306 
-20.555046 -20.061189 6.497682 
-20.402349 -20.962693 6.978864 
-19.329675 -23.407538 3.243019 
-17.673094 -23.070544 5.047919 
-17.808572 -21.425718 5.823955 
-16.814794 -21.377489 5.769893 
-16.679591 -22.177618 5.017473 
-16.913741 -22.640999 5.882385 
-16.790536 -23.925170 5.859375 
-16.111142 -23.409687 5.731475 
-14.040306 -23.912787 5.858460 
-13.475481 -23.717192 4.280462 
-14.363067 -22.356148 2.984567 
-15.309527 -22.627589 2.877368 
-15.213026 -25.206557 2.783614 
-14.072712 -26.159102 3.484158 
-13.984439 -25.419315 4.097068 
-14.450212 -24.906244 5.046292 
-14.823529 -23.629069 4.783005 
-13.903102 -22.616940 5.258724 
-13.919566 -21.514623 5.442431 
-12.939910 -21.786481 5.051452 
-13.724298 -21.358906 4.287550 
-14.484529 -21.941105 4.542646 
-15.432820 -21.409432 4.759382 
-15.712208 -20.051139 8.067194 
-18.379844 -20.404798 11.837505 
-21.904911 -21.580497 11.984359 
-21.215547 -20.696477 13.369932 
-20.468819 -19.216647 13.926446 
-20.335288 -19.106352 11.977015 
-19.392246 -20.719638 11.491773 
-18.320491 -21.318844 10.636427 
-17.724609 -22.015709 10.054418 
-16.902919 -21.900701 9.481942 
-16.443180 -20.451985 9.246585 
-14.867544 -20.132553 9.380919 
-14.286847 -20.171657 10.335973 
-13.542798 -20.622611 10.859432 
-13.216457 -20.790175 9.887885 
-13.129443 -21.318644 9.013313 
-12.865402 -22.287343 8.974537 
-11.640586 -21.598727 9.651283 
-10.475334 -20.758552 10.007416 
-9.923484 -21.011152 9.035966 
-9.375389 -20.344426 8.487719 
-8.532960 -20.634371 8.853559 
-9.032630 -21.542523 8.933085 
-9.780539 -22.016653 8.415080 
-10.575973 -21.789633 7.696622 
-10.575571 -22.289421 6.156969 
-11.454304 -21.446201 6.532762 
-11.454349 -22.150457 7.336180 
-12.552054 -22.214272 7.458301 
-12.835801 -22.940480 6.771662 
-11.933162 -23.094597 6.250645 
-11.508837 -24.484409 5.312201 
-11.960359 -24.253721 3.769886 
-10.337400 -24.327315 2.354571 
-9.128089 -25.634019 -0.662507 
-10.944161 -28.151115 0.866495 
-11.856584 -25.871329 0.462560 
-12.711331 -25.479761 0.745430 
-12.128967 -25.129413 1.525925 
-12.899275 -24.561346 1.809297 
-13.041117 -25.517995 2.247154 
-12.254860 -25.045251 2.561543 
-11.411119 -25.598952 2.324214 
-10.769306 -25.419928 3.077859 
-11.188295 -26.313151 3.343731 
-10.503158 -26.769418 2.594763 
-10.452494 -26.180820 1.707372 
-9.646194 -26.786882 2.084145 
-8.766550 -26.276586 2.482501 
-8.116243 -26.860384 3.216529 
-7.594647 -27.265005 4.042727 
-8.540929 -27.049637 4.241773 
-7.916169 -26.494039 4.972302 
-7.511433 -25.854665 4.349015 
-6.734010 -26.561806 4.214774 
-5.683632 -27.312257 2.561892 
-6.823605 -27.311673 0.435574 
-7.063950 -26.311952 0.109830 
-6.714979 -25.751521 0.863244 
-7.639733 -25.179135 1.060571 
-8.692489 -24.366880 1.843688 
-8.583430 -23.356271 3.416028 
-8.966922 -22.391829 3.428111 
-9.619356 -22.186621 4.280183 
-11.153897 -22.064608 3.644492 
