-3.870841 -20.682796 27.153273 
-4.507943 -21.538433 27.226187 
-4.001425 -21.524525 26.304515 
-3.492820 -22.274864 25.792977 
-2.681100 -22.249441 26.423530 
-2.381339 -23.062723 25.835424 
-3.236949 -23.282493 26.456364 
-4.018460 -23.349670 25.796465 
-5.105431 -23.417781 25.749152 
-5.845390 -23.116763 25.101608 
-5.293168 -22.313645 25.481522 
-4.448392 -22.082468 24.883834 
-4.757726 -22.374673 23.955660 
-3.785531 -22.352494 23.776481 
-3.130595 -22.443299 24.608202 
-2.376019 -21.998843 25.135113 
-1.240841 -22.269396 25.232580 
-1.037509 -21.392040 24.691222 
-1.052688 -20.378579 24.404111 
-0.558455 -19.837930 25.261071 
-0.073749 -19.435441 24.492008 
0.909248 -19.497291 24.159072 
1.579858 -19.454712 25.083445 
2.380993 -19.458643 24.375279 
2.255580 -18.512621 24.712282 
1.358725 -18.344826 24.304515 
0.488738 -17.840902 24.345347 
-0.119028 -17.109624 24.921190 
-0.303272 -16.121300 24.775092 
0.505782 -16.070364 24.131937 
1.449693 -15.703582 24.303186 
2.500107 -15.948358 24.247860 
2.052358 -16.021568 23.340129 
2.198375 -16.901421 23.902305 
2.103713 -17.841566 23.756689 
2.563117 -17.819742 22.822709 
3.371305 -17.214501 23.041069 
3.292387 -16.267109 23.413500 
2.953672 -16.154863 22.502049 
2.809954 -15.285056 22.978023 
2.301616 -14.441121 22.946746 
2.748588 -13.901422 22.148245 
2.475596 -14.819005 21.881530 
3.414080 -14.637938 22.099904 
3.679646 -15.456391 21.625430 
2.916996 -15.721307 21.117565 
3.257641 -16.587599 21.119745 
3.769311 -16.454971 21.967756 
4.287242 -16.274377 22.704164 
4.448964 -17.028133 23.413958 
4.097995 -16.593025 24.244341 
4.684385 -15.929228 23.712296 
5.625598 -15.342156 23.895513 
6.310860 -14.734533 23.343698 
6.221291 -15.207046 22.386582 
5.847634 -15.800533 21.658772 
5.113092 -14.886062 21.504823 
4.910752 -15.306199 22.440878 
4.457958 -14.501481 22.147337 
4.736648 -13.789895 21.426445 
5.282948 -13.788416 20.500962 
4.677676 -14.340073 19.928651 
4.284185 -14.739390 19.029570 
5.264691 -15.015106 19.003127 
5.104646 -15.525074 18.134556 
4.798597 -15.720981 17.184187 
5.604152 -15.970541 16.676027 
6.192514 -16.239324 15.810009 
6.873821 -17.094681 15.745661 
6.965170 -16.547704 14.853787 
7.750998 -17.025538 15.113480 
7.924916 -17.482504 16.052832 
7.294328 -18.179579 16.589449 
7.292483 -18.969979 16.005572 
5.212031 -22.032350 13.535045 
0.081670 -24.532802 10.443163 
-0.515013 -24.234817 11.208972 
-0.224469 -24.927146 11.955392 
-0.236269 -23.980504 12.539400 
-0.973305 -23.486983 13.765327 
-0.570334 -24.415464 13.533066 
-0.231297 -25.168938 13.980515 
0.289429 -25.253694 13.127246 
0.315250 -23.748582 13.385483 
0.581491 -22.479678 13.949687 
0.875640 -21.823504 14.684743 
-0.095260 -22.244382 14.600048 
-0.268643 -21.176057 14.890204 
0.453587 -18.470639 16.350408 
2.716131 -18.443051 16.488825 
4.780254 -18.960695 15.115338 
6.174750 -19.175610 15.261774 
6.449677 -19.139516 14.364548 
7.264493 -19.514512 14.715271 
7.811151 -18.696796 14.980821 
8.022323 -18.023919 14.235658 
7.404874 -18.838362 13.952015 
7.031363 -19.645350 13.470678 
7.415063 -20.303813 13.993661 
6.732489 -21.498299 10.683230 
3.354507 -21.135969 11.355747 
3.909365 -20.473290 12.050629 
3.513104 -19.627389 16.185817 
5.391103 -17.958364 17.769986 
4.717151 -18.695238 17.984697 
4.041717 -18.194763 19.165082 
3.295533 -17.886481 19.853414 
0.015844 -20.537608 19.484922 
1.707651 -19.141989 21.351949 
2.926282 -18.947567 20.507982 
3.299768 -19.809961 20.121838 
3.768825 -20.445913 19.548164 
2.897427 -20.382817 19.185236 
1.391390 -19.902663 18.572024 
1.309841 -20.338852 17.831956 
1.288876 -21.207760 19.912845 
1.649889 -23.257749 20.806227 
1.103457 -23.267907 22.521899 
0.548359 -22.574291 22.187698 
2.977621 -20.278751 21.460128 
4.784531 -18.353451 21.059088 
4.895340 -18.186205 19.995672 
5.358216 -19.081981 19.643037 
5.082159 -17.667464 18.855562 
4.259988 -17.061359 17.801712 
3.577831 -16.372194 17.762100 
3.414115 -16.513551 18.761213 
3.907910 -16.469755 19.691040 
4.678369 -16.125893 19.191124 
5.642004 -16.426576 19.328250 
7.034231 -15.293679 19.826605 
8.707609 -18.433527 18.625650 
6.652621 -18.826254 18.717705 
6.532741 -20.185586 17.790642 
5.605209 -20.460214 18.626165 
4.808270 -21.308528 18.077411 
4.870298 -22.976255 17.051584 
4.263877 -24.248679 18.875252 
5.130036 -24.810222 19.500983 
6.120266 -24.796850 19.424154 
5.203564 -23.477245 19.158073 
5.002962 -22.603325 20.244693 
4.866313 -22.342509 19.266186 
4.091437 -22.403066 18.650751 
3.344624 -21.866525 18.091512 
3.823448 -22.507050 17.406658 
3.073332 -23.058157 16.871898 
1.972745 -22.101683 17.675171 
2.855069 -21.135129 17.525908 
1.946358 -21.056824 17.086916 
2.657503 -20.902121 16.288752 
2.801400 -21.961109 16.182822 
3.606850 -22.737564 16.106712 
3.465476 -23.476341 15.317736 
2.901422 -23.601318 16.095858 
3.764543 -24.443376 16.879987 
4.326067 -23.871832 16.423917 
4.617910 -23.166991 15.763357 
5.541371 -22.982288 15.191790 
5.309602 -22.266441 16.032760 
5.789529 -21.331877 15.706861 
5.116332 -20.571409 16.613349 
5.022282 -19.631381 16.741146 
6.222997 -18.310071 16.906222 
6.682335 -14.119550 19.108842 
6.909461 -13.226852 21.381717 
3.192066 -11.889638 23.121279 
3.621330 -12.936295 23.128748 
2.925185 -12.761171 23.772746 
2.151842 -13.358115 23.755269 
2.549250 -13.035794 22.738452 
1.964725 -13.297632 21.832224 
1.413737 -14.194035 22.197283 
0.723186 -14.898491 22.209808 
1.156585 -15.172502 21.298227 
1.773515 -15.986074 21.301486 
0.885919 -16.543227 21.339001 
0.770367 -16.417943 22.482889 
0.207818 -17.047530 22.036658 
0.027394 -17.327033 21.053687 
0.570630 -18.189351 20.759612 
0.792718 -18.192365 21.821353 
0.613458 -17.873125 22.761038 
0.658820 -17.224166 23.520211 
1.468493 -17.199960 22.982721 
2.336296 -16.793493 21.063177 
1.823463 -14.619237 19.839011 
2.342745 -14.324448 20.758824 
3.313216 -14.687341 20.780989 
3.086085 -14.640405 19.739002 
1.730936 -15.919999 19.015023 
0.795074 -15.429680 18.149035 
-0.036939 -15.872440 17.788475 
0.330322 -15.211999 17.151322 
1.125264 -17.349713 14.481754 
