19.665755 -6.147200 13.746056 
20.294142 -6.206077 12.843495 
21.074405 -5.929369 13.430006 
21.285885 -5.143811 14.145451 
20.598098 -4.582765 13.588007 
19.838634 -5.134459 14.086799 
19.594235 -4.594912 13.222918 
18.985590 -3.776017 13.384932 
18.144979 -3.136018 13.549252 
17.393074 -3.886573 13.851269 
16.594021 -4.417303 13.970224 
15.990333 -4.903826 14.670562 
15.587328 -4.184583 15.267380 
14.990384 -3.827782 16.061173 
14.884928 -3.605594 17.110801 
15.608639 -2.948118 16.910475 
15.032439 -2.507884 17.610589 
14.715246 -1.789511 18.361011 
13.855819 -2.115405 18.083788 
12.952467 -2.366318 18.538738 
13.640718 -3.185002 18.524414 
14.234260 -3.483892 19.293476 
14.737874 -4.338155 18.959773 
15.008224 -4.963407 18.244998 
14.120936 -4.772635 17.833636 
13.966274 -4.504469 16.847378 
14.004271 -5.442104 16.380219 
14.286250 -6.412147 16.205949 
15.211991 -6.464242 15.941255 
16.130033 -6.132345 16.173686 
16.262031 -6.532039 15.319190 
17.151262 -7.194793 15.416390 
17.248091 -6.915099 14.352310 
16.752651 -6.383302 13.574372 
16.056823 -6.602242 14.297584 
15.382068 -5.775586 14.109637 
14.729256 -6.504783 14.031515 
14.846266 -7.323727 14.771653 
14.329591 -7.287634 15.711314 
13.339321 -7.617248 15.343341 
13.982962 -8.285003 15.566598 
14.169169 -9.237082 15.175113 
14.841195 -8.718245 15.711190 
15.346710 -8.464347 14.739147 
16.079530 -8.966048 14.189820 
16.260269 -9.638544 14.997554 
15.826608 -9.026124 15.669171 
16.599934 -8.351545 15.828292 
16.002451 -7.567193 15.548225 
16.664703 -7.794653 14.792387 
17.162632 -7.930637 13.819665 
17.898267 -7.681922 13.188132 
18.791461 -7.831346 12.708167 
18.710799 -7.772360 11.719560 
18.735368 -7.111525 10.979502 
17.894320 -6.945736 10.481525 
18.441499 -6.228576 10.091560 
18.880823 -5.765414 10.911962 
19.122597 -5.010155 10.238875 
19.872268 -5.770582 10.122221 
19.571798 -6.731996 10.207846 
20.106305 -7.511317 10.718982 
20.621366 -7.150565 9.797775 
20.459161 -8.107425 9.349274 
20.095076 -8.078976 8.459855 
19.427517 -8.649756 7.980006 
19.841830 -9.485578 8.428930 
19.228557 -8.734258 9.074033 
19.263824 -7.825934 9.755760 
19.251073 -8.092236 10.751231 
18.264896 -8.172798 10.806137 
17.336640 -7.870615 11.142288 
17.838311 -8.130130 12.092250 
16.870908 -7.911156 12.199757 
16.153472 -7.713794 10.723673 
17.181711 -8.586192 9.793913 
18.127667 -8.142288 9.610418 
17.865469 -7.631526 8.777464 
18.909061 -7.570084 7.949631 
19.170582 -8.451811 6.764221 
19.403082 -7.644529 6.121553 
19.247641 -7.048116 5.295719 
18.469396 -7.470399 5.832002 
17.973201 -7.511144 4.795163 
18.457820 -6.518386 3.833928 
19.527052 -6.995170 3.581582 
18.752519 -7.466990 3.046283 
19.488824 -7.503722 2.296252 
19.693076 -7.798320 -0.406060 
20.634108 -6.400054 -1.665623 
20.209641 -6.054686 -0.232360 
19.081274 -6.372749 0.098780 
19.102017 -5.449361 -0.215421 
18.990159 -4.885306 0.688482 
19.109279 -3.951085 1.192752 
19.816228 -3.301255 1.466948 
20.073917 -3.771334 0.656762 
20.588260 -4.676704 0.876291 
21.487715 -4.523773 0.235297 
21.576394 -2.441508 2.071275 
21.947797 -2.385164 5.253980 
20.913680 -2.857422 4.625503 
18.980493 -4.999409 5.591453 
18.772732 -4.391736 2.902969 
19.783366 -4.803131 2.461520 
20.414875 -4.468533 1.937627 
20.961436 -5.345014 2.135440 
18.194394 -6.704569 2.841191 
17.415626 -10.432611 4.603340 
17.322068 -11.226472 5.912845 
17.742253 -10.861755 6.779003 
17.319863 -10.617927 7.782324 
17.121664 -11.282138 8.530411 
16.542389 -13.035157 9.663445 
16.527981 -14.048355 8.791783 
16.961784 -15.228615 8.095878 
15.116388 -15.266729 8.456795 
13.843702 -13.374402 7.610486 
13.707858 -12.780092 6.755476 
14.926957 -12.433143 5.730746 
14.892256 -11.078592 5.347383 
15.071010 -10.978041 6.346316 
14.738699 -10.401781 7.025465 
13.967740 -10.195491 8.095805 
13.997395 -10.519811 9.002282 
14.362214 -11.321225 9.811313 
14.207818 -12.291429 9.667899 
15.170430 -12.052821 9.192071 
15.515150 -12.507028 8.306138 
15.930245 -12.808392 7.513832 
19.059900 -11.337906 6.187748 
16.541916 -10.724076 6.694498 
17.032564 -12.639758 3.958370 
17.069809 -13.521645 3.128946 
16.524719 -12.252245 2.513851 
16.666472 -13.233970 1.094464 
16.069145 -15.138887 0.613945 
15.159850 -16.068659 0.222936 
14.882843 -18.136430 -0.207109 
15.895042 -18.015083 -0.436138 
16.258986 -16.364786 -0.805267 
16.114834 -15.207845 -1.327800 
15.097016 -15.523359 -1.270586 
14.441915 -15.303638 -0.577810 
13.594661 -15.258616 -1.265246 
13.962515 -15.007551 -2.222332 
13.908566 -13.933138 -2.368864 
14.769129 -14.886669 -3.040386 
15.313943 -15.603449 -2.342379 
16.180912 -15.861239 -2.713011 
16.431759 -14.961246 -2.460705 
17.149817 -15.258740 -1.683646 
17.967565 -15.057817 -1.089051 
16.996498 -15.196786 -0.513426 
17.504245 -14.361812 -0.622744 
18.592490 -13.065855 -1.630974 
17.849644 -12.230738 -2.339962 
16.997793 -12.586694 -2.150434 
16.554847 -11.694970 -1.903866 
16.066999 -11.375987 -1.062854 
15.331059 -10.783280 -1.174194 
16.351043 -9.130924 -1.202667 
17.460790 -8.221655 -1.937292 
16.592597 -8.887052 -2.671734 
15.690410 -10.900840 -1.792680 
15.378233 -14.085951 1.963111 
15.494222 -19.125327 2.890915 
14.584520 -19.659976 2.874217 
13.868089 -18.922718 2.922333 
13.946833 -17.920986 2.616577 
13.721264 -17.675605 1.675170 
13.940209 -18.365161 0.927768 
14.433684 -19.230210 0.604252 
15.361511 -18.788212 1.106790 
16.233050 -18.783201 0.545712 
16.378931 -19.528367 -0.131577 
15.436396 -20.126590 -0.165523 
15.446091 -20.079461 -1.200303 
14.702729 -19.627011 -0.719365 
13.911432 -19.085780 -0.944466 
13.705422 -18.254227 -0.413985 
13.837525 -17.209599 -0.221349 
13.452701 -16.534183 -0.679739 
14.242511 -17.103296 -1.136255 
13.875281 -17.147181 -2.117356 
12.098875 -16.275111 -3.025316 
12.736603 -16.060772 -3.974106 
13.199236 -15.262356 -4.375009 
13.301602 -16.133437 -4.999345 
13.325805 -17.053743 -4.354406 
12.680984 -18.338566 -2.525127 
11.871037 -18.825514 -0.314591 
11.912126 -19.059995 0.713507 
12.766774 -19.231894 1.229234 
11.215702 -18.400156 4.983101 
