19.975358 -4.161454 20.427717 
19.398937 -5.031147 20.563275 
19.657479 -6.060315 20.739489 
19.933694 -6.506021 19.844793 
19.043163 -6.250825 19.757865 
18.300902 -5.567948 19.914526 
17.450685 -5.074063 19.767663 
16.432706 -4.932461 19.885213 
16.041528 -5.411943 19.278242 
16.957154 -5.881989 19.376787 
17.833885 -6.048322 18.755728 
18.351940 -5.247011 18.523648 
19.468315 -5.236755 18.863019 
19.492868 -5.168929 17.792785 
19.055366 -4.340175 17.507115 
19.211732 -3.221134 17.387288 
19.536397 -2.333892 16.783974 
20.370515 -1.996400 17.332554 
20.388141 -1.235800 17.949542 
21.357190 -1.462756 17.727012 
22.157298 -0.820462 18.174589 
22.122815 0.210500 18.011654 
22.943039 -0.025771 18.436625 
23.617612 -0.759648 18.347577 
24.285498 -0.042609 18.706654 
24.923536 0.470676 19.466222 
25.399246 0.153096 20.256690 
25.015519 -0.684173 19.865522 
25.200290 -1.194244 18.919033 
25.377523 -2.185145 18.451585 
26.288957 -2.282039 18.049653 
26.767270 -2.748394 17.209575 
26.099292 -3.006904 16.290202 
25.129566 -2.967279 16.602494 
24.834514 -3.181508 15.591944 
25.318279 -4.070014 16.148326 
24.883096 -5.047368 15.918386 
24.883603 -6.027661 15.988812 
24.869570 -6.723335 16.742593 
25.261963 -7.527428 16.143033 
26.060638 -7.990200 16.691769 
26.244235 -7.501880 17.535135 
26.450918 -6.702414 16.889603 
27.570540 -6.541361 17.096823 
27.905846 -5.608988 17.291120 
28.324105 -5.050714 18.100030 
29.041033 -4.497165 18.612466 
29.101311 -4.432646 17.427286 
30.105516 -4.069396 17.691779 
30.215223 -3.628236 16.740273 
30.861902 -2.889844 16.115519 
30.835530 -2.273664 15.191570 
29.850814 -1.960236 15.340798 
29.177644 -1.241389 15.475392 
29.168737 -0.980469 14.466634 
29.133787 -0.838360 13.479018 
29.810594 -1.449989 13.268194 
30.296668 -0.811430 13.943294 
29.870373 -1.784757 14.134897 
29.747568 -2.659333 13.269573 
28.747399 -2.241029 13.523411 
29.314428 -2.724685 14.316316 
29.157449 -3.701292 14.478074 
29.098576 -4.035107 13.436648 
29.208008 -3.493841 12.654383 
28.240372 -3.380144 12.510522 
28.022170 -3.925575 13.345367 
27.088679 -4.622708 13.363629 
26.208900 -4.203681 13.497851 
25.778623 -4.216090 14.477824 
25.974236 -5.038390 14.062319 
26.589639 -4.801735 14.849800 
26.706331 -4.899045 15.929120 
26.544234 -3.904489 16.303833 
23.984136 -3.081859 17.430045 
23.320482 -5.524613 17.994841 
23.765406 -6.421601 18.211934 
24.597544 -6.164330 18.756259 
23.871607 -5.603095 19.307136 
23.249614 -4.779523 19.494804 
22.805082 -4.825402 20.369372 
22.699805 -3.810160 20.065786 
23.028936 -3.392340 19.210943 
23.921421 -3.794332 20.260713 
25.030983 -3.737766 20.782806 
25.384578 -4.698836 20.374091 
25.465091 -4.999200 19.383587 
25.970347 -3.997207 19.318632 
26.439648 -2.300417 19.300301 
27.627266 -3.305946 18.005283 
28.458888 -0.980432 19.112588 
28.083318 0.447221 18.232408 
27.634011 1.246123 17.367687 
28.754290 1.089005 17.589828 
28.814374 1.980206 18.244697 
29.654349 1.844015 17.638346 
30.116220 2.170927 18.600091 
29.186599 2.597980 18.947572 
28.164026 2.908001 19.016409 
30.724018 2.044344 15.096348 
30.943347 -0.369208 14.737749 
29.901880 -1.315470 16.377585 
27.644926 0.898646 16.291842 
30.168034 2.544572 21.158568 
29.709564 3.527207 20.354929 
29.120067 4.456023 20.802676 
29.255460 4.974298 19.870826 
28.845345 5.256196 17.577319 
30.272166 4.829637 13.891039 
30.361664 4.153828 13.254125 
29.341886 4.082243 13.229112 
29.187777 4.529423 14.055929 
28.504025 4.507406 14.892445 
28.584247 2.406635 14.689481 
28.076553 1.949897 12.952168 
27.785549 3.183218 13.391237 
26.680369 2.892680 16.683833 
25.325928 1.504555 17.236538 
24.996520 1.814580 16.520900 
23.946125 1.794820 13.311568 
22.381763 1.721693 10.941948 
21.588139 1.222359 11.517211 
21.092814 0.579479 10.865070 
20.680367 1.159277 10.298897 
21.675747 2.078958 9.775433 
22.105361 2.792275 9.250723 
22.625167 2.760824 10.166919 
23.586362 2.262968 10.301450 
23.997770 2.484368 9.465356 
24.937327 2.476872 10.074048 
24.712862 4.367072 12.564193 
28.440075 2.738608 9.939912 
28.447424 3.236150 8.020740 
27.337173 3.255843 7.788131 
26.627313 3.216457 9.169271 
26.675931 2.641333 9.512950 
27.746832 4.136803 9.446602 
29.978835 3.609056 9.506213 
31.287266 4.003342 10.584275 
31.374036 4.961861 10.268175 
31.465485 4.605617 9.097457 
31.544350 3.548329 7.743090 
31.820445 3.639217 8.822490 
32.836249 3.900340 8.540690 
33.747963 4.188712 9.153421 
33.609501 3.210221 8.551188 
34.147651 2.261107 8.677024 
33.301304 2.163444 9.238274 
33.236768 2.321625 8.052522 
32.912743 2.566542 7.094681 
32.526594 3.498352 7.561489 
32.181932 4.438639 7.735848 
32.018044 5.277671 7.110863 
32.318032 4.545380 6.597622 
31.577005 3.955214 6.379551 
30.247018 3.853058 6.265968 
28.936586 2.566501 5.777400 
28.633572 3.475285 5.288508 
28.435478 4.402076 4.995741 
27.516330 4.850128 5.330544 
26.927023 4.095037 5.296962 
26.686352 3.099067 5.405875 
27.854935 2.564298 5.284768 
28.362379 2.029972 3.986370 
31.438894 2.646776 3.253838 
30.294139 1.029108 -1.011676 
27.967621 -0.115908 -4.270064 
26.981289 -0.227859 -3.882927 
27.023957 0.801356 -4.242125 
27.152227 1.318371 -5.194065 
26.625568 0.875133 -6.051965 
26.187961 0.231437 -5.463452 
26.734559 -0.583385 -5.357155 
26.773245 -1.126186 -4.541273 
27.001753 -2.157652 -4.846672 
27.083814 -3.018778 -5.398883 
26.098997 -2.954465 -5.819350 
26.321548 -2.175780 -6.410992 
26.569284 -1.166512 -6.161154 
27.404712 -1.526335 -6.032266 
27.661332 -0.685736 -6.443814 
28.462228 -1.213353 -6.128557 
28.871981 -1.120456 -5.195673 
28.720891 -2.088367 -5.116514 
29.676327 -1.847165 -4.541058 
29.990646 -1.389712 -6.392605 
30.448146 -0.620830 -8.327193 
30.952722 -1.500322 -8.304101 
30.385367 -2.066841 -8.988979 
30.520770 -1.094873 -9.275261 
32.536172 -0.031577 -9.736921 
33.512328 -1.801062 -10.971021 
32.569574 -1.676284 -10.490714 
33.333340 -1.747340 -9.508556 
31.918000 0.122936 -5.343588 
