20.083813 -8.390981 12.313418 
19.112289 -8.924399 12.501011 
18.373838 -9.081045 11.807571 
18.670273 -10.104282 11.826116 
19.495096 -9.626879 11.311077 
20.124721 -9.258484 10.509199 
19.712268 -9.874981 9.820204 
18.780598 -9.887849 10.118479 
18.697985 -9.704459 9.083502 
19.212025 -10.593458 9.317280 
18.623898 -11.207672 8.772918 
18.517569 -12.130902 8.671237 
19.259235 -12.713524 8.797411 
19.700977 -11.804371 8.312322 
20.514278 -11.728523 7.742414 
20.771550 -11.065015 6.924268 
21.186915 -10.344046 7.483579 
21.562260 -9.301681 7.431712 
22.206467 -9.280711 6.524585 
22.772175 -9.639840 5.783576 
23.339229 -9.653827 4.916581 
22.431889 -9.020549 4.775695 
21.574984 -9.884254 4.739681 
21.192698 -10.656136 5.336036 
21.223838 -10.141878 6.247723 
20.241978 -9.977336 5.893485 
20.223817 -9.448810 4.826151 
20.203576 -9.046839 3.810437 
21.233551 -9.404898 3.895119 
21.360064 -10.297956 3.370976 
20.453064 -10.453934 2.960060 
19.507770 -10.823933 3.073590 
20.074975 -11.135144 2.243784 
19.152363 -11.591716 2.471479 
19.000563 -12.149907 1.633005 
18.736213 -12.478610 0.732428 
18.522293 -13.392326 1.000975 
17.952386 -14.227516 0.608282 
18.231939 -14.886889 -0.012400 
17.869422 -15.600420 0.678375 
17.391040 -16.650913 0.506171 
16.609356 -17.209198 0.760786 
16.190607 -17.677055 1.656903 
16.135576 -16.648609 1.593754 
16.600449 -15.867464 1.046805 
16.107382 -15.420593 1.865135 
16.614269 -14.615574 2.318965 
17.273979 -15.108873 3.071762 
17.481914 -15.298732 2.117263 
17.154550 -16.112927 2.604159 
16.460222 -16.748903 2.682202 
16.954584 -16.944391 3.662886 
16.731867 -16.127022 4.274176 
15.724775 -16.232070 4.595743 
14.855136 -16.322559 4.175855 
14.717776 -16.583522 3.138153 
15.707840 -16.622139 3.439560 
15.526757 -15.652957 3.236111 
15.587368 -14.845471 3.858885 
16.624801 -14.641140 4.244714 
16.425335 -14.404708 5.281591 
16.638670 -13.452490 5.382736 
17.110929 -13.741939 4.388071 
17.804929 -13.644623 5.158798 
17.960633 -12.812752 5.740201 
18.244025 -11.872493 5.400938 
18.338483 -10.739679 5.076236 
17.851051 -10.033487 5.570061 
18.275333 -9.319843 5.009181 
19.220507 -8.678271 5.280977 
20.262683 -8.752564 5.541717 
21.207265 -8.395181 5.404812 
21.826201 -9.193175 5.580571 
22.684745 -8.603295 5.802403 
22.825969 -6.967990 4.335090 
21.587736 -6.611696 2.218096 
21.931835 -7.444803 1.471596 
21.806074 -8.431559 1.231716 
21.655872 -9.298040 1.918493 
20.385542 -8.552194 1.767020 
20.324518 -8.851497 2.819806 
19.445026 -9.391782 2.290852 
18.417385 -9.253298 2.326141 
18.212896 -7.917960 1.501278 
17.985423 -7.196646 0.262276 
17.753640 -7.486088 -0.715791 
18.491466 -8.202316 -0.943443 
18.165363 -8.733395 -0.154862 
16.559282 -9.117018 0.423260 
18.847408 -10.143817 -1.320616 
20.183485 -10.211308 0.221826 
19.001537 -11.457041 -0.179075 
19.339886 -12.475796 -0.077226 
18.516326 -13.073334 -0.357442 
17.618543 -13.444142 -0.256003 
16.736390 -12.798117 -0.510653 
17.408487 -12.175402 -0.983528 
17.139602 -11.571297 -0.201187 
17.922104 -11.219396 0.518652 
17.406845 -9.464109 3.041552 
19.976714 -8.119585 3.811036 
20.735819 -6.780308 5.426369 
19.212743 -7.090351 7.320590 
19.676102 -10.770887 7.457697 
20.564774 -10.457555 8.714927 
20.929868 -11.492113 9.043447 
20.036158 -11.252223 9.507035 
18.011424 -11.932612 10.991355 
16.686503 -9.206022 11.737144 
16.661548 -8.569758 13.368291 
17.442224 -9.319068 13.589027 
17.365377 -9.944157 14.335604 
17.203862 -9.615744 15.480177 
17.741506 -8.247549 15.599117 
17.215075 -8.557915 16.691351 
17.996112 -9.696347 16.020484 
18.840913 -10.325452 15.280724 
17.804276 -11.461867 14.232530 
16.826650 -10.732790 13.288308 
13.956523 -11.804127 12.959277 
12.823331 -14.641762 13.518216 
13.848435 -14.598479 13.335614 
13.681827 -15.346987 13.966545 
14.923926 -15.344917 13.205454 
15.335649 -14.301521 13.709232 
16.238797 -14.804645 14.034583 
16.375370 -14.735269 12.959908 
16.616428 -13.830105 13.422825 
15.820187 -13.393670 12.993661 
15.666016 -12.628907 13.505694 
12.680747 -15.193244 16.005803 
8.659062 -20.197724 15.673009 
9.890498 -21.701592 14.743344 
10.104005 -21.947813 13.690176 
9.249252 -21.574877 13.302690 
9.126701 -21.756106 12.051693 
9.076382 -22.821972 13.140640 
9.139387 -24.319478 14.163371 
9.875579 -25.104054 14.506135 
10.238093 -24.656622 15.408240 
9.996549 -23.370538 16.229587 
8.905587 -23.682778 17.042692 
8.432690 -22.918380 16.362545 
8.935620 -23.257417 15.533826 
8.470656 -22.324804 15.473099 
8.788739 -21.619893 16.114070 
9.370165 -20.846946 16.550070 
10.246560 -19.806625 17.408994 
11.466694 -20.256128 16.827540 
11.077459 -19.744947 16.041634 
11.104005 -19.050271 15.374226 
11.298463 -18.090609 15.415543 
12.191772 -17.461193 15.429066 
12.094054 -16.766693 16.144297 
12.861820 -16.201286 16.511579 
11.995634 -16.179545 18.099183 
12.186806 -15.022442 19.292398 
13.005114 -14.484068 19.416635 
13.168866 -15.399711 19.675279 
13.769504 -15.449959 20.411196 
13.121337 -16.120061 20.792482 
12.203961 -17.160992 19.408506 
11.958396 -18.756726 18.813222 
11.332054 -17.941677 19.873348 
11.875023 -19.479712 21.205009 
7.297127 -19.687583 18.996904 
5.444138 -22.622434 16.639030 
5.563590 -23.027900 15.731873 
5.710361 -22.613781 14.763716 
6.356094 -22.160313 15.546869 
6.942747 -21.872820 16.436875 
6.918348 -20.896376 16.126575 
6.630767 -19.979833 15.744081 
5.899893 -19.407210 16.302928 
6.517120 -18.473470 16.235600 
7.514341 -18.648862 15.762239 
8.098899 -18.646461 14.940978 
9.041741 -19.114702 14.892246 
9.063049 -19.890105 14.084005 
9.015010 -19.588027 13.117993 
8.703239 -19.133556 12.139538 
9.636837 -19.580145 11.927203 
10.389809 -18.939757 12.203725 
10.603195 -19.544237 11.432805 
10.025961 -19.008796 10.783949 
11.101775 -17.914147 9.722530 
13.005229 -19.334043 9.622177 
13.700919 -20.039666 9.196988 
13.689993 -20.721980 9.904779 
13.864004 -21.703051 10.232806 
14.083305 -19.182842 12.007005 
13.635291 -19.307279 13.487841 
12.795371 -18.776844 13.261942 
12.595750 -18.041839 12.587016 
10.728575 -19.977654 15.006444 
