14.274949 -26.052660 1.817079 
14.727691 -25.202548 1.578005 
14.118031 -24.804500 0.828600 
15.188884 -24.664594 0.611000 
15.575377 -23.743071 0.408619 
15.657321 -23.050780 1.195722 
14.865450 -22.435217 1.405724 
14.448478 -21.483054 1.515625 
15.000424 -21.725420 0.763619 
15.699792 -21.117916 0.096504 
16.615702 -21.135233 -0.322397 
17.366575 -20.966156 -1.073896 
17.643976 -21.387538 -1.971324 
17.931185 -22.282673 -2.518079 
17.144593 -22.176202 -3.027513 
16.355938 -22.529099 -2.426901 
15.577124 -23.100959 -2.178012 
14.882211 -22.806970 -1.204893 
15.056278 -21.884820 -1.672216 
14.857510 -21.473857 -0.637594 
15.812597 -21.980354 -0.535599 
15.176541 -22.521238 0.163334 
16.027886 -22.156842 0.714747 
15.958969 -21.825804 1.642679 
16.940261 -21.525350 1.908215 
16.575438 -22.559924 1.926090 
16.618370 -23.454077 1.375103 
16.065417 -23.240187 2.355509 
16.760766 -22.828267 3.141025 
16.607845 -22.996569 4.100728 
15.749751 -22.503229 3.933369 
14.851904 -22.600024 4.420965 
14.417530 -22.304651 3.641268 
13.912062 -22.199060 4.422705 
14.038517 -22.335555 5.427785 
14.161835 -23.426399 5.659547 
15.192407 -23.737661 5.687647 
16.095593 -23.969470 5.573974 
16.588414 -23.330361 6.221375 
16.959411 -23.582814 7.197425 
17.413402 -23.063354 7.899499 
17.703017 -23.626425 8.811852 
18.557607 -23.646653 9.191209 
18.887615 -23.253154 8.259182 
18.511015 -22.610682 8.997261 
17.568748 -22.246780 9.362656 
17.081505 -21.942246 10.039859 
17.874828 -22.232034 10.705616 
17.381318 -21.598354 11.379527 
17.394298 -20.783687 10.736689 
17.130122 -19.836954 10.416524 
16.095784 -19.864804 10.453751 
15.218685 -19.498229 10.775667 
15.442323 -20.174266 11.582074 
15.317932 -21.089123 11.797062 
15.996140 -21.639170 11.289177 
15.080014 -22.025073 10.865309 
15.159042 -21.967058 9.879871 
15.596858 -21.358130 9.293820 
16.604794 -21.528657 9.134232 
16.200269 -21.662186 8.219824 
15.067585 -21.720784 8.062459 
14.298054 -22.257998 7.604259 
14.678693 -23.111462 7.883144 
14.555285 -23.173433 6.785112 
14.654527 -22.263169 6.236483 
15.574106 -21.689410 6.309535 
16.183403 -20.946553 6.865598 
15.906877 -19.996314 6.412131 
15.236101 -20.117360 7.162514 
15.618504 -19.424243 7.887348 
16.003801 -19.611220 8.695676 
15.811956 -18.583761 8.720625 
15.385028 -17.739569 9.122905 
15.443175 -19.589688 10.197984 
12.836452 -20.441206 7.269989 
13.210035 -21.127415 7.962287 
12.952717 -21.073602 9.024602 
13.240018 -22.210318 8.442432 
13.308112 -22.643523 7.211290 
13.364037 -23.263327 6.488943 
13.155197 -24.188586 6.502522 
13.723104 -24.693610 7.113317 
15.261798 -24.195662 7.093872 
16.031375 -23.132691 7.620731 
16.383316 -22.312883 7.138730 
16.865376 -22.085716 6.214488 
17.608674 -21.539351 5.867789 
15.741199 -19.779968 5.016405 
14.866578 -19.657543 1.819706 
15.883267 -18.602677 3.306732 
14.351384 -20.514737 3.922298 
13.789303 -21.393390 3.790392 
13.365742 -20.914311 4.612383 
12.922840 -21.825125 4.749179 
12.222024 -21.081491 5.078227 
12.501376 -21.230907 4.052177 
12.552361 -21.373837 2.979426 
13.164618 -21.001375 2.164600 
13.071310 -23.244664 3.294243 
11.395525 -25.754446 6.380585 
10.103997 -23.666796 8.177784 
9.213047 -26.613663 10.025367 
11.818307 -24.778958 11.230951 
11.715898 -25.830467 10.722745 
11.273240 -26.542413 11.158399 
11.119118 -27.284226 12.021830 
9.224130 -25.274604 13.589104 
9.101890 -26.790333 15.218423 
10.249978 -26.885158 15.052813 
10.928026 -27.111423 14.329133 
10.480719 -27.186363 13.477142 
9.633678 -27.733559 13.850565 
9.897900 -28.374819 12.543385 
8.826002 -29.434943 11.809401 
9.536266 -30.048141 12.053538 
10.930369 -29.922127 12.282853 
11.765842 -29.952562 13.538004 
12.105802 -29.046519 13.355546 
10.390260 -28.298149 15.733960 
9.600377 -26.161307 16.323381 
8.824005 -25.869382 16.910693 
9.174075 -26.660507 17.539536 
8.225717 -27.584271 16.956796 
7.968802 -28.701464 16.114601 
7.782772 -29.689834 16.340982 
7.130345 -30.035098 16.955563 
8.060895 -29.554489 17.278595 
8.175622 -28.626912 17.707333 
8.632558 -28.662295 16.772523 
5.895486 -26.670337 13.695137 
6.335838 -24.231402 15.921673 
7.266238 -23.582820 17.707856 
7.054799 -24.874868 18.060009 
7.481921 -25.209887 19.229297 
7.914844 -26.720370 19.412978 
7.527660 -26.406395 20.733063 
7.312596 -24.471602 20.122943 
7.230149 -22.498437 20.103580 
6.573079 -22.346629 21.002284 
6.908825 -22.677655 22.454262 
7.515431 -22.802477 23.829068 
8.601450 -22.516504 23.672478 
9.664435 -22.749020 23.894302 
8.982720 -23.626756 23.531299 
9.616662 -24.234774 23.011386 
9.347229 -24.780930 22.097927 
8.738660 -24.501532 20.548543 
8.861834 -24.949257 18.563830 
8.217498 -24.759095 17.794472 
8.482614 -24.027677 18.458776 
8.710850 -23.242793 19.074638 
8.861447 -22.751362 18.257717 
9.890493 -22.660519 17.806499 
10.705286 -22.151003 17.734350 
11.280752 -21.926468 16.293840 
11.231822 -22.212747 14.876235 
12.264796 -22.251910 14.954435 
13.178510 -22.381010 14.515779 
13.232392 -21.526835 15.174406 
13.515566 -20.426474 14.577774 
14.851802 -19.316143 14.032791 
14.762555 -17.831739 14.398360 
13.622509 -17.108695 14.642307 
14.586719 -15.493497 16.859205 
12.677997 -18.780342 17.745680 
11.209971 -21.112857 20.250956 
11.521042 -21.718528 19.531710 
12.092486 -22.463904 19.952546 
12.945328 -22.092929 19.671672 
13.203213 -22.105541 20.621767 
12.327687 -21.628149 21.078924 
12.798979 -20.724011 20.916751 
13.824999 -20.519937 21.318643 
14.076160 -19.563375 21.533792 
14.625807 -20.191375 22.067114 
15.467027 -20.883701 22.257107 
16.075321 -20.881247 23.163026 
15.861233 -19.938365 23.592323 
15.588590 -19.679161 22.742676 
16.204297 -19.543111 21.966925 
15.917134 -19.427448 20.908414 
14.931184 -19.688051 20.744640 
15.324777 -20.586666 21.256138 
14.895441 -21.409421 20.939567 
13.009016 -21.037749 19.543454 
10.094546 -20.331321 19.156585 
9.607233 -21.047788 18.740987 
8.781328 -20.439953 18.840967 
8.088369 -21.090073 18.484016 
7.809837 -20.339859 18.077567 
7.919647 -21.985798 19.289685 
8.075584 -21.281684 19.984557 
7.120117 -21.353793 20.422866 
11.217755 -21.847192 19.673262 
