-11.689113 -10.340812 2.040591 
-12.117735 -11.307708 2.230619 
-13.091933 -10.967073 2.041121 
-13.495555 -11.789491 1.540824 
-14.204052 -11.386768 0.889244 
-14.415301 -11.058363 1.778274 
-14.916213 -11.567622 2.498561 
-14.634474 -12.367373 3.091416 
-15.200610 -12.505566 2.236309 
-15.999005 -13.057040 1.965793 
-16.178646 -13.577782 2.875305 
-15.888728 -14.480768 3.357379 
-14.913003 -14.230362 3.081880 
-15.271903 -15.235591 2.929174 
-14.884943 -15.340673 1.986372 
-14.673829 -16.343797 2.037562 
-15.439769 -16.216128 2.758914 
-15.089120 -16.216117 3.712244 
-14.107920 -16.013585 3.583681 
-13.134119 -16.053947 3.349373 
-12.732947 -15.742575 2.492010 
-12.923595 -15.972657 1.594120 
-12.166378 -15.459693 1.003580 
-11.438733 -15.533128 1.832061 
-11.692541 -16.462945 1.824952 
-11.418001 -16.287088 2.774154 
-12.185272 -16.878333 2.533884 
-11.293213 -17.324414 2.548691 
-12.039067 -17.858731 2.046524 
-11.163279 -18.299542 1.782173 
-11.472532 -18.796664 0.960562 
-11.463808 -19.804358 1.391414 
-11.938292 -20.596770 0.939979 
-11.700354 -20.903781 1.896354 
-12.369011 -20.208827 2.108742 
-13.308635 -20.216466 2.595177 
-14.087227 -19.896566 3.019024 
-13.962820 -20.245997 4.009047 
-14.712618 -19.563197 3.966296 
-15.179948 -19.040874 4.747147 
-14.208335 -19.124619 5.021164 
-13.511745 -19.263515 4.103683 
-14.113967 -18.914638 3.389407 
-13.523166 -18.532527 2.570236 
-14.138943 -18.796755 1.810189 
-15.145921 -18.745337 2.049879 
-15.974876 -18.123151 1.983664 
-15.768279 -17.373834 1.309402 
-15.419462 -17.094001 2.217982 
-14.785674 -17.117809 1.288814 
-15.474291 -16.416973 0.852506 
-15.064837 -15.469830 0.617814 
-14.500864 -15.405395 -0.241051 
-14.330027 -14.601190 -0.814212 
-13.824459 -15.375783 -1.257838 
-13.580332 -14.519306 -1.644672 
-13.772039 -14.826882 -2.608574 
-14.170869 -15.273321 -3.539804 
-13.372231 -15.447043 -4.198422 
-13.765376 -14.416593 -4.027099 
-14.746234 -14.286455 -4.077826 
-15.530814 -14.499095 -4.744660 
-14.838492 -14.731142 -5.498242 
-14.017294 -14.688519 -5.020135 
-12.934164 -14.628390 -4.663981 
-12.599778 -15.311994 -5.202939 
-13.313298 -15.711443 -5.579406 
-13.428440 -15.497910 -6.618099 
-12.759178 -15.035001 -7.220974 
-13.185879 -15.528112 -7.998349 
-14.182023 -15.539549 -7.642151 
-15.162394 -15.738442 -7.854726 
-15.349043 -16.569653 -8.358719 
-14.447236 -16.254530 -8.465184 
-12.495077 -14.043414 -7.963241 
-10.961011 -12.609293 -6.330198 
-11.643355 -12.774638 -5.620462 
-11.017502 -13.579918 -5.197926 
-11.703306 -13.157345 -3.975909 
-11.761448 -14.121357 -4.107527 
-12.458417 -14.140553 -3.377599 
-12.367466 -15.071406 -3.600695 
-11.821579 -15.535445 -4.291930 
-11.661568 -16.683971 -5.079873 
-10.914036 -16.156550 -4.864797 
-10.154912 -16.146443 -5.536030 
-9.952078 -17.088159 -5.209558 
-10.262045 -18.023900 -5.570549 
-9.644486 -19.279491 -2.782202 
-12.538991 -17.578489 0.709545 
-13.415458 -16.902384 3.408912 
-14.362040 -15.826937 4.836470 
-15.188977 -15.366440 5.314158 
-15.385792 -15.977503 6.295991 
-15.561554 -16.837848 6.772212 
-14.689799 -17.017968 7.255625 
-15.029826 -16.010982 7.556617 
-14.961256 -16.106727 8.611580 
-15.748674 -16.036476 9.585092 
-17.218780 -13.921431 12.361231 
-19.263105 -10.872376 14.283714 
-20.134701 -9.501250 15.488235 
-20.518262 -10.897972 14.026091 
-16.485241 -10.937116 9.358869 
-16.746177 -11.992009 9.481014 
-17.541003 -11.898847 10.531136 
-18.384670 -11.796689 9.992571 
-17.195846 -14.600436 8.699127 
-14.911183 -14.253923 6.559860 
-15.340431 -13.429811 6.752180 
-16.309111 -13.230657 6.975454 
-16.594699 -13.870147 6.263176 
-17.320940 -14.154888 5.480157 
-18.233317 -14.348333 7.166802 
-19.059906 -14.702270 8.834663 
-20.273412 -14.949736 9.386154 
-21.776308 -16.342076 10.011573 
-21.004077 -17.637370 10.593846 
-21.505206 -17.290083 11.889232 
-23.200916 -20.294510 13.027501 
-22.159893 -21.753440 13.700889 
-21.934379 -21.869330 14.768428 
-22.693549 -21.360175 15.226841 
-23.341781 -20.309777 15.467237 
-23.520235 -19.431422 16.485418 
-23.744594 -19.945186 17.366781 
-23.792000 -19.065741 17.399539 
-23.114804 -19.460126 18.029164 
-22.161385 -19.189782 17.595012 
-21.877959 -20.187294 17.345386 
-20.742922 -19.901100 14.859779 
-18.693492 -17.926352 9.559079 
-17.991604 -16.415205 10.129699 
-18.931916 -17.237497 10.329896 
-19.893840 -18.411454 11.043289 
-18.827581 -16.690691 11.591202 
-17.817351 -17.755213 11.042624 
-19.219817 -18.412225 12.087548 
-20.652409 -18.401556 12.990028 
-21.520568 -18.242140 13.508218 
-21.231359 -16.512134 13.355432 
-20.229060 -15.570198 12.827331 
-19.572297 -15.240745 12.004349 
-19.458834 -14.845127 12.959555 
-18.722921 -15.517414 13.174167 
-19.247121 -15.060214 13.918327 
-20.318784 -15.439575 13.879312 
-19.588931 -16.357130 13.278578 
-18.695564 -16.532509 12.794526 
-19.018125 -16.793664 13.721333 
-19.497059 -17.613131 13.939968 
-20.510741 -17.732886 14.104718 
-21.241255 -17.585159 14.891472 
-20.479125 -17.587870 15.733619 
-20.366143 -16.631514 16.060605 
-21.876007 -16.398515 15.732146 
-23.100504 -15.559300 16.732014 
-22.320309 -15.030212 16.138796 
-21.709019 -15.623005 15.540134 
-21.306542 -15.774862 14.577107 
-20.530701 -15.733510 15.321966 
-19.415695 -15.284664 15.975955 
-18.105296 -15.084476 15.696993 
-17.923141 -16.031827 14.204595 
-18.325389 -18.434688 15.397554 
-16.486178 -19.690675 12.071356 
-13.258296 -22.314067 10.081604 
-13.874127 -21.462040 9.983225 
-13.646634 -20.455218 10.558395 
-13.587033 -21.319930 11.156202 
-12.750283 -20.687966 10.990204 
-12.409415 -21.313943 11.628848 
-12.132188 -22.155623 12.341719 
-12.029886 -21.429711 13.154122 
-12.994947 -21.414263 13.419878 
-13.356394 -20.966648 14.236326 
-13.900398 -20.615808 13.378276 
-14.258058 -21.353437 14.025265 
-14.860649 -22.016870 13.417538 
-15.661156 -21.484923 13.686572 
-14.820850 -21.025304 13.091804 
-14.898601 -20.415714 12.297101 
-15.860273 -20.172158 12.160296 
-15.440478 -19.208659 12.327269 
-15.317553 -19.060805 13.307340 
-17.005700 -20.289159 13.117856 
-19.239164 -20.679485 12.929776 
-18.635641 -19.942567 12.838317 
-18.235706 -18.963016 12.909638 
-18.071718 -19.440503 12.047989 
-15.996122 -19.614677 9.533592 
-13.201321 -19.682446 8.590799 
-12.541189 -20.384099 9.185217 
-11.953743 -19.647466 9.228989 
-10.261366 -18.851317 4.958851 
