-9.700358 -21.345291 16.351646 
-10.091365 -22.276792 16.312013 
-9.471583 -22.292770 17.118580 
-9.574384 -23.013770 17.824914 
-8.590716 -22.796103 17.935773 
-7.661802 -23.226451 17.729769 
-7.903806 -24.316504 17.527890 
-8.293596 -23.852766 18.340219 
-9.244809 -24.315933 17.866733 
-8.993541 -23.625157 17.059716 
-8.223461 -23.147997 16.622268 
-8.821151 -23.486505 15.759823 
-8.199286 -24.176056 15.328545 
-7.697538 -25.003924 15.880788 
-8.283570 -25.676149 15.452143 
-8.614154 -26.557940 15.665163 
-8.480009 -26.448737 14.676653 
-8.820609 -25.788002 14.123318 
-7.996431 -26.255719 13.802379 
-7.424223 -26.673854 13.032525 
-6.916062 -27.518304 13.105987 
-6.778348 -28.609322 13.357849 
-5.850111 -29.000708 13.109519 
-5.947961 -27.939025 13.268959 
-5.284559 -27.772235 13.983011 
-5.609195 -26.988145 14.538572 
-5.199864 -26.249965 15.213649 
-4.758094 -26.366218 14.231620 
-3.908051 -26.222584 14.809320 
-3.000007 -26.125117 15.365969 
-3.219498 -27.082402 15.467438 
-4.271149 -26.921292 15.769085 
-4.872203 -26.817720 16.607232 
-4.993044 -27.728647 16.355360 
-5.804912 -27.150912 16.010870 
-5.239635 -27.579689 15.370797 
-5.073551 -28.574581 15.605410 
-5.001894 -28.887728 16.518560 
-4.297988 -28.429961 16.978227 
-3.669840 -27.533157 16.732118 
-3.166857 -28.414586 17.156519 
-2.623766 -27.593354 17.257003 
-1.578093 -27.685393 17.260783 
-1.406492 -28.761979 17.508538 
-0.904412 -29.346928 16.809117 
-0.592390 -29.829558 16.009276 
-0.996142 -28.958947 15.651252 
-2.084097 -28.901189 15.601563 
-1.665220 -27.983724 15.875292 
-0.747152 -27.686354 15.531269 
-0.680899 -27.875811 14.545263 
-1.671657 -28.087603 14.274111 
-1.129660 -28.088090 13.330491 
-1.072483 -26.959162 13.178575 
-0.478447 -26.345597 13.456058 
0.423216 -26.225623 13.880418 
0.511408 -27.318504 13.804581 
1.148185 -28.117461 13.932377 
0.609677 -28.860479 13.470536 
1.203406 -29.383803 14.210264 
2.176775 -29.673079 13.657176 
2.379354 -30.452961 13.079734 
2.209570 -31.084927 13.806720 
1.386724 -31.580275 13.562381 
1.133565 -30.690170 13.059180 
0.395720 -30.232706 13.385279 
-0.378888 -29.763265 12.909560 
-0.315141 -29.042877 12.140304 
-0.103736 -27.999882 12.440387 
0.854131 -27.715579 12.743705 
1.616810 -27.218532 12.614469 
2.523495 -26.749814 12.823690 
1.943660 -27.130670 13.681602 
2.880565 -26.938225 14.236486 
1.995819 -29.927500 15.557958 
2.364601 -32.535402 11.903481 
2.042420 -31.661921 12.302972 
2.367189 -30.730783 12.005975 
2.580829 -30.240063 11.219513 
2.161062 -31.197035 10.110670 
2.020468 -32.028080 9.280990 
0.963947 -31.893874 9.663482 
1.495928 -32.261336 10.535552 
1.670830 -33.702703 10.428171 
1.856641 -34.703544 9.625224 
1.894839 -34.127725 8.781185 
2.913312 -33.997066 9.146295 
2.558837 -33.355334 9.891631 
4.310381 -31.376049 11.896304 
6.405990 -30.461620 13.236616 
5.333426 -29.636478 16.683045 
4.608151 -27.901930 18.532260 
3.698588 -27.991989 18.905631 
3.836746 -28.510664 17.955233 
2.886359 -28.576028 17.414390 
2.784701 -28.236537 16.452249 
2.440846 -28.859342 15.761774 
3.147314 -29.349030 16.198076 
3.808390 -28.805334 16.854829 
1.720968 -27.910212 18.699799 
-0.743069 -28.862336 18.947432 
-0.695640 -27.440440 20.169915 
-4.348107 -25.089900 21.935603 
-3.001601 -25.611916 20.770726 
-3.107137 -25.800458 19.312323 
-2.334409 -26.095153 18.228553 
-1.468494 -26.268613 17.770274 
1.031576 -25.843408 16.616542 
0.899478 -23.649087 14.976627 
2.394808 -24.562285 14.619054 
1.486073 -25.010399 14.441382 
2.173027 -25.468358 13.724365 
2.266187 -25.930645 14.560414 
0.821924 -26.457884 15.038673 
-0.225658 -25.401205 15.902631 
0.494640 -26.136717 17.954064 
1.662077 -25.271316 16.483392 
-0.196201 -24.553669 15.053668 
-0.616928 -24.375923 15.878130 
-1.938802 -24.154709 18.259558 
-3.590707 -22.721273 20.049673 
-4.437148 -22.426946 20.492955 
-5.338330 -22.199932 20.057012 
-5.495467 -22.956834 20.829310 
-6.118965 -23.027915 21.882083 
-7.082856 -23.205837 21.507407 
-7.636397 -24.117924 21.482948 
-8.055407 -23.922791 22.471326 
-7.030759 -24.228846 22.655071 
-6.916800 -23.211687 22.580168 
-9.540190 -22.784642 21.403163 
-12.635685 -22.256824 21.110317 
-13.037477 -21.433005 21.270803 
-11.949388 -21.458494 21.041451 
-10.677839 -21.600953 21.375158 
-9.694923 -20.525161 20.515665 
-10.754910 -20.377213 18.977124 
-11.242185 -20.062987 21.120981 
-11.398577 -19.472142 22.521220 
-11.491443 -18.653813 21.995787 
-10.209219 -18.739583 21.870236 
-9.696599 -19.105338 20.686470 
-9.821444 -19.316228 19.658793 
-10.362147 -18.723786 19.026173 
-11.206237 -18.940718 19.589361 
-11.980508 -18.160408 19.620472 
-11.218890 -17.720220 18.976485 
-10.539616 -17.857372 17.745288 
-9.358319 -18.070732 17.403476 
-9.728414 -19.060166 17.001420 
-9.221413 -19.757275 16.279064 
-8.916362 -18.925859 15.888520 
-8.178702 -19.661260 15.948089 
-7.210842 -20.009297 15.902699 
-6.315024 -20.459523 16.033325 
-6.700854 -19.823338 17.414340 
-6.533211 -19.781897 18.861508 
-6.566701 -20.868547 18.757513 
-5.515734 -20.967136 18.525590 
-5.739725 -20.725279 17.537616 
-4.795898 -21.128552 17.418160 
-3.294539 -21.243794 16.489240 
-1.261638 -20.873250 16.570671 
-1.665334 -20.088080 15.314072 
-2.842877 -21.310919 13.198867 
-0.863198 -26.829568 11.877767 
-2.372463 -25.883898 12.715014 
-2.096731 -24.981724 13.193914 
-1.878750 -25.097661 12.237617 
-1.141913 -25.250379 12.874149 
-0.416914 -25.076894 13.459100 
0.063178 -24.170956 13.424706 
0.180437 -23.289100 12.780894 
0.931848 -23.807259 12.497265 
1.725811 -24.479234 12.643126 
1.673509 -25.424416 12.105125 
1.742999 -26.364424 11.681111 
2.416242 -27.051318 11.241247 
2.888023 -27.477673 12.108637 
3.486247 -28.045323 12.661828 
2.265182 -27.890894 12.824468 
2.096240 -28.788295 12.492476 
2.887151 -28.973347 12.020665 
3.806695 -29.094596 12.419332 
4.706109 -29.252138 12.923122 
7.022981 -28.193359 11.833690 
8.808780 -27.448616 10.828796 
7.822593 -27.513388 10.482888 
8.434199 -27.343816 9.745669 
9.376126 -27.886321 9.849879 
7.849081 -29.356829 11.234196 
9.541013 -29.174276 11.319158 
9.820621 -29.881625 10.476588 
10.117146 -30.736872 10.088290 
8.110931 -30.687595 8.762968 
