-5.533512 -14.242444 -24.438476 
-6.256997 -15.076392 -24.478164 
-6.499026 -16.081524 -24.665252 
-6.467901 -16.005464 -23.690933 
-6.906270 -16.818610 -23.199160 
-6.376172 -17.689794 -23.693828 
-5.963577 -17.090253 -23.088781 
-6.674733 -17.226825 -22.296968 
-7.613489 -17.170739 -22.056586 
-8.443988 -16.952341 -21.603088 
-9.462415 -16.978259 -21.302611 
-9.201515 -16.127229 -21.902494 
-9.363859 -16.979369 -22.565297 
-10.055963 -17.653130 -22.027792 
-9.171386 -18.394243 -21.757835 
-8.437380 -18.241491 -22.414095 
-8.261344 -17.311985 -22.848096 
-8.009231 -16.436888 -23.260758 
-8.364788 -15.789357 -23.979498 
-7.446205 -15.638308 -23.587951 
-7.020031 -15.074426 -22.707880 
-6.904671 -15.969110 -22.762567 
-6.897457 -16.351099 -21.747515 
-6.014668 -16.840095 -21.478497 
-5.000299 -17.128485 -21.134817 
-4.418498 -16.525268 -21.850696 
-3.988985 -16.158468 -20.977929 
-3.145987 -16.764867 -21.158061 
-4.083941 -17.354655 -21.133614 
-3.951380 -17.328629 -22.236752 
-4.764469 -17.891381 -22.238338 
-4.392928 -17.729881 -23.150505 
-3.969378 -17.793772 -24.011362 
-4.528017 -17.544118 -24.778522 
-4.853734 -18.433950 -24.556538 
-4.011220 -19.099608 -24.178975 
-4.531338 -19.448396 -23.193519 
-5.015491 -19.031973 -22.418344 
-5.219654 -20.088623 -22.205229 
-5.719237 -20.648301 -23.002751 
-6.579803 -20.268934 -22.315743 
-7.293719 -20.960474 -22.488943 
-7.436002 -21.261224 -21.652079 
-8.210334 -21.242896 -20.814895 
-8.196960 -20.378398 -21.384773 
-7.734184 -20.136034 -22.160478 
-6.999603 -19.942416 -21.319341 
-6.794278 -19.229625 -20.631242 
-6.279198 -18.393042 -20.139735 
-5.548258 -17.734930 -20.441205 
-6.450008 -17.782214 -20.964012 
-7.269402 -18.367635 -20.741804 
-7.818114 -19.093533 -20.841558 
-7.277977 -19.062326 -21.710577 
-7.306498 -18.267149 -22.333974 
-7.251043 -18.730300 -23.268861 
-7.232989 -19.557235 -23.921736 
-6.613047 -20.412691 -23.790535 
-6.658854 -20.011365 -24.699866 
-6.728484 -20.284339 -25.729080 
-5.735070 -20.642061 -25.553841 
-5.728520 -21.626597 -25.904298 
-5.741120 -21.945878 -25.043188 
-5.125668 -21.882512 -24.171032 
-4.598880 -22.751304 -24.039203 
-5.107316 -23.232085 -24.876179 
-4.026401 -22.960222 -25.121215 
-4.642689 -22.316008 -25.524559 
-3.950191 -21.817509 -26.032505 
-4.373315 -21.048229 -26.623303 
-4.729379 -20.854206 -27.604094 
-5.419150 -20.025711 -27.450212 
-5.943562 -19.408599 -26.902293 
-5.765547 -19.377828 -25.814440 
-5.696094 -20.283519 -21.053621 
-7.139455 -22.217764 -17.503357 
-7.959275 -22.587296 -17.885482 
-8.573385 -23.104946 -17.243268 
-9.849485 -22.561985 -17.696824 
-10.558556 -23.161776 -16.796512 
-11.062280 -23.590132 -16.067106 
-11.726205 -24.317081 -15.702218 
-12.572408 -24.133811 -16.269008 
-12.555930 -25.330810 -16.589607 
-12.373487 -26.063902 -17.670226 
-11.974830 -26.616733 -16.816800 
-12.834876 -26.496944 -16.438668 
-12.602818 -27.273353 -15.809500 
-11.000556 -26.510064 -13.187931 
-11.192599 -28.315403 -7.058479 
-9.127337 -28.390330 -5.172788 
-8.351920 -26.759046 -5.638826 
-7.809131 -27.314243 -6.032996 
-8.352749 -28.030833 -6.692451 
-8.806269 -27.223788 -7.044286 
-9.189781 -27.345041 -6.265622 
-9.176902 -26.295258 -6.330188 
-9.795081 -25.325425 -6.332753 
-10.265530 -24.945428 -7.219043 
-10.451958 -21.842295 -9.929082 
-10.199781 -22.962783 -12.382146 
-10.000100 -23.957169 -12.850257 
-8.368079 -25.183372 -13.642421 
-6.926900 -25.430047 -7.550676 
-5.892651 -24.870541 -7.110088 
-5.937968 -25.776942 -6.795435 
-5.119283 -25.954268 -6.229345 
-7.821225 -22.892564 -6.660988 
-10.544905 -21.402067 -6.787793 
-10.573216 -23.088212 -6.466198 
-11.245945 -23.335493 -7.231091 
-11.924264 -23.851446 -6.693279 
-12.508832 -23.762907 -5.896078 
-12.342849 -24.169333 -4.721764 
-12.559961 -24.223328 -3.060780 
-13.512965 -24.183807 -2.858810 
-13.691439 -24.634711 -4.643328 
-13.323177 -25.727311 -5.583925 
-12.921962 -26.161615 -6.597309 
-11.774333 -24.856499 -7.392426 
-13.641179 -24.016365 -7.048906 
-14.440153 -23.600232 -6.741836 
-14.151896 -23.258758 -5.781338 
-14.203608 -23.156695 -5.002570 
-13.807108 -22.395651 -5.259618 
-14.443752 -21.604420 -4.912002 
-14.349418 -22.303981 -4.271655 
-13.817307 -22.711087 -3.442190 
-14.036088 -21.784327 -3.099147 
-13.852840 -20.828830 -2.857892 
-15.680621 -20.883523 -1.931651 
-16.450691 -18.658406 -5.862560 
-15.202345 -17.724443 -8.530062 
-13.808391 -18.573715 -9.070349 
-13.840423 -20.449484 -8.951958 
-13.386065 -21.503701 -7.891025 
-15.177425 -22.581725 -7.297914 
-16.513828 -21.726578 -6.721297 
-16.420462 -19.732899 -6.426170 
-15.727868 -18.981359 -6.608396 
-15.025311 -19.177881 -8.001760 
-14.449759 -19.657426 -8.159635 
-14.836351 -20.591367 -8.596247 
-15.243912 -21.038628 -9.450683 
-15.577938 -21.610894 -10.247647 
-16.390929 -21.980342 -10.889478 
-15.824697 -21.228646 -11.206333 
-14.114936 -21.188899 -11.949115 
-13.645871 -21.962972 -13.458737 
-13.801962 -22.928626 -13.161838 
-13.051865 -23.491034 -12.681159 
-12.109341 -23.895465 -13.161103 
-12.472805 -23.244670 -13.867214 
-13.481340 -23.376551 -14.189311 
-14.442612 -23.014559 -14.224705 
-13.471924 -22.355840 -14.747597 
-11.705827 -23.063904 -15.403166 
-11.747760 -23.659896 -14.602091 
-11.623668 -24.411961 -14.030176 
-10.966121 -25.079341 -13.517668 
-11.372470 -26.071348 -13.763814 
-11.750818 -27.380889 -14.674771 
-11.456185 -27.764363 -13.563995 
-10.242154 -26.886605 -12.197542 
-9.080081 -29.131772 -10.760195 
-11.489617 -28.167786 -12.757439 
-13.465786 -25.387321 -11.152517 
-14.223579 -26.001402 -10.628341 
-14.791323 -25.574607 -9.715022 
-13.891991 -24.921935 -9.798978 
-13.075070 -25.155563 -9.203422 
-13.643889 -25.503248 -8.363354 
-13.150581 -26.002904 -7.535538 
-12.158281 -26.404184 -7.601267 
-12.829690 -26.496219 -8.458471 
-13.140257 -27.394796 -8.054900 
-14.134189 -26.940074 -8.016359 
-14.769941 -27.203276 -7.297620 
-14.368068 -26.504381 -6.770405 
-15.126995 -26.107676 -7.209881 
-15.311153 -25.168819 -7.014158 
-15.937510 -24.746178 -7.736521 
-15.432812 -23.828539 -7.519687 
-15.447285 -23.323921 -8.430178 
-15.192398 -23.230234 -9.489269 
-16.000773 -20.792508 -9.141684 
-15.985421 -19.575410 -8.150204 
-15.998959 -20.068269 -7.287609 
-15.681604 -20.899890 -7.773133 
-15.001959 -21.645407 -7.925787 
-13.991083 -22.005498 -9.588222 
-14.498576 -23.861555 -10.037031 
-14.360172 -24.509388 -10.760718 
-14.504529 -25.262624 -11.454823 
-15.795495 -26.617517 -9.700138 
