-9.527972 -32.165488 -13.332140 
-10.181951 -31.338384 -13.169243 
-9.701618 -30.361193 -12.776929 
-10.550848 -30.229747 -13.425100 
-10.121611 -29.199734 -13.717103 
-10.737600 -28.381796 -13.752732 
-11.544265 -28.994342 -13.438066 
-11.672897 -28.359432 -12.646466 
-11.883463 -28.138647 -11.649701 
-12.370496 -27.353038 -11.579568 
-11.605890 -27.395995 -12.325460 
-11.602927 -26.422237 -12.698517 
-12.533932 -26.100933 -12.995960 
-13.456104 -26.364190 -12.473647 
-12.891032 -25.709329 -11.955657 
-13.465786 -25.387321 -11.152517 
-14.223579 -26.001402 -10.628341 
-14.791323 -25.574607 -9.715022 
-13.891991 -24.921935 -9.798978 
-13.075070 -25.155563 -9.203422 
-13.643889 -25.503248 -8.363354 
-13.150581 -26.002904 -7.535538 
-12.158281 -26.404184 -7.601267 
-12.829690 -26.496219 -8.458471 
-13.140257 -27.394796 -8.054900 
-14.134189 -26.940074 -8.016359 
-14.769941 -27.203276 -7.297620 
-14.368068 -26.504381 -6.770405 
-15.126995 -26.107676 -7.209881 
-15.311153 -25.168819 -7.014158 
-15.937510 -24.746178 -7.736521 
-15.432812 -23.828539 -7.519687 
-15.447285 -23.323921 -8.430178 
-15.192398 -23.230234 -9.489269 
-16.055699 -22.614037 -9.683589 
-15.627566 -22.214784 -8.920807 
-16.109251 -21.336379 -8.764138 
-15.987742 -20.414430 -9.218347 
-16.212051 -19.415450 -9.489131 
-16.012330 -18.759966 -8.774091 
-15.985421 -19.575410 -8.150204 
-15.998959 -20.068269 -7.287609 
-15.681604 -20.899890 -7.773133 
-15.001959 -21.645407 -7.925787 
-14.146935 -21.538362 -8.501425 
-13.656972 -22.455502 -8.828801 
-13.100153 -21.957542 -9.452726 
-13.784383 -21.961106 -10.394387 
-13.868546 -21.128904 -9.894153 
-14.420093 -21.861640 -9.483827 
-14.778786 -22.256150 -10.369893 
-14.172795 -22.884780 -9.780564 
-14.498576 -23.861555 -10.037031 
-14.360172 -24.509388 -10.760718 
-14.504529 -25.262624 -11.454823 
-15.213818 -25.451550 -10.602150 
-15.693467 -25.929644 -9.935705 
-16.615962 -26.186785 -10.326486 
-17.068331 -27.015775 -10.055875 
-17.242360 -28.028639 -10.278228 
-16.444659 -28.055853 -11.096256 
-15.608557 -27.788927 -10.533700 
-14.813044 -27.307474 -10.151008 
-14.766261 -28.129474 -9.388617 
-15.519741 -27.572193 -9.397504 
-16.400504 -27.031791 -9.172860 
-15.852939 -26.556018 -8.374645 
-14.913441 -26.305080 -8.875192 
-15.276718 -25.341645 -8.645979 
-15.546774 -24.900495 -9.574240 
-15.751336 -24.278927 -8.793769 
-15.975040 -23.777502 -9.817769 
-16.753135 -23.119307 -10.121941 
-17.162423 -22.288484 -9.506106 
-17.691354 -20.300173 -13.187196 
-19.101756 -18.398696 -13.663410 
-18.932017 -19.222043 -14.161439 
-17.952385 -19.474814 -14.170423 
-17.718712 -19.555146 -13.362011 
-17.092084 -20.092381 -12.947475 
-16.171819 -20.229920 -13.374937 
-16.409849 -20.647362 -12.432245 
-15.440407 -20.745945 -12.137373 
-15.061376 -22.125704 -12.269438 
-14.079620 -22.280798 -12.082578 
-14.389054 -22.889172 -11.275851 
-14.626407 -23.944023 -11.583633 
-14.325498 -24.557227 -12.385608 
-12.168801 -25.100752 -10.298403 
-10.712125 -27.328462 -6.859875 
-12.855459 -26.827689 -6.255413 
-13.758954 -28.207451 -7.314822 
-13.414499 -28.067504 -6.399105 
-13.005780 -28.272707 -5.401615 
-12.297020 -28.172528 -4.626898 
-13.305862 -28.216067 -4.305607 
-14.302275 -27.713305 -4.138070 
-14.878663 -26.964463 -4.711531 
-13.905692 -26.803514 -5.159226 
-12.012493 -27.708150 -1.261125 
-10.967231 -26.815050 1.748660 
-10.616163 -26.719931 1.137597 
-13.654573 -26.245537 -1.287140 
-17.779378 -27.472747 -0.895824 
-16.748600 -27.037930 -1.739629 
-16.611102 -26.208695 -2.920365 
-17.505003 -25.902122 -3.098397 
-17.771406 -24.155392 -7.390538 
-18.875916 -20.654409 -9.819902 
-18.918723 -20.280610 -11.614574 
-19.034599 -20.206849 -12.666392 
-19.918644 -20.094073 -12.024905 
-20.434488 -19.498433 -11.446804 
-21.575973 -19.612799 -9.858421 
-22.435646 -19.495012 -8.144191 
-21.484859 -19.241104 -6.273573 
-20.822247 -18.942663 -7.064547 
-21.989905 -18.393616 -8.424335 
-22.300837 -17.737220 -7.553470 
-21.480346 -17.065438 -5.992829 
-22.700759 -16.173829 -7.132577 
-23.549454 -16.813802 -7.286780 
-24.556420 -16.794945 -7.254667 
-26.001916 -16.548146 -6.790602 
-26.429876 -17.033712 -7.501368 
-25.610222 -17.799899 -7.737233 
-25.190042 -17.933191 -6.819405 
-24.752884 -18.491656 -5.981060 
-25.136319 -18.534364 -4.900633 
-25.049322 -19.478936 -5.479963 
-24.472304 -19.148550 -8.540074 
-26.402395 -16.903631 -11.581357 
-26.014650 -15.357637 -12.137344 
-24.848221 -14.749985 -13.171269 
-24.174387 -15.516899 -13.401269 
-23.159837 -15.137629 -14.926059 
-21.948136 -14.651851 -16.558358 
-23.883254 -15.140702 -17.502298 
-25.437770 -16.184967 -17.967457 
-24.764005 -15.553341 -18.480855 
-24.428618 -16.233263 -19.096679 
-22.933342 -16.498856 -18.199138 
-22.742995 -15.557744 -18.488868 
-21.915060 -15.029801 -18.354669 
-21.471539 -15.813288 -17.948981 
-20.519808 -16.161045 -17.602428 
-21.286906 -16.765951 -17.393443 
-22.442397 -16.502588 -16.669156 
-21.244098 -16.577447 -16.387727 
-21.478173 -15.922799 -15.711557 
-21.070493 -16.355432 -14.931357 
-20.015161 -16.392183 -15.001723 
-19.761779 -16.789204 -14.063933 
-20.087690 -17.626329 -13.435996 
-20.048870 -18.495979 -12.922504 
-20.026643 -18.491617 -11.531850 
-20.167882 -19.011449 -10.571590 
-20.437909 -19.966178 -10.315405 
-20.762460 -20.980382 -10.309660 
-20.141529 -21.825646 -10.015522 
-19.612043 -22.011124 -9.069186 
-20.181419 -21.197871 -8.075776 
-20.364707 -19.791122 -7.778161 
-19.878757 -19.725925 -6.570394 
-18.232202 -21.495770 -9.152362 
-18.937551 -21.489424 -13.693823 
-18.003677 -21.066486 -15.696732 
-18.643853 -20.645640 -16.448294 
-18.075545 -19.777077 -16.090718 
-19.020811 -19.808707 -15.680767 
-19.240086 -18.752005 -15.768546 
-19.930526 -18.748810 -16.589190 
-20.605516 -19.422323 -16.044756 
-20.849914 -19.605925 -17.047878 
-20.715088 -18.694604 -17.337906 
-21.253961 -18.831812 -16.482107 
-21.896510 -18.519162 -15.705295 
-21.233070 -17.841975 -15.832809 
-20.611169 -17.185248 -15.346265 
-21.074900 -17.374555 -14.421127 
-21.809093 -17.422839 -13.765987 
-22.100356 -16.717218 -14.445775 
-22.132711 -15.605836 -14.224802 
-21.552108 -16.206271 -13.615095 
-20.990826 -15.999933 -12.794955 
-21.464906 -17.631922 -11.879725 
-20.936482 -18.453965 -10.974583 
-21.896610 -18.248969 -10.810405 
-22.805920 -17.797303 -10.980284 
-22.627499 -18.194469 -9.958718 
-22.888134 -20.330588 -9.105758 
-21.097286 -22.045882 -8.701166 
-20.536459 -21.270694 -9.145376 
-21.498339 -21.290911 -9.557497 
-25.484299 -20.292501 -11.456822 
