26.506783 -9.278208 17.241597 
26.092174 -9.629723 18.112511 
25.532586 -10.334920 18.564801 
24.855515 -10.359809 19.264755 
25.935413 -10.443873 19.536688 
26.265558 -11.436995 19.850627 
25.697875 -12.164039 19.555327 
25.466361 -12.228892 18.528775 
25.152003 -13.018977 17.973364 
24.949581 -14.072797 17.730646 
24.128442 -13.473429 17.777715 
23.237445 -13.470406 17.329169 
23.605738 -12.439406 17.203082 
22.644359 -12.150341 16.777956 
23.425260 -11.478578 16.666765 
23.256914 -12.216494 15.931545 
24.001711 -12.939655 15.534192 
24.708689 -13.508305 15.919444 
24.312783 -13.923050 16.827009 
24.028095 -14.983140 17.288898 
23.017938 -14.942953 16.868755 
23.521823 -14.374150 16.020949 
22.841732 -13.718927 16.282030 
22.115389 -13.187691 16.859353 
22.204358 -12.911668 15.924330 
21.523730 -12.307583 16.436658 
21.320199 -11.540708 17.230783 
21.342575 -11.934734 18.321299 
21.956923 -12.499807 17.653159 
22.975129 -11.820490 17.703031 
23.510999 -12.178280 18.513379 
23.971373 -11.786183 19.429502 
24.665337 -11.520162 20.270156 
23.626774 -11.611832 20.454064 
23.603643 -11.200034 21.445176 
24.304178 -10.466061 21.297936 
23.871951 -9.909908 22.021232 
23.540891 -9.848607 23.080457 
23.419792 -10.787035 23.658728 
23.251585 -10.720327 24.612088 
23.157497 -9.688949 24.410283 
22.247773 -10.254627 24.041339 
22.044768 -9.586731 23.270994 
21.349218 -9.339885 24.085213 
22.182940 -8.761784 24.295616 
22.611440 -8.344523 25.138289 
21.772564 -7.754998 25.123535 
21.175395 -7.121307 25.650745 
20.710264 -6.400708 25.089764 
19.924533 -5.908965 25.375640 
18.950878 -5.682160 25.741225 
19.512661 -6.512511 26.121499 
19.431706 -6.362973 27.040838 
20.351581 -6.900262 26.876277 
20.885934 -7.673572 26.473354 
20.841619 -8.610113 26.309842 
21.368137 -8.801134 25.413792 
22.034853 -8.894126 26.311924 
21.385600 -9.644341 26.482300 
20.357242 -9.661628 26.091596 
20.855592 -10.002393 25.318849 
20.490597 -10.989343 25.333679 
19.815594 -10.707300 24.710335 
19.060821 -11.084099 25.243560 
18.244455 -11.064411 25.788945 
17.670388 -11.789112 26.311000 
17.604670 -12.183968 25.242033 
18.372901 -12.741490 25.832970 
19.422249 -12.615260 25.942323 
19.256715 -13.626024 25.810670 
19.401200 -14.594911 25.685175 
18.933644 -14.278841 24.775936 
18.143990 -14.619808 24.155259 
17.554095 -14.458950 23.280272 
16.604780 -17.363368 23.998796 
15.701483 -18.467414 24.261435 
15.750684 -19.542192 24.286626 
15.714633 -19.722067 23.222068 
15.870597 -18.663708 22.429557 
16.896289 -17.573851 22.626299 
17.643168 -17.185536 21.779539 
17.097461 -16.290393 21.772426 
17.859662 -15.693611 22.015937 
18.419931 -15.745383 22.993270 
18.661477 -14.860101 23.223034 
19.384909 -14.218038 22.805863 
20.034468 -14.969178 22.464934 
19.874535 -15.941727 22.718736 
19.638337 -15.313468 20.833950 
20.093026 -12.676385 21.116539 
20.918493 -14.146964 22.105094 
22.118787 -15.499237 21.843562 
23.044976 -15.047434 21.636426 
22.821603 -14.111197 21.605553 
21.897341 -13.906154 21.110685 
21.780387 -13.889473 20.135814 
22.817721 -13.978110 20.346475 
22.664312 -14.933399 20.357491 
23.258603 -15.090551 19.523458 
24.434292 -15.928555 16.940594 
22.077863 -16.958642 14.684738 
23.011801 -17.612700 15.217885 
22.187111 -20.061314 10.726568 
26.204232 -19.067540 8.279455 
26.527095 -17.986710 8.365688 
26.469503 -17.732491 7.277983 
26.644243 -16.706101 7.671077 
26.685524 -15.855757 8.750980 
29.710456 -16.093613 10.043607 
30.148848 -14.829176 9.676536 
30.358869 -14.434890 10.631049 
29.398422 -14.993690 10.476686 
28.810200 -15.574908 9.781127 
28.497275 -16.146952 8.257542 
28.324226 -17.016141 6.879330 
29.248095 -17.765526 5.499425 
27.574378 -20.178629 6.759162 
27.306388 -19.724033 8.939508 
26.860640 -20.507399 10.131688 
26.070848 -18.901759 10.491258 
26.698508 -18.823036 10.806090 
26.674009 -17.772373 10.908368 
26.131819 -17.554771 11.853306 
26.185164 -16.366565 12.431049 
26.633341 -16.600108 13.274939 
27.040155 -15.718964 13.666407 
27.431824 -15.334769 14.507006 
27.539386 -14.216033 14.431992 
26.716526 -14.703519 13.871017 
25.907679 -14.820283 13.384650 
24.814429 -17.012522 13.530483 
23.992226 -18.624037 12.471744 
23.352434 -18.443794 13.278731 
21.845508 -18.362143 14.448067 
20.715964 -19.529751 15.058751 
19.917725 -17.952103 12.986701 
20.279302 -18.154246 11.430614 
21.246817 -18.991712 12.547296 
21.009806 -20.556092 12.844796 
20.202835 -20.436699 13.465131 
19.899819 -21.451830 11.996022 
20.306715 -21.713636 10.479345 
21.328403 -21.646652 10.418223 
21.644134 -21.415683 9.506048 
21.363518 -20.353654 9.691212 
21.218314 -19.277709 9.553540 
22.022639 -18.628430 9.513552 
23.425868 -18.251461 10.080975 
23.919608 -18.357985 8.538545 
24.684842 -17.827660 9.067268 
24.236861 -17.397481 8.282055 
23.895604 -17.910404 7.518123 
22.785128 -17.823034 7.764461 
23.267206 -17.656974 8.720823 
22.594747 -18.541229 8.651568 
23.176413 -19.457879 8.907943 
22.049779 -19.872535 7.646258 
22.866529 -19.833056 7.072755 
22.651382 -18.948835 7.240650 
23.649034 -19.045404 7.492713 
24.707534 -18.854144 7.473756 
24.651845 -20.183508 7.068995 
24.479383 -21.780192 7.139610 
23.690712 -23.437531 7.602816 
24.263774 -23.765633 7.380202 
24.791596 -22.722678 4.283598 
26.401385 -21.279688 5.334735 
26.482099 -20.792079 4.464073 
25.452419 -20.525204 4.158154 
24.995716 -21.441478 3.964390 
24.321387 -21.244774 3.260898 
25.034354 -20.534741 3.114438 
25.162638 -20.655495 2.147511 
24.796370 -21.545839 1.583352 
24.308143 -20.948174 0.893423 
24.917364 -20.249900 0.509032 
24.449540 -19.430217 -0.204131 
24.937407 -20.270598 -0.503384 
25.914249 -19.738636 -0.665398 
25.943261 -19.348886 0.257248 
26.846133 -19.646501 -0.115215 
26.306037 -20.580252 -0.055031 
26.770485 -20.841947 -0.991688 
26.784805 -21.780124 -0.383141 
26.729968 -22.214627 0.620624 
26.500563 -21.440361 2.408476 
26.778845 -20.779158 2.932396 
26.731820 -20.473259 1.996453 
27.294692 -19.756042 1.538284 
28.072990 -19.361781 0.844439 
29.206898 -18.912854 0.604914 
29.166339 -17.229680 0.521450 
28.385272 -16.603663 0.330654 
29.281721 -16.157699 0.617408 
29.724503 -15.623110 -0.915740 
