27.895831 -13.168791 14.437058 
27.038958 -13.530439 14.947457 
27.118325 -14.234712 15.621960 
26.186358 -14.405509 15.343307 
25.645641 -13.856829 16.097305 
26.292698 -13.434915 16.843288 
27.365611 -13.213314 16.649483 
27.060745 -12.239427 16.365211 
27.872943 -11.846826 15.796251 
28.887359 -11.762393 15.927551 
29.304396 -11.006741 16.630220 
28.401743 -10.717931 16.846521 
28.647481 -10.781152 15.803869 
27.628614 -10.796515 16.023412 
27.666768 -10.264643 15.180917 
28.597577 -10.176287 14.994830 
28.720096 -11.148143 14.634737 
27.830893 -11.489487 14.241293 
26.832692 -11.340900 13.907830 
26.760622 -12.189784 14.457437 
26.498603 -12.441294 15.379555 
25.911807 -11.594194 15.198080 
25.279038 -11.145937 14.424370 
25.525298 -10.438391 13.676984 
26.568649 -10.536959 13.266121 
26.239151 -9.841642 14.148847 
26.373862 -8.809287 14.540904 
26.901243 -8.670390 15.471488 
27.836717 -8.591287 15.824351 
28.749866 -8.956154 16.199332 
28.927156 -7.908812 16.307309 
28.074097 -8.133238 16.875091 
27.401119 -7.376057 17.183622 
26.557613 -6.849499 17.167863 
26.388687 -6.354591 16.321175 
27.416613 -6.234188 16.194997 
26.999393 -5.457319 16.671030 
26.693221 -4.548594 16.289888 
27.629177 -4.569673 16.865433 
28.005865 -5.349714 17.400451 
28.888027 -5.666931 17.753702 
28.543812 -5.440409 18.576851 
29.230913 -5.329559 19.364703 
28.676075 -4.776175 20.036102 
27.919672 -4.700975 19.381035 
27.276142 -4.829518 20.042848 
26.962490 -5.427361 20.788952 
27.020135 -6.222906 20.131570 
26.144002 -5.969317 20.557390 
26.252123 -6.987362 20.380234 
25.397263 -6.863823 19.885607 
24.489725 -7.342845 20.218756 
25.436528 -7.812659 20.482793 
25.970140 -8.651313 21.007007 
25.522193 -9.017814 20.147174 
25.482373 -8.729640 19.109245 
24.577167 -9.316992 19.169497 
24.856943 -8.846705 18.182927 
24.662592 -7.897949 18.575697 
24.492972 -7.120152 17.955888 
23.969847 -7.963527 17.842167 
24.161714 -7.344539 16.963614 
23.505492 -7.088701 16.103596 
22.928846 -6.305165 15.706269 
22.203047 -6.639343 15.130730 
22.501227 -7.578698 15.220576 
22.849738 -8.314748 15.915937 
23.827466 -8.177918 15.930302 
24.361772 -8.544266 15.026173 
23.875849 -9.076030 14.255158 
22.947010 -9.130313 14.493527 
22.986877 -10.120183 14.354534 
22.198304 -10.235087 15.150881 
21.304549 -9.836421 14.418515 
20.581575 -8.307058 16.351900 
19.437299 -9.537033 17.061822 
20.422704 -9.686360 17.425591 
21.005441 -9.079474 18.027914 
21.861047 -9.432185 16.977452 
22.326689 -8.889690 16.557546 
22.419005 -8.103946 17.204790 
23.071159 -8.825406 17.524286 
23.085799 -9.898315 17.459094 
24.028216 -9.380026 17.017612 
23.170440 -9.594266 16.371842 
23.909147 -9.998373 15.597852 
23.505199 -10.913869 15.224435 
23.499585 -11.404817 14.215773 
23.471363 -13.410578 14.620804 
21.184684 -13.728422 13.914929 
21.659875 -12.610698 14.430816 
23.501700 -12.528315 13.427403 
22.464582 -12.228657 12.958946 
21.820954 -11.691456 13.489721 
20.793595 -11.706469 13.749470 
20.968591 -11.201161 14.612994 
21.133268 -11.364883 15.607667 
20.286796 -11.447925 16.240955 
19.700834 -12.132443 16.770827 
19.946619 -10.643626 19.990365 
23.201012 -10.105191 21.016455 
24.633352 -8.791732 20.285596 
26.044261 -6.452994 19.020721 
26.342405 -7.979213 17.608219 
25.704552 -8.848918 16.703885 
26.304215 -9.345731 16.234866 
25.588609 -9.924214 15.580224 
25.046968 -10.124732 12.228714 
25.483781 -10.208645 9.096659 
25.030178 -10.479590 9.968910 
25.018041 -9.591216 10.378812 
24.841084 -9.068133 9.465214 
25.450222 -8.442087 9.092386 
26.223944 -7.589920 8.641152 
24.719521 -7.190350 8.607299 
24.424687 -8.691276 7.692376 
25.097253 -9.776103 7.013826 
26.320968 -10.572537 7.325161 
26.801735 -9.893694 7.263390 
26.943847 -9.305720 7.985710 
28.166028 -11.064303 9.764462 
27.346885 -10.698777 10.305569 
27.442752 -9.707122 10.087445 
26.873879 -8.494817 9.991644 
26.498530 -7.969241 10.586772 
26.304697 -7.397007 9.770172 
26.705850 -6.655968 9.103178 
27.641368 -6.352489 8.709252 
28.289561 -6.475289 7.931491 
28.860979 -5.791286 7.373157 
27.756771 -7.547598 6.655005 
30.530422 -8.545047 6.452509 
32.488790 -7.251489 7.030380 
31.758561 -6.153367 6.053868 
30.879659 -6.778348 6.045424 
31.481591 -7.407979 3.632401 
31.398915 -8.406974 2.725713 
31.058166 -9.580263 3.233048 
30.208559 -8.851382 2.020776 
31.200152 -9.257250 1.767318 
30.366552 -10.845709 1.456097 
29.638247 -12.206153 1.380896 
30.151595 -12.018199 0.373264 
29.977314 -11.071131 -0.034155 
29.282737 -11.427887 0.708889 
28.412310 -11.505239 1.021640 
27.787386 -10.846630 0.164352 
26.598474 -10.753597 0.424406 
26.562913 -11.949516 0.545326 
26.237666 -11.688119 1.461094 
26.788481 -12.657373 1.452120 
26.410846 -13.249975 2.285988 
26.242526 -12.488734 3.060979 
25.702399 -12.877918 3.918155 
26.399385 -12.116418 4.100132 
27.616229 -11.417971 5.617945 
28.054284 -10.121428 6.110737 
27.063441 -10.479802 5.874675 
26.874063 -10.466900 4.873743 
26.690551 -9.589992 4.429853 
27.159794 -8.695240 4.818290 
27.675124 -8.072890 4.898918 
28.102819 -7.471598 6.170647 
28.624686 -6.043933 5.455158 
30.396336 -6.851134 8.332385 
30.166570 -6.031368 13.249331 
29.507750 -7.924864 12.099270 
29.900021 -8.206880 12.940079 
30.539807 -8.227322 13.703199 
29.760735 -7.723924 14.250079 
30.113317 -8.521391 15.001986 
29.779136 -8.564634 15.966459 
29.138155 -8.239315 15.012504 
29.353611 -9.161415 14.693842 
28.369433 -9.061331 15.084447 
27.576005 -8.446724 14.575787 
28.561252 -8.323671 14.265943 
27.815621 -7.895945 13.776656 
27.224387 -7.098866 13.655394 
26.201292 -7.454990 13.372091 
26.232226 -6.623897 13.969942 
26.252968 -6.178552 12.985675 
25.558853 -5.525697 13.282676 
26.121969 -4.649398 13.135654 
26.978610 -5.175284 13.084478 
26.761266 -5.676705 14.608831 
24.831365 -5.502942 14.497338 
25.097529 -4.788751 15.173330 
25.676709 -4.707078 16.059534 
26.172339 -4.179282 15.273964 
28.434847 -5.080981 15.593831 
28.355587 -6.919705 16.068402 
27.501639 -7.235834 15.437994 
26.685374 -7.636168 15.728869 
27.128729 -8.018737 12.497667 
