30.681626 -11.038520 6.009323 
30.419952 -11.184174 5.043241 
30.935190 -11.939185 5.492189 
30.667634 -13.010676 5.097052 
29.745221 -13.406538 4.749906 
30.119146 -14.036092 4.043215 
31.035548 -14.228748 3.799215 
31.601672 -14.288575 3.030058 
31.258349 -13.253378 3.386462 
30.766283 -13.979678 2.679341 
29.811221 -13.559027 2.536691 
30.437710 -12.680008 2.344351 
31.501738 -12.740418 2.365916 
31.291406 -11.815379 2.703095 
30.529660 -11.194070 2.916711 
29.472189 -11.268005 3.087361 
28.512656 -11.552452 3.438454 
27.881092 -10.735119 3.180921 
27.710308 -10.161876 3.964203 
28.120413 -10.024495 4.908254 
28.835906 -10.399072 5.469651 
29.325462 -11.344638 5.694780 
28.808225 -11.169563 4.798796 
27.925439 -11.377957 4.487828 
28.143615 -12.332238 4.825244 
28.848501 -12.879123 5.467852 
29.741962 -12.449630 5.737191 
29.763151 -12.341734 4.781205 
30.195331 -12.034376 3.962269 
30.190021 -11.064732 3.821734 
31.257581 -11.113624 3.686869 
31.526130 -10.771223 4.633807 
31.899149 -11.702464 4.769967 
31.610359 -11.157263 5.597877 
32.077591 -10.268762 5.565367 
31.151924 -9.659045 5.510665 
30.719450 -9.266686 4.617983 
31.602516 -8.795774 4.983958 
32.228899 -9.463062 4.676905 
33.150655 -9.578767 4.985801 
32.509243 -9.120051 5.585298 
33.282375 -9.344400 6.108706 
33.902588 -9.296952 6.885347 
34.116325 -10.286951 7.170967 
33.186921 -10.359848 7.563703 
32.952208 -10.985875 6.727276 
32.049943 -10.653581 7.147458 
31.893483 -11.466414 7.721992 
32.191433 -12.054573 8.419179 
31.339414 -11.611094 8.750452 
31.464705 -10.542988 8.727794 
30.785413 -10.694849 7.810363 
30.758607 -9.838442 8.377800 
29.979858 -10.500519 8.668943 
29.527344 -11.366905 9.391462 
29.017305 -10.691553 10.048724 
29.659197 -10.130126 10.663806 
29.980788 -9.982627 11.723588 
30.023222 -9.155431 12.312418 
29.227598 -9.831397 12.616752 
28.671048 -9.962978 13.407515 
28.092892 -10.804220 13.483893 
27.571811 -10.167939 14.154094 
27.766608 -9.251924 13.858768 
27.436360 -9.807780 13.194893 
26.989857 -9.926390 12.316664 
27.832739 -10.521910 12.550752 
27.369926 -11.548990 12.535412 
26.690694 -11.848276 11.979698 
26.222435 -12.350577 13.001119 
26.254835 -12.998984 13.727444 
27.209306 -13.386040 13.748955 
28.169008 -13.727514 13.481492 
28.830068 -13.119540 14.004434 
27.605424 -12.370366 15.843230 
28.597577 -10.176287 14.994830 
28.720096 -11.148143 14.634737 
27.830893 -11.489487 14.241293 
26.796657 -11.765342 14.182634 
26.498603 -12.441294 15.379555 
25.911807 -11.594194 15.198080 
25.279038 -11.145937 14.424370 
25.525298 -10.438391 13.676984 
26.403900 -10.189300 13.707484 
26.373862 -8.809287 14.540904 
26.901243 -8.670390 15.471488 
27.836717 -8.591287 15.824351 
28.749866 -8.956154 16.199332 
27.627065 -6.157419 16.967284 
27.847571 -5.214416 19.957535 
25.543928 -6.995201 20.304956 
25.970140 -8.651313 21.007007 
25.522193 -9.017814 20.147174 
25.482373 -8.729640 19.109245 
24.577167 -9.316992 19.169497 
24.856943 -8.846705 18.182927 
24.662592 -7.897949 18.575697 
24.492972 -7.120152 17.955888 
23.969847 -7.963527 17.842167 
22.891576 -8.408544 15.252549 
21.111386 -7.632239 16.066409 
20.576922 -8.202707 18.301455 
21.857375 -9.570961 16.500838 
25.543833 -12.231912 13.949956 
24.680469 -13.050304 14.779221 
23.723691 -13.536878 13.902309 
23.470976 -14.392733 13.806172 
21.797044 -13.240537 14.273976 
20.965151 -11.424171 14.656710 
20.286796 -11.447925 16.240955 
19.700834 -12.132443 16.770827 
18.647384 -11.969502 16.697732 
19.014780 -11.955053 17.779237 
18.824390 -10.755873 19.207093 
19.289925 -10.901733 19.981021 
20.238374 -10.523346 20.504343 
21.785105 -10.200365 21.567739 
23.164809 -10.252010 20.434439 
23.433753 -9.531082 21.161843 
24.019837 -7.692089 20.833780 
24.330652 -5.910112 19.582184 
24.746016 -5.288075 20.360927 
25.568804 -5.355056 19.717392 
25.722965 -5.701223 18.811538 
26.188952 -4.667040 19.167188 
25.922511 -4.165887 18.351558 
26.211021 -4.507664 17.426661 
27.062079 -4.382264 17.930866 
27.023155 -5.425168 18.008535 
27.552785 -6.281497 17.720189 
26.364430 -8.743865 17.064445 
25.599192 -9.933203 12.002835 
25.599119 -10.974242 11.949689 
24.311146 -10.133984 10.971925 
23.918131 -10.348452 9.247606 
25.188729 -10.182605 9.149032 
25.018041 -9.591216 10.378812 
25.883153 -8.400301 8.828989 
26.110028 -7.235621 8.521902 
25.544439 -7.033074 9.284352 
24.748024 -8.045614 8.278513 
24.056687 -8.947119 7.764590 
24.117510 -8.871494 6.776674 
24.592183 -8.370221 6.106588 
25.178369 -9.076248 6.660657 
24.464480 -9.825923 6.396607 
25.285182 -10.206765 6.893637 
25.794757 -10.583333 7.783544 
26.692104 -9.940964 6.722247 
26.911365 -9.846425 7.804533 
25.931965 -9.477352 7.627643 
26.162932 -8.549590 7.091324 
27.213641 -8.586899 6.905062 
27.038433 -8.853827 7.833925 
27.171169 -8.973511 8.748163 
27.751606 -10.587722 9.152772 
27.346885 -10.698777 10.305569 
27.442752 -9.707122 10.087445 
27.238068 -8.671755 10.302493 
26.509689 -8.317880 9.680795 
26.498530 -7.969241 10.586772 
26.883972 -6.801821 9.194201 
28.289561 -6.475289 7.931491 
28.335504 -6.363434 6.684863 
27.471410 -7.653765 6.627007 
30.913858 -7.983199 6.491591 
30.879659 -6.778348 6.045424 
30.771441 -7.219555 5.227193 
31.333264 -7.705548 4.514123 
31.364483 -7.494014 3.436675 
32.032109 -6.952067 2.838055 
31.906658 -7.668710 2.145958 
31.398915 -8.406974 2.725713 
31.620277 -9.432299 2.772816 
31.528155 -9.670874 3.721261 
30.546453 -9.933482 3.579159 
30.537779 -9.284396 2.858957 
30.208559 -8.851382 2.020776 
31.200152 -9.257250 1.767318 
30.495271 -10.096729 1.572139 
30.263966 -10.895416 0.971641 
30.340420 -11.544983 1.824511 
29.638247 -12.206153 1.380896 
30.151595 -12.018199 0.373264 
29.977314 -11.071131 -0.034155 
27.546309 -11.006758 0.528017 
26.562913 -11.949516 0.545326 
26.237666 -11.688119 1.461094 
26.788481 -12.657373 1.452120 
26.410846 -13.249975 2.285988 
27.038840 -11.542277 4.989814 
26.874063 -10.466900 4.873743 
26.690551 -9.589992 4.429853 
27.159794 -8.695240 4.818290 
29.144458 -6.913798 6.380475 
