9.959611 -24.538312 20.275690 
9.324335 -24.345770 21.114306 
8.350200 -24.209920 21.136129 
7.777789 -23.423026 21.570879 
7.084221 -24.199730 21.192442 
7.635710 -24.296769 20.401019 
7.264605 -25.294791 20.165379 
7.112487 -25.087021 19.244855 
7.512011 -24.187075 18.933355 
8.407584 -24.020560 18.724464 
8.262054 -22.950651 18.436548 
9.036222 -23.518930 17.977195 
8.200059 -24.061164 17.450133 
7.616757 -24.019935 16.605710 
6.862908 -24.213680 17.269429 
7.027650 -25.046069 16.760964 
7.122130 -25.747241 15.933634 
8.031825 -26.288751 15.936110 
8.392469 -26.273439 14.989018 
9.140681 -26.718812 14.475691 
8.879309 -25.763706 14.244914 
9.726071 -25.958097 13.687604 
10.357738 -25.903867 12.925893 
10.593135 -24.931452 13.138844 
11.213083 -25.522899 13.700609 
10.580420 -26.096981 14.248030 
9.669615 -25.879434 14.817402 
10.318118 -26.407260 15.526050 
9.492495 -26.745702 15.899389 
8.798026 -26.591390 16.642200 
9.325110 -25.762339 16.666306 
9.064451 -25.625883 15.652572 
9.312663 -24.842986 16.245349 
10.190398 -24.136244 16.386678 
11.173463 -23.971316 16.783764 
11.949637 -23.213889 16.780777 
11.504559 -22.470514 17.384524 
11.058445 -23.316416 17.576786 
10.437045 -23.517567 18.311760 
11.123849 -23.241434 18.920971 
11.332321 -24.066213 19.563871 
11.673284 -24.195323 18.589866 
11.823233 -25.178021 18.536461 
12.086009 -25.790987 19.238252 
12.348913 -25.226776 20.152772 
12.156452 -24.334138 20.544766 
11.431729 -23.630478 20.799534 
12.372497 -23.440638 21.167302 
11.655209 -23.808613 21.855167 
11.866323 -24.652998 22.158171 
11.189706 -24.135204 22.761785 
10.631550 -24.039840 21.991315 
10.868385 -23.141849 22.125842 
10.312994 -22.551479 22.715305 
10.628425 -22.100765 21.927035 
11.620240 -22.200172 21.564792 
11.391412 -22.043259 20.508109 
10.532492 -22.459025 20.252913 
11.019959 -22.033230 19.531787 
11.659103 -22.274718 18.735186 
12.553008 -22.483711 19.203063 
12.367409 -21.525997 19.471601 
12.492984 -21.254048 18.472980 
12.871540 -21.957025 17.906938 
13.021884 -22.964434 17.942684 
13.716909 -23.724787 17.690783 
13.797770 -24.191771 16.685290 
13.842397 -23.267844 16.292197 
14.496291 -22.336914 16.568782 
14.893807 -22.193951 15.430597 
14.971417 -21.675293 14.536118 
16.030919 -21.381056 14.580010 
16.512121 -21.144185 13.715348 
16.654116 -20.544098 12.634670 
15.972900 -21.173719 8.684012 
16.907579 -20.359732 8.615995 
16.710379 -19.718239 7.910635 
16.188135 -19.076966 7.268425 
15.557816 -19.207062 6.460768 
16.584529 -19.006617 5.421419 
16.461456 -18.031046 4.992782 
16.345140 -17.898642 3.930099 
17.206143 -17.387748 4.319446 
16.276882 -16.508297 4.805123 
16.903505 -16.296473 4.098024 
16.942470 -15.287434 4.574842 
17.418871 -14.836714 5.377499 
18.279107 -14.910580 4.844462 
19.786976 -17.172805 5.836067 
18.301336 -18.713038 8.156018 
16.121728 -18.144633 9.436417 
15.149886 -18.369923 7.621332 
15.526592 -17.943754 6.647016 
16.572393 -18.151267 6.621671 
16.787758 -18.462571 7.626615 
16.422460 -18.698323 8.653689 
15.704594 -19.393747 8.689129 
14.821039 -19.805797 8.888017 
13.903643 -20.416599 8.379190 
13.992622 -17.995205 7.131597 
15.946907 -16.757794 8.131086 
15.077375 -14.701282 7.669426 
17.807883 -17.215602 6.151269 
15.598613 -21.197240 3.585961 
15.778840 -22.582636 2.956494 
15.556987 -23.744858 3.488690 
15.102686 -22.968257 3.985804 
17.794353 -23.295234 5.907650 
19.653636 -23.011163 7.025588 
19.229585 -23.131570 8.657003 
18.387206 -23.185968 8.119663 
18.317206 -22.079711 7.624761 
17.430987 -21.577363 7.276540 
18.127003 -21.210922 8.827432 
19.274368 -19.916531 8.410526 
18.936325 -19.475817 7.917586 
20.400095 -21.675493 6.170976 
20.520555 -23.402369 5.159148 
19.838601 -22.901595 4.567956 
21.494915 -21.583388 2.325667 
20.580642 -18.874054 1.253584 
21.153540 -18.145557 1.902022 
20.508191 -17.758471 2.580642 
21.153966 -18.372090 3.428520 
20.174351 -18.759370 3.679035 
20.537975 -18.761859 2.616513 
20.976681 -19.570042 1.964501 
20.451987 -19.873581 1.027068 
20.261542 -19.979888 -0.021999 
20.913528 -20.799973 0.205736 
23.868420 -21.989332 0.204797 
25.785410 -22.586160 -2.299341 
27.182972 -20.262184 -2.783920 
28.522850 -20.190462 -2.508200 
28.154908 -19.878255 -3.465419 
28.931928 -18.365982 -2.804928 
28.141811 -17.348777 -2.111773 
27.733562 -17.173420 -1.198876 
28.057711 -18.746376 -1.869790 
28.119300 -18.519075 -0.810087 
27.110205 -18.619116 -0.226183 
26.324294 -18.474833 0.977581 
25.845449 -17.693859 1.294798 
24.860322 -18.033142 1.575521 
25.480662 -18.546678 2.326205 
25.766944 -17.730449 2.948904 
25.792052 -16.694287 2.710098 
24.407022 -16.712996 2.866060 
22.976056 -17.203321 3.502016 
23.079486 -18.065789 2.992953 
24.015048 -18.088353 3.530651 
23.457638 -18.539926 4.472354 
23.367930 -19.364442 5.158871 
24.068820 -19.619748 4.301771 
24.138421 -20.458934 3.751017 
23.247254 -20.904004 3.037001 
23.507939 -22.375637 3.879536 
22.812704 -22.912664 4.575796 
23.260283 -23.590882 5.212450 
23.464235 -22.987633 6.147258 
23.417287 -22.016814 6.592634 
22.966780 -20.460041 6.244591 
22.322589 -19.990274 5.066467 
21.720599 -18.146929 4.868320 
22.141877 -16.077160 8.839182 
23.590615 -11.690550 9.345056 
25.139799 -12.314462 7.704813 
24.306064 -12.383080 8.428375 
23.889943 -12.859233 7.665384 
23.142432 -13.525459 7.248313 
22.363392 -14.112578 6.769015 
22.753301 -13.776584 5.748650 
23.331359 -14.657978 6.041069 
23.898483 -13.880755 6.403918 
24.448373 -14.782184 6.728701 
24.642560 -15.703952 6.565734 
23.926732 -16.184203 7.063288 
24.154839 -16.110340 8.075739 
24.991270 -16.253553 8.519907 
25.312778 -16.955294 9.051609 
26.061237 -16.543333 9.704357 
25.876162 -16.674361 10.756234 
24.961677 -16.453824 10.534045 
24.806849 -16.030107 11.455347 
25.163387 -16.993768 11.374919 
23.502612 -16.677676 12.667641 
22.362540 -15.330948 14.578477 
21.627058 -16.069604 14.902845 
21.276610 -16.001665 15.888789 
20.893507 -16.658202 16.647784 
19.448107 -17.489738 18.804863 
19.416302 -17.697015 20.958655 
18.827458 -18.699880 21.225171 
17.952785 -19.001906 20.961989 
14.708729 -19.274196 18.993944 
