-26.486811 1.587660 -7.716921 
-26.022737 2.503077 -7.591934 
-26.494679 3.477827 -7.881329 
-26.001507 4.350414 -7.797849 
-25.516444 5.238129 -8.038937 
-24.815274 5.761534 -7.648390 
-25.346435 6.164396 -8.416098 
-25.065908 6.135041 -9.374057 
-24.980340 6.912881 -9.978098 
-25.138133 7.885773 -9.798992 
-24.476727 8.102792 -9.153643 
-23.327331 8.100842 -9.179168 
-22.380863 7.974984 -9.318258 
-21.741222 7.737995 -10.077017 
-22.622935 7.772084 -10.560652 
-22.095033 7.338366 -11.399113 
-22.515393 7.987737 -12.219483 
-22.424110 7.918088 -13.197347 
-21.729840 8.112387 -14.064596 
-21.708423 9.086567 -14.348582 
-21.518723 10.093273 -14.607926 
-20.752208 10.498315 -15.147273 
-20.264711 11.008522 -15.961377 
-19.257183 11.048900 -15.690454 
-18.272455 10.750372 -15.215437 
-18.706098 10.818606 -14.212483 
-18.446040 9.958815 -14.647135 
-18.854877 8.943719 -14.355896 
-19.613491 9.400420 -13.587791 
-19.097994 9.731032 -12.735591 
-19.858309 9.843181 -12.102073 
-20.189358 9.760994 -11.164434 
-19.950031 9.857524 -10.144794 
-19.115737 9.998401 -9.399252 
-18.944358 10.136827 -8.393986 
-18.946584 10.717501 -7.515010 
-18.102589 11.252930 -7.138980 
-18.705173 12.120191 -6.972916 
-19.339206 12.735768 -6.459536 
-20.228255 12.791442 -5.876707 
-20.622138 12.056539 -5.281696 
-20.350878 11.203137 -4.817489 
-20.417006 11.232355 -3.736954 
-20.833318 10.462926 -4.293276 
-20.755944 10.542489 -5.456371 
-21.553547 9.806151 -5.560096 
-21.561254 10.283247 -6.526849 
-22.190436 10.200473 -7.344669 
-22.305616 10.956319 -7.834681 
-22.662291 10.388729 -8.603819 
-22.721205 9.272274 -8.608663 
-22.028553 8.929195 -9.356518 
-22.325483 9.321033 -10.317151 
-22.027606 10.152437 -10.839935 
-21.810127 9.299526 -11.344735 
-22.267613 10.013145 -11.918758 
-22.137088 10.381825 -12.964833 
-21.462186 11.062417 -13.386502 
-21.248918 12.023548 -13.365026 
-20.485599 12.445355 -12.714730 
-19.588399 12.342670 -12.168318 
-19.404692 12.136626 -13.219529 
-18.561613 11.676263 -12.963389 
-18.348188 12.639243 -13.365693 
-17.840029 12.185096 -14.075096 
-16.809690 12.227330 -14.062741 
-16.383890 12.952101 -13.516010 
-16.404583 12.934437 -12.408294 
-16.924192 13.382502 -11.619154 
-17.560598 14.126028 -11.232406 
-17.847456 15.113857 -11.253291 
-18.234844 15.637929 -11.994112 
-18.114402 15.968200 -12.996845 
-18.999901 16.369293 -13.357451 
-17.859769 16.144961 -13.509996 
-19.603868 11.373271 -14.572136 
-20.118006 10.483888 -14.284924 
-20.729656 9.556582 -14.233304 
-19.960334 9.282553 -15.032113 
-18.638980 9.244455 -15.328287 
-18.358694 9.807579 -16.259290 
-17.366250 9.621013 -16.273956 
-17.635243 10.717108 -16.632850 
-17.418859 12.255880 -17.109938 
-16.346659 12.600855 -16.877712 
-16.192052 13.087168 -17.843734 
-15.992277 13.613467 -18.767813 
-15.915505 14.672337 -18.553338 
-14.948476 17.663578 -15.746635 
-14.496949 18.471289 -9.302523 
-14.870655 17.633349 -5.773962 
-14.617637 16.088733 -3.601860 
-15.216202 15.239251 -3.923934 
-16.053682 14.775099 -4.227497 
-16.573553 14.236853 -3.607095 
-16.206715 15.001868 -2.800810 
-17.099907 14.670265 -2.278166 
-17.665537 14.807903 -3.099712 
-18.484706 15.237705 -3.488377 
-19.750884 12.253958 -6.935567 
-17.264812 9.953819 -13.474267 
-15.108602 9.818679 -12.972831 
-16.446545 11.746178 -9.573502 
-17.361380 11.946872 -12.824033 
-17.770116 12.167327 -12.002166 
-18.086162 13.394506 -12.584440 
-17.469510 13.533737 -13.478948 
-16.251937 15.742976 -12.540924 
-13.978385 15.408082 -7.855051 
-13.841111 14.911028 -6.291443 
-13.947562 13.948111 -6.084568 
-14.576950 13.540404 -6.900788 
-15.283194 13.611861 -7.722735 
-16.751051 12.590961 -7.689755 
-17.740991 12.457841 -6.289814 
-17.374850 12.953378 -3.891414 
-17.442147 13.601097 -0.415088 
-18.726582 14.140921 2.392881 
-19.102612 13.341362 3.081083 
-20.950850 11.422096 3.795034 
-20.314726 8.976453 2.732350 
-20.166488 8.077783 2.419230 
-20.485552 7.926661 3.361911 
-21.583898 7.211237 2.756105 
-21.406857 6.831195 1.874071 
-21.164362 6.690540 0.815547 
-21.040091 7.701481 0.613987 
-20.858167 7.460495 -0.423839 
-20.409229 7.987092 -1.223978 
-20.253828 8.725426 -1.895606 
-19.231242 10.020900 -1.920085 
-24.256623 6.392639 -2.155124 
-25.385429 4.120218 -4.744367 
-25.574499 4.328790 -6.577333 
-24.903849 3.819156 -7.679404 
-26.573247 2.672071 -8.439320 
-27.489306 1.505948 -7.033911 
-26.493879 0.664689 -5.310396 
-25.804614 -1.135831 -5.182440 
-25.890157 -1.682532 -6.116084 
-27.145585 -0.610885 -6.522944 
-27.591310 0.482727 -5.151784 
-27.496945 1.159630 -4.344538 
-26.552184 1.528132 -4.064103 
-27.014831 2.420534 -4.324338 
-26.525358 3.189026 -4.739235 
-26.248379 4.155136 -4.338524 
-27.059904 4.646868 -5.241085 
-26.940120 3.313836 -6.219274 
-26.834947 2.803694 -6.993433 
-25.960467 2.514779 -6.490311 
-25.216441 3.252703 -6.397453 
-24.718245 3.209212 -5.435929 
-23.931306 2.615604 -5.041918 
-23.323758 2.533487 -4.150000 
-23.257942 2.599912 -2.876242 
-24.353921 2.927346 -1.326627 
-24.193833 3.774934 -1.020004 
-23.635590 4.726340 -1.142253 
-23.421139 5.686390 -1.074093 
-23.474326 6.344797 -2.071993 
-23.659372 7.560508 -0.792992 
-23.793213 7.900824 1.003185 
-24.786894 6.062850 1.560878 
-26.417897 5.068699 -3.826667 
-25.250881 2.781157 -10.953465 
-23.955707 0.592609 -15.657133 
-24.462505 1.433409 -16.002422 
-25.172315 0.742478 -15.988832 
-25.583409 -0.131937 -16.087748 
-25.609195 -0.580021 -16.939778 
-26.498938 -0.598023 -17.425896 
-26.247634 -1.520300 -17.819767 
-26.093512 -1.807685 -16.829437 
-25.955223 -1.478907 -15.784408 
-26.034238 -2.101835 -15.025035 
-25.787393 -2.978125 -14.404799 
-26.364611 -3.278627 -13.655899 
-26.834922 -2.402588 -13.633296 
-27.199494 -2.059080 -12.820524 
-27.009999 -2.731796 -12.123663 
-27.130092 -3.321768 -11.295635 
-26.216585 -2.852804 -11.153507 
-26.573433 -2.270885 -10.243737 
-26.390067 -1.653262 -9.438420 
-26.739742 -1.813558 -6.782868 
-25.752808 0.220136 -6.820898 
-24.889881 0.750050 -7.056193 
-24.116364 1.259499 -7.748884 
-23.332031 1.254869 -7.100253 
-25.452919 2.796022 -4.507905 
-23.777184 3.621238 -3.054779 
-23.604014 3.465438 -2.018047 
-22.978702 3.696809 -1.147523 
-24.813193 2.745588 -0.481306 
