-14.546076 -4.047210 -30.882472 
-15.211719 -3.178501 -30.832804 
-15.953843 -3.262617 -31.572196 
-16.101096 -2.319500 -31.067113 
-16.379491 -3.317678 -30.494807 
-16.182040 -4.254867 -31.070446 
-15.502076 -4.792015 -31.824035 
-14.759218 -5.145445 -32.376631 
-14.632840 -4.955466 -31.381945 
-15.049104 -5.894775 -31.078811 
-14.660580 -6.639923 -30.638929 
-13.891686 -7.012982 -30.089057 
-14.639950 -7.743302 -30.298793 
-15.447621 -7.543281 -29.807589 
-15.033078 -7.004548 -29.091022 
-15.802453 -7.082156 -28.490592 
-14.992750 -6.634934 -28.143666 
-14.977222 -7.671576 -27.903988 
-15.428911 -7.589481 -26.981514 
-15.869989 -8.350640 -27.558661 
-15.831430 -8.258409 -28.542864 
-16.244214 -9.192642 -28.868191 
-16.871307 -8.333878 -28.614050 
-17.444580 -7.528709 -29.106538 
-17.564345 -6.775357 -28.660863 
-18.525165 -7.174039 -28.616440 
-18.215617 -6.563405 -27.810402 
-19.214352 -6.286205 -27.358406 
-18.742591 -6.127811 -26.496161 
-17.771278 -6.386103 -26.936778 
-17.797332 -6.894985 -25.964498 
-18.421712 -7.261532 -25.295993 
-17.752239 -7.794982 -24.694468 
-16.807969 -7.567462 -24.778604 
-17.180376 -6.775320 -24.869224 
-16.620403 -6.555606 -25.732097 
-15.985859 -6.245682 -24.930386 
-15.493381 -5.423337 -24.373630 
-14.614172 -5.436141 -24.937913 
-14.529245 -5.952053 -24.024011 
-14.450965 -5.134520 -23.480630 
-14.680483 -4.471577 -22.630905 
-13.868732 -4.521364 -22.041425 
-13.990884 -3.548266 -22.317401 
-13.713357 -2.646538 -21.936714 
-13.248992 -1.692993 -21.924544 
-12.949961 -0.846844 -22.397318 
-11.950249 -0.687218 -21.796797 
-12.028246 -0.938836 -22.921365 
-12.314863 0.141288 -22.753846 
-11.548439 0.325759 -23.442071 
-11.728939 1.281385 -23.650629 
-11.669738 1.499899 -24.680271 
-12.505874 1.763121 -25.340809 
-12.633041 1.286892 -26.125033 
-13.633400 1.534126 -26.112018 
-14.193261 0.742389 -26.521759 
-14.190244 0.470727 -27.432673 
-13.977467 0.201127 -28.426803 
-13.356866 -0.178756 -27.630587 
-12.725936 -1.040306 -27.596656 
-12.075411 -1.660259 -26.954321 
-12.807582 -2.321945 -26.867078 
-13.568135 -3.086795 -26.926520 
-14.028153 -3.585649 -26.179109 
-14.853318 -3.336540 -26.871215 
-15.392833 -3.199074 -26.033508 
-15.924726 -3.344931 -25.255800 
-16.449218 -3.752629 -24.477584 
-15.700203 -4.365852 -25.006530 
-14.932457 -4.462496 -25.656230 
-15.933870 -4.592651 -25.950649 
-15.661418 -5.555269 -25.809343 
-15.518266 -5.087467 -26.751130 
-15.587441 -5.427998 -28.015819 
-15.383664 -4.784821 -30.093320 
-15.186070 -3.826919 -30.110489 
-15.639288 -3.973365 -29.227814 
-14.697053 -3.495014 -29.023758 
-13.589680 -3.955963 -28.294469 
-14.241753 -3.092848 -27.910678 
-14.347701 -2.006575 -28.036330 
-13.396857 -2.165704 -27.738019 
-14.058592 -1.710106 -26.910038 
-13.720375 -1.623048 -26.021278 
-14.378698 -0.999879 -26.327966 
-13.973098 -0.316084 -25.568529 
-12.990664 -0.040513 -25.737609 
-12.483978 1.672879 -25.726285 
-14.255441 3.116651 -22.246285 
-14.199384 3.477493 -23.821339 
-14.179806 4.105282 -24.994068 
-14.119990 3.996056 -25.965781 
-14.142425 4.585606 -26.838993 
-13.789984 3.811802 -27.438216 
-13.537932 4.377631 -28.374527 
-12.609378 4.224697 -27.769095 
-12.891199 3.153151 -27.848308 
-13.271263 2.923511 -28.758332 
-9.782495 5.486375 -29.317076 
-11.523574 5.196662 -30.325632 
-13.288968 3.575490 -29.742656 
-12.558776 2.402096 -31.242642 
-11.218193 2.611746 -30.358109 
-12.444276 2.617178 -29.952751 
-11.947921 2.225924 -28.792235 
-11.406868 3.011498 -28.972190 
-11.888360 4.748314 -25.492732 
-11.705679 8.361158 -24.636007 
-10.872572 9.083779 -24.933203 
-10.338457 9.492978 -24.145596 
-11.360293 9.648266 -23.873252 
-11.958900 9.052081 -23.370447 
-13.010607 9.557003 -22.798923 
-12.115420 11.328748 -21.885530 
-10.600447 12.129480 -22.728643 
-9.148686 11.887866 -23.540250 
-10.205930 10.851969 -25.290405 
-9.392256 10.063851 -24.437488 
-11.346221 9.411360 -22.078733 
-12.351795 9.747271 -19.636858 
-12.471532 10.006370 -18.697425 
-12.731510 10.235127 -17.683890 
-11.526917 10.734912 -16.986320 
-10.633342 11.115055 -15.825619 
-9.943116 11.445694 -16.481711 
-9.431624 12.036885 -17.327719 
-9.812299 12.006586 -18.364007 
-10.251224 12.812514 -18.072673 
-11.241599 12.561739 -17.897867 
-11.358900 13.404088 -22.607061 
-10.889853 7.980351 -28.689512 
-8.484001 8.181691 -28.566167 
-8.412238 7.252707 -27.109761 
-9.020469 6.567440 -27.208690 
-9.116355 5.087629 -26.138014 
-9.345414 4.033661 -24.867292 
-10.431010 3.411220 -23.198152 
-11.799537 2.406727 -23.361181 
-11.138597 2.325225 -24.068138 
-10.512024 2.258802 -25.039900 
-9.327693 3.371729 -25.901360 
-9.208543 2.628848 -26.525079 
-10.112220 2.273310 -26.205230 
-10.901991 2.864631 -26.607983 
-11.726621 2.810275 -27.118391 
-12.030060 2.692981 -26.138673 
-11.307213 1.921054 -27.411633 
-10.060048 1.831212 -28.422729 
-9.513130 2.527032 -29.078642 
-9.762687 1.824790 -29.831268 
-10.319563 1.107705 -30.346132 
-10.649416 1.518295 -29.545490 
-11.439925 0.865825 -29.951551 
-11.523474 -0.072984 -29.647167 
-10.540518 -0.410338 -29.851096 
-10.322046 -1.558486 -29.756054 
-10.109635 -1.204153 -30.686426 
-10.092501 -0.760783 -31.778680 
-9.623872 0.072155 -32.131485 
-9.858267 0.509516 -31.215788 
-9.082935 1.909285 -31.370569 
-9.276140 2.453650 -32.024274 
-8.087161 1.303387 -32.898606 
-8.251896 3.168606 -33.285825 
-10.699347 7.953263 -30.923703 
-11.984733 6.248822 -30.529022 
-12.353702 6.220963 -29.561753 
-12.042338 7.202180 -29.419372 
-12.081287 7.125374 -28.342290 
-12.595215 7.801309 -27.585711 
-13.021647 7.511019 -28.485669 
-12.815926 8.469748 -28.830090 
-12.122604 8.936702 -29.506438 
-12.406984 9.694295 -30.034652 
-11.317437 9.615860 -29.998773 
-11.957296 10.297986 -29.369558 
-11.076613 10.908944 -29.467874 
-10.984785 11.558330 -30.382998 
-10.751281 10.776767 -30.983413 
-10.202069 10.039319 -31.287473 
-9.977097 9.550199 -32.169069 
-9.213942 9.145712 -32.700778 
-8.137046 8.764354 -32.631866 
-7.322947 9.369264 -33.127736 
-7.358553 9.280268 -30.588984 
-7.659844 8.195499 -29.133542 
-7.799685 7.256197 -28.776666 
-7.275407 7.289145 -29.688593 
-8.187759 7.656307 -30.043645 
-10.027695 7.592747 -28.334557 
-11.085234 4.958892 -28.048929 
-11.987900 5.259395 -28.376716 
-12.098149 5.793649 -27.495751 
-13.379508 5.625981 -25.087799 
