-14.949613 4.244191 -5.254479 
-15.535691 4.008017 -6.077884 
-15.781885 3.898793 -5.094604 
-16.651764 4.111923 -5.622949 
-17.334126 4.635212 -4.971960 
-17.998171 3.850804 -4.706415 
-18.170283 4.266563 -5.697350 
-18.198279 3.255566 -6.192187 
-19.009502 3.717852 -6.788694 
-19.802291 3.740853 -6.121501 
-20.744731 3.899159 -6.313440 
-21.160228 4.798039 -6.439057 
-21.903324 4.100909 -6.079424 
-22.169996 3.125249 -6.351322 
-23.022358 3.148020 -5.817291 
-22.232950 2.789322 -5.077436 
-21.232723 2.887056 -4.723260 
-20.616269 2.061759 -4.394282 
-21.359750 1.858109 -4.936074 
-21.842241 1.114944 -4.308188 
-22.645734 0.513368 -4.371554 
-22.961866 0.261164 -5.414624 
-23.487210 0.506969 -6.236121 
-23.157388 -0.245063 -7.045662 
-22.739527 -1.210028 -6.769474 
-23.233285 -2.172787 -7.142335 
-22.816528 -2.459646 -8.054946 
-23.181771 -3.046094 -8.721372 
-23.436409 -3.994861 -8.835892 
-23.129883 -3.920248 -7.845468 
-23.001172 -4.207746 -6.896287 
-23.949599 -4.568340 -6.421923 
-24.445499 -5.297529 -7.085356 
-25.027995 -5.305721 -7.930374 
-25.024491 -4.769200 -8.738846 
-25.952249 -4.402478 -9.301650 
-26.866552 -4.463388 -8.827597 
-27.351439 -3.634788 -8.832481 
-27.347126 -3.945845 -7.861606 
-26.395116 -3.449487 -7.544979 
-25.624941 -3.067694 -7.055436 
-24.834622 -3.936282 -6.990710 
-23.977474 -3.503915 -6.623364 
-24.629465 -2.769376 -6.440569 
-23.880320 -2.838395 -5.527682 
-23.091358 -3.438406 -5.467778 
-22.441923 -2.485020 -5.276034 
-22.570909 -1.567239 -5.535801 
-23.038257 -0.910935 -4.809439 
-22.125459 -0.395590 -4.658855 
-21.210352 0.096851 -4.747251 
-20.834360 0.052662 -3.795163 
-19.764342 0.222488 -3.479696 
-20.657654 0.182719 -2.706610 
-21.023671 1.080096 -3.005961 
-21.272361 1.987895 -3.594443 
-21.316761 2.923193 -3.779235 
-21.345839 3.639720 -2.923393 
-20.675195 4.412055 -2.856328 
-19.722629 4.039755 -3.011167 
-19.457766 4.150439 -4.074650 
-18.791441 4.918610 -3.695037 
-17.909899 5.196171 -4.074165 
-17.018125 5.578827 -4.204462 
-16.930689 5.730504 -5.236643 
-16.723817 5.072591 -6.020018 
-15.840044 5.596872 -6.242375 
-15.229218 5.250675 -7.000008 
-14.930333 5.659240 -7.926911 
-15.528934 5.553249 -8.807713 
-15.629836 5.638867 -9.802087 
-14.923300 5.774026 -10.527650 
-15.309129 5.735513 -11.505002 
-14.920323 5.103128 -12.367029 
-14.813675 5.194266 -14.956326 
-12.523916 5.019599 -19.444631 
-13.010209 4.065341 -19.469275 
-13.250796 3.572830 -18.606780 
-12.393580 3.120384 -17.858216 
-11.530351 3.544863 -18.624522 
-11.551126 3.797036 -17.600514 
-10.753761 3.095332 -17.910135 
-10.199070 3.366646 -17.079858 
-10.178688 4.116449 -18.330107 
-10.565123 4.726742 -17.534700 
-9.926830 4.737256 -16.712060 
-9.332798 5.664504 -16.757517 
-9.597759 6.155740 -17.532771 
-12.247496 7.493707 -15.175160 
-13.364674 7.405638 -12.952129 
-11.731472 6.230553 -15.433471 
-11.240021 7.130265 -16.365525 
-11.357070 7.784861 -15.628397 
-11.392993 8.572562 -16.374384 
-10.672113 8.516669 -17.169880 
-10.406210 9.462583 -16.863050 
-9.802876 9.017627 -17.645775 
-9.175013 9.697616 -18.073574 
-9.068898 10.697232 -17.994513 
-10.171116 15.471357 -15.247726 
-11.810491 20.201066 -10.731955 
-12.231217 18.360493 -9.834372 
-15.886035 13.460405 -5.442420 
-18.599569 8.214393 -4.452535 
-18.048848 7.738192 -5.033315 
-17.434364 6.708456 -4.856956 
-18.000611 6.789053 -5.657186 
-18.833105 7.401666 -4.517118 
-16.878442 10.675702 -6.410117 
-16.747507 9.925053 -5.841252 
-16.999196 8.966742 -5.418270 
-16.446721 8.346292 -5.001124 
-16.627911 7.356192 -4.847680 
-16.062500 7.471832 -6.663996 
-16.340834 8.319678 -7.626828 
-16.084087 9.091698 -6.518436 
-19.331524 8.184385 -6.228885 
-19.589690 6.425515 -4.423898 
-19.090899 5.067740 -4.819996 
-20.147467 1.647719 -6.447591 
-22.458334 0.183775 -7.744799 
-23.046229 0.199696 -8.560869 
-23.331463 -0.777118 -8.918057 
-23.682048 -1.295713 -8.180010 
-24.291556 -1.769199 -7.461346 
-24.066306 -2.751366 -7.976383 
-24.681865 -2.759401 -8.741731 
-25.469800 -3.160696 -8.225405 
-26.234482 -3.448287 -8.832679 
-26.453249 -3.277988 -9.811364 
-26.012435 -7.465527 -12.277350 
-24.651089 -9.833687 -16.294167 
-23.114945 -9.668292 -18.378177 
-22.412479 -10.451784 -19.240420 
-21.411415 -10.429866 -19.527323 
-20.623870 -9.900126 -18.246173 
-19.686723 -8.151650 -16.910032 
-18.603401 -6.206580 -17.893062 
-17.316141 -4.237497 -18.666286 
-17.653256 -4.542244 -19.645804 
-17.208398 -3.688598 -20.045504 
-15.792510 -4.577988 -20.037457 
-15.840894 -3.598041 -19.436474 
-15.273198 -2.780867 -19.079159 
-14.599339 -2.006919 -19.271115 
-15.107763 -1.129429 -19.123075 
-15.075762 -0.146747 -19.529740 
-13.518137 -0.393401 -18.991604 
-13.488888 -1.287161 -18.644410 
-13.323541 -2.152854 -18.136625 
-13.624355 -3.113823 -18.390920 
-13.424285 -2.680832 -19.298708 
-12.982656 -3.592840 -19.367853 
-12.623285 -3.936341 -20.353268 
-13.301342 -4.597449 -20.109618 
-14.028437 -3.437022 -20.321833 
-14.211082 -2.196387 -21.012526 
-14.000650 -1.455960 -20.426681 
-12.962078 -1.099819 -20.230092 
-13.512268 -0.191903 -20.499451 
-14.189784 0.422159 -20.913843 
-13.174527 0.863349 -21.227817 
-12.791156 -0.880421 -21.111820 
-12.138861 -1.571708 -21.794464 
-10.234338 0.203381 -24.604179 
-6.571245 4.479599 -22.945061 
-6.377207 4.406977 -20.051351 
-6.343523 3.465779 -20.125315 
-5.399393 3.549967 -20.149700 
-5.127407 4.268806 -19.406736 
-4.299579 4.023554 -19.693948 
-4.353778 3.002141 -19.975129 
-4.505789 2.098804 -19.458284 
-5.176909 2.705547 -19.018440 
-6.005855 3.087823 -19.149357 
-6.953074 3.311245 -19.147317 
-7.609000 3.657810 -19.818910 
-7.998108 4.162101 -20.619373 
-7.530044 4.808394 -19.991727 
-7.915277 5.586718 -20.564295 
-7.689701 6.080138 -19.821711 
-7.557172 6.347339 -18.809468 
-8.168680 5.558831 -18.678366 
-8.000058 6.131851 -17.944868 
-8.949766 6.153168 -18.347532 
-8.928911 7.499050 -19.557038 
-9.269860 8.685188 -19.341324 
-10.068023 8.922562 -18.606206 
-10.379630 7.899306 -18.632016 
-9.488625 7.309782 -18.560352 
-7.645673 9.966582 -17.798889 
-5.966100 11.327499 -18.756168 
-5.599126 12.150899 -19.198956 
-5.361495 11.518587 -19.951771 
-5.232405 6.679252 -23.045652 
