-26.957165 2.403816 -14.138077 
-27.118186 1.378250 -13.643765 
-28.164300 1.153640 -13.688120 
-28.260073 1.661845 -12.752328 
-29.279522 2.015275 -12.840327 
-28.967185 2.347660 -11.915440 
-29.265120 2.462732 -11.044430 
-28.784860 2.420139 -10.164537 
-28.358004 2.036832 -9.332445 
-28.805292 1.185655 -8.940031 
-27.928742 1.039154 -8.498341 
-28.593112 0.349224 -8.040843 
-27.704091 0.189311 -7.442193 
-26.858739 -0.231211 -7.864098 
-27.362912 -0.955635 -8.008043 
-28.148188 -0.918556 -7.419537 
-28.480063 -1.257806 -6.412248 
-28.023296 -1.285590 -5.384492 
-28.182842 -2.231511 -4.830596 
-27.899668 -3.194417 -4.677983 
-27.330193 -3.395427 -3.813821 
-28.512700 -3.383596 -4.029362 
-28.637471 -3.203541 -2.815115 
-29.419512 -3.194372 -3.512841 
-29.099803 -2.543268 -4.216991 
-29.267195 -2.361614 -5.214480 
-29.713696 -1.701382 -4.681977 
-28.834172 -1.438528 -4.122210 
-28.247948 -0.964345 -3.230474 
-28.549613 0.048027 -3.695829 
-28.674346 0.853132 -3.077291 
-28.582240 1.838499 -3.041120 
-29.186830 2.626201 -3.536237 
-29.420762 3.501926 -4.190869 
-29.010472 4.469142 -4.692251 
-28.614817 3.538606 -5.094859 
-29.115105 3.032652 -5.896575 
-28.685886 3.926693 -6.039288 
-28.424304 5.013172 -6.270899 
-28.229473 5.960613 -5.879612 
-27.236251 5.811376 -5.938874 
-27.112485 6.272685 -6.825797 
-26.377672 6.951478 -7.163642 
-25.585393 6.703764 -6.550931 
-25.270798 6.880674 -7.454468 
-24.552380 7.344724 -8.029342 
-25.069219 8.155181 -8.044470 
-25.605391 8.218540 -8.893847 
-26.133316 9.055534 -8.891488 
-25.641229 8.762095 -9.818290 
-25.553538 9.600597 -10.417077 
-24.574487 9.453950 -10.818496 
-23.793923 10.203031 -10.713873 
-23.225953 9.506092 -11.276887 
-23.454291 8.647337 -10.672681 
-23.621599 7.866749 -11.306761 
-24.147072 7.829630 -10.478442 
-23.780252 6.994843 -10.021676 
-24.254942 6.105219 -10.210527 
-23.520495 5.187454 -10.323240 
-24.390854 4.639362 -10.009252 
-25.419025 4.554370 -9.892806 
-25.623717 5.450909 -10.308208 
-26.041420 4.691498 -11.040156 
-26.278805 3.972305 -11.685402 
-25.495940 3.887546 -12.503381 
-25.077645 3.496785 -13.288320 
-25.262487 2.821020 -12.545494 
-24.961435 1.850948 -12.398968 
-25.600753 1.716156 -13.195083 
-24.856494 1.067496 -13.509941 
-25.307610 0.309849 -13.965912 
-25.946644 0.124822 -14.696664 
-25.822042 0.881329 -15.297228 
-23.146205 2.504460 -18.201561 
-18.851332 4.164802 -20.228897 
-18.286330 4.217354 -21.136789 
-17.466507 4.801629 -21.073274 
-17.990417 5.469882 -21.672504 
-18.398221 6.530332 -21.706169 
-17.368987 6.980713 -21.533922 
-16.689236 6.264235 -22.064240 
-15.866235 6.794643 -22.355648 
-15.644363 7.997297 -22.197282 
-15.709286 9.038761 -21.478764 
-15.783649 8.474171 -20.440878 
-15.046008 7.908754 -20.186917 
-15.820848 7.743805 -19.626268 
-19.926582 6.398836 -17.822901 
-22.742669 4.091981 -14.123212 
-25.999129 3.397921 -11.130460 
-27.349978 2.493981 -10.686377 
-26.525802 2.624900 -10.089557 
-26.384609 1.621639 -9.591476 
-25.954409 1.579075 -8.668610 
-26.486811 1.587660 -7.716921 
-26.022737 2.503077 -7.591934 
-26.494679 3.477827 -7.881329 
-26.001507 4.350414 -7.797849 
-23.611733 7.276202 -10.161590 
-20.295617 10.414325 -15.161841 
-18.706098 10.818606 -14.212483 
-20.110185 10.599213 -8.331250 
-22.721205 9.272274 -8.608663 
-22.177018 9.125114 -9.836835 
-22.027606 10.152437 -10.839935 
-21.810127 9.299526 -11.344735 
-18.874941 12.927256 -12.767483 
-18.946726 16.958074 -14.542894 
-17.993566 18.123759 -14.678458 
-17.793161 18.168063 -13.689451 
-17.198277 18.552420 -12.861111 
-16.424341 18.223541 -12.467964 
-16.900585 16.397661 -12.962031 
-17.367186 14.981822 -12.767654 
-18.634314 13.451225 -13.554625 
-19.835196 9.870550 -14.747146 
-18.358694 9.807579 -16.259290 
-17.500746 10.169061 -16.453403 
-16.413687 13.436337 -17.759831 
-15.150423 15.441265 -17.135443 
-14.645828 16.458241 -17.163659 
-14.813911 17.380839 -17.447001 
-14.877758 18.422605 -17.507001 
-14.983204 18.460554 -16.017806 
-15.147513 18.032797 -15.118535 
-14.657727 18.076270 -14.235128 
-15.449188 18.470037 -13.698614 
-14.871183 18.330975 -12.814487 
-14.295617 18.897978 -12.258605 
-15.123686 17.000385 -6.183783 
-19.213182 13.379838 -4.437022 
-19.753560 11.737166 -6.401300 
-20.700862 12.378351 -7.749287 
-20.132107 11.494754 -9.122378 
-18.661810 10.797246 -11.464650 
-17.867726 9.397264 -13.105029 
-16.256830 9.806890 -13.826753 
-15.532000 9.274543 -12.241020 
-16.102197 8.637990 -11.550565 
-16.978266 10.513232 -11.434781 
-16.621701 11.250410 -10.851454 
-16.578063 12.162100 -10.509991 
-17.234770 11.929204 -9.840547 
-17.663066 12.563508 -9.437595 
-18.099580 13.251513 -8.568755 
-18.045631 13.384527 -7.509526 
-16.924791 13.810605 -7.055611 
-15.385206 12.897725 -6.433995 
-15.827629 11.871231 -6.631252 
-16.323075 11.279431 -7.229860 
-16.076429 11.308199 -8.298024 
-15.892441 11.377388 -9.424473 
-14.996063 10.943321 -9.746199 
-14.884784 11.785727 -10.334378 
-15.915088 11.673312 -11.895080 
-17.361380 11.946872 -12.824033 
-17.866916 11.663986 -11.964973 
-17.673316 12.670668 -12.039358 
-18.086162 13.394506 -12.584440 
-17.469510 13.533737 -13.478948 
-16.139660 14.005558 -13.925314 
-15.764727 14.435722 -13.733900 
-15.722361 15.921017 -14.161045 
-16.132075 16.142776 -10.956259 
-16.130374 13.285345 -6.205095 
-16.673472 13.819552 -2.144601 
-16.510458 13.250080 -1.367152 
-17.031394 13.120514 -0.524742 
-17.927110 13.554071 -0.285344 
-18.411024 14.113637 0.466234 
-18.099421 13.748725 1.365080 
-18.726582 14.140921 2.392881 
-18.645197 13.579744 3.211412 
-19.560028 13.102981 2.950754 
-20.046064 13.103182 4.018755 
-20.925089 12.701480 3.783899 
-20.947160 11.718869 4.194226 
-21.994878 11.410340 4.349391 
-21.900489 10.732436 3.565655 
-20.896471 10.513128 3.412201 
-19.945800 9.775236 3.241114 
-20.314726 8.976453 2.732350 
-20.166488 8.077783 2.419230 
-20.485552 7.926661 3.361911 
-21.272879 7.184364 1.398663 
-20.409229 7.987092 -1.223978 
-20.253828 8.725426 -1.895606 
-20.114027 9.572651 -2.584167 
-20.000481 10.423204 -1.922210 
-18.739053 11.827318 -2.423720 
-18.797944 10.346716 -1.182727 
-18.879205 9.249706 -1.569417 
-19.105102 8.264389 -1.319908 
-23.453787 6.114502 -2.585244 
