14.496134 -16.769859 14.644049 
14.794966 -17.633330 15.333243 
15.236348 -18.600682 15.251865 
15.400649 -19.678602 14.897068 
15.528294 -20.538223 14.213657 
15.817234 -19.557846 13.823383 
16.806407 -19.580486 13.934957 
16.389771 -20.229662 13.172869 
15.730302 -19.990125 12.350034 
15.972957 -19.210123 11.605730 
16.042436 -18.308870 12.035385 
16.171881 -17.995884 11.081360 
17.086274 -18.534499 11.123859 
17.652452 -18.227823 11.773532 
18.333467 -17.888268 12.520806 
17.535716 -17.351619 12.281870 
16.473911 -17.192505 11.879115 
16.386882 -16.202164 12.062236 
15.528878 -16.718513 12.115925 
15.394961 -16.540993 11.078141 
16.118156 -16.943305 10.582020 
16.441120 -16.543355 9.556487 
17.318898 -16.145981 9.299830 
16.695977 -15.840120 8.379082 
16.345663 -15.713547 7.496862 
15.680493 -16.490923 7.332467 
15.155737 -15.660425 7.046260 
14.963308 -16.108709 6.191580 
15.282102 -15.383351 5.397552 
15.346502 -14.315047 5.512690 
15.856420 -14.423121 4.666159 
15.960665 -14.962202 3.744455 
16.701652 -15.170508 4.477203 
16.245029 -15.803165 5.347939 
16.716733 -15.947267 6.279541 
16.630577 -17.018693 6.258073 
17.652597 -17.347537 6.496466 
17.771254 -16.768265 5.672792 
18.653275 -17.282264 6.047712 
18.339001 -17.171156 5.024140 
18.343047 -16.540049 4.175818 
17.485435 -17.068390 4.550504 
17.425677 -17.954883 4.144711 
17.281711 -18.927644 4.105128 
18.189447 -18.675645 4.574658 
18.065875 -19.686487 4.679909 
17.268422 -20.244176 4.751622 
16.927443 -20.745917 3.896943 
16.724018 -19.783358 3.635566 
16.670063 -19.661200 2.707267 
16.353890 -20.588085 2.532653 
16.907621 -20.336509 1.658031 
17.550469 -19.689755 1.927007 
17.906005 -18.780227 2.418434 
18.480155 -19.596177 2.251123 
19.057887 -20.355658 1.962884 
18.477364 -20.282774 1.188850 
17.873111 -20.898140 1.858806 
18.241067 -20.854069 2.847414 
18.895733 -21.479850 2.253620 
18.368552 -22.241277 2.619450 
18.036367 -21.906376 1.721965 
17.110917 -21.977626 2.098182 
16.292407 -22.289172 1.510885 
16.919641 -22.384552 0.633210 
16.189409 -22.853295 -0.034958 
15.665459 -22.615706 -1.043126 
15.356677 -22.536962 -2.074968 
14.914917 -22.290768 -2.918777 
14.156565 -21.643086 -2.762925 
13.203325 -21.404679 -2.796397 
13.397499 -21.644669 -3.830372 
12.540887 -20.928105 -3.645471 
13.332408 -20.271327 -3.392195 
12.391558 -19.421212 -2.497700 
14.731817 -19.260590 -2.004394 
15.099757 -20.151695 -1.563192 
15.208143 -20.966485 -0.923535 
16.034111 -21.587255 -0.655825 
15.983590 -20.535128 0.119425 
14.887898 -20.380919 1.178181 
14.919821 -21.102414 0.330975 
15.771753 -21.708643 0.242160 
17.447696 -21.020335 0.384426 
17.554210 -19.670936 0.070487 
16.674959 -19.453410 0.595164 
15.877583 -19.376831 1.281724 
15.030806 -18.872696 0.835272 
15.045662 -20.139509 4.233973 
16.044776 -23.410282 4.491802 
15.911171 -24.055557 2.752760 
16.658818 -23.490960 1.612451 
16.098008 -23.100487 0.957704 
14.824659 -23.216299 1.266020 
14.621162 -22.820013 0.416367 
14.057306 -22.180868 0.699888 
13.390786 -21.644867 1.212767 
13.757721 -21.168690 0.426155 
13.934997 -21.310942 -0.453857 
12.611813 -23.556781 -3.615604 
12.286031 -26.247459 -6.514053 
13.487051 -27.148304 -5.525241 
13.812098 -23.564522 -9.153063 
13.071165 -22.652273 -13.409074 
12.964173 -22.488821 -14.380213 
13.854779 -22.003625 -14.028205 
13.373415 -21.524500 -14.863473 
11.736150 -19.955769 -14.753695 
10.777468 -19.923704 -16.309601 
11.025733 -21.733198 -17.599739 
11.346808 -21.659745 -18.615457 
10.844888 -22.368756 -19.392141 
10.736799 -21.628722 -20.024192 
9.609381 -21.301393 -20.749778 
10.357319 -20.277469 -21.775446 
11.106692 -19.290118 -22.750180 
12.621856 -19.081125 -22.613476 
13.464914 -19.605094 -21.571547 
12.993602 -19.464216 -20.603563 
11.074399 -18.789675 -20.922175 
10.975459 -18.123746 -19.726586 
10.974593 -19.082444 -19.411537 
10.443789 -19.873547 -19.558451 
10.233823 -20.913148 -20.302523 
9.375712 -21.568307 -21.764757 
9.674169 -22.439763 -22.100310 
9.696743 -21.729307 -22.808808 
10.706638 -21.498324 -23.110598 
10.385712 -20.572924 -23.191639 
9.789495 -19.252727 -24.096788 
9.577489 -19.001514 -27.328103 
8.416608 -23.172268 -23.598910 
6.619398 -25.166302 -20.892850 
6.382086 -25.734937 -19.968256 
6.103095 -26.435527 -19.443776 
4.693546 -26.282345 -19.456392 
3.757929 -26.506548 -20.887756 
4.579902 -27.454705 -21.800690 
5.624176 -27.017484 -22.039470 
6.182224 -26.393824 -21.382385 
7.201717 -27.118496 -20.752223 
8.404300 -26.659131 -20.129631 
9.264421 -26.408344 -19.670846 
9.325951 -25.973482 -20.659209 
9.841304 -25.625597 -21.475912 
9.369041 -24.742875 -21.290454 
9.418779 -23.797938 -21.758779 
8.415364 -23.984130 -21.614532 
8.646372 -23.758658 -20.811486 
9.084146 -22.845755 -20.991711 
8.527729 -22.759532 -19.933114 
9.030379 -23.647202 -19.902680 
8.814711 -24.703981 -20.008851 
9.605103 -24.975761 -19.366982 
8.899644 -24.304858 -19.025519 
9.678662 -24.111312 -17.887804 
10.365046 -22.962203 -18.721462 
9.569654 -23.517143 -18.797798 
9.833670 -23.279420 -19.851246 
10.593819 -23.956324 -19.728098 
10.300687 -24.295436 -20.555957 
11.309462 -24.066734 -20.984999 
11.758750 -22.457456 -20.626279 
11.821957 -21.892435 -21.865623 
14.177274 -19.315005 -20.028582 
16.405330 -21.191606 -17.967271 
15.319621 -20.848299 -16.115658 
14.968486 -20.942179 -15.125675 
14.722700 -19.905234 -15.261662 
13.717337 -19.875129 -15.733780 
14.376541 -19.694967 -16.454872 
15.027595 -19.203043 -15.852274 
14.518426 -18.451777 -16.261924 
14.084286 -18.428664 -15.244551 
13.424242 -18.750250 -15.843097 
12.958669 -18.728998 -16.779984 
13.307767 -19.657127 -17.125554 
12.866026 -19.939068 -18.085700 
11.964462 -19.820920 -18.527908 
11.473994 -20.234148 -17.741317 
12.371177 -20.863169 -17.802998 
12.419146 -21.756653 -17.173935 
12.368328 -22.787100 -17.445927 
11.927408 -23.388240 -18.259202 
11.397298 -23.566309 -17.454555 
12.175286 -22.582675 -16.025516 
12.489212 -21.210458 -16.122527 
13.497238 -20.712474 -16.723826 
14.288510 -21.400672 -15.931834 
14.016553 -22.314656 -16.285655 
13.954190 -23.964159 -15.392991 
12.635082 -25.655570 -13.944430 
12.743972 -26.180079 -13.053622 
13.650635 -26.378266 -13.898600 
15.171131 -23.686579 -14.297227 
