14.809911 6.199536 17.723525 
13.881561 6.744772 17.687565 
13.989453 6.545943 18.708424 
14.319479 5.852315 19.364919 
15.195467 5.506800 18.925928 
15.687612 4.677927 18.525273 
15.994607 3.635975 18.494549 
16.515630 3.168525 17.726276 
17.055729 3.622523 17.024600 
16.982775 2.722688 16.612860 
16.962143 1.700197 16.961044 
16.193898 2.077295 17.533325 
15.726949 2.700776 17.017497 
15.384251 3.090286 15.925434 
15.404070 2.246608 15.289891 
16.374600 2.494113 15.776948 
16.208203 1.556389 15.275781 
15.414144 1.223897 14.596299 
16.356986 1.823487 14.177818 
17.142833 2.123595 14.787273 
17.631819 2.518879 13.850815 
18.134864 3.295606 14.104131 
18.125125 3.287506 15.141637 
18.713767 2.490295 14.840170 
18.595282 1.756415 14.065765 
18.320812 2.275381 13.210617 
17.479350 2.147449 12.410014 
16.432852 2.045167 12.686145 
16.336775 2.655782 13.509399 
15.749220 1.715993 13.353534 
15.158424 0.937602 13.592399 
14.486810 0.858668 14.423715 
14.263384 0.064836 13.815133 
13.441216 0.067555 14.341858 
13.777753 0.718212 15.157645 
14.715900 0.984499 15.498913 
14.166955 1.665167 16.053076 
14.229173 1.232753 17.115140 
13.384641 1.610608 17.264944 
13.554398 0.884468 16.485688 
13.156301 0.011067 16.197358 
13.705905 -0.572937 15.660933 
14.194769 -0.747586 14.792544 
14.876187 -1.539539 14.591595 
15.717175 -2.196187 14.271128 
15.504590 -2.295131 13.274932 
15.268968 -1.418861 12.520145 
16.384332 -1.517787 12.670536 
17.147583 -1.733605 12.064011 
17.873108 -1.930652 12.857880 
17.214099 -1.038417 12.814733 
17.398739 -0.292272 13.422643 
16.522629 0.268157 13.164269 
15.786492 -0.519934 12.996131 
15.905146 -1.061225 13.823270 
16.474591 -0.279915 13.924885 
16.197493 0.444678 14.471200 
16.999388 0.665652 14.997220 
17.141128 1.070098 15.815873 
18.110440 1.476821 15.655835 
18.260698 0.516601 15.789910 
17.462208 -0.126135 15.999722 
16.951227 0.441837 16.903935 
17.890515 0.887439 16.765973 
17.911578 1.753117 17.311138 
17.298403 2.291980 17.866946 
16.844943 1.606993 18.502344 
17.277169 2.469653 18.969363 
17.686506 3.187539 18.385765 
17.934863 3.857435 19.112222 
18.674805 3.535609 18.400709 
18.769473 2.564376 18.124947 
19.447643 2.526870 17.354033 
18.920601 2.898018 16.526896 
19.465771 4.327560 15.786080 
19.948978 4.368832 13.951235 
20.135702 3.431485 13.529299 
19.128523 3.573389 13.510311 
18.760369 3.331705 12.501531 
19.735841 3.846587 12.073245 
21.049611 3.750506 12.698167 
20.650523 2.812844 12.806406 
20.334612 2.112045 13.380966 
20.611654 2.551356 14.631152 
20.685127 1.295282 15.233250 
19.655341 1.642276 14.999181 
19.212862 1.217369 15.685531 
19.167839 0.578304 14.890170 
18.320464 1.002729 12.423700 
20.036957 2.865508 11.118562 
21.575287 3.514475 11.299527 
20.274147 4.434287 11.651621 
19.925910 5.389182 11.080534 
19.980164 5.558296 10.052406 
20.213614 4.630226 10.522755 
19.351794 4.257605 10.189830 
18.511534 4.041834 10.616831 
18.641689 3.467380 9.713324 
19.262100 3.904582 8.910262 
17.166321 4.490637 7.260550 
15.851553 2.277296 4.749107 
16.847011 1.849064 7.178508 
17.173076 1.246626 8.087188 
14.981548 -1.271172 8.776520 
15.163528 -0.273008 8.757452 
14.598499 0.352215 9.226168 
13.980383 -0.161532 8.533637 
12.044226 1.697405 5.815418 
10.424788 1.902584 5.534637 
10.920824 -0.405335 5.804506 
12.956237 -0.603200 6.644975 
13.935743 -0.091979 6.837667 
14.130577 0.921437 6.718841 
14.802220 1.474761 6.716655 
14.047076 1.773223 5.227235 
12.792570 1.530739 5.766030 
13.370561 -0.618391 4.575747 
14.140161 -1.966755 3.816024 
14.493656 -1.136119 3.392951 
16.815271 -0.803219 4.439492 
16.567405 0.858717 5.020324 
16.561708 0.945272 3.959666 
17.125959 1.785352 4.269453 
17.070168 3.092363 5.033196 
17.944232 4.286114 4.327561 
17.254348 5.055227 4.123264 
18.099855 5.345860 3.487155 
18.453509 6.289279 3.235503 
17.847865 6.042481 2.570971 
18.640051 7.051535 2.192711 
16.233847 6.869535 1.916885 
11.570520 8.201731 2.500219 
13.269776 8.389113 0.477875 
13.017142 7.464529 -1.673985 
12.616638 6.653099 -3.604595 
12.053688 4.868666 -2.734539 
11.877535 3.471875 -1.692281 
12.491229 3.928792 -0.607734 
13.332414 4.237716 -0.696423 
13.242431 4.790785 0.034291 
13.882692 4.891491 1.174561 
14.318060 3.520964 1.242718 
14.772068 3.066428 0.477591 
15.673796 3.688381 0.603161 
15.842208 2.728640 1.083562 
16.675074 3.344875 1.394142 
15.631589 3.573395 1.746308 
15.678768 4.377042 2.609199 
16.033890 3.566157 2.985015 
16.423152 4.565120 3.264088 
16.925911 5.092958 2.723549 
16.937893 6.331865 2.151671 
16.967003 7.262505 2.707997 
16.140046 6.399196 3.089198 
15.962665 6.696116 2.063083 
14.476396 6.482906 1.170165 
13.588828 6.470806 0.287201 
12.878731 7.266063 0.631421 
12.330700 7.452686 -0.126416 
12.485059 7.957667 -0.968938 
12.773870 8.292878 -1.941618 
11.071556 8.537226 -2.557582 
9.839992 7.459823 -3.005229 
10.175265 6.188063 -3.004078 
12.225614 5.659059 -1.297222 
12.348975 6.840366 2.093941 
13.602437 5.856676 3.744082 
13.922086 4.863898 4.063613 
13.369569 4.125043 3.468196 
12.409798 4.360795 3.130884 
12.926070 5.027906 3.774699 
13.042372 4.273613 4.600375 
12.654837 5.139283 4.986986 
13.335670 4.731927 5.727182 
12.439983 4.419725 6.172899 
12.704195 4.795611 7.117180 
12.859050 5.739919 6.509411 
13.836248 5.287236 6.684487 
14.193307 6.326341 6.444398 
13.567850 6.024095 5.683990 
14.277897 5.351915 5.552737 
14.819358 5.005692 6.224739 
15.348265 4.531215 5.428610 
15.571358 5.480293 5.530646 
16.278997 5.156421 6.162015 
16.966649 6.624643 6.629957 
17.811959 5.788990 7.082883 
17.514588 5.997530 8.340868 
16.343182 5.223358 8.697109 
16.470645 5.781326 9.488231 
15.074042 5.367162 9.766624 
13.584764 5.357004 8.460910 
13.986367 4.516208 8.742261 
13.436470 3.140987 8.729924 
14.365582 2.661504 9.682203 
