22.184497 -0.901362 19.095087 
21.625753 -1.274964 18.217321 
21.292718 -1.840549 19.027945 
21.314753 -1.596472 20.082220 
20.629322 -2.316054 20.058903 
21.229040 -3.084366 19.615029 
22.192338 -2.641160 19.365080 
22.903451 -2.009028 19.085815 
23.789079 -2.097582 18.470009 
24.116401 -2.687302 17.620075 
24.960924 -2.858189 18.573539 
23.998163 -3.423030 18.484132 
23.746359 -2.925754 19.389828 
23.881944 -3.942501 19.594064 
23.486271 -4.629259 18.851043 
23.552374 -4.221538 17.963895 
22.581672 -4.019561 18.285072 
21.918719 -3.594747 19.074419 
21.416855 -4.428177 19.438964 
21.739539 -3.846901 20.177953 
21.939597 -3.057074 20.864017 
22.166953 -3.305750 21.814214 
22.812735 -2.569093 21.728095 
23.073564 -3.379267 21.228411 
23.479340 -4.249151 20.751502 
23.183622 -4.772817 19.851855 
22.416643 -4.874632 19.085561 
22.438911 -5.622189 18.327684 
21.746373 -5.932006 18.988218 
21.840062 -6.515312 18.177381 
20.891129 -6.631656 18.015230 
21.030513 -6.181957 17.070698 
20.454761 -6.932882 16.621777 
20.909062 -7.853012 16.916484 
20.755931 -8.325014 15.938532 
20.399718 -7.386309 15.634027 
19.873504 -7.236531 14.777653 
20.829689 -7.013387 14.330368 
21.442208 -7.104961 15.217207 
21.059114 -6.133516 15.197915 
21.392630 -6.406264 16.179578 
21.423738 -5.410394 16.520723 
21.333293 -4.522545 15.934847 
20.800768 -4.355751 15.068833 
21.307311 -3.598052 14.247519 
22.251979 -3.185390 14.439695 
22.165252 -2.842006 15.416010 
22.179143 -1.842098 15.357378 
23.041480 -2.128124 15.818279 
22.580584 -1.381876 16.401244 
22.469564 -1.160887 17.289502 
22.817230 -0.298572 17.669105 
21.950387 0.144876 17.590352 
20.964565 0.368158 17.897051 
20.604467 -0.604644 18.427247 
20.390592 -0.278775 17.478320 
21.024063 -0.349421 16.742690 
21.282614 -1.383014 16.570493 
20.358617 -1.668806 16.758225 
20.398155 -1.377908 15.727809 
20.954159 -2.150140 16.012469 
20.521204 -2.924647 15.354431 
20.901085 -3.593146 15.966860 
19.952071 -3.685700 16.187098 
19.441218 -3.651179 17.014477 
19.678520 -4.596850 17.076873 
19.746374 -5.225189 16.263454 
19.651223 -5.421624 15.186903 
19.902918 -6.316116 15.682600 
19.353997 -6.482743 14.776128 
19.820119 -6.381168 13.776232 
19.047268 -6.256010 13.190678 
18.389480 -6.696743 13.645518 
18.959782 -7.372544 13.252896 
15.570745 -6.362478 15.408654 
15.341790 -3.317174 15.313806 
15.175431 -3.384704 14.375923 
14.247692 -3.517520 13.905979 
13.315683 -3.645478 14.228716 
13.521927 -2.657081 13.854110 
14.462623 -2.530317 13.707405 
14.126842 -2.489378 14.707406 
13.327280 -3.220416 15.155502 
12.336391 -2.417491 14.209223 
11.856119 -1.384207 14.109671 
12.552328 -1.121236 13.333646 
13.362879 -1.731294 13.037973 
14.057014 -1.538944 13.955752 
14.428657 -3.740591 12.406328 
12.352217 -6.783659 12.671025 
11.373662 -6.206025 13.602633 
10.174707 -6.373907 13.952343 
10.560768 -6.650699 13.070153 
10.113503 -5.757485 12.985063 
9.120353 -5.445439 12.953228 
9.232059 -6.421032 12.599575 
9.996886 -6.532764 12.058690 
9.198224 -6.391434 11.544672 
10.007304 -6.573939 10.924091 
11.950495 -8.826651 9.672826 
14.739530 -7.667532 10.188874 
13.988190 -5.839541 10.136353 
13.755096 -7.262450 9.955897 
11.688033 -8.398353 12.824383 
12.364193 -8.500617 13.534755 
12.715227 -8.338240 14.493501 
12.388274 -7.467383 13.973517 
12.912071 -4.061643 12.623126 
12.465455 -2.778080 9.588537 
12.172130 -4.157908 10.030407 
13.283069 -4.871187 10.343176 
13.057141 -4.370796 11.649833 
13.568221 -5.196607 11.778376 
13.106368 -5.778459 12.288849 
13.974482 -6.466874 12.040507 
13.720303 -7.065773 14.449047 
14.521185 -8.894032 15.463309 
16.048921 -9.077967 15.701296 
17.674109 -9.384744 15.387117 
17.092486 -9.138363 17.414953 
15.949631 -8.476729 19.042790 
15.359200 -8.939026 19.785693 
15.092064 -8.366712 20.699302 
15.266067 -8.313809 21.562370 
15.602367 -9.570338 21.679740 
16.413701 -9.093175 21.391407 
16.552881 -8.186693 20.744301 
17.479781 -8.586337 20.375064 
18.374231 -8.263957 19.790237 
18.401709 -9.078539 19.287230 
20.275664 -9.053667 18.182777 
18.355855 -10.398526 19.303175 
18.125447 -11.872851 17.744905 
17.025036 -12.868507 19.660169 
17.840943 -12.900490 19.662544 
18.560471 -12.181643 20.130328 
17.729476 -11.222133 22.112102 
16.657661 -11.474577 21.227025 
15.526333 -11.042290 19.803065 
15.283944 -10.382633 20.580996 
15.763507 -10.480398 21.317914 
15.586109 -11.117170 22.421347 
16.189050 -10.313109 22.292424 
16.748218 -9.560272 22.699475 
17.169052 -10.527593 22.569726 
16.576677 -10.864353 23.350070 
15.696461 -10.807562 23.864702 
16.916996 -10.715665 24.622708 
17.163919 -9.715165 24.366320 
16.552640 -9.693779 25.200129 
16.502245 -9.110722 26.165156 
16.264282 -8.058492 25.778178 
15.938205 -7.631791 24.970918 
16.665209 -8.114848 24.615536 
16.218097 -7.578145 23.921269 
15.361664 -6.412430 23.450092 
15.433526 -6.698637 22.144217 
14.552684 -6.569472 22.154758 
14.191150 -5.982129 21.401784 
14.327415 -5.416128 20.505820 
13.654400 -6.158845 20.366788 
14.349618 -6.283641 19.493134 
14.942206 -6.640562 18.729849 
15.109534 -5.152481 18.708973 
15.672799 -4.131873 22.491113 
15.200170 -4.884182 26.334136 
14.010481 -3.212338 27.459338 
13.887574 -2.716713 26.462143 
12.893345 -2.782731 26.866140 
12.846762 -2.283805 27.689332 
12.268042 -1.441163 27.533834 
13.145801 -1.293206 28.119185 
13.603316 -0.553536 29.133071 
14.529392 -0.367411 28.990241 
15.396814 -1.031109 29.038585 
15.359999 -1.969693 28.656589 
15.317784 -2.642061 29.441294 
14.976787 -2.704599 30.496723 
14.439984 -2.552829 31.435945 
14.658843 -3.746680 31.974471 
13.760303 -3.280669 32.492073 
13.442802 -3.699086 31.633816 
12.517228 -3.225792 31.840865 
12.993674 -3.009823 31.037415 
13.757743 -2.265791 30.611557 
13.563145 -2.228592 28.879211 
15.285785 -3.251752 26.855580 
16.838418 -2.944647 26.532596 
17.467844 -4.103199 25.501281 
17.166582 -3.748544 24.533462 
17.625503 -5.703646 24.792266 
19.437614 -6.326277 24.640892 
19.430110 -6.933949 23.903720 
19.268017 -7.290301 24.849525 
18.049970 -7.505867 22.895449 
