17.507295 4.171988 -12.909861 
16.703189 4.235802 -12.245706 
16.106061 4.827993 -12.994353 
16.772103 4.355241 -13.548371 
17.716629 4.449194 -13.926833 
17.681704 5.368015 -14.341840 
17.017695 5.684265 -13.745511 
17.347059 6.408118 -14.401057 
17.649522 5.747523 -15.297355 
17.615245 5.262904 -16.243935 
17.386026 4.764261 -15.265368 
17.443105 4.224695 -16.097581 
17.407458 3.629585 -16.947763 
17.228742 4.345671 -17.719819 
18.105452 3.810979 -18.000570 
17.444401 3.065287 -17.928335 
17.568535 2.141818 -17.657674 
18.337288 2.474749 -18.273536 
19.075270 2.001638 -17.661886 
19.277308 2.276227 -16.564367 
19.546721 1.671212 -15.744829 
20.512305 1.320645 -15.217024 
20.884360 1.626140 -16.136814 
21.066878 2.325592 -16.834321 
20.352723 2.830356 -16.308536 
19.823214 3.661045 -16.403236 
20.001798 4.153405 -15.622076 
21.167893 4.253231 -15.719432 
21.529583 4.727401 -16.651014 
21.303210 4.276377 -17.530356 
21.437080 4.792378 -18.430817 
21.480898 5.254632 -19.283596 
22.410491 5.120631 -18.826994 
22.648502 4.195179 -19.245240 
23.020644 4.338301 -20.199383 
23.755148 3.992175 -19.484474 
24.494174 4.269038 -20.189784 
23.807930 5.046117 -20.430534 
24.709669 5.360976 -20.619093 
24.623121 6.120160 -21.311284 
24.682116 6.830572 -22.071349 
24.007735 7.478786 -22.380965 
23.907793 8.211350 -22.982823 
22.954920 8.479530 -22.845599 
21.918753 8.769456 -23.038459 
21.733353 7.953571 -22.542550 
21.612958 7.468781 -21.596092 
21.007867 8.388941 -21.357494 
21.012576 7.536437 -20.759452 
20.273819 7.126198 -21.299819 
20.151065 6.232454 -20.808962 
19.773018 6.790530 -19.949061 
19.193493 6.441349 -20.660945 
18.902303 7.357762 -20.286633 
18.809466 7.336253 -19.256495 
19.556912 8.064694 -19.481392 
20.332958 8.662249 -19.495580 
21.091315 8.294009 -18.833286 
21.965635 8.784981 -18.606769 
22.552725 9.538561 -18.911458 
22.992567 10.210335 -18.313726 
23.840912 10.654117 -18.743273 
23.619808 9.989462 -19.580681 
23.219675 9.087670 -19.706798 
22.729601 8.852962 -20.607437 
22.217825 9.078621 -21.438073 
22.889696 8.240093 -21.389226 
23.952303 7.777248 -21.394831 
23.374491 6.847590 -21.609580 
23.927341 6.463628 -20.801892 
23.303322 5.817156 -21.291205 
22.827983 4.923911 -21.431891 
22.205928 5.708471 -21.397958 
22.312022 5.076093 -20.528406 
20.339516 8.026745 -21.074461 
19.112803 9.161160 -20.747973 
18.502454 9.315701 -19.870989 
17.446499 8.874815 -19.882102 
17.200061 8.348036 -19.081896 
18.032632 8.831281 -18.893453 
17.563065 8.676595 -18.052728 
18.496406 8.461207 -17.871724 
18.991379 7.572664 -17.392258 
19.711829 7.002679 -18.386847 
20.934277 7.102684 -19.376743 
21.700443 6.389431 -19.103009 
21.893033 7.441602 -18.927095 
22.405140 7.888955 -18.185180 
20.494181 9.248519 -17.379447 
18.420670 10.737980 -15.900473 
17.879537 10.451328 -14.424907 
17.842291 9.220189 -14.140296 
17.805507 8.962477 -15.097991 
18.423109 9.266283 -15.898780 
18.844812 8.479470 -15.375410 
19.460489 8.727620 -16.085768 
20.391504 8.225805 -16.462833 
19.527379 7.454690 -16.270609 
18.867282 6.791139 -15.770019 
18.141062 4.328467 -16.183443 
17.623066 5.650488 -19.904202 
18.456075 3.925995 -19.798352 
19.907191 5.458082 -17.771447 
21.939579 7.536841 -15.213475 
22.803521 8.182289 -15.219267 
22.476035 9.002323 -14.628360 
22.337618 9.746943 -13.809075 
22.613466 11.555581 -16.598150 
20.549405 11.703916 -16.857217 
20.892877 11.307073 -15.840639 
21.872891 9.998993 -16.406039 
22.101016 8.920045 -16.373597 
21.809574 7.961747 -16.214768 
22.913601 8.570850 -16.093176 
23.614629 9.476476 -16.404872 
24.551464 10.295716 -17.707743 
26.545013 9.647141 -18.505672 
26.234959 9.719636 -17.072166 
26.809631 8.469670 -17.346714 
28.034324 9.850103 -16.552519 
25.290485 10.324875 -16.905389 
24.821935 9.489734 -17.446105 
24.114439 8.936555 -17.996759 
23.529272 8.172412 -18.781170 
23.393166 6.947455 -19.351072 
23.291955 8.025139 -19.801005 
23.817832 7.453355 -20.462832 
24.187919 8.384418 -20.440807 
24.167653 8.420176 -19.387440 
24.909731 9.139065 -19.682010 
25.700710 8.039387 -20.299252 
26.616524 9.841472 -15.179345 
26.894525 10.443806 -13.290058 
26.273805 10.466613 -12.517171 
26.725257 12.433098 -11.721502 
26.783793 12.811920 -10.417197 
27.004042 13.499427 -11.656494 
27.339940 14.312853 -10.656496 
27.047319 15.747307 -10.805279 
26.469821 16.005836 -10.038340 
25.916964 15.100237 -10.892215 
26.707327 15.131047 -11.693703 
26.764344 15.404848 -12.670347 
26.757387 14.438686 -13.092961 
25.847732 14.940511 -12.840708 
25.455150 13.908998 -13.012319 
25.836698 12.957604 -13.351816 
27.067366 13.038128 -12.647018 
27.808919 13.790728 -12.743119 
28.061871 14.621197 -13.189905 
27.418679 14.711741 -12.315876 
28.109683 15.160187 -11.632038 
28.214655 16.129198 -11.322975 
28.024817 16.450790 -10.329110 
27.975185 15.674480 -9.672685 
27.035725 16.265110 -8.953484 
27.377477 17.246986 -9.745828 
27.036554 17.617589 -8.858985 
27.391720 18.314258 -8.205963 
27.684699 18.468687 -9.205802 
26.533360 18.392363 -9.137045 
27.082613 19.856492 -8.797277 
26.200345 20.340159 -7.966327 
25.705710 19.242061 -7.182208 
28.126595 19.080010 -5.373541 
27.977668 16.211776 -7.903767 
27.244310 12.989169 -9.278449 
26.994857 13.715314 -8.372413 
26.376696 14.338366 -8.947043 
25.388108 14.285618 -8.949068 
25.365979 14.033574 -9.993313 
25.255719 15.144393 -10.095841 
25.454159 15.385171 -9.122923 
24.678365 16.407865 -8.605927 
24.144743 17.332916 -8.907315 
24.779839 16.899652 -9.543211 
25.796819 17.007014 -9.135400 
25.908007 16.914263 -8.206848 
25.572116 17.361314 -7.203326 
25.486439 16.699327 -6.042725 
26.025993 17.468977 -5.716514 
26.529405 18.157913 -6.168561 
27.527605 18.209077 -6.186513 
27.991626 17.384240 -6.001260 
27.102940 16.981683 -5.717738 
27.245723 15.568522 -6.668398 
27.743834 14.548159 -4.810093 
27.332390 15.981997 -4.245457 
26.415015 17.035505 -4.890469 
25.858112 17.057225 -4.035660 
27.688217 17.470592 -2.749155 
29.052162 18.521178 -2.205237 
28.349444 19.141639 -2.447307 
28.989440 19.790033 -1.935309 
25.935470 21.457907 -1.641150 
