24.146919 18.992188 2.348563 
23.225137 19.016285 2.686512 
22.215273 19.420017 2.892200 
22.152778 18.471442 2.435877 
23.093765 18.361015 2.052967 
23.159602 19.287784 1.751920 
23.426400 18.607204 0.875134 
22.626207 19.161549 0.770435 
21.975000 19.592644 -0.005304 
20.969375 19.236602 0.173326 
20.142329 18.700348 0.528549 
21.082821 17.982451 0.765863 
21.991800 17.807927 0.468704 
22.190915 17.214339 1.312599 
21.460717 17.826835 1.792546 
20.751752 17.286066 1.357004 
20.538721 17.303086 2.433306 
20.653554 16.318757 2.784723 
20.809096 16.972829 3.592678 
19.947332 17.589884 3.222256 
20.469705 18.355800 3.700948 
19.390664 18.673360 3.541759 
20.055103 19.239846 4.033001 
21.010557 19.523409 3.694637 
20.242064 19.489667 3.033468 
21.076609 18.900105 2.934323 
21.685433 18.070226 3.199242 
21.851098 18.766833 3.914329 
21.244036 18.273471 4.530284 
21.392836 17.266555 4.934474 
22.117742 17.949776 4.966757 
22.466554 17.952426 5.884606 
23.192227 17.892583 6.609736 
23.578126 18.493832 5.913350 
24.159466 17.684240 5.895975 
25.137227 17.733917 5.658144 
25.039403 17.465418 4.705739 
24.868019 16.518027 4.231683 
24.885954 16.578257 5.242905 
25.710512 16.085309 4.945482 
26.338481 15.677023 5.546986 
25.920188 14.704348 5.619217 
25.304174 14.929913 6.419959 
24.969313 14.161699 5.680710 
25.700585 13.568996 5.667375 
26.436617 13.024847 6.155750 
25.756678 12.223194 5.892437 
24.820385 12.322640 6.434113 
24.692332 12.907486 7.278916 
24.276311 13.607745 6.681967 
23.851075 12.915552 6.157489 
23.042830 12.398609 6.751617 
22.896719 11.467504 6.226323 
22.215253 12.205326 6.095200 
22.032165 13.101385 6.553315 
22.527868 14.002715 6.292825 
22.910938 14.801506 5.965836 
22.781796 14.339615 5.023674 
23.652568 13.898948 5.514247 
24.091273 14.712298 6.019326 
24.554918 15.619130 5.437213 
25.044981 14.883977 4.836612 
24.955689 13.901968 4.668176 
23.982842 14.123655 4.357840 
23.998727 14.669533 3.576209 
24.393592 15.168659 2.803431 
23.360960 15.342067 2.993190 
22.538231 15.736038 2.378692 
21.752537 15.585080 3.283482 
22.049859 16.146084 4.154966 
22.930880 16.227912 3.785223 
22.749748 17.085509 4.315410 
22.055966 16.973141 3.583344 
22.290943 17.052407 2.597272 
20.183828 13.842090 2.373784 
21.520245 11.170108 0.243541 
21.665335 11.481825 1.140147 
21.985346 12.427172 1.638835 
22.030253 12.644449 2.627316 
22.912996 12.089621 2.957328 
22.151314 11.657264 3.606279 
21.451304 11.162070 2.881064 
22.075268 10.687975 2.104874 
22.774859 10.040710 1.361568 
23.083101 8.778615 1.487916 
23.115254 7.773248 1.548501 
22.146250 7.925144 1.054971 
22.009271 8.780613 1.376782 
20.590716 9.839951 -0.488357 
21.315932 12.184715 -5.039556 
20.171990 13.119625 -6.204769 
19.141742 14.111446 -5.937755 
20.074815 14.439204 -5.987632 
19.543011 14.710389 -6.794497 
20.543809 14.597984 -7.108987 
20.090236 14.147916 -7.958789 
20.520082 13.662479 -8.772162 
19.532455 13.257616 -8.877880 
20.189649 12.546367 -9.249410 
18.019307 12.294273 -9.334533 
19.391175 11.121478 -8.424616 
21.162476 12.165735 -8.212031 
23.416694 13.643936 -8.900294 
23.154947 12.299283 -8.348825 
22.931978 11.324937 -8.307844 
22.904890 10.416487 -8.899041 
22.679025 9.433599 -9.288897 
23.854883 6.966701 -9.809069 
22.183306 7.811312 -10.873740 
21.089555 7.792060 -11.790169 
19.788540 7.795856 -13.607014 
19.894403 8.564120 -14.947058 
20.400575 9.272954 -15.589068 
20.329257 9.842331 -14.407188 
21.059198 9.589506 -13.149880 
19.762746 11.145046 -12.312670 
20.370472 12.413360 -13.275742 
20.011320 13.530740 -13.013070 
21.188130 14.598486 -13.594005 
21.857956 12.080747 -14.650994 
21.902339 10.536835 -13.096723 
22.760914 11.211882 -13.212976 
23.564826 10.898004 -13.689973 
24.396709 12.097031 -13.321701 
25.346668 12.052612 -12.865143 
25.423009 12.088935 -13.840345 
25.608288 12.352700 -14.886748 
25.260775 11.387395 -14.973614 
25.417845 10.564230 -15.525187 
24.939535 11.684846 -16.437255 
26.165691 14.300970 -15.060479 
24.126975 10.345692 -14.997107 
24.719103 8.360462 -14.100087 
24.722711 6.088933 -15.003852 
23.637859 6.455321 -17.063188 
22.847304 6.801739 -15.832325 
22.970115 5.717247 -14.601003 
23.021922 5.254823 -15.918750 
22.139489 6.130847 -16.546080 
21.891541 7.021950 -16.569626 
21.897782 6.750616 -17.783465 
23.119551 6.786242 -18.515631 
23.106815 5.678796 -18.535736 
23.886185 5.601320 -17.796641 
23.771461 4.617156 -17.440372 
24.722242 4.781160 -17.381520 
24.699795 4.029224 -18.202412 
24.458742 3.340878 -18.915334 
24.074177 2.461543 -19.590317 
23.438426 2.323561 -20.457117 
24.092301 3.115773 -20.766585 
24.495131 2.211934 -20.519554 
25.147634 2.889755 -20.544443 
25.723323 2.637266 -19.808660 
25.371863 2.719914 -18.784424 
24.264083 3.123056 -17.805217 
23.555054 3.821485 -18.485550 
22.872969 4.267131 -17.948271 
22.557715 4.401700 -16.943559 
22.410672 3.447196 -16.448157 
22.422396 4.150972 -15.697755 
22.306300 3.367827 -14.850786 
21.542706 4.365682 -14.184061 
21.352454 5.847001 -14.045320 
20.453160 3.490420 -13.665541 
19.316887 4.523290 -13.542065 
19.613132 5.764922 -11.476790 
20.051180 4.894577 -11.604827 
20.508237 4.544758 -10.736643 
19.937701 5.262966 -10.276316 
20.050647 6.265744 -10.538019 
19.114914 6.404177 -10.903874 
19.362880 7.329859 -11.289695 
19.032091 7.736634 -12.308278 
18.672311 8.776543 -12.406119 
18.548781 8.747473 -13.500279 
18.986502 9.172425 -14.379812 
18.763206 8.220679 -14.451957 
18.132810 7.407199 -14.999078 
18.605367 6.951752 -13.939773 
19.229547 6.701993 -12.828377 
18.427468 7.188911 -13.083271 
17.514540 7.072344 -12.609227 
17.691247 7.317498 -11.634407 
17.067096 6.467797 -11.311201 
17.625144 4.649400 -11.827643 
16.703189 4.235802 -12.245706 
16.864931 4.544143 -13.489852 
17.681704 5.368015 -14.341840 
17.017695 5.684265 -13.745511 
17.439594 4.911822 -15.996125 
18.105452 3.810979 -18.000570 
17.444401 3.065287 -17.928335 
17.568535 2.141818 -17.657674 
20.386435 3.176335 -16.825456 
