13.922985 10.609045 16.359944 
13.421473 10.169415 17.258371 
12.931924 11.038375 17.569957 
12.520246 11.864429 18.025299 
11.786554 11.657541 17.339947 
12.180454 10.933619 16.782371 
12.419346 10.744159 15.839826 
11.785096 9.955162 15.533510 
11.335383 10.864502 15.627083 
11.035227 10.768476 16.559045 
11.435652 9.935120 16.985623 
12.414354 9.686865 17.356683 
12.318796 9.368017 18.365705 
11.681330 10.183141 18.156952 
11.567304 10.579611 19.101972 
11.055405 9.857113 19.592858 
11.037225 8.934439 20.196638 
11.539693 8.481587 20.982421 
11.423529 7.612551 21.032719 
12.060185 6.997479 20.423375 
12.839178 6.389017 20.086963 
13.246305 7.041942 19.362087 
12.458751 7.537657 18.842767 
13.192603 8.200406 19.258472 
13.052051 9.254252 19.158372 
13.620869 9.013699 19.944577 
13.961850 9.448441 20.727289 
14.226523 8.480216 20.710854 
15.123520 8.984277 20.939006 
14.513912 8.757507 21.687646 
13.777177 8.162956 22.114699 
12.937768 7.996482 21.537540 
12.388766 7.855116 22.302850 
12.554167 8.845329 22.095772 
11.614636 9.322669 21.827188 
10.653104 8.961728 21.464811 
9.633900 9.372535 21.343226 
8.826068 8.785633 21.915234 
8.127309 8.796180 21.217401 
7.195190 9.160023 21.261984 
7.527797 9.399140 22.093333 
7.668793 10.169225 21.381466 
8.481181 10.888745 21.612805 
9.317789 10.411692 21.738058 
10.134088 10.501317 22.321007 
11.097829 10.785409 22.462490 
11.645494 11.343037 21.769163 
12.388654 11.210624 22.430127 
12.203979 10.306465 22.801617 
12.136380 11.193634 23.382170 
11.933982 11.536745 24.388074 
10.896051 11.547294 24.639817 
11.091606 10.805082 24.043409 
11.418360 9.906173 24.119263 
12.107804 10.252867 24.929715 
12.769394 10.825181 24.308611 
13.125359 11.494347 23.612492 
14.051138 11.725378 23.936145 
13.887966 11.868032 24.938514 
12.908527 12.277044 25.192692 
13.191333 12.629108 26.009331 
13.285287 13.246982 25.252655 
13.107667 14.236260 25.027110 
13.003192 13.932525 26.034123 
12.842391 14.509621 26.822247 
11.950302 14.967952 26.462266 
13.037928 15.104293 25.837040 
14.065700 14.984562 25.698515 
14.141181 14.138794 26.306473 
14.439693 14.853541 27.059159 
13.946641 14.863570 27.996277 
13.754210 14.702959 29.032505 
14.401692 14.020549 28.607518 
14.249074 13.652887 27.691894 
14.095929 12.661959 26.474585 
14.598733 14.124748 24.785243 
15.443599 14.483290 25.307689 
15.744675 13.752718 24.743568 
16.011345 13.163117 23.830690 
16.159048 13.495853 22.818535 
16.937961 14.004034 23.275749 
17.242862 14.774506 23.903109 
18.056901 14.892688 24.490977 
18.148170 13.858407 23.492406 
18.373927 12.631977 23.107532 
19.343798 12.774743 22.774136 
20.121545 13.362985 22.727945 
19.644288 13.791554 21.971923 
18.124814 15.644555 21.383649 
17.346649 13.146066 21.426258 
18.670100 12.001707 20.206630 
20.166793 12.571575 19.847145 
20.059844 13.294169 19.000508 
20.510983 13.764681 19.816710 
19.949255 14.376436 20.455544 
20.249536 15.359877 20.332453 
21.187956 15.286719 20.151893 
21.656663 14.857023 19.368546 
21.469381 15.186759 18.389788 
21.653936 16.404819 16.731143 
20.445624 15.613868 10.988375 
21.809535 15.134050 10.435812 
22.753621 16.655548 11.871997 
22.396541 15.356459 12.876717 
21.647186 14.750258 13.052964 
21.146500 15.666160 13.013141 
21.475138 15.185263 12.207612 
20.894041 13.143447 11.235135 
20.662293 13.870593 14.528318 
19.498527 14.163755 15.419942 
19.559528 12.742133 15.627766 
20.045259 12.698359 16.434172 
20.298175 13.782685 16.173139 
21.120542 13.878743 15.484902 
20.555215 15.186944 15.002358 
20.048942 16.599795 15.589839 
20.542480 18.611699 13.089011 
21.351504 19.327814 12.007780 
22.139468 19.405289 11.530503 
22.857986 18.967785 10.525427 
19.994157 19.002024 9.534228 
19.091756 18.533048 9.770222 
18.569041 19.354397 9.613543 
18.933816 20.008696 8.552741 
19.218659 20.661644 9.028680 
20.231730 20.273866 8.806905 
21.185337 19.956964 8.863860 
20.876274 20.970534 8.900987 
20.285128 21.159260 8.170452 
21.129089 22.013977 8.762270 
23.496785 22.113332 8.664212 
23.133528 22.568226 6.651410 
22.193566 24.259708 4.822983 
21.276948 24.141130 7.152987 
20.603766 22.899691 8.193477 
19.332741 21.741056 7.127127 
19.456308 19.811992 7.639418 
18.422080 18.510458 8.454336 
17.115230 17.230801 8.783611 
16.943795 17.836235 9.638968 
17.475859 18.797263 9.036842 
17.926176 18.334830 7.836228 
18.547137 18.025358 7.115974 
17.587085 18.252456 6.987284 
16.963795 17.707766 7.673307 
16.744587 17.241397 6.782059 
17.608054 16.669242 6.615502 
17.781675 15.552044 7.332015 
18.252629 14.064803 7.379875 
18.322100 12.996771 7.558245 
17.622701 12.357231 7.342966 
18.245762 11.986390 6.519529 
18.844222 11.852066 7.370947 
19.632022 12.389680 7.643690 
19.171253 13.333456 7.814549 
18.613201 13.768434 8.794851 
18.674689 14.558732 9.620584 
17.689827 14.270968 9.438359 
18.067199 13.889744 10.353597 
17.394220 13.160106 10.315846 
17.616437 12.618643 9.395748 
17.300121 12.104689 10.706515 
17.804115 12.783437 11.256625 
18.646351 12.370125 10.365911 
16.088307 11.502357 12.997853 
17.002151 14.706298 12.896866 
17.031067 15.333505 13.710410 
16.522258 14.415560 13.637356 
16.228534 14.727017 14.530556 
16.365943 13.690150 14.833558 
16.760400 13.098138 14.104015 
17.664593 13.001788 14.583992 
18.450302 13.597700 14.447449 
18.792897 14.385255 13.287508 
18.516735 14.681508 12.336108 
19.178575 15.491638 12.202381 
19.426013 16.216360 12.808511 
20.091251 15.568218 12.876060 
20.123980 14.535415 12.796785 
20.220922 13.648786 13.157440 
20.406098 13.064113 11.877579 
20.439970 12.121131 12.458388 
20.200888 11.841518 13.416692 
20.489746 11.022106 12.913994 
19.901184 10.520076 13.585113 
18.290540 9.217091 14.119342 
17.529335 10.838783 13.145108 
18.099909 11.695077 14.522328 
18.319579 12.329372 13.509739 
19.119560 13.106040 13.722169 
18.712887 12.179852 12.991866 
19.200459 10.757479 14.834893 
20.206950 10.973328 14.835961 
20.670763 11.802496 14.331459 
22.244116 11.266532 16.118998 
