-16.009792 -10.651081 12.736622 
-15.604019 -11.201692 11.988948 
-14.987612 -11.570993 11.322793 
-15.947846 -10.984381 11.013633 
-16.642057 -11.208787 10.177443 
-16.115469 -11.401547 9.363015 
-16.745897 -10.555707 9.341322 
-16.195150 -9.881707 10.006471 
-15.904257 -9.580347 9.127405 
-15.142075 -10.178020 8.928277 
-14.893075 -9.796202 9.906783 
-14.786259 -10.800693 9.763263 
-14.906939 -11.594281 9.074778 
-15.337937 -11.911823 10.015249 
-15.370546 -12.834635 9.821557 
-16.381861 -12.720409 9.610081 
-16.381573 -13.330325 10.400507 
-16.152820 -14.368517 10.270725 
-15.173566 -13.980942 10.432694 
-14.186802 -14.098765 10.110100 
-14.162624 -13.875365 11.056077 
-13.431836 -14.671869 10.746568 
-12.797895 -15.298789 11.256983 
-11.738827 -15.160067 11.359884 
-11.329291 -14.587158 12.095772 
-11.091162 -15.629797 12.145231 
-10.695715 -15.197749 12.987233 
-9.779311 -14.797167 12.531491 
-9.456086 -15.146184 11.651625 
-9.487133 -14.251704 11.284659 
-10.300537 -13.942264 11.756424 
-10.988228 -13.337259 11.316806 
-11.436381 -12.768707 11.961941 
-11.163998 -11.790543 11.987860 
-10.709188 -10.957279 12.377235 
-10.234098 -11.971060 12.134874 
-9.547151 -12.629142 12.345658 
-10.241483 -13.056899 12.910328 
-9.524610 -13.689283 12.609929 
-9.546346 -13.855341 13.560356 
-9.408774 -12.778233 13.522790 
-8.994177 -13.074040 14.451385 
-9.099673 -13.884304 15.128785 
-8.070306 -13.798760 15.036165 
-7.552133 -14.649376 15.000786 
-8.044235 -14.532499 14.056200 
-7.548587 -15.370852 13.830508 
-8.548973 -15.269779 13.518914 
-8.678374 -16.046295 14.178847 
-9.179839 -16.236189 13.296922 
-9.326094 -17.200265 12.896647 
-8.707120 -16.673326 12.358759 
-8.577701 -15.608217 12.536807 
-7.698786 -15.947173 12.106359 
-7.784825 -15.358402 11.317550 
-7.473732 -14.316391 11.405034 
-7.905016 -13.475963 11.562191 
-8.608721 -13.147006 10.693128 
-8.759616 -12.276612 11.346298 
-9.355237 -12.160233 10.535922 
-9.466495 -11.372636 10.984344 
-10.076729 -10.567083 11.161402 
-10.472528 -11.405221 10.720381 
-10.933513 -10.735740 10.110539 
-11.574913 -9.986922 10.467936 
-11.708138 -9.168357 9.798586 
-11.509239 -9.137906 10.777582 
-11.809323 -8.876642 11.804206 
-11.818693 -8.891885 12.762677 
-10.756882 -9.095391 12.806438 
-11.153096 -8.260468 12.331911 
-10.286885 -7.714836 12.742325 
-9.693956 -8.168260 13.485039 
-9.985321 -9.128306 13.503548 
-10.926773 -9.810413 9.279252 
-12.830022 -11.038625 5.957947 
-13.443512 -10.252172 6.038107 
-13.711735 -9.258794 5.695514 
-14.541316 -9.219193 6.199187 
-14.347262 -8.302849 6.494097 
-15.075470 -7.618755 6.034341 
-15.354389 -6.606813 5.903120 
-15.136828 -5.579791 6.231706 
-16.274524 -5.605491 5.388309 
-16.518205 -6.230852 6.192468 
-15.662494 -6.171874 6.819596 
-15.709806 -5.719749 7.787199 
-15.137028 -4.867992 7.716160 
-17.062364 -3.004839 9.068582 
-15.822686 -6.155257 10.100671 
-14.597102 -7.029813 10.869874 
-15.507055 -7.855295 11.663034 
-15.089576 -7.001362 12.171232 
-15.697067 -7.590269 12.716339 
-16.391673 -6.757390 12.848458 
-16.870881 -7.553948 13.231737 
-17.290463 -8.377136 13.405969 
-17.324723 -8.852385 12.408800 
-16.322876 -8.749341 12.163971 
-17.773968 -10.179636 11.159727 
-17.148672 -14.245587 11.257757 
-13.989795 -15.504483 11.254750 
-16.592800 -15.956436 13.459867 
-16.142256 -14.252733 14.972632 
-15.754522 -15.082448 15.020848 
-16.216125 -15.221629 14.040042 
-16.334010 -14.183912 13.631183 
-16.520326 -13.409807 12.352995 
-19.078342 -16.656819 12.920005 
-18.311471 -17.124608 13.358844 
-19.133646 -17.332551 14.680802 
-19.664024 -18.470016 14.560132 
-19.945042 -17.925333 13.693933 
-19.804945 -16.626635 14.015021 
-20.073289 -15.396546 13.153957 
-20.049081 -14.945316 12.292692 
-22.831776 -15.877941 12.701615 
-22.774301 -16.672437 13.874835 
-21.611382 -15.985474 13.722355 
-21.903834 -14.021070 15.102064 
-23.328205 -15.072756 13.994125 
-22.808433 -14.761560 13.158702 
-22.085529 -14.302354 12.535666 
-22.835309 -13.642011 12.613563 
-22.082200 -14.142865 13.609372 
-21.340180 -13.435569 13.766858 
-20.221144 -13.167768 13.824467 
-19.861231 -13.289678 12.964800 
-19.003131 -13.190825 12.539331 
-18.705894 -12.640448 13.196033 
-16.736810 -13.179774 9.410663 
-17.727147 -13.695895 9.110408 
-18.624842 -10.270402 9.443418 
-16.663475 -8.945922 9.501601 
-16.036575 -7.246475 8.651268 
-16.945293 -5.158588 8.008934 
-16.926174 -3.336382 8.746364 
-16.558225 -1.938401 9.178692 
-16.905191 -2.332399 10.577925 
-16.874199 -2.684902 11.621366 
-17.404581 -3.469137 11.477678 
-17.211901 -4.335788 10.872075 
-18.167761 -3.918850 10.706160 
-17.842598 -4.492203 9.902194 
-17.285550 -5.341245 9.466225 
-16.263271 -4.764599 9.366543 
-15.717110 -3.866294 9.439139 
-14.918157 -4.067919 10.087407 
-14.304442 -2.846145 9.573033 
-15.304697 -2.606195 9.277668 
-15.337744 -2.179001 8.372878 
-14.388268 -2.329544 8.465017 
-14.556323 -1.792283 9.412946 
-15.556708 -1.448938 9.423285 
-15.855441 -0.463001 9.671944 
-15.840255 0.900441 9.973418 
-16.168936 0.656896 8.950744 
-16.211147 0.589093 7.973005 
-15.431697 0.794745 7.408695 
-16.243124 1.067298 7.093283 
-16.121976 1.827422 7.769463 
-15.956851 2.737833 8.361690 
-15.320306 1.781806 8.863144 
-14.535940 1.728982 9.108893 
-14.690065 0.293590 9.034161 
-17.625471 2.937776 9.064779 
-19.532809 5.238367 9.393070 
-18.985407 5.999554 9.744211 
-17.981415 5.939618 10.179372 
-17.784863 6.599803 9.410373 
-17.968050 7.427703 10.107369 
-18.750774 7.036361 10.764802 
-18.313743 6.644614 11.717553 
-17.460484 7.822209 11.958165 
-16.845599 8.082016 12.776879 
-16.334033 7.436146 13.582243 
-15.713558 6.587709 13.713466 
-15.244334 5.753073 13.133413 
-14.323271 6.356971 13.237679 
-13.828283 6.059627 12.210880 
-13.598359 6.321401 10.897121 
-13.667191 5.232286 11.241580 
-13.400544 4.229699 11.223957 
-13.822594 3.208944 10.829554 
-13.563830 2.340995 11.134674 
-14.731565 0.277973 12.303665 
-13.949007 -2.965284 13.647750 
-13.443037 -4.146001 12.525461 
-14.286622 -4.694112 11.340827 
-15.232590 -4.799521 11.882769 
-18.214449 -5.162650 10.849782 
-19.794167 -4.204948 9.348172 
-20.165250 -3.209559 9.414407 
-19.970758 -2.188684 9.673740 
-20.187584 1.441622 8.428294 
