-19.100539 -2.405682 21.959538 
-18.613053 -3.299084 22.298303 
-19.548315 -3.322700 22.878007 
-20.143060 -3.657908 23.778180 
-19.316811 -4.327534 23.543566 
-18.700089 -4.392700 24.394265 
-18.617683 -5.392297 24.281184 
-18.807163 -6.215189 24.921892 
-19.212202 -6.995432 24.455286 
-19.168981 -7.469568 25.441142 
-18.853894 -8.307790 24.779106 
-18.408101 -9.091334 25.114738 
-18.222796 -9.031408 24.092123 
-19.082667 -9.587341 24.582665 
-19.758287 -10.189436 24.266613 
-20.547089 -10.415802 23.654956 
-21.057651 -9.513548 24.219246 
-20.224051 -9.403434 23.645531 
-19.709982 -8.468545 23.650119 
-19.142251 -7.647214 23.389169 
-18.979248 -6.549562 23.277806 
-18.150187 -6.961390 22.795333 
-17.817581 -7.778554 22.552806 
-16.965514 -7.014371 22.445519 
-16.601265 -6.071294 22.705263 
-16.334199 -6.175274 23.766484 
-15.311968 -5.926432 23.678097 
-15.000606 -4.969546 23.283345 
-13.951231 -5.310995 23.403457 
-13.964325 -4.265094 23.343941 
-13.194373 -4.351519 24.145629 
-12.598861 -3.778514 24.727476 
-12.097477 -3.632309 25.549793 
-12.022585 -2.665842 25.400277 
-11.634304 -1.772277 25.946905 
-10.958052 -0.966458 25.645393 
-11.776760 -0.540745 25.177180 
-12.143806 -0.359570 26.163437 
-13.099965 -0.819003 26.066793 
-13.028128 -0.370253 27.047207 
-13.381938 -0.534671 27.997079 
-12.784226 -0.890070 28.736224 
-12.128319 -1.640944 28.347974 
-12.291098 -0.998369 27.522083 
-12.560220 -1.724449 26.768349 
-12.779283 -2.178418 25.918866 
-13.013448 -1.685267 25.034555 
-13.631923 -2.396339 24.711849 
-13.173764 -2.845495 24.011121 
-14.034451 -2.432814 23.722324 
-13.169204 -2.094603 23.284519 
-13.511045 -2.884547 22.668547 
-14.161730 -2.695642 21.753565 
-14.363678 -1.691199 21.679692 
-14.295259 -1.030064 21.014774 
-13.381918 -0.987936 21.458277 
-13.613023 -0.470615 22.379123 
-12.820174 -1.193303 22.224935 
-12.446519 -0.263593 21.774833 
-12.658274 0.709914 22.330775 
-12.393097 1.676623 22.690501 
-11.911088 2.371161 23.289825 
-11.048982 2.799989 22.945199 
-11.012648 3.861827 22.586009 
-10.259160 3.789171 23.377385 
-9.853240 4.513468 22.664362 
-9.594395 4.860648 23.583008 
-9.458370 4.968589 24.633841 
-8.841678 5.683896 25.074154 
-9.392654 6.447714 24.985676 
-8.771162 6.583037 25.703994 
-9.284422 6.307213 26.516147 
-8.642590 7.065119 26.866953 
-9.181903 7.748880 26.442603 
-8.628337 8.735750 25.051939 
-10.007853 7.814666 22.861311 
-9.389598 7.963495 23.787304 
-9.445709 7.557314 24.643444 
-10.007921 7.284365 25.423998 
-10.574094 6.506976 24.960294 
-10.836720 5.488371 25.172190 
-10.362092 5.667619 26.061581 
-11.442485 5.441184 26.193047 
-11.865408 5.675003 25.304406 
-11.337862 5.932233 24.464304 
-10.629766 5.599790 23.728269 
-11.428299 6.014358 23.298282 
-11.449523 5.048107 23.657441 
-13.152994 5.721474 24.776765 
-12.544310 9.017815 24.136924 
-12.704472 11.645648 24.173478 
-12.407187 12.807886 24.805341 
-12.550993 13.218505 25.824939 
-11.784640 12.815167 26.479470 
-11.515940 13.746140 26.820602 
-11.813096 14.080410 25.675228 
-12.407618 14.363574 26.442696 
-11.856397 15.090141 26.191568 
-10.921356 14.660351 26.584150 
-9.663102 14.604513 25.774865 
-11.375936 11.895302 28.530970 
-12.724181 14.097905 28.418952 
-12.087416 15.655977 27.214185 
-13.960831 14.572936 24.349130 
-14.512813 14.441275 23.507712 
-15.412844 14.176767 23.095660 
-15.579714 14.473063 23.954689 
-16.182344 11.998824 25.275891 
-14.510774 10.492219 26.774009 
-13.738370 11.146216 25.933420 
-12.954072 12.281279 25.943224 
-11.713889 11.916913 24.966747 
-11.566373 11.881603 23.955330 
-11.968574 11.454037 22.925861 
-12.024308 12.141010 21.519982 
-12.419704 13.265571 21.673137 
-14.566001 12.183273 22.488889 
-15.224588 13.301128 22.590182 
-16.879418 13.775573 22.081483 
-18.445004 11.990496 22.434166 
-18.457541 10.751344 21.666644 
-17.995888 11.326708 20.824740 
-17.427831 11.878542 20.267207 
-17.585658 10.925221 20.147915 
-18.038673 10.274275 20.854588 
-19.034545 9.924957 20.864445 
-19.449882 9.103158 20.323550 
-20.180108 8.567032 19.886332 
-19.529652 7.848895 19.651720 
-20.415646 6.920533 20.169705 
-19.051379 3.307745 21.976198 
-15.066695 2.387007 22.545057 
-15.700377 6.167045 23.192846 
-16.766862 7.627551 24.235506 
-15.957213 9.923413 23.743565 
-16.744429 11.405558 22.228269 
-17.632574 12.733097 21.101140 
-18.077556 13.678615 19.964400 
-18.021293 15.099504 19.355652 
-17.897053 15.117166 20.375872 
-17.738868 16.039196 20.741822 
-17.504474 15.286338 21.969164 
-17.208717 14.705977 22.823745 
-17.105526 15.826570 22.791756 
-18.047132 16.231865 22.888740 
-17.987747 17.172611 22.532488 
-18.044610 17.860028 23.325669 
-18.994608 18.360667 23.593106 
-19.670924 19.313854 22.569397 
-19.474903 18.381327 22.207526 
-18.565782 18.869484 21.963238 
-18.619853 17.914778 21.502747 
-17.584690 17.631988 21.640817 
-17.457024 16.964093 20.755769 
-16.629323 16.607478 20.164372 
-16.189139 15.238876 20.301260 
-16.279241 15.502949 21.222157 
-16.626589 14.622764 21.415106 
-16.011505 13.726087 21.394228 
-15.807220 13.094223 20.645559 
-15.297894 12.379421 21.197471 
-15.673013 11.427274 21.541170 
-15.213473 10.209387 21.850652 
-15.293563 9.781168 23.057382 
-14.928910 6.719822 23.003392 
-15.076682 1.263429 24.546404 
-14.309869 -0.045901 23.868634 
-14.999515 0.438044 23.361248 
-14.098061 0.896855 23.479911 
-13.133987 1.018194 23.617535 
-13.083409 1.192013 24.723502 
-12.093963 1.262929 24.764541 
-11.924426 1.334261 23.514832 
-11.906732 0.033885 23.151812 
-11.543599 0.463853 22.308753 
-11.622324 -0.535621 22.298505 
-11.696336 -1.034627 23.201435 
-12.535952 -1.260151 23.811344 
-12.903238 -0.816878 23.089448 
-13.784672 -1.158513 23.799576 
-14.672505 -1.614195 24.762299 
-15.232767 -2.125880 24.063414 
-16.218655 -1.876910 23.936232 
-16.338595 -1.908819 25.012290 
-16.391925 -1.872555 26.051219 
-15.696032 -3.916749 24.898078 
-17.135584 -4.400980 23.228577 
-17.926989 -3.405546 24.164916 
-19.269382 -2.270409 24.676858 
-20.141336 -2.680896 24.243491 
-20.775191 -1.954318 23.629776 
-20.122267 -0.767929 23.940812 
-19.546589 0.123941 23.617304 
-20.292464 0.783664 23.322561 
-20.789678 3.758374 23.115287 
