6.779685 -16.461682 23.364939 
6.564317 -15.524281 23.601147 
6.901629 -15.944080 24.477127 
6.970794 -16.253197 25.499087 
6.049301 -16.458340 25.390793 
5.866950 -16.352392 26.403107 
6.784707 -17.002645 26.243353 
6.952385 -17.620337 27.009377 
6.042687 -17.518879 27.326166 
5.324732 -17.069394 26.812243 
4.361732 -17.083025 26.570754 
4.729039 -17.882018 27.123758 
5.325510 -18.639109 27.346316 
4.625241 -18.815596 26.527445 
5.017887 -19.030980 25.638963 
5.797228 -19.662904 25.729766 
5.200711 -20.541244 25.930841 
4.275063 -20.082794 26.271468 
3.304686 -20.103495 26.756358 
2.750582 -20.191267 27.449334 
1.924706 -19.587287 27.193007 
2.558118 -18.846120 27.147503 
1.723087 -18.709013 26.423456 
1.974080 -18.663873 25.405962 
1.413749 -17.845389 24.995099 
1.919177 -18.532870 24.424032 
2.933764 -18.775962 24.291104 
3.225541 -19.437294 25.025455 
2.252819 -19.559156 24.813069 
1.477145 -19.652252 25.476846 
1.268474 -20.632564 25.416699 
1.277397 -20.098654 24.483485 
0.369336 -20.182036 25.001043 
0.453866 -21.221588 24.944606 
-0.315051 -21.524204 25.686391 
-1.129381 -20.801220 25.793862 
-2.143520 -20.463824 26.016510 
-2.240942 -19.548068 26.496931 
-2.214853 -20.105060 27.398352 
-1.450497 -19.616946 27.972257 
-2.203983 -20.263623 28.512429 
-1.497373 -20.879660 28.150427 
-1.865384 -21.166437 27.354106 
-2.195030 -22.092709 27.217339 
-3.090505 -21.475837 27.656837 
-3.297193 -22.031514 26.744455 
-3.659637 -21.970984 25.745078 
-3.242737 -21.084762 25.847510 
-3.362161 -20.134794 25.696427 
-2.817125 -19.233744 25.741110 
-1.833907 -18.939694 25.491519 
-1.132585 -18.303053 26.011753 
-0.422986 -18.961946 25.833993 
0.388103 -19.651792 25.905515 
0.271336 -18.801379 26.583787 
0.570670 -18.319050 27.440546 
0.006088 -18.986115 28.121633 
0.871223 -19.749004 28.098376 
0.795959 -19.645353 27.115528 
-0.211802 -19.701314 27.363655 
-0.353333 -20.365573 26.643268 
-1.130337 -19.949440 27.048278 
-1.019483 -19.068955 26.760421 
-1.977815 -18.911094 27.219526 
-2.197969 -18.329885 26.328959 
-1.526643 -17.852093 26.932146 
-1.138426 -18.464899 27.603241 
-0.429458 -17.720788 27.554927 
-0.213991 -17.689743 26.543204 
-0.414130 -17.160951 25.742588 
-0.951593 -17.697799 25.122805 
-0.393154 -18.117629 24.326076 
0.157780 -18.611849 23.487144 
0.539402 -18.710849 22.586488 
3.681264 -20.337914 24.140309 
3.204200 -22.191002 28.029025 
3.002079 -22.698427 27.142397 
2.234052 -23.392953 27.515656 
1.607114 -22.571302 27.790044 
0.978868 -22.157811 27.003383 
1.124610 -21.105476 27.337829 
1.930413 -20.650754 27.102279 
2.347665 -20.140310 26.291551 
3.100772 -21.214879 25.427181 
3.799126 -22.047256 24.350984 
3.936035 -22.588896 25.241036 
4.000559 -23.629824 25.412674 
3.751859 -24.508201 24.903950 
3.932585 -22.355767 23.424718 
2.545308 -20.909664 24.457205 
1.780118 -19.642896 23.690580 
0.459921 -19.920061 23.520928 
0.823997 -20.810729 23.498055 
0.779648 -20.893975 22.400846 
-0.236330 -21.260903 22.600917 
-1.063248 -21.899029 22.421274 
-2.076324 -21.500827 22.550604 
-2.726622 -22.158103 23.098190 
-2.126068 -22.640933 22.418501 
-2.244356 -20.785827 23.956224 
-6.187876 -18.490377 25.062725 
-7.609049 -19.268654 27.796546 
-5.714824 -19.615862 25.066838 
-6.712052 -17.441690 23.644469 
-6.753611 -16.657085 24.377288 
-6.553953 -16.766653 25.291124 
-5.645617 -17.486904 25.155081 
-1.636935 -14.947721 22.714744 
1.505965 -11.021165 21.025800 
2.004449 -9.533682 20.529534 
3.617784 -9.251411 21.847843 
2.754492 -8.810578 22.564220 
2.501204 -8.880452 21.458495 
2.734992 -7.776238 21.384170 
2.767578 -6.656774 21.606771 
4.806117 -5.955609 22.156455 
6.994271 -6.984488 23.125999 
8.283967 -8.173846 24.045712 
8.254063 -8.607701 25.556745 
8.408921 -10.533862 25.508034 
7.177263 -11.810195 24.775343 
7.810583 -12.377899 24.137952 
6.837083 -12.408038 23.928296 
7.332309 -13.670766 24.757064 
6.517645 -14.586838 25.383146 
6.117162 -15.215389 24.819253 
5.355945 -14.688612 25.472717 
5.436332 -15.568826 26.053703 
5.090445 -16.128165 25.283518 
3.895866 -15.494034 24.581542 
-0.044742 -13.888804 23.416067 
2.801562 -9.368655 22.779150 
5.621745 -7.084590 24.828992 
7.260073 -5.832703 25.960780 
9.523328 -4.892971 26.320033 
11.599637 -5.311228 26.333703 
12.040307 -5.231761 25.489912 
12.584063 -5.935275 24.125410 
12.532548 -4.979322 23.670397 
11.537325 -4.850288 23.486848 
11.765490 -4.653253 24.622156 
11.472189 -3.274365 25.311943 
10.387499 -3.285721 25.174627 
9.780449 -3.669249 25.995527 
10.358480 -2.704675 26.110907 
10.581819 -1.705945 26.260247 
9.901199 -1.500568 25.635463 
9.231295 -0.702592 24.619271 
9.028693 -0.345272 23.451510 
8.962794 0.659498 23.711988 
8.022784 1.205574 23.965250 
8.031304 2.155835 24.455811 
7.206929 2.510562 24.890761 
7.067498 3.303299 24.292977 
6.034106 3.323936 24.420852 
4.940399 3.801995 24.123583 
5.411158 4.754938 24.259649 
4.596527 4.775026 24.914910 
3.764146 4.253087 24.665446 
3.521133 3.502604 23.992142 
3.089386 2.954000 23.273381 
3.621024 2.042985 22.996860 
2.862345 2.462317 22.303448 
2.195411 3.143556 21.455640 
5.868647 4.405942 19.509904 
11.126017 3.272631 21.113576 
12.882305 2.507002 23.359871 
13.074086 1.778981 24.039490 
12.302222 1.079178 24.191939 
11.962324 0.607744 24.995014 
12.107305 1.437627 25.721059 
12.228088 0.893917 26.686186 
12.542984 0.228032 26.024144 
11.015753 0.451426 25.611337 
10.831665 -0.110445 24.878320 
10.912442 -0.266788 23.873519 
11.585772 -0.626483 23.047395 
11.352941 -0.052487 22.250775 
10.493112 -0.357072 21.834426 
9.914123 -0.352629 20.517766 
8.681505 -0.563089 20.902838 
7.829125 -1.162743 20.630753 
7.171563 -1.969067 20.075050 
6.886759 -0.998492 20.417465 
7.242632 -0.192407 19.723706 
5.671135 0.925533 19.796876 
3.705628 -1.302610 18.738922 
2.089561 -1.624192 19.396637 
0.501513 -1.249459 18.858726 
0.859065 -0.902839 19.906834 
0.598204 -0.155230 20.696839 
0.934758 1.238829 21.224986 
1.488069 1.774216 20.585870 
2.316835 1.654257 21.135584 
3.517287 1.459166 18.354589 
