4.866992 3.244014 30.852336 
3.919320 3.666465 31.022344 
3.539196 3.290301 30.231037 
3.450407 4.321386 29.820585 
3.311588 4.215142 28.813795 
4.145014 3.837291 28.278429 
4.531070 3.141850 27.486241 
4.792375 2.770221 28.357295 
5.598928 2.897043 29.044004 
5.511197 1.810083 28.923762 
5.801389 1.570285 29.784284 
5.848706 0.541442 30.204498 
4.905981 1.046561 30.220374 
4.729826 1.839405 30.739524 
3.921587 1.297012 30.788252 
3.624272 1.977542 30.064555 
2.602388 2.386390 29.914363 
2.870413 2.666132 28.941244 
3.004496 1.676015 28.625322 
2.431910 1.834112 27.736584 
1.682272 2.086828 28.365592 
1.772462 3.021885 27.973459 
1.320655 3.235174 28.762204 
1.555131 3.487688 29.649263 
0.645293 3.493839 30.132384 
0.435576 3.593170 29.136134 
0.456924 3.800223 28.184636 
1.095439 4.384707 28.720733 
1.830983 4.462560 29.465110 
2.064216 4.147337 28.331092 
2.546330 5.038101 28.681314 
3.032457 5.428178 27.934018 
3.188535 6.065490 28.760631 
3.575940 5.932654 29.710318 
3.547837 6.466086 30.570023 
4.478610 6.698512 30.279962 
4.729009 5.680435 29.939112 
5.614837 5.454432 30.308714 
6.121293 4.699402 30.820643 
6.878259 4.758508 31.632034 
7.639454 5.478053 31.368728 
6.859769 5.777699 30.826949 
7.513813 5.883841 30.061783 
8.259993 6.289302 30.706693 
8.430603 7.219968 31.291726 
8.652928 7.879373 30.387523 
9.444094 8.513080 30.311868 
9.141699 8.737580 31.258597 
8.697023 9.152309 30.382707 
9.619228 9.581991 30.162621 
8.925298 9.379721 29.469267 
8.676093 10.207390 29.191173 
7.909232 9.492692 29.026506 
8.075442 8.595165 29.529806 
7.587919 7.953986 28.811233 
8.318675 7.251240 28.415351 
8.488414 6.657464 29.349185 
7.344269 6.771387 29.481611 
6.448344 7.018571 29.335584 
6.345813 6.401114 28.401976 
5.568124 6.950845 28.568128 
5.029106 7.244249 27.802510 
5.482294 6.540651 27.239396 
4.884974 7.246277 26.773391 
5.597273 7.692909 26.197293 
5.785008 6.633165 26.135839 
4.974716 6.099868 26.042546 
4.580774 5.209415 25.951679 
4.300423 5.740105 25.148416 
4.955087 5.997610 24.391698 
5.228748 6.593785 25.103071 
4.196923 6.769505 25.313278 
3.587974 7.555283 24.922369 
3.412215 7.350428 23.954619 
4.595736 8.296969 25.467901 
3.418222 7.466286 28.464247 
4.263049 7.388394 29.045966 
3.334058 7.089807 29.426493 
2.544568 6.982593 28.782889 
1.877807 6.279247 28.368547 
2.759226 6.391469 27.791598 
3.383057 6.063961 27.032695 
3.110816 5.142613 26.683610 
3.606078 4.218774 26.702485 
2.668840 4.134600 27.653481 
2.882979 3.123940 27.554276 
3.756610 2.589749 27.671181 
3.473213 2.827877 26.608281 
5.334505 4.264882 27.906554 
7.396001 4.116594 28.415203 
8.211673 3.854395 26.546591 
8.937090 2.938389 26.698978 
9.426760 2.379398 26.046949 
8.492236 2.804581 25.677761 
8.939130 2.900157 24.712069 
8.416672 3.800680 24.909805 
9.455208 4.206359 24.811463 
10.042498 4.894093 24.415276 
10.062752 5.882681 24.735102 
12.249532 5.531168 23.163261 
10.947247 4.809440 24.767648 
8.603072 5.090594 25.948008 
2.539539 3.878866 25.933965 
1.239821 4.496615 26.203010 
0.965433 4.032784 27.042097 
1.903848 3.712702 26.805800 
2.383917 3.532520 25.918376 
0.526818 1.427789 23.729374 
-2.959051 -0.176999 24.433799 
-4.728386 -0.357538 23.741895 
-5.264788 -1.117709 23.912854 
-6.476934 -0.921322 23.700459 
-6.445286 0.057108 23.445112 
-7.817155 0.260742 23.770129 
-7.608095 0.939800 24.796975 
-6.351361 1.870097 23.414316 
-6.383666 4.706000 23.191372 
-6.533766 6.255229 24.126747 
-6.165755 5.304871 24.689477 
-3.330247 3.057370 23.823853 
-0.970306 2.183081 22.976582 
-1.681544 2.972171 23.142624 
-1.811975 3.600187 22.379287 
-0.841178 4.611707 22.951682 
0.196129 5.409662 23.429350 
-0.075723 5.585068 22.472376 
0.492149 5.048937 21.713649 
1.220664 4.525812 21.116378 
0.876226 3.835324 21.829664 
1.644026 4.280317 22.670145 
3.512673 1.266508 20.950165 
5.243760 -1.346658 22.802725 
4.573293 -1.227011 24.587377 
4.789436 0.592883 23.858600 
4.649645 1.300228 24.491208 
5.264397 0.999316 25.925178 
6.093290 -0.527841 25.815963 
6.943584 -1.268899 26.535557 
8.231387 -2.211534 26.081907 
8.381882 -1.224487 25.928662 
8.941568 -0.611112 26.316162 
9.706658 -0.149888 26.190628 
9.061123 0.611050 25.654053 
9.116669 0.974402 24.802035 
9.845787 1.204647 25.625185 
9.743979 1.825877 24.812418 
10.416018 1.466531 24.129363 
11.047346 2.004170 24.273689 
11.866335 2.730193 23.767998 
12.431989 3.588739 23.837423 
13.134364 3.588742 22.994919 
13.735452 2.979243 23.752791 
14.300421 3.692689 24.418129 
14.249346 4.284419 25.298125 
15.136938 4.400747 24.996847 
15.476361 3.469183 25.312255 
15.964822 2.578606 24.201765 
15.703312 1.749145 24.546529 
15.089667 2.050093 25.261792 
14.519016 1.845906 24.441400 
13.611655 2.506523 24.699251 
12.476453 2.607997 24.990441 
11.313335 2.467860 25.383333 
11.361349 3.229036 25.986001 
8.718371 5.336153 23.831218 
6.515552 6.106437 23.025770 
3.802366 6.510844 22.197406 
3.876360 6.025194 23.259897 
4.616545 5.254035 23.254022 
5.508002 5.410140 22.694994 
6.183467 5.158397 23.555873 
6.012549 4.266140 23.723163 
6.943055 4.188562 22.907409 
7.699629 3.320920 23.675236 
7.497823 2.403999 23.571684 
8.050435 2.913497 22.848644 
8.365365 2.213971 22.176152 
8.682940 1.797704 23.122004 
9.695259 1.707707 22.859432 
9.684794 0.683606 22.909167 
8.622833 0.958930 22.508500 
7.822413 0.225024 22.338528 
7.579698 -0.681241 22.240449 
8.203527 -1.213473 21.637473 
9.091557 -0.594681 21.949703 
8.150994 -4.841963 23.897685 
5.942442 -7.504646 23.505128 
4.951082 -7.866933 22.972710 
4.015702 -6.939548 21.646804 
4.060430 -6.368656 20.879424 
3.282479 -5.731223 22.974518 
1.704450 -6.291993 24.196275 
1.447980 -7.135252 23.532932 
0.905515 -6.868546 24.413300 
1.073078 -9.623171 23.306132 
