-11.780697 3.234411 27.292234 
-10.992163 3.903643 27.724092 
-10.200331 3.376107 27.891562 
-9.590456 3.958637 27.347074 
-9.000678 3.584907 28.057468 
-8.754483 4.528544 28.035594 
-9.690214 4.894960 27.820743 
-10.412915 4.621516 27.168890 
-9.546138 5.090651 26.830180 
-8.779877 4.368965 26.320939 
-8.009323 4.191052 27.003900 
-7.288060 4.065511 27.747842 
-6.531094 3.789984 27.190489 
-6.744251 3.341703 28.124308 
-7.646034 2.928235 28.156274 
-8.301338 2.207083 27.788476 
-8.883510 1.493742 27.165807 
-9.771961 1.101219 26.846163 
-10.029488 1.801799 26.240688 
-9.789323 2.257401 27.099330 
-9.089682 3.008137 27.157211 
-8.989346 2.497315 26.135079 
-8.481849 2.006576 25.385144 
-8.798466 0.980267 25.321816 
-9.626250 1.259383 24.901086 
-10.628463 1.594990 25.059006 
-11.026229 0.884935 24.524992 
-11.253644 0.367405 25.241740 
-11.154751 -0.271512 26.108243 
-10.252634 -0.275411 25.982093 
-10.267263 0.256851 26.953837 
-11.146993 0.376966 27.496404 
-11.686166 -0.246455 28.111142 
-11.522516 -0.951932 28.869504 
-11.714341 -0.525413 29.802356 
-11.028500 -1.006521 30.499819 
-11.661551 -1.732928 30.090464 
-10.764150 -2.091636 30.158872 
-9.993976 -1.339110 30.140183 
-9.161169 -1.116392 29.559431 
-8.534554 -1.459023 28.713922 
-8.865446 -2.454982 29.227489 
-9.328700 -2.846733 28.307841 
-10.196229 -2.777212 27.904575 
-10.661061 -3.098949 27.065622 
-10.940684 -3.992194 26.880049 
-9.988934 -4.256930 26.621870 
-10.156661 -3.426469 25.867754 
-10.375747 -2.472290 26.138608 
-9.346060 -2.620063 26.239504 
-9.019397 -3.121140 27.170939 
-8.133427 -2.903893 27.243102 
-7.753763 -3.248033 28.168078 
-6.938003 -2.728510 28.496478 
-6.798936 -3.396588 29.297369 
-6.562089 -3.935087 30.225763 
-6.930651 -4.871691 30.023728 
-7.791360 -5.440657 30.177295 
-7.765327 -4.938324 31.024399 
-8.326071 -5.002294 31.861811 
-7.580808 -5.001965 32.615251 
-7.151159 -5.822244 33.120935 
-6.519660 -5.858541 32.282078 
-7.564172 -5.996969 31.754948 
-7.822413 -6.484372 32.644115 
-7.676877 -7.077846 31.891965 
-6.662698 -7.376507 31.657525 
-6.093876 -6.792726 32.243188 
-5.919840 -6.714748 31.314167 
-6.635009 -6.041549 31.016235 
-6.393752 -6.088129 30.082460 
-6.315586 -6.076341 29.014300 
-5.495135 -5.839851 28.499739 
-5.964384 -4.970178 28.516032 
-2.073137 -3.222816 29.698870 
1.006039 -2.206099 30.994770 
1.991777 -2.056905 31.305353 
2.066028 -1.784594 30.244820 
2.228013 -2.073247 29.253028 
1.943249 -2.717460 28.516719 
1.876414 -3.789183 28.614992 
1.128898 -3.668624 29.223696 
0.345753 -4.455108 29.031617 
0.247662 -4.192063 30.316255 
-0.358467 -4.857497 29.815888 
-0.243157 -5.805287 29.440033 
0.124665 -6.003787 30.416803 
0.917719 -5.560286 31.081970 
2.914328 -3.211772 28.688992 
2.085488 0.474351 29.942451 
3.066588 0.525852 31.267034 
4.264503 0.488693 31.743816 
5.221584 0.389923 32.212785 
5.287833 1.059360 31.426656 
6.180295 0.430632 31.706779 
6.584993 1.207627 31.101118 
6.297958 1.447318 32.042721 
6.758653 1.175888 32.976676 
7.717025 1.269284 32.609712 
8.232375 1.087134 31.400250 
7.274555 -2.247977 33.147873 
5.267523 -3.004589 33.492904 
4.546763 -2.382297 32.630800 
6.949279 -3.984610 30.901957 
6.217766 -4.190109 31.647023 
6.587536 -4.877439 30.962822 
7.296988 -5.669443 30.933388 
9.339505 -4.474784 31.185236 
13.445299 -4.037914 29.101276 
14.432550 -3.545344 27.822600 
14.665404 -2.534656 26.019751 
14.334596 -1.948144 26.884975 
13.663605 -2.526171 26.315089 
13.102901 -3.237633 27.454639 
12.179489 -2.651098 28.493177 
14.028266 -1.878042 28.311959 
15.926921 -2.065053 29.999644 
16.083632 -2.918409 31.158752 
14.587363 -2.795031 31.276850 
11.593684 -4.946815 32.059527 
10.291140 -5.779272 33.468946 
10.087748 -4.754279 33.497475 
9.343659 -4.521337 32.905908 
8.929908 -5.558314 33.029819 
8.102471 -6.547706 33.367401 
7.906510 -7.376855 33.941125 
8.710061 -7.935446 33.709357 
7.931416 -8.586991 34.004306 
8.097790 -8.774765 32.968797 
6.512406 -8.912787 32.853554 
4.486657 -6.639275 31.690767 
2.713118 -3.996536 30.668641 
2.996500 -2.600850 30.078104 
3.767067 -0.918214 30.697879 
4.000688 -1.929125 31.998843 
3.148017 -2.788289 33.959407 
2.156990 -4.150804 34.472414 
1.930871 -2.534563 34.227978 
1.828825 -3.265030 33.319240 
1.427249 -4.155349 33.372213 
1.378320 -5.417746 33.764478 
2.195832 -5.618824 32.641601 
2.289909 -4.544685 32.577476 
1.353829 -4.183949 32.442471 
0.744356 -4.660566 31.748536 
1.114496 -5.521025 32.113928 
1.223735 -6.519857 31.857857 
1.927718 -7.521496 32.278236 
2.231491 -8.751026 32.876594 
3.286822 -9.059083 32.720318 
3.089592 -10.056860 32.500223 
2.188086 -10.713993 32.446291 
1.566431 -10.225165 33.107486 
1.266365 -9.234057 32.812919 
0.857064 -8.533881 33.502235 
1.304809 -8.915436 34.254956 
2.101359 -8.436701 33.899902 
2.164702 -7.418185 34.162291 
3.066266 -7.839122 33.923852 
2.867107 -7.386108 32.865310 
2.764960 -6.373898 33.231339 
3.117566 -5.407457 33.383804 
4.292988 -5.330313 33.303126 
4.357518 -5.041555 34.246176 
7.576468 -4.094993 33.484005 
9.570172 0.279401 32.603414 
10.381916 2.686266 31.433229 
10.344176 2.210591 32.420791 
10.827182 1.664496 31.734506 
11.565522 2.061483 32.430324 
12.658144 2.000290 32.513131 
13.663932 2.085256 32.397838 
14.977743 1.720887 31.792420 
15.697889 2.039103 31.076520 
16.299462 1.513968 30.341975 
15.768488 1.659338 29.581154 
15.867895 2.707900 29.179173 
16.077199 3.022987 28.240250 
15.797759 1.984017 28.399808 
15.816300 0.495975 28.078389 
15.137181 0.171036 28.506445 
14.143197 -0.054980 28.731522 
13.612067 -0.406599 29.551664 
13.211171 -0.945358 30.382007 
12.693408 -1.191753 31.114833 
11.198148 -0.104679 30.402932 
10.703113 -1.675626 29.871917 
10.069648 -2.490882 29.366804 
11.204047 -2.452074 28.174318 
11.216342 -2.512739 29.134779 
10.485665 -4.319919 28.950355 
9.774961 -5.834442 29.478414 
9.492108 -6.203300 30.392877 
10.260437 -6.070795 31.041285 
6.892879 -7.881257 30.744269 
