18.903519 -22.916442 13.078452 
19.668522 -23.242853 12.484612 
20.350379 -23.375495 13.205232 
19.379897 -23.743245 13.427266 
19.464221 -24.565520 14.082321 
18.623930 -23.892935 14.187930 
17.601353 -24.186243 14.183197 
16.656484 -24.599233 14.328124 
16.006530 -25.203597 14.074785 
15.228116 -25.603397 14.626808 
15.540895 -26.576008 14.938733 
16.227153 -25.892240 15.031957 
16.462204 -26.274965 14.018325 
16.856872 -26.956408 14.814005 
17.976441 -27.163235 14.638049 
18.888809 -27.046578 14.709982 
19.139837 -27.049823 15.684362 
18.998033 -25.998028 15.584807 
17.935446 -26.362684 15.658378 
17.149973 -25.864456 16.061165 
17.367985 -25.087749 15.483279 
18.327910 -25.271686 15.130384 
17.995874 -25.635650 14.189733 
18.156079 -25.672985 13.316323 
18.366435 -24.759760 13.542475 
18.012003 -23.617403 13.422657 
17.350129 -24.282028 13.092046 
17.886932 -24.140246 12.191636 
18.264757 -25.095754 11.704133 
18.065866 -24.188775 11.142481 
19.030130 -24.183547 11.670510 
19.331794 -23.838167 10.741058 
20.250738 -23.443001 10.998047 
20.832866 -22.760647 11.531978 
21.124326 -21.780146 11.220672 
20.267850 -21.543217 10.657919 
20.922998 -22.469302 10.533771 
21.456750 -23.372239 10.678885 
21.253005 -24.311227 11.037090 
21.521487 -24.872194 10.156153 
21.487362 -25.441819 11.033275 
22.158710 -25.127489 11.840924 
21.095398 -24.953382 11.893567 
20.416492 -24.454918 12.512221 
19.410928 -24.775888 12.912094 
20.006990 -25.644698 13.196709 
19.706565 -26.170865 12.285431 
19.883667 -26.143129 11.323295 
19.557681 -25.951789 10.398744 
18.865359 -25.254241 10.129415 
19.248086 -25.300236 11.056101 
18.549422 -26.068553 11.129994 
18.210145 -26.590791 10.213086 
17.488352 -26.530157 10.984563 
16.655672 -27.028911 10.719523 
16.761193 -26.994570 11.695906 
16.303617 -28.016209 11.831383 
15.507734 -27.729262 11.135430 
15.565584 -27.425027 12.033725 
15.933833 -26.565172 12.496458 
16.754973 -25.983885 12.499134 
16.678296 -25.987234 11.477753 
16.623716 -24.974697 11.741187 
16.085996 -24.653475 11.003493 
15.452212 -24.599331 10.062856 
15.986728 -24.850766 9.226399 
16.110620 -23.917949 9.019139 
15.667348 -24.596326 8.341666 
16.104211 -25.385681 7.724520 
16.301115 -26.306602 7.083023 
16.967170 -27.008611 7.153723 
17.163396 -28.115870 7.065326 
16.399655 -28.768195 6.881385 
15.500935 -28.348504 7.174085 
16.110925 -25.241338 8.983676 
17.486620 -23.332897 6.789885 
17.349142 -23.866956 7.678307 
17.702954 -23.847051 8.691813 
18.080932 -24.583337 9.500615 
17.835395 -24.996114 10.493819 
17.625120 -25.859597 10.000604 
17.627310 -25.343086 9.092525 
18.146365 -25.369118 8.109353 
17.446396 -26.082323 7.489124 
17.653261 -26.235869 6.058119 
16.763897 -26.160238 5.616504 
16.869461 -25.013897 5.281947 
16.928433 -25.858873 4.629187 
16.480670 -26.507019 2.266490 
13.585444 -29.399022 0.175231 
11.572827 -29.791837 -0.337449 
12.161284 -30.710326 -0.250922 
11.608827 -30.705966 0.687267 
10.951284 -30.934534 1.400299 
11.516221 -30.034515 1.540907 
12.293658 -29.755784 1.043885 
12.069798 -28.796954 1.440454 
12.543781 -28.851345 0.503301 
12.974674 -28.326541 -0.252393 
11.652268 -30.976698 1.928023 
9.651586 -29.409657 1.860103 
10.848818 -31.216975 0.135278 
14.438998 -28.307845 -2.147307 
18.905904 -26.791311 -2.710795 
18.686968 -26.331941 -3.648212 
18.113045 -25.766578 -2.999589 
19.081411 -25.267028 -2.478122 
20.328934 -25.565479 -4.859179 
22.013004 -24.496290 -8.021409 
22.566239 -23.304160 -8.831264 
22.669803 -22.078283 -10.179979 
22.075313 -21.766707 -11.350074 
21.040115 -21.794058 -11.619509 
21.784861 -20.775927 -11.524914 
22.550525 -21.194304 -12.572558 
23.776770 -20.801628 -11.355077 
24.771723 -21.721354 -9.821797 
26.828331 -21.159359 -10.444285 
25.527084 -20.372498 -10.669690 
25.296033 -19.178267 -9.196868 
24.921623 -20.681174 -9.557143 
24.558422 -20.294395 -8.674751 
24.311328 -20.126497 -7.678547 
23.150872 -20.788366 -7.439612 
22.618435 -21.888801 -6.537106 
22.856165 -22.728619 -6.102133 
23.809461 -22.672220 -6.553829 
23.834772 -23.742379 -6.739427 
22.953680 -23.851175 -6.340359 
21.681829 -23.472193 -6.626329 
19.183182 -23.945888 -5.477433 
17.714098 -21.842884 -6.400965 
17.659050 -19.502112 -5.222614 
16.688994 -18.900613 -4.076507 
17.599663 -18.879881 -4.112508 
17.568994 -17.464277 -4.273561 
18.612651 -16.981234 -3.551934 
19.146117 -17.628162 -2.505693 
20.369936 -18.558359 -1.909909 
20.255576 -18.333605 -0.827138 
19.413989 -18.583768 0.021734 
19.156552 -19.144863 1.368792 
18.329144 -18.582332 0.909391 
17.402223 -18.255335 1.225012 
18.188099 -18.070088 1.821269 
18.176181 -17.550726 2.730914 
17.664203 -16.727452 3.268338 
18.543142 -16.142996 3.107067 
19.113593 -17.278464 2.204464 
19.069108 -17.452919 1.038323 
18.543045 -16.769003 0.482318 
18.046528 -17.576292 0.415261 
17.384049 -18.306593 0.105889 
18.342762 -18.532517 -0.393273 
17.851554 -18.953985 -1.217541 
17.538136 -19.644561 -1.889283 
16.934358 -20.572005 -1.780226 
17.839429 -20.976665 -1.365450 
18.476547 -20.239668 -1.084619 
18.789966 -20.315533 -0.202092 
19.474400 -19.687906 -0.351529 
20.619305 -19.630184 -1.429550 
20.739692 -20.785647 -2.134130 
21.506331 -20.545056 -3.405072 
22.135399 -16.977581 -4.499729 
21.876032 -19.002370 -5.285063 
20.037343 -19.643782 -5.937378 
20.014470 -18.607505 -6.101120 
19.743803 -18.952025 -7.058192 
20.143446 -18.018597 -7.352539 
20.698377 -18.842139 -7.506774 
21.359057 -19.375681 -8.070838 
22.446170 -19.816021 -7.410979 
23.104922 -18.969963 -8.019315 
23.074222 -19.659655 -8.660150 
23.198970 -19.127975 -9.489962 
22.161062 -19.351607 -10.024581 
21.361565 -20.040470 -10.202129 
22.060078 -20.758745 -9.837933 
22.796942 -21.326967 -9.422932 
21.913035 -21.789509 -8.233475 
21.971246 -20.837843 -8.345327 
21.615332 -20.939189 -7.265394 
20.980670 -21.039715 -6.382602 
21.683219 -20.229776 -6.453908 
22.960581 -21.678787 -3.701950 
25.376859 -22.734239 -2.385350 
26.222160 -22.235424 -1.431492 
27.136266 -21.884588 -0.463137 
27.383103 -21.459281 0.406515 
26.468442 -20.414705 0.986717 
25.123609 -20.370759 -0.964224 
25.032817 -19.984339 -2.079314 
25.155925 -20.483598 -2.982484 
24.121055 -20.550634 -4.311004 
