26.828331 -21.159359 -10.444285 
25.886735 -21.036452 -10.630847 
25.674119 -20.102843 -10.289695 
25.020398 -19.978198 -11.088529 
24.361719 -19.288156 -10.891767 
24.693144 -18.651046 -10.209566 
25.503596 -18.225356 -9.597249 
25.420676 -18.345874 -8.540541 
25.010479 -19.245537 -8.665635 
25.738131 -19.378168 -7.981104 
25.912199 -19.662406 -9.021364 
25.728323 -20.629594 -8.667718 
24.921623 -20.681174 -9.557143 
24.558422 -20.294395 -8.674751 
24.311328 -20.126497 -7.678547 
23.521924 -20.807353 -7.833344 
22.779820 -20.769379 -7.045881 
22.618435 -21.888801 -6.537106 
22.856165 -22.728619 -6.102133 
23.809461 -22.672220 -6.553829 
23.834772 -23.742379 -6.739427 
22.953680 -23.851175 -6.340359 
22.074781 -23.851016 -6.762496 
21.288877 -23.093370 -6.490162 
20.353271 -23.142720 -6.098051 
19.282800 -23.393173 -6.271563 
18.428374 -23.160379 -5.554987 
18.470473 -22.597508 -4.725076 
18.203247 -23.444189 -4.103304 
18.169138 -24.385233 -3.925545 
18.137052 -24.386285 -2.891949 
19.026784 -24.073068 -3.236822 
19.991458 -24.231809 -3.712983 
20.026990 -24.195339 -4.666879 
20.486468 -24.748867 -5.446629 
20.060596 -24.250206 -6.278614 
19.163029 -24.924785 -6.359306 
18.446611 -24.301467 -6.885044 
18.412220 -24.392187 -8.000248 
19.338379 -23.896393 -7.798996 
20.117204 -23.556488 -7.160366 
19.428339 -22.825559 -7.604262 
18.456795 -23.142951 -7.802605 
17.523286 -22.945137 -7.517160 
17.701317 -22.216685 -8.228550 
17.842221 -21.307865 -7.764550 
17.597178 -21.206333 -6.770941 
17.399602 -22.221230 -6.736308 
17.461199 -22.532480 -5.694763 
17.290043 -21.524768 -5.570668 
17.386734 -21.346173 -4.502595 
16.758258 -20.624448 -4.113172 
17.724204 -20.220978 -4.506001 
17.659050 -19.502112 -5.222614 
17.203080 -18.596777 -5.187641 
16.386787 -18.109776 -4.629123 
16.184174 -19.148677 -4.613347 
16.098397 -18.730406 -3.701575 
16.624910 -19.317973 -2.950991 
17.636614 -19.500068 -3.376365 
17.599663 -18.879881 -4.112508 
17.998716 -18.016449 -4.484034 
17.221291 -17.532282 -4.829577 
17.395199 -16.772216 -4.188125 
17.660768 -17.536159 -3.592508 
18.612651 -16.981234 -3.551934 
19.420332 -17.164360 -2.974233 
18.660606 -17.492226 -2.349675 
19.357412 -18.227900 -2.193170 
20.369936 -18.558359 -1.909909 
20.255576 -18.333605 -0.827138 
19.346869 -18.356257 -0.398301 
19.481109 -18.811280 0.441769 
19.156552 -19.144863 1.368792 
18.228341 -17.595836 1.343179 
18.052465 -19.644469 -2.017119 
17.023807 -19.644653 -1.761446 
16.934358 -20.572005 -1.780226 
17.839429 -20.976665 -1.365450 
18.476547 -20.239668 -1.084619 
18.789966 -20.315533 -0.202092 
19.474400 -19.687906 -0.351529 
20.298713 -19.409757 -1.049245 
20.839794 -20.318129 -1.971992 
21.287950 -20.679430 -2.943399 
21.724712 -20.410681 -3.866744 
20.907455 -19.885095 -3.420149 
21.290737 -18.895421 -3.592266 
22.173713 -16.830479 -4.789643 
22.428892 -19.472070 -5.411912 
21.149365 -19.717189 -5.173486 
20.037343 -19.643782 -5.937378 
20.014470 -18.607505 -6.101120 
19.743803 -18.952025 -7.058192 
20.143446 -18.018597 -7.352539 
20.698377 -18.842139 -7.506774 
21.359057 -19.375681 -8.070838 
21.911629 -19.978849 -7.465687 
22.980711 -19.653193 -7.356272 
22.159775 -20.512364 -8.181837 
23.209775 -21.797731 -3.306060 
25.376859 -22.734239 -2.385350 
25.437714 -20.441147 -1.927325 
23.266424 -21.961655 -4.446048 
23.363352 -22.864362 -3.893747 
24.158515 -22.846764 -4.452254 
23.424252 -22.908684 -5.232674 
24.001287 -23.945079 -4.461707 
26.215172 -22.839439 -8.100751 
25.265600 -22.321794 -8.440855 
24.011680 -22.874271 -7.939698 
24.016872 -24.370505 -7.621750 
24.155607 -25.401050 -7.495602 
23.395910 -25.155085 -6.481048 
23.333897 -25.557898 -5.019969 
21.851124 -26.167263 -5.180627 
20.217197 -27.218140 -5.092573 
19.358295 -28.230263 -3.992396 
19.324896 -27.807356 -2.357026 
18.808726 -27.713877 0.719579 
17.482956 -27.262626 0.053764 
16.649132 -26.862956 0.444312 
16.415433 -25.871447 0.231940 
17.006312 -25.140468 0.289051 
17.813794 -25.529827 0.747610 
18.435424 -25.407490 1.432736 
19.270997 -24.761970 1.430072 
19.367810 -25.059503 0.436240 
19.677426 -25.697306 -0.434553 
19.601942 -26.743261 -0.689264 
21.113392 -25.557968 3.221827 
24.694016 -23.228077 2.596884 
25.263581 -24.222861 2.987263 
23.852786 -23.505290 4.675395 
22.736942 -24.568524 6.047309 
22.924893 -26.089271 5.079766 
21.860002 -26.855483 4.770319 
22.290329 -26.232038 3.004582 
21.846288 -25.469757 1.869784 
21.450082 -25.132510 0.993341 
21.056756 -25.412370 0.262120 
22.290656 -24.756550 -0.152814 
22.314710 -25.642236 0.476524 
23.029702 -25.632637 -0.292064 
21.986332 -26.062987 -0.427865 
22.118822 -25.737869 -1.476165 
22.903847 -25.167306 -1.295794 
23.005493 -26.403176 -1.988398 
22.043073 -26.726999 -1.556362 
21.603458 -26.283875 -2.376267 
20.747496 -26.531514 -1.943646 
20.602223 -27.234820 -2.775117 
21.259188 -28.046377 -2.872036 
21.888933 -27.433471 -2.479381 
21.641003 -28.082063 -1.741746 
20.553978 -28.089942 -1.518062 
19.983408 -28.559071 -1.081317 
19.075522 -28.962935 -1.129787 
18.358763 -28.300127 -1.646511 
17.367685 -28.047176 -1.849882 
17.919223 -27.606244 -2.592040 
17.953088 -28.788802 -3.092821 
17.943712 -29.522422 -3.920682 
16.705063 -29.283448 -4.466241 
14.515899 -31.261923 -4.914623 
13.268620 -29.967949 -4.691028 
12.748074 -31.167637 -3.656708 
11.856541 -31.181297 -3.327682 
10.816184 -31.505985 -3.275100 
10.616638 -32.501474 -2.877198 
9.712326 -32.417285 -2.220390 
9.000928 -33.016129 -1.834952 
10.109206 -33.400220 -1.061941 
10.982045 -33.095465 -0.929079 
11.324182 -32.680169 -1.856053 
10.531931 -32.180360 -1.537481 
11.181900 -31.663323 -0.914566 
11.382375 -32.130918 0.044036 
11.086779 -32.411863 1.001704 
12.341138 -32.683231 1.117863 
13.299433 -32.210362 -0.025652 
12.454769 -31.690729 -0.442947 
12.543393 -31.518037 0.584842 
13.378906 -30.910859 0.600190 
13.777862 -30.177455 1.104331 
15.040735 -30.210714 3.223776 
14.349030 -30.558376 5.701090 
13.941502 -31.535142 5.126375 
13.824973 -30.456916 4.518298 
14.006541 -30.697533 3.576765 
11.645313 -31.960141 3.641128 
9.762684 -31.802720 4.617088 
10.748754 -31.650906 4.898173 
11.760415 -31.614474 4.529475 
11.177220 -30.933073 6.582953 
