18.193670 -5.564087 -25.238416 
18.950605 -6.193184 -25.336257 
18.887839 -6.010953 -24.348967 
18.047987 -6.423112 -23.718289 
17.582240 -5.787184 -24.370661 
18.033664 -4.921925 -24.500270 
18.438276 -4.047594 -24.778416 
18.439340 -3.526895 -25.719604 
17.740729 -2.711607 -25.556833 
17.211721 -3.330612 -26.176872 
16.283503 -3.161553 -26.578651 
15.777961 -2.500301 -25.970360 
15.512357 -2.669550 -26.962726 
16.434441 -2.313341 -27.263236 
17.269813 -1.884444 -27.616535 
17.238464 -0.779257 -27.451179 
18.002003 -0.993809 -28.337877 
18.543947 -1.900215 -28.407980 
18.898687 -1.626879 -29.347591 
17.890099 -1.813320 -29.505599 
17.351881 -1.046068 -29.521142 
17.486415 -0.245908 -28.795701 
18.422909 0.077702 -28.955442 
19.435114 -0.234892 -28.965178 
18.990984 -0.114624 -27.941439 
19.953066 -0.116828 -27.644548 
19.614745 -0.069842 -26.651640 
19.899040 -0.990443 -27.108654 
19.937294 -1.662927 -28.015351 
20.713069 -2.291264 -27.632165 
20.403353 -3.051580 -27.083901 
20.516101 -3.652528 -27.968146 
21.434193 -3.855075 -27.678990 
20.829126 -4.128505 -26.897271 
19.795370 -4.133079 -26.600552 
19.791734 -3.293614 -26.106428 
19.591202 -2.624664 -25.416071 
19.529940 -3.402133 -24.882614 
19.200900 -2.808804 -23.964606 
20.208501 -2.568992 -24.141433 
20.480056 -1.789567 -23.444023 
21.473988 -1.646674 -23.706681 
22.149687 -2.460907 -23.606049 
21.102954 -2.670922 -23.524424 
20.966255 -2.715753 -22.621358 
19.967063 -3.161746 -22.622502 
19.108060 -3.417071 -22.155804 
18.953536 -3.395700 -23.117870 
18.112850 -2.726178 -23.263899 
17.959474 -2.613957 -24.269222 
18.230638 -1.951733 -25.013438 
18.645594 -2.129055 -26.003246 
19.321499 -2.340925 -26.802784 
18.455207 -2.135405 -27.442175 
18.323552 -3.172316 -27.249796 
18.232747 -4.131069 -26.601597 
18.277782 -5.079542 -26.200207 
18.343309 -5.298424 -27.167377 
17.817836 -6.139907 -27.179052 
17.200926 -6.511904 -26.440765 
16.290435 -6.654891 -26.923131 
15.634117 -7.149312 -26.238754 
15.845597 -8.137454 -26.544074 
16.826968 -7.591234 -26.461688 
17.145217 -7.950937 -27.367531 
16.706270 -8.670483 -26.789061 
16.080440 -9.149916 -26.011755 
16.707791 -8.491473 -25.807053 
17.109021 -7.706491 -25.323855 
17.694422 -7.546061 -24.521529 
16.952284 -7.545385 -23.836733 
17.720627 -7.492700 -23.166454 
18.776753 -7.822777 -23.172208 
19.290189 -7.846634 -23.968730 
19.868586 -9.844521 -25.142836 
20.215661 -11.170711 -23.718470 
19.472731 -11.618376 -24.205075 
19.462455 -12.658653 -23.892283 
19.573713 -12.579540 -24.886663 
20.214255 -13.171055 -24.406641 
19.693538 -14.026162 -24.682878 
19.401074 -14.154532 -23.679209 
19.518059 -15.025500 -24.232059 
20.018146 -15.466658 -23.023789 
19.681837 -16.419532 -23.317877 
19.058632 -17.171710 -23.579995 
18.603895 -16.856809 -24.356809 
18.506736 -15.799237 -24.203470 
19.480283 -14.615325 -22.271391 
21.655957 -11.596174 -24.392298 
21.157740 -10.568449 -23.096112 
21.204680 -10.246711 -21.866370 
21.852478 -9.502547 -21.925483 
21.779726 -8.582742 -21.243140 
21.538766 -8.297955 -22.226979 
21.538630 -7.571422 -23.068970 
21.357764 -8.380507 -23.492567 
21.227464 -9.023186 -24.316370 
21.670045 -8.617746 -25.281066 
19.611773 -6.617526 -27.737206 
18.804276 -6.355015 -26.773037 
18.956988 -7.556778 -26.547359 
21.999985 -9.648441 -22.479416 
19.783427 -7.755404 -21.296858 
20.340384 -7.520426 -22.130677 
19.485800 -7.207530 -22.470218 
18.791027 -6.547500 -23.032614 
22.055247 -7.078989 -22.351652 
22.971198 -4.792221 -23.617339 
22.085031 -4.569266 -23.363139 
21.406878 -5.821924 -22.827163 
20.045341 -6.241146 -23.017417 
20.023455 -7.375731 -23.422664 
19.957175 -8.383204 -23.837564 
19.501349 -9.055790 -24.459103 
17.867876 -9.069233 -24.792394 
17.662274 -9.954546 -27.210594 
16.705805 -9.404722 -27.488960 
15.673292 -9.245760 -27.994107 
15.553142 -9.910225 -25.004132 
16.969253 -10.645643 -26.471258 
16.532917 -11.417870 -26.053931 
17.206779 -11.884908 -25.423043 
17.073529 -11.969144 -26.791710 
18.082097 -11.550597 -27.512147 
18.195527 -11.141397 -26.536940 
18.184501 -11.569134 -25.580298 
19.019930 -11.809362 -26.335969 
18.348500 -12.348489 -26.728586 
18.470007 -13.520870 -25.807059 
20.090267 -12.681066 -22.463484 
21.009285 -12.984888 -19.691658 
19.545298 -12.845954 -18.835738 
20.449963 -14.463389 -20.398637 
19.332771 -14.548238 -19.956364 
19.889099 -15.796650 -18.511515 
21.095622 -17.015937 -18.305026 
21.347078 -18.290612 -18.224766 
22.601925 -17.935517 -17.546703 
22.279744 -18.100930 -16.629386 
22.497926 -17.355807 -15.716422 
23.107960 -16.387489 -15.061735 
23.172426 -16.783832 -14.091996 
23.396645 -17.771119 -14.438093 
24.343128 -17.763344 -14.632842 
23.887954 -17.636529 -15.620560 
24.271438 -16.724548 -15.918470 
23.492555 -15.446767 -16.320709 
22.462776 -15.033958 -17.434755 
21.591246 -14.686212 -16.720548 
20.835618 -15.316058 -17.209273 
21.300637 -16.211650 -16.836092 
21.842768 -17.007634 -16.443766 
21.385301 -17.361611 -17.219493 
20.571046 -17.898204 -17.290961 
21.490561 -18.857361 -16.468992 
22.628996 -19.482284 -16.663349 
22.377406 -19.523929 -17.613602 
22.180638 -19.373330 -18.592597 
21.560688 -20.201958 -19.105474 
21.162349 -19.994935 -20.092376 
20.250836 -20.060641 -21.219794 
19.569264 -19.353654 -21.716300 
19.730059 -18.071077 -22.051631 
15.648902 -18.761356 -23.193657 
13.030896 -21.693961 -24.285478 
14.603739 -20.553638 -23.536548 
15.471344 -19.861420 -23.241552 
15.506806 -19.730462 -24.260907 
16.428428 -19.621781 -23.787802 
16.667674 -19.904099 -22.902428 
17.434892 -19.315131 -23.318471 
18.026431 -19.330388 -22.300992 
18.086335 -20.236468 -21.291236 
18.696628 -20.576774 -20.559848 
18.962338 -21.557238 -20.699133 
19.920070 -21.990590 -20.655051 
19.816489 -22.136634 -19.550406 
19.607021 -21.170496 -19.289767 
20.371501 -20.243597 -18.432081 
19.577993 -19.553870 -18.850081 
20.097277 -19.273887 -19.756706 
21.005626 -18.954629 -20.369247 
21.760396 -18.391142 -19.983047 
21.604742 -17.405034 -19.965969 
18.546876 -15.910346 -19.646382 
19.129395 -16.127148 -19.541162 
19.403105 -17.379948 -18.904789 
19.952389 -18.318707 -18.979242 
19.112991 -18.171180 -19.466861 
18.348756 -18.088785 -20.648226 
17.276560 -19.142621 -20.437898 
16.951034 -20.037596 -20.543340 
17.044409 -20.223522 -21.562537 
14.804475 -22.119028 -21.394974 
