10.663011 -29.689529 4.176197 
10.050742 -29.963019 4.961909 
10.808641 -29.484896 5.404427 
10.988824 -29.359238 6.350535 
10.786429 -28.654227 7.223297 
10.982333 -29.010144 8.194202 
11.551738 -29.386190 9.025391 
12.214318 -29.277317 9.904478 
11.932648 -29.954449 10.537110 
11.788210 -30.232604 11.587196 
11.139591 -31.089641 11.396111 
10.583543 -30.554451 12.076049 
10.060437 -30.400869 12.875661 
10.027188 -29.596819 13.632987 
10.088379 -30.543175 14.107764 
11.124233 -30.265768 14.373542 
11.657694 -29.912941 13.553877 
12.701653 -29.480790 13.591172 
12.842439 -28.604129 13.162013 
13.516454 -28.432770 12.244057 
14.005795 -29.047706 11.655148 
14.531438 -29.082537 10.630913 
13.527067 -29.296274 10.471267 
12.980526 -28.529322 10.818041 
12.636844 -29.301397 11.297804 
11.835559 -29.329712 12.079356 
10.826518 -29.578271 12.086820 
10.095693 -29.071457 11.405640 
10.410841 -28.380896 12.288251 
9.362046 -28.666246 12.227981 
8.779382 -29.362274 11.722944 
9.478348 -30.166791 11.798499 
10.055616 -30.515506 10.847539 
10.116644 -29.731707 10.131207 
10.921573 -30.363092 9.884733 
10.773474 -30.770775 8.860603 
11.280787 -31.513462 9.469924 
12.263138 -31.360651 9.538605 
13.095037 -30.909886 8.951358 
14.003599 -30.532432 8.680515 
13.317532 -29.942853 8.965036 
14.035239 -29.147081 8.595443 
13.293044 -28.976663 9.276467 
14.157742 -28.590984 9.602107 
14.406520 -27.589317 9.770204 
13.800746 -27.663026 10.697425 
13.785203 -27.029252 11.480361 
13.336337 -26.950873 12.405018 
13.788616 -25.815340 12.494510 
13.716151 -25.603355 13.521309 
14.153619 -25.967865 14.357269 
14.288767 -24.913262 14.106996 
14.876041 -24.673072 14.982455 
14.973031 -25.202816 15.845909 
15.919253 -25.489719 16.052410 
16.830672 -24.949794 16.388680 
16.620483 -24.017899 16.053505 
17.531373 -23.847971 16.603167 
17.082163 -23.024375 17.086501 
17.249856 -22.957237 15.967804 
17.996451 -23.624506 15.741361 
18.246880 -22.683804 15.613681 
17.584241 -21.957578 16.071804 
18.184302 -21.189454 15.647444 
18.925898 -20.992063 14.908310 
19.128388 -20.296359 15.731627 
19.536868 -21.043124 16.173313 
18.557571 -21.064433 16.649257 
19.195938 -20.937127 17.446167 
19.947836 -20.137229 17.386564 
20.629449 -19.909733 17.973082 
20.907543 -19.245867 17.373655 
20.135149 -19.008147 16.732397 
20.210765 -17.937910 16.495600 
20.252936 -17.570898 15.937891 
18.315729 -20.822993 14.051689 
17.415721 -20.880039 13.617427 
17.151921 -20.973913 12.648321 
16.368294 -21.365469 13.309594 
16.387919 -21.384009 14.307642 
16.450849 -21.610915 15.323081 
15.359485 -21.568499 15.569826 
14.452207 -21.620003 16.071244 
14.802989 -20.569767 15.563292 
16.236217 -20.134841 15.711567 
16.927566 -20.316965 16.477001 
16.381282 -21.157586 16.263589 
16.501109 -22.131693 16.811431 
15.405299 -23.164923 14.954267 
17.278912 -20.471121 15.245696 
16.963556 -18.750930 15.740926 
15.703309 -18.988183 16.695193 
15.860906 -19.988799 16.838751 
15.621151 -20.102748 17.796374 
16.578036 -19.949141 18.073223 
17.508015 -20.314964 18.421180 
17.441104 -20.224987 17.343728 
17.088950 -19.271227 17.056188 
17.710133 -19.371068 17.811909 
18.859720 -18.303836 17.442651 
18.438779 -19.170057 12.693476 
19.738779 -20.641131 9.705624 
19.091207 -17.506604 11.248649 
17.490206 -19.682866 11.022582 
16.422810 -19.879891 10.709385 
16.516999 -19.669436 9.664412 
17.270797 -20.086972 9.031668 
15.779221 -20.970025 6.666085 
16.188540 -20.134691 4.556373 
15.389599 -19.282789 5.951395 
14.516471 -18.584925 7.676351 
14.510074 -18.446306 8.904598 
14.499097 -17.541885 9.258679 
15.864257 -17.987909 9.562755 
17.222796 -17.723347 9.645780 
17.636224 -16.822481 10.567413 
18.445250 -18.249108 10.264916 
19.744396 -17.574155 9.913784 
19.375644 -15.919359 9.845967 
19.931399 -16.231056 11.601521 
20.367510 -18.024917 13.259110 
19.599843 -18.471609 12.624368 
19.152030 -19.431925 12.365939 
19.420077 -20.447336 12.813465 
20.104233 -20.917765 12.467205 
20.590295 -19.984950 12.543236 
20.707209 -19.661963 11.582378 
20.409172 -20.704369 11.215150 
20.925695 -20.094140 10.535510 
20.200756 -18.883792 9.869477 
19.737119 -17.063023 5.531536 
18.335620 -12.653929 4.820269 
18.334461 -14.886564 2.427060 
16.632115 -13.992908 2.650292 
16.718211 -13.490025 0.972119 
17.326316 -14.816688 -0.530878 
18.079837 -14.900879 -2.353825 
18.349147 -16.101822 -2.514520 
18.897559 -15.399459 -1.525751 
18.797490 -16.163029 -0.728670 
17.890661 -16.839258 -0.717872 
18.545030 -17.950295 -1.361935 
17.982661 -18.244682 -2.137472 
17.241404 -18.396777 -2.901460 
16.634612 -17.531941 -2.996270 
17.009624 -16.510148 -2.845483 
16.011875 -16.779357 -2.730036 
15.611961 -16.126230 -3.244604 
15.370621 -17.538005 -3.199693 
14.635172 -17.950245 -3.735043 
14.015332 -17.582487 -4.498253 
13.103886 -17.497772 -3.887499 
13.679949 -18.283044 -3.603601 
13.114351 -19.067910 -3.569227 
14.008809 -19.317081 -3.109003 
14.353769 -19.867410 -4.066904 
13.767587 -20.438097 -4.471445 
13.239168 -19.582907 -4.857075 
12.672954 -20.376581 -5.168747 
12.897676 -21.436384 -4.860070 
12.295410 -22.090956 -4.313217 
12.722936 -22.825021 -3.808534 
11.380757 -22.749504 -2.929132 
11.661610 -23.639634 -2.563903 
14.536389 -24.642868 -3.256548 
13.700448 -26.234001 -1.656678 
13.163343 -24.412458 -1.225580 
12.732240 -24.377966 -0.195392 
13.577769 -23.910609 -0.345662 
13.892766 -22.821307 -0.631293 
14.003607 -23.565069 -1.382568 
14.995532 -23.616021 -1.521368 
15.685619 -23.779915 -0.273633 
16.272929 -24.653869 -0.731119 
17.048667 -23.996921 -0.589848 
17.265377 -24.177468 0.405882 
18.132054 -24.530738 0.976627 
18.228072 -23.882632 0.094766 
17.660018 -23.130889 -0.273855 
18.331541 -22.502247 -0.497226 
17.314641 -21.878146 -0.794806 
16.545984 -21.913042 -1.513055 
16.594117 -21.290396 -2.439698 
15.573898 -21.025697 -2.368363 
15.910492 -20.442496 -3.227449 
14.937095 -18.765652 -6.283280 
16.236095 -18.356873 -8.904901 
14.945260 -17.988558 -9.886875 
13.919098 -17.344341 -10.903605 
13.234202 -16.525798 -10.758226 
12.300930 -18.520221 -11.749577 
13.137204 -19.495115 -12.794389 
13.038219 -18.907313 -13.655807 
12.861854 -17.955743 -13.442727 
14.812890 -14.955732 -13.917597 
