-17.539399 -20.266415 18.115761 
-17.023402 -21.030454 18.294683 
-17.098145 -21.762335 18.999058 
-17.721642 -22.204581 18.318925 
-17.971650 -22.199462 19.279067 
-17.560733 -23.009709 19.761418 
-16.996052 -22.264589 20.222905 
-17.904356 -21.712820 20.154268 
-17.060566 -21.124556 19.981632 
-17.117218 -20.157072 20.186149 
-17.935897 -19.395937 20.143515 
-18.548014 -19.312691 19.448506 
-19.164034 -18.616147 19.151550 
-19.337978 -17.725526 19.734422 
-18.752758 -18.140093 20.501931 
-19.535195 -17.471189 20.915554 
-19.477047 -17.834540 21.915795 
-19.559106 -17.142982 22.603104 
-19.787346 -16.241776 22.798520 
-20.689593 -16.216777 22.270484 
-21.680148 -15.911401 22.349046 
-21.965390 -16.255447 21.415517 
-22.576767 -15.437972 21.347949 
-22.936611 -15.331785 20.489650 
-23.389827 -15.894107 19.645665 
-23.265731 -16.475512 18.843686 
-24.223094 -16.738373 18.537263 
-23.688886 -16.012396 18.022918 
-24.436061 -15.637338 17.523339 
-24.557747 -15.150982 18.412505 
-24.699128 -14.468868 19.086255 
-24.757395 -14.001350 20.036936 
-25.512814 -14.478398 19.651589 
-25.780864 -14.325192 18.577145 
-25.489245 -14.713110 17.598213 
-26.108786 -13.849677 17.673364 
-25.571296 -13.368629 16.874585 
-26.514955 -13.719665 16.538510 
-27.349802 -13.837166 15.991013 
-27.463323 -13.232882 15.145055 
-28.010792 -13.124511 14.349480 
-27.874236 -14.184519 14.523934 
-27.263032 -14.915136 14.963778 
-27.645854 -15.062853 14.015507 
-27.613845 -15.257626 13.009724 
-27.638414 -14.991308 11.875588 
-27.455036 -15.544577 11.010435 
-27.047981 -15.206864 10.080938 
-27.877950 -14.673226 10.477452 
-28.814893 -14.488046 10.753440 
-28.472828 -15.481308 10.828237 
-28.528809 -16.248766 11.552722 
-27.782652 -15.927017 12.147449 
-26.768710 -16.123467 12.467405 
-25.764905 -16.076732 11.973353 
-26.004776 -15.353879 12.646640 
-25.100800 -15.934151 12.878773 
-25.681785 -16.777452 13.165524 
-24.848655 -17.287382 13.710454 
-24.293307 -17.554646 14.538722 
-23.631431 -18.004457 13.984368 
-23.995735 -18.520613 14.718702 
-24.469979 -19.098405 13.788955 
-24.778587 -20.141434 13.808986 
-24.452742 -20.756664 14.626725 
-24.448309 -19.754504 14.797031 
-24.013622 -19.073362 15.562575 
-25.059179 -18.909653 16.120663 
-24.249845 -18.289215 16.220156 
-24.521623 -17.665436 17.000969 
-24.406926 -17.061616 16.193073 
-23.398386 -16.847944 16.499408 
-23.335212 -17.215097 17.484549 
-22.802961 -16.487686 17.875078 
-20.810566 -18.264780 16.925302 
-19.722182 -18.154879 15.837068 
-18.943326 -17.650688 16.347475 
-19.502969 -17.079122 16.940387 
-19.228143 -16.485393 16.199550 
-20.242111 -16.700750 15.734929 
-20.081864 -17.257519 14.830169 
-19.868079 -18.089174 14.147301 
-20.785602 -18.027667 14.441140 
-21.392584 -18.719796 15.279720 
-21.592255 -17.634568 15.330048 
-22.243955 -16.925885 15.049801 
-21.232363 -16.733308 14.609852 
-20.952383 -15.712604 14.709065 
-20.780708 -14.352924 13.444394 
-23.329798 -16.199786 14.029895 
-23.409294 -16.142923 13.010679 
-24.402832 -16.394019 13.692458 
-24.683206 -15.848426 14.525400 
-25.646620 -15.754491 14.997339 
-25.823793 -15.073073 14.175643 
-26.411209 -14.213333 14.108376 
-26.215601 -13.485568 14.929374 
-25.406090 -14.115170 14.845143 
-24.408793 -14.386113 14.788099 
-25.654090 -15.224814 11.174258 
-28.952436 -15.856430 6.223692 
-28.101832 -16.314234 4.625886 
-26.134956 -16.319515 7.340455 
-26.243577 -17.975613 11.689657 
-25.618284 -18.660952 12.175425 
-25.315405 -18.490726 13.208660 
-24.475081 -18.707659 12.722395 
-23.732525 -18.249028 12.916266 
-22.794933 -18.389639 16.914748 
-21.990530 -19.025836 18.313812 
-21.981026 -18.120213 18.200457 
-21.746005 -17.231467 18.917725 
-21.265166 -17.107895 17.949227 
-20.311098 -16.505087 17.998025 
-19.633178 -16.936189 18.595972 
-21.074759 -16.912964 20.098894 
-21.110453 -19.205791 20.099761 
-21.225610 -21.162885 18.934547 
-21.800320 -21.013788 17.212219 
-21.370159 -20.755653 15.330986 
-19.815984 -21.681097 16.506739 
-19.121018 -22.015563 15.752698 
-18.270659 -21.698466 16.011642 
-18.496503 -20.826596 17.291767 
-18.413752 -19.529903 18.289620 
-18.814259 -19.062363 17.589228 
-18.173885 -19.144775 16.722248 
-17.611736 -19.210886 17.679356 
-17.943811 -18.189845 17.482929 
-18.017897 -17.142065 17.322750 
-16.157404 -19.706273 15.526311 
-14.555875 -22.512818 16.308512 
-14.321593 -21.162909 19.326745 
-13.894540 -23.145512 19.205145 
-15.603956 -24.218196 19.265687 
-15.520415 -23.197844 18.372069 
-15.248957 -23.852545 16.232919 
-14.141836 -24.418548 17.420050 
-13.164293 -24.595196 16.884450 
-12.242621 -24.426603 16.419817 
-13.475249 -24.725111 15.813021 
-14.494777 -25.382361 15.028240 
-14.880669 -25.806827 14.141582 
-15.798469 -25.475889 13.746330 
-16.270825 -24.648597 13.552604 
-15.385251 -24.526344 13.947152 
-15.975967 -23.682255 13.610767 
-15.195763 -24.235834 12.648505 
-14.041473 -24.754390 13.080532 
-14.204078 -25.495020 12.370342 
-14.570797 -24.970380 11.666209 
-14.453439 -24.543616 10.698357 
-13.680115 -24.023749 10.812092 
-13.777997 -24.338915 11.835841 
-13.756523 -23.287640 11.646119 
-15.253433 -23.517670 11.829980 
-16.806687 -23.507349 11.752367 
-17.107792 -23.167527 12.641291 
-17.309487 -22.604987 13.537305 
-17.493653 -22.203713 14.485597 
-17.740436 -22.979810 15.001792 
-17.170803 -22.986376 15.718256 
-16.722494 -22.973676 14.355759 
-17.183751 -24.273231 14.739808 
-15.553482 -25.345361 17.271775 
-11.929799 -25.211687 18.797319 
-11.359246 -23.150874 17.356476 
-11.007204 -22.968755 16.492692 
-11.779950 -22.313172 16.644771 
-11.262593 -22.223229 15.831453 
-11.227678 -23.156667 15.422636 
-10.814753 -22.721523 14.512320 
-11.728207 -23.787690 14.362044 
-11.112316 -24.696248 14.082056 
-11.164885 -25.668986 14.605324 
-11.201456 -26.093814 13.776189 
-10.780452 -26.742645 14.429712 
-10.047655 -26.510869 14.923843 
-9.359410 -25.686712 15.330869 
-9.109556 -26.574319 16.381751 
-8.131752 -26.508721 17.445968 
-7.455909 -26.922963 16.876497 
-6.630278 -26.238016 16.963935 
-5.739681 -25.649299 16.834708 
-5.438056 -26.008640 17.742336 
-8.158031 -26.657932 19.775541 
-8.301568 -25.528204 18.460957 
-8.045481 -25.872350 19.542212 
-8.910554 -26.645183 18.467831 
-9.634877 -27.276199 18.389416 
-11.555802 -28.133258 16.469894 
-12.837955 -26.811584 15.412017 
-13.056945 -26.248219 16.219449 
-12.975400 -25.655237 15.320529 
-10.630356 -25.088989 17.080981 
