7.265541 -15.875018 9.601789 
6.403739 -15.972985 10.182298 
6.130498 -15.441806 9.393124 
5.351832 -15.777707 9.899966 
4.445763 -16.361588 9.768258 
4.105272 -15.626216 10.318628 
4.958878 -15.719578 11.031941 
5.409401 -16.239838 11.913144 
5.671471 -16.131725 12.907372 
5.463396 -15.194832 12.743766 
5.300221 -14.358570 13.401618 
4.633346 -13.635434 13.755382 
4.063767 -13.309851 12.993855 
3.341421 -12.754033 12.571493 
3.064416 -13.236714 11.725494 
3.475104 -14.053207 12.072218 
3.527503 -14.332622 13.159792 
3.344603 -15.384226 12.892524 
4.170541 -15.031759 12.345070 
4.176387 -15.212583 13.525163 
4.102738 -15.573547 14.452787 
3.015195 -15.887474 14.518306 
2.725162 -16.748972 14.800330 
1.889572 -16.819714 15.318726 
2.029574 -15.856594 15.064423 
2.715485 -16.120748 15.804999 
3.264778 -17.191005 15.827363 
4.128646 -16.468514 15.806151 
5.019357 -16.200229 15.994235 
4.484268 -15.354731 16.245638 
3.679030 -15.901194 16.493777 
3.368347 -14.932210 16.482503 
3.707486 -14.203554 15.826047 
4.007731 -14.342319 14.855852 
3.852952 -15.193660 15.426029 
2.829281 -15.009302 15.324571 
1.893088 -14.644537 15.304907 
0.948841 -14.882857 15.469039 
1.223131 -15.202875 16.347602 
2.148474 -14.924553 16.893353 
2.841825 -15.396796 17.338849 
2.778925 -14.618304 18.091036 
3.422157 -14.314292 17.263190 
4.368943 -14.740899 17.416406 
5.189035 -14.381187 16.784210 
5.581751 -13.466020 16.758474 
4.622135 -13.256531 17.120474 
4.315408 -12.229652 17.413334 
3.354879 -11.913632 17.666402 
3.163901 -12.897632 17.237391 
3.656178 -12.779158 18.129479 
4.081974 -13.410435 18.855190 
4.942375 -12.990092 18.625670 
5.501134 -13.900728 18.650236 
5.723074 -13.315290 17.706383 
6.558439 -12.840843 17.053684 
7.201719 -12.349050 16.431519 
6.873949 -12.625128 15.562752 
7.604812 -13.390313 15.399035 
6.652999 -13.452278 15.059056 
7.055107 -12.882065 14.312038 
6.155598 -12.614319 13.588873 
6.401133 -13.130960 12.677569 
6.596609 -12.178560 12.542006 
7.394074 -12.638153 12.110574 
6.894962 -13.520968 11.762234 
7.708222 -14.230500 12.036835 
7.434481 -15.099354 11.643653 
6.343989 -15.054855 11.969813 
5.951184 -15.182753 11.098255 
6.539563 -14.550409 10.679192 
6.420364 -14.525113 9.669599 
5.478537 -14.559443 9.390887 
4.775118 -14.824699 10.073659 
1.875597 -16.722580 7.616372 
0.087619 -18.427544 4.426112 
0.297212 -19.209710 5.001756 
0.426887 -19.160672 5.933575 
1.189644 -18.578463 5.866463 
1.750652 -19.365441 6.154240 
2.549099 -19.687843 6.670078 
1.829253 -19.003293 7.161003 
1.799954 -18.150851 6.656482 
0.801190 -18.124302 7.505907 
-0.168343 -18.558516 7.471148 
0.269689 -19.333873 7.977056 
-0.691519 -18.975752 8.416927 
-0.236692 -17.973664 8.420998 
-0.799111 -17.707255 10.918619 
-2.968219 -17.461099 7.247500 
-4.886895 -18.146701 5.876687 
-6.020711 -18.910376 5.650033 
-6.338283 -18.804348 6.541595 
-7.095054 -18.512903 7.088708 
-6.397029 -17.843953 6.431748 
-6.338246 -16.928675 7.050646 
-5.446081 -16.251111 7.115957 
-5.349567 -16.517863 8.050662 
-6.216759 -15.934692 7.864646 
-7.579229 -17.895537 6.527830 
-4.297102 -22.412972 4.748986 
-3.801095 -23.641488 2.836654 
-7.036254 -20.374019 3.775107 
-8.920017 -18.736869 7.493801 
-8.106752 -18.611878 8.244414 
-7.451147 -19.402194 7.798002 
-7.725726 -20.026562 8.617095 
-6.288074 -19.169112 9.235766 
-3.945240 -18.799227 10.233249 
-4.054591 -17.204432 11.141557 
-3.968715 -15.863579 11.931809 
-2.936959 -16.829575 12.122934 
-2.375845 -16.624446 11.301676 
-2.212080 -15.395063 12.017957 
-2.243200 -15.025642 13.251477 
-2.479792 -14.109361 15.172061 
-3.818027 -12.743499 16.812721 
-3.837149 -11.511718 16.821251 
-5.178865 -11.326023 18.142886 
-6.809871 -9.189949 19.116015 
-8.973730 -8.083368 19.625208 
-9.433803 -9.087216 19.485229 
-10.014367 -8.954619 18.663258 
-9.999496 -10.096986 18.381954 
-8.466768 -10.477622 18.781764 
-7.638905 -10.800601 19.348063 
-7.911533 -10.615917 20.299190 
-8.814633 -10.789639 19.712091 
-9.664712 -10.942506 20.495870 
-10.728758 -10.875234 20.160150 
-8.120364 -12.299807 17.666116 
-6.999889 -14.197560 18.153148 
-6.453182 -13.784439 18.454953 
-5.526642 -12.251478 18.892605 
-6.485575 -10.804848 19.756112 
-6.976925 -11.856460 18.408256 
-7.082866 -11.622016 16.635564 
-5.967898 -12.386811 15.965499 
-6.418505 -12.852368 16.913883 
-7.384423 -12.560036 17.133346 
-7.913201 -13.678066 17.434838 
-8.810647 -13.160300 16.581505 
-8.643694 -12.725259 15.650343 
-8.140160 -13.365164 15.048347 
-8.980537 -13.797060 15.345505 
-8.555658 -14.696724 15.107968 
-8.092099 -14.747817 16.089968 
-8.329210 -15.987973 15.378471 
-9.364494 -16.041727 14.384848 
-8.595577 -15.801934 13.617128 
-8.108441 -16.779098 13.555928 
-7.598325 -16.044770 12.894170 
-8.492949 -15.646498 12.661099 
-7.750770 -14.922369 12.737177 
-7.772572 -13.991797 12.547679 
-8.461165 -14.676328 11.258471 
-8.877677 -15.255677 9.963748 
-9.817748 -15.676722 9.812751 
-10.268499 -15.016210 10.542624 
-9.879989 -14.739036 9.725474 
-10.348435 -13.934050 10.084418 
-9.457822 -13.878770 10.493816 
-9.221732 -13.145051 11.248569 
-9.296938 -14.120006 12.394229 
-10.120644 -11.716903 15.021006 
-10.819323 -12.017476 17.281341 
-11.400947 -14.153708 17.099169 
-11.454545 -14.912082 16.370956 
-10.657538 -15.035441 16.965124 
-11.247974 -15.824947 17.032374 
-12.105275 -15.875929 16.483617 
-11.510722 -15.724230 15.708868 
-12.691891 -16.309261 15.902796 
-11.968939 -17.255769 16.391221 
-11.234617 -17.943839 15.929178 
-10.176635 -17.913001 15.687101 
-10.386313 -18.236801 14.753761 
-10.001882 -18.932743 13.963953 
-10.866420 -19.025732 13.474147 
-11.100216 -19.133206 14.771064 
-11.396574 -19.929749 15.205857 
-11.200440 -20.212498 14.164158 
-11.688990 -20.403040 13.367963 
-10.969074 -20.106492 12.717524 
-10.699426 -20.894374 13.452551 
-9.906831 -20.638519 10.014463 
-11.709836 -19.521125 6.369957 
-11.298774 -18.396373 5.775626 
-12.037293 -17.231750 6.869469 
-11.471439 -16.582623 6.276525 
-10.394475 -17.979275 8.247965 
-10.247142 -17.818053 10.268014 
-10.569947 -17.494011 9.342927 
-10.760969 -16.829566 10.113377 
-13.238825 -14.815194 11.600443 
