-8.494895 -24.116861 9.101348 
-9.005362 -25.028358 8.807368 
-8.969420 -25.988220 9.003324 
-10.058424 -25.783344 9.061709 
-10.142601 -25.129509 9.856816 
-10.594712 -24.572896 9.080131 
-10.536230 -23.703596 9.655068 
-10.649402 -22.805730 9.435559 
-10.263291 -23.141411 8.512008 
-11.186219 -23.240549 8.002087 
-12.029237 -23.566977 8.368122 
-12.545937 -23.942579 7.476028 
-13.584084 -24.088383 7.354929 
-13.120216 -24.652703 6.662912 
-13.665761 -25.259641 7.223981 
-12.883433 -25.768622 6.768480 
-13.600672 -25.741079 6.162157 
-14.653616 -25.981098 5.690598 
-14.997494 -25.905986 4.730551 
-15.790007 -26.348553 5.075051 
-16.541592 -25.997913 4.562708 
-16.104928 -26.400443 3.666531 
-15.783774 -27.459831 3.630731 
-14.711265 -27.493604 3.265521 
-14.012796 -27.237998 2.425640 
-13.260927 -27.641687 2.984945 
-12.830496 -26.783493 3.304506 
-12.292622 -26.452308 4.044498 
-12.183606 -25.459680 3.624333 
-13.129280 -25.020794 3.333341 
-13.997266 -24.528382 2.764411 
-13.648496 -23.748497 2.153107 
-13.307324 -23.254484 1.260200 
-13.229627 -24.220596 0.921504 
-13.584528 -23.468945 0.372825 
-13.255007 -22.709966 -0.188790 
-12.327567 -22.887285 0.063884 
-12.583045 -23.637656 -0.575557 
-12.289946 -24.487951 -0.165321 
-12.523128 -24.627346 -1.183157 
-13.464937 -24.634856 -0.877257 
-13.338585 -24.893431 0.097083 
-13.291162 -25.584597 -0.606819 
-12.462176 -26.170884 -0.266025 
-13.245027 -26.807210 -0.573379 
-13.030905 -26.330741 -1.454109 
-12.775802 -25.653954 -2.225875 
-12.541173 -25.148360 -3.101467 
-11.763415 -24.613155 -3.526965 
-12.240689 -25.452095 -4.235196 
-12.644002 -25.097356 -5.144692 
-13.117160 -25.874874 -5.595556 
-12.674151 -26.816482 -5.599028 
-11.806504 -26.300746 -5.888864 
-11.885658 -27.330833 -6.032053 
-11.965030 -27.175961 -5.011633 
-11.231145 -26.367585 -4.793040 
-10.441071 -26.655116 -5.553913 
-9.421648 -26.717738 -5.825600 
-9.706442 -27.648921 -5.252366 
-10.160919 -28.054462 -6.073652 
-10.725147 -28.786140 -6.418955 
-11.413278 -28.371167 -5.681702 
-10.633098 -28.055230 -5.004599 
-10.334865 -27.686997 -4.234379 
-11.185792 -27.435357 -3.785381 
-11.085872 -27.846157 -2.848674 
-11.703363 -28.442086 -2.430935 
-11.768864 -27.618616 -1.881997 
-11.403415 -28.389158 -1.107966 
-11.710683 -27.583936 -0.775875 
-12.166158 -27.731571 0.326641 
-12.758359 -28.663535 0.434403 
-13.529322 -27.857157 0.631393 
-14.236277 -28.414983 -0.292375 
-17.398499 -27.691151 -2.245688 
-17.570921 -26.694206 -2.258957 
-16.962085 -25.963595 -2.682160 
-16.500453 -26.780922 -2.289218 
-16.852143 -26.391129 -1.418807 
-16.340644 -25.449709 -1.295326 
-15.539696 -25.691156 -0.725418 
-14.543392 -25.498991 -0.278393 
-14.142435 -25.694297 -1.627037 
-14.571898 -25.947692 -2.498485 
-15.156524 -26.581998 -1.926787 
-15.567089 -27.448603 -1.607438 
-15.491146 -26.695803 -0.905724 
-17.679943 -27.324729 -0.821883 
-19.370855 -28.113408 0.155425 
-19.480608 -27.760326 1.666441 
-20.545054 -27.696106 2.444743 
-21.265038 -27.621881 1.672493 
-21.579722 -26.811640 1.140057 
-22.286319 -26.064912 0.854634 
-21.997279 -25.268672 1.490734 
-22.274661 -25.039606 2.541626 
-21.222993 -24.865567 2.911195 
-20.610366 -24.604437 2.106861 
-22.195288 -22.644511 4.568693 
-21.565526 -24.913677 8.137073 
-20.752734 -23.947229 6.934556 
-20.407992 -21.972637 4.929276 
-19.931560 -24.204412 3.011197 
-19.326789 -24.753818 3.719825 
-18.681667 -25.563081 3.701311 
-18.207690 -24.823938 3.156131 
-16.784028 -23.383194 5.382305 
-13.424196 -23.964703 6.111438 
-13.048637 -24.094996 5.110238 
-13.173295 -23.603254 4.228891 
-13.938074 -23.298295 3.271669 
-14.707040 -22.969391 3.915838 
-14.910707 -22.244416 2.943316 
-15.160708 -23.122492 2.852671 
-15.138368 -25.037634 2.569447 
-14.714124 -25.709037 3.554822 
-14.450212 -24.906244 5.046292 
-14.516720 -23.291693 4.941578 
-14.954425 -21.655696 5.391431 
-17.867392 -21.036234 6.890688 
-17.792551 -19.994581 7.167937 
-16.974219 -20.184681 7.737318 
-15.565904 -20.670503 7.702597 
-14.678554 -20.149590 8.086939 
-13.716739 -20.163916 8.254598 
-14.048448 -19.469593 7.584569 
-14.850396 -19.058446 7.867207 
-15.673308 -18.932574 8.406832 
-15.515966 -18.682421 9.573822 
-18.916931 -20.207593 12.180362 
-18.825232 -20.608302 10.843425 
-16.516149 -20.387341 8.668988 
-14.165155 -20.514561 9.820581 
-12.865402 -22.287343 8.974537 
-11.349273 -21.388683 9.740317 
-9.923484 -21.011152 9.035966 
-8.980326 -20.840440 8.758121 
-9.780539 -22.016653 8.415080 
-10.575973 -21.789633 7.696622 
-10.309620 -22.310231 6.290054 
-11.107474 -22.247802 5.890800 
-11.454304 -21.446201 6.532762 
-11.454349 -22.150457 7.336180 
-12.552054 -22.214272 7.458301 
-12.835801 -22.940480 6.771662 
-11.933162 -23.094597 6.250645 
-11.652300 -24.387772 5.771923 
-11.221910 -24.677684 4.392757 
-11.960359 -24.253721 3.769886 
-11.060477 -23.948082 3.292857 
-10.366920 -23.715712 2.616801 
-10.225752 -24.616828 2.076772 
-9.696450 -25.028640 1.431854 
-9.082272 -25.769401 1.191473 
-8.352996 -26.041412 -0.108501 
-8.085392 -25.152661 -0.718585 
-9.019311 -24.651629 -0.536755 
-9.543175 -23.863812 -0.138878 
-10.262455 -24.223892 -0.931080 
-9.797125 -25.139736 -1.036148 
-9.548320 -25.263061 -1.966012 
-9.072620 -26.465260 -1.355186 
-9.000087 -27.683453 -0.469201 
-10.937189 -28.286803 0.874032 
-12.011928 -25.445683 1.724721 
-11.188295 -26.313151 3.343731 
-10.503158 -26.769418 2.594763 
-10.452494 -26.180820 1.707372 
-9.646194 -26.786882 2.084145 
-8.766550 -26.276586 2.482501 
-8.116243 -26.860384 3.216529 
-8.067788 -27.157321 4.142250 
-7.916169 -26.494039 4.972302 
-7.511433 -25.854665 4.349015 
-6.734010 -26.561806 4.214774 
-5.796163 -26.982494 4.118172 
-5.576252 -26.983341 3.133840 
-4.891716 -27.556386 2.572569 
-5.942882 -27.633879 2.227131 
-5.951894 -27.083564 1.092507 
-6.823605 -27.311673 0.435574 
-7.063950 -26.311952 0.109830 
-6.714979 -25.751521 0.863244 
-7.639733 -25.179135 1.060571 
-8.791783 -23.897251 2.352166 
-8.967561 -21.526320 4.882483 
-10.526577 -21.784524 4.974162 
-10.660835 -23.133020 4.372598 
-11.617638 -23.310132 4.005540 
-12.186279 -21.744860 3.103009 
-10.874804 -22.161634 3.191889 
-9.872756 -22.377744 3.022947 
-9.585077 -22.957290 2.192871 
-8.336156 -22.304119 3.652793 
