-10.516415 -28.116141 10.329476 
-9.529097 -28.510912 10.776227 
-9.068052 -29.405447 11.085441 
-9.394320 -29.461581 10.082829 
-9.183806 -28.434273 9.811248 
-9.135784 -28.971252 9.012632 
-9.629705 -28.580327 8.282349 
-8.971745 -27.820493 8.391349 
-9.222240 -26.929823 8.022661 
-10.042805 -27.532394 8.010992 
-10.800012 -28.282057 7.884473 
-11.386652 -27.476621 7.695684 
-12.090216 -26.815131 7.727869 
-11.350962 -26.613045 7.008962 
-10.258136 -26.403050 6.735499 
-9.315980 -26.673614 6.925792 
-9.296749 -25.683502 7.410274 
-10.223162 -26.122293 7.724496 
-9.968115 -26.570690 8.650968 
-10.979857 -26.563212 8.314039 
-11.233009 -27.191416 9.062804 
-12.269462 -26.927127 9.179349 
-12.601045 -25.972017 9.582343 
-13.259077 -25.297899 9.098884 
-13.108041 -24.360658 9.499309 
-13.163555 -23.386355 10.046168 
-14.011273 -22.947609 9.839775 
-14.888513 -22.747556 9.275774 
-14.601966 -23.740274 9.211186 
-15.122555 -23.861643 10.199710 
-16.009206 -23.899164 10.802464 
-15.641105 -24.710690 10.408338 
-16.071404 -23.861964 9.745741 
-16.621098 -24.107859 8.852174 
-15.654046 -23.415385 8.603178 
-15.096941 -23.338362 7.676827 
-15.721665 -24.191148 7.593862 
-16.196573 -23.975644 6.652016 
-15.756705 -24.629661 5.939939 
-14.975486 -25.127866 5.439797 
-14.572584 -26.212583 5.356031 
-13.888537 -25.464297 5.053225 
-14.352170 -25.077148 4.092439 
-13.850136 -25.924895 3.508211 
-14.869819 -25.809143 3.583690 
-14.425344 -26.760978 3.670354 
-15.474982 -26.672392 4.045865 
-16.433087 -26.645017 3.934061 
-16.133073 -25.920262 4.526498 
-15.964219 -26.202092 5.525581 
-15.288300 -25.597569 6.290069 
-14.620440 -26.411464 6.554429 
-14.403876 -25.414269 6.581763 
-13.872016 -25.891684 7.296982 
-14.418950 -25.281530 8.052026 
-14.665545 -25.119283 9.021859 
-14.946655 -25.924154 9.362693 
-14.360588 -25.798236 10.131471 
-14.272221 -26.538181 9.559460 
-13.405027 -26.826163 9.160027 
-13.441849 -27.410593 8.386143 
-14.105792 -27.900882 7.652548 
-14.222131 -26.811170 7.438856 
-14.757672 -27.538380 6.756682 
-13.950759 -27.485748 5.964972 
-13.779156 -26.917120 5.204155 
-13.110588 -26.652204 5.843154 
-13.127354 -26.880386 6.825477 
-12.981097 -27.818452 7.232530 
-12.497277 -28.680694 7.202691 
-12.512877 -29.456946 6.510163 
-13.057287 -29.396743 5.549574 
-12.668637 -28.435837 5.341640 
-12.086748 -29.122093 5.032517 
-8.811327 -27.832051 5.625438 
-6.972797 -27.100514 5.946848 
-7.485266 -27.088542 5.044382 
-7.979116 -26.416672 4.485529 
-8.811891 -26.322823 4.953670 
-7.963043 -25.261859 4.585990 
-8.214329 -24.377698 4.004645 
-8.631638 -25.086243 3.382711 
-9.003564 -25.942184 3.723496 
-10.277867 -25.718377 3.498440 
-11.214665 -25.118217 3.282991 
-12.101281 -25.558186 3.764040 
-12.813784 -25.011061 3.945340 
-13.459109 -24.596398 3.253935 
-14.286077 -25.496426 -0.229263 
-14.036275 -25.967962 -3.135003 
-13.637792 -25.919652 -5.621858 
-14.394180 -26.507771 -6.242260 
-15.298323 -26.047971 -6.265093 
-15.131194 -24.815656 -6.250827 
-14.923119 -25.316972 -5.227939 
-15.878968 -25.676724 -4.916044 
-16.319510 -25.022390 -5.642246 
-16.946070 -24.335894 -5.025412 
-17.239007 -23.704036 -5.824206 
-21.567133 -22.604655 -2.546482 
-22.637976 -24.093243 -0.426991 
-19.791784 -25.082751 1.327526 
-18.720567 -22.503563 3.718971 
-19.253952 -20.365437 5.263293 
-20.138611 -20.851531 5.555215 
-21.061517 -20.963754 5.838467 
-21.728879 -21.471857 5.296528 
-22.262828 -20.473167 5.492918 
-22.983642 -21.535654 3.989154 
-23.336216 -22.566916 3.887860 
-21.318316 -22.692145 4.165907 
-22.099543 -22.315402 3.683633 
-22.532455 -21.960007 2.851782 
-20.987368 -22.138351 2.672104 
-19.767521 -23.166752 2.048166 
-19.974900 -22.782211 0.651826 
-19.925041 -23.037074 -2.230798 
-18.847891 -23.544820 -3.272566 
-18.297310 -23.079510 -4.088714 
-18.747551 -24.166509 -1.851000 
-19.687032 -23.549301 0.015994 
-19.537840 -24.394416 0.533060 
-18.865204 -24.051016 -0.183059 
-18.736590 -22.284872 -0.582506 
-19.655398 -20.992545 -1.355337 
-19.815760 -21.611988 -2.183378 
-20.540423 -21.383575 -2.883219 
-21.619290 -21.268050 -3.024935 
-21.506853 -20.655892 -2.208787 
-23.191433 -20.232070 -1.878774 
-25.215903 -20.821484 -1.562578 
-25.081841 -17.982531 -1.459104 
-26.269829 -18.201933 -4.313828 
-25.843099 -19.349245 -4.694516 
-26.013848 -20.616958 -6.206860 
-24.550734 -19.077650 -5.366116 
-23.333078 -19.534767 -4.428433 
-22.712001 -19.894776 -3.597450 
-21.319093 -19.473509 -2.973166 
-20.763138 -19.842585 -2.106953 
-21.043658 -19.603497 -0.735205 
-21.290443 -20.513012 -0.571965 
-20.923716 -21.430859 -0.265191 
-20.450625 -20.818437 0.489217 
-19.705003 -20.412267 1.046127 
-18.953817 -20.289320 0.360813 
-18.387619 -20.536513 -0.381130 
-16.886568 -20.477016 -0.565400 
-16.694834 -20.553166 -1.541042 
-16.519217 -20.607449 -2.630907 
-17.855935 -20.758865 -1.760313 
-19.090124 -20.232270 -1.922960 
-18.981817 -20.719295 -2.785334 
-18.796852 -21.751602 -2.785745 
-17.928211 -21.892735 -2.105037 
-16.999667 -23.531543 -2.796818 
-15.940215 -24.957478 -3.735994 
-15.363951 -24.496659 -4.369835 
-14.360395 -24.641576 -4.781083 
-14.631692 -24.597817 -3.687634 
-14.778601 -23.566546 -3.685904 
-13.339383 -24.426235 -3.898936 
-12.333686 -24.605979 -3.778957 
-11.686772 -23.900165 -5.291796 
-10.188673 -24.428770 -3.359261 
-7.199841 -22.817365 -2.052497 
-6.435852 -23.119940 -4.464010 
-7.294146 -22.764854 -4.895076 
-7.871348 -22.207353 -5.573157 
-7.865822 -21.840814 -6.583041 
-7.370987 -21.383816 -7.534204 
-7.241498 -20.601649 -6.875793 
-7.621192 -19.698114 -6.331488 
-8.451629 -20.338623 -6.526668 
-8.251762 -20.090762 -7.577615 
-8.299799 -20.905593 -8.208599 
-9.376159 -20.455746 -8.171791 
-9.918832 -21.222166 -8.787936 
-10.664267 -21.058485 -9.421708 
-10.685758 -20.347389 -8.527277 
-10.819123 -20.986915 -7.758674 
-10.668015 -21.568504 -6.879621 
-10.694495 -20.556703 -6.822923 
-10.200036 -19.921409 -7.290358 
-9.920133 -19.811237 -6.277518 
-10.052399 -20.422322 -4.838607 
-10.388841 -21.786794 -4.479860 
-10.283329 -22.937455 -5.187367 
-9.915529 -22.143430 -5.545529 
-10.041544 -21.156390 -5.694429 
-8.619891 -22.228525 -4.770078 
-8.640554 -21.844391 -2.570507 
-9.506297 -21.979130 -3.219189 
-10.609398 -21.166074 -3.156951 
-13.105763 -21.315092 -5.749031 
