-1.021470 -29.626907 -2.215412 
0.035033 -29.585875 -2.022456 
0.865568 -29.920574 -1.731176 
1.723702 -29.362876 -2.133983 
2.512667 -30.134405 -2.015398 
3.058254 -29.236453 -2.282306 
3.589522 -30.064500 -1.869369 
3.077622 -29.864523 -1.016396 
3.942081 -29.181499 -0.964340 
4.729618 -28.490368 -1.365663 
4.980095 -27.595824 -1.045398 
5.290393 -27.875121 -2.008978 
4.327936 -27.955413 -2.172338 
4.760508 -27.258436 -2.822984 
4.454495 -28.126223 -3.601787 
3.562616 -27.783781 -3.571056 
3.508571 -27.245043 -2.751954 
3.061948 -26.639942 -3.520266 
2.984001 -27.456859 -4.332702 
3.865394 -27.109387 -4.803492 
4.125169 -26.633186 -3.938016 
3.815240 -25.791489 -4.325686 
4.033415 -25.190644 -5.173884 
3.110986 -25.403057 -5.419281 
3.187382 -26.387831 -6.047041 
2.690105 -26.664732 -5.166168 
2.370141 -26.007036 -5.726087 
1.644277 -25.493160 -5.128870 
1.942491 -24.803102 -5.842728 
2.808504 -24.995133 -6.487236 
2.557038 -24.587898 -7.373773 
3.414455 -24.338171 -7.128324 
4.458524 -23.892808 -6.977694 
4.471571 -24.523649 -7.779213 
4.241122 -25.122909 -6.961289 
4.284413 -26.227042 -6.878032 
3.842327 -26.799715 -7.594814 
3.071693 -26.191732 -8.282933 
3.859771 -25.942433 -8.990132 
4.466520 -26.729495 -9.419377 
3.681361 -26.888985 -9.957149 
3.888595 -27.279697 -10.866136 
4.552801 -26.530432 -11.234185 
5.114350 -27.082245 -11.910396 
5.791556 -26.296888 -11.641102 
5.576484 -26.389590 -10.629510 
5.200007 -27.149740 -10.056466 
4.965146 -28.210600 -10.167197 
4.207101 -28.378599 -10.814873 
3.659310 -29.267113 -10.565009 
3.014692 -29.347674 -9.593560 
3.985857 -29.429723 -9.344994 
4.092060 -28.629052 -8.768192 
3.691178 -27.624241 -8.477970 
2.658986 -27.266680 -8.417544 
2.957029 -26.713805 -9.231359 
2.429216 -26.955922 -10.020723 
2.785388 -27.791944 -9.487609 
3.054243 -27.779799 -10.503713 
2.132384 -28.247942 -10.739760 
1.647661 -28.568974 -9.890716 
0.644040 -28.763908 -10.056147 
1.018953 -29.596508 -9.715462 
0.838566 -30.566907 -10.035410 
0.174550 -30.612060 -10.830448 
0.090190 -29.683491 -11.165712 
0.204349 -28.906452 -11.812897 
0.910786 -29.761914 -11.853939 
1.344093 -30.661002 -12.114464 
2.240577 -30.346815 -11.815654 
3.105717 -29.954520 -12.282044 
3.241694 -29.528361 -13.228002 
2.893272 -30.489958 -13.285649 
3.476542 -31.211198 -13.794320 
0.459059 -31.841343 -10.913017 
-0.950238 -31.286065 -6.908839 
-0.866359 -30.840458 -7.911398 
0.073678 -31.024370 -7.433273 
0.455563 -30.145835 -6.976956 
0.908914 -30.209443 -5.997763 
1.451820 -29.415327 -5.681468 
2.216160 -29.235791 -4.997564 
3.190466 -28.866209 -5.462341 
3.674689 -28.358970 -6.446818 
4.029136 -28.823057 -7.525697 
4.540206 -29.739299 -7.532930 
4.617082 -30.117711 -6.647908 
3.675716 -29.759641 -6.924355 
4.625017 -29.612515 -4.069888 
7.309843 -28.378488 -3.671062 
7.437765 -28.224295 -2.339062 
6.523204 -28.815170 -1.639586 
6.354797 -28.046316 -0.968509 
5.657600 -28.613661 -0.652925 
4.781047 -29.084452 -0.524165 
5.276619 -29.296178 0.356687 
4.599034 -28.469387 0.259395 
4.267781 -27.600033 -0.145546 
4.214131 -27.221289 0.825868 
2.917693 -29.123261 0.470477 
1.116773 -30.323525 0.092681 
1.125954 -31.132287 -1.715616 
-1.449692 -30.362002 0.389015 
-3.852500 -29.280750 -2.299358 
-4.856318 -29.327761 -2.750537 
-4.597919 -28.564505 -3.319220 
-3.616346 -28.868632 -3.393541 
-5.455572 -28.502820 -7.436439 
-3.903091 -29.632752 -8.758982 
-5.030736 -30.190192 -8.079176 
-5.612020 -32.185793 -7.717992 
-4.972756 -32.953516 -7.051514 
-5.941243 -32.879251 -6.499250 
-6.075895 -31.772527 -5.588405 
-6.880033 -32.497521 -5.021989 
-6.115063 -32.960710 -3.408442 
-5.827750 -33.685222 -0.415846 
-6.601213 -32.182654 0.131536 
-7.048170 -31.743575 1.394867 
-5.806103 -29.762910 0.050101 
-5.337515 -28.271405 1.202749 
-4.477422 -28.596702 1.090795 
-4.630085 -27.992472 1.906233 
-5.128680 -27.780617 2.582917 
-4.355590 -28.918737 2.500301 
-4.142541 -28.487073 3.412030 
-3.246119 -28.210702 3.164144 
-2.786070 -28.465843 2.225469 
-2.713750 -27.669166 1.394089 
-4.157347 -27.387706 1.259676 
-1.695387 -29.774475 0.109853 
2.104035 -33.390376 -2.648246 
3.384687 -32.516609 -6.633149 
1.680017 -32.620442 -7.682377 
0.926433 -30.372233 -8.113018 
2.487258 -31.044204 -9.113138 
3.445027 -31.085704 -10.849224 
2.283195 -30.232307 -10.900696 
2.396386 -31.423828 -10.519709 
1.426444 -31.642158 -10.163582 
0.246629 -31.959986 -10.068426 
0.824943 -32.546613 -10.392375 
0.898280 -32.685722 -9.284842 
1.822517 -32.608538 -9.828636 
2.225891 -32.336245 -9.012898 
3.010727 -32.673764 -8.589539 
2.938155 -32.111671 -7.758949 
3.805805 -31.463493 -7.665975 
4.621689 -30.804272 -7.542662 
4.824433 -31.634018 -6.967517 
3.937674 -31.314510 -6.453993 
4.545232 -31.602642 -5.639927 
4.385801 -32.530530 -5.547496 
5.368330 -32.807420 -5.718768 
5.435193 -32.094031 -4.966472 
5.420376 -33.297770 -4.361257 
5.474368 -33.874913 -3.086753 
5.022897 -34.072839 -2.243681 
5.830250 -33.731422 -1.641688 
5.343128 -32.922607 -1.894174 
5.853030 -32.611245 -2.807751 
4.485371 -32.106440 -3.398439 
3.663787 -31.121799 -3.028630 
4.965318 -31.544829 -2.555790 
8.761992 -31.435479 -1.493211 
8.582777 -30.382269 -2.501385 
8.367670 -28.816502 -4.776506 
9.238697 -28.289715 -4.660941 
10.078239 -28.866838 -5.023088 
9.696117 -29.385928 -5.819187 
9.473327 -29.804820 -6.729540 
9.712145 -29.632756 -7.715328 
9.288936 -30.445578 -8.580834 
8.363762 -31.640549 -8.198514 
7.503747 -32.142900 -8.465342 
7.797216 -31.997882 -7.509848 
7.003756 -32.462694 -6.879920 
7.435930 -33.190609 -6.156452 
8.178505 -33.709777 -5.552109 
7.625546 -33.661718 -4.189586 
8.635836 -33.663636 -3.691274 
8.589032 -34.066626 -2.741544 
8.421828 -33.195036 -2.261326 
7.412999 -33.370430 -2.298481 
7.707697 -32.651321 -3.084880 
6.999786 -31.529756 -3.698388 
6.286149 -33.787950 -5.375485 
4.990501 -34.105084 -6.111956 
5.650212 -33.578984 -6.944781 
5.561968 -33.461203 -7.945573 
5.088929 -32.578995 -8.155465 
5.197708 -30.515414 -8.453003 
4.853602 -29.769088 -9.024168 
4.982824 -29.425768 -9.971422 
6.148829 -31.095181 -9.733566 
