26.982722 3.014947 7.455457 
27.325681 2.971358 8.429937 
26.627313 3.216457 9.169271 
25.763188 2.948967 8.713246 
25.856493 2.814057 9.745120 
26.697293 2.186891 9.453338 
27.407078 2.225886 10.169057 
27.655604 3.030864 9.483989 
27.746832 4.136803 9.446602 
28.710075 3.836063 9.188065 
29.677788 3.800004 8.900269 
30.694247 3.673526 9.502583 
30.833232 3.126630 10.433937 
31.287266 4.003342 10.584275 
31.374036 4.961861 10.268175 
32.075218 4.793588 9.617931 
31.122060 4.749786 9.238971 
31.199177 4.273476 8.435469 
31.544350 3.548329 7.743090 
31.820445 3.639217 8.822490 
32.836249 3.900340 8.540690 
33.747963 4.188712 9.153421 
33.609501 3.210221 8.551188 
34.147651 2.261107 8.677024 
34.082262 1.794753 9.489433 
33.277362 2.354453 9.473972 
32.544289 2.341125 8.751416 
33.236768 2.321625 8.052522 
32.912743 2.566542 7.094681 
32.526594 3.498352 7.561489 
32.181932 4.438639 7.735848 
32.018044 5.277671 7.110863 
32.318032 4.545380 6.597622 
31.577005 3.955214 6.379551 
30.749519 4.386817 6.986162 
30.219706 3.867832 6.302846 
29.771828 3.304524 5.508896 
28.936586 2.566501 5.777400 
28.633572 3.475285 5.288508 
28.435478 4.402076 4.995741 
27.516330 4.850128 5.330544 
26.927023 4.095037 5.296962 
26.183829 3.581740 5.593349 
26.966886 3.010112 5.784805 
26.908342 2.705350 4.839472 
27.854935 2.564298 5.284768 
28.672386 2.100105 4.859604 
27.539215 2.055588 4.468093 
28.373508 1.875252 3.784252 
28.864409 2.088945 2.833530 
29.183396 2.497835 1.885713 
30.027928 2.031361 2.436223 
30.208070 2.163339 3.392976 
30.711316 1.938648 4.168710 
30.020931 2.556614 4.733923 
30.351788 3.473084 4.481180 
31.236341 2.822925 4.212960 
32.223559 2.292456 4.330061 
32.439136 3.195809 3.990281 
33.383880 2.644853 3.566238 
33.210864 2.767617 2.562744 
32.625921 2.795699 1.682350 
33.082492 3.227849 0.856539 
32.156687 2.822176 0.669362 
31.330276 2.371681 0.233322 
31.486644 2.014020 1.150608 
30.484233 1.803788 1.089489 
29.585293 1.570713 0.695373 
29.765486 0.906221 -0.085203 
30.513178 1.637907 -0.362258 
30.363936 1.887747 -1.299495 
30.727883 1.288857 -2.057065 
30.947202 0.506923 -2.603340 
30.078687 -0.094629 -2.183069 
27.307816 -0.661844 -4.605652 
26.321548 -2.175780 -6.410992 
26.569284 -1.166512 -6.161154 
27.404712 -1.526335 -6.032266 
27.661332 -0.685736 -6.443814 
28.462228 -1.213353 -6.128557 
28.871981 -1.120456 -5.195673 
28.720891 -2.088367 -5.116514 
29.676327 -1.847165 -4.541058 
29.840896 -1.102451 -5.435941 
29.585865 -2.138581 -6.329551 
30.615685 -1.929601 -6.618472 
29.943117 -1.534807 -7.131411 
30.117417 -0.530382 -7.404313 
32.048449 -0.643773 -9.589474 
32.368115 -1.550122 -9.092887 
31.688838 -0.289396 -7.386019 
31.039511 -0.027725 -6.442580 
31.544485 -0.461216 -5.576421 
31.881910 -0.586575 -4.638945 
32.077771 0.524756 -4.612332 
32.652455 1.018868 -4.052137 
31.657023 0.879877 -3.716714 
30.677928 1.351450 -4.016248 
31.077117 1.495317 -3.151786 
33.664118 0.255791 -0.200573 
31.863545 0.417092 0.093112 
34.246718 2.845740 -0.146218 
32.181636 3.134289 4.759926 
30.167199 3.643662 7.371041 
30.922841 3.305402 6.900723 
30.247798 2.550268 7.036387 
31.076951 2.052627 7.300066 
31.516162 2.354416 11.036118 
31.146679 5.238902 12.617945 
32.029602 6.358937 12.373745 
32.135947 5.268076 11.867132 
31.816099 4.302316 11.506776 
32.689612 3.900213 11.775307 
33.093561 3.401167 11.027154 
32.890648 2.513602 11.465191 
32.692802 0.664306 11.073592 
31.300751 -0.691488 12.317733 
30.559194 -0.326592 10.764110 
29.417295 0.738324 11.415963 
29.299594 1.618345 9.444466 
27.356301 0.522627 9.638654 
27.491806 -0.314314 10.356062 
28.312090 0.205776 10.810360 
28.510308 -0.754745 11.740179 
29.252796 -1.216984 12.311668 
29.356880 -0.177428 12.526971 
28.934393 0.451781 13.188804 
29.812103 0.831160 13.028298 
29.255814 1.559405 13.263176 
29.822280 2.091049 13.037650 
31.797477 0.221773 8.036126 
33.873213 -0.492703 5.782470 
32.985946 -1.876793 4.379628 
33.538287 0.249080 3.202834 
32.966816 1.741729 2.972400 
31.566671 1.375432 3.082094 
31.344417 0.210521 1.955909 
30.585696 0.140434 1.223308 
29.145737 -0.023719 0.724087 
28.580069 -0.884213 0.401655 
27.451084 -1.627903 0.501786 
27.788266 -2.430578 1.614768 
28.581325 -1.766453 2.151627 
27.987265 -1.633354 3.074475 
28.860570 -1.289220 3.553398 
29.780078 -1.120587 3.260196 
29.294606 -1.129970 2.317377 
30.332424 -0.419417 2.624512 
30.941763 -1.528131 2.792318 
30.950579 -2.530682 2.473438 
31.529403 -1.869357 1.884863 
31.855720 -2.569021 1.101977 
32.937326 -2.466983 1.154385 
33.854168 -2.570052 1.327401 
33.483401 -2.776679 2.331482 
32.935876 -1.705513 2.931531 
32.619337 -0.578032 3.911479 
32.205401 -0.556756 2.986841 
31.652962 -0.312464 3.809277 
31.832166 -0.870660 4.633604 
32.454830 -0.703969 5.413032 
31.926333 0.423901 5.705440 
30.699836 0.177218 6.386967 
31.632193 -0.427708 6.192979 
30.523184 -1.674839 5.478295 
26.190699 0.474118 4.487306 
23.306034 0.191649 3.489145 
23.835061 -0.594660 3.751884 
24.551284 -1.316284 4.122048 
25.025849 -0.965645 3.304992 
25.031646 -1.052172 2.270803 
24.625942 -1.594816 1.352253 
25.563696 -1.888397 1.132869 
26.466650 -1.835303 1.345328 
26.553025 -2.803033 1.986976 
26.472923 -1.905653 2.583815 
26.206997 -0.918500 2.623319 
26.894853 -1.277439 3.260459 
26.342147 -1.227326 4.063354 
26.741371 -2.256358 4.530699 
27.498991 -1.547399 5.734385 
26.501857 -2.171631 5.945944 
25.989724 -2.685427 6.694552 
26.576304 -2.353541 7.474047 
27.453921 -2.916715 7.612832 
27.652603 -0.670013 8.571341 
25.166247 0.551918 8.981313 
24.333825 -0.743350 9.649868 
22.987271 -1.586193 9.206284 
23.068080 -1.995286 10.197474 
24.703563 -3.169986 10.063159 
24.868304 -4.059656 11.609327 
24.450886 -4.333897 12.427267 
25.136369 -4.741189 12.991998 
26.539238 -2.914383 10.995166 
