12.595396 -25.348045 -0.804982 
12.297392 -25.926589 -1.540720 
12.696761 -26.971004 -1.536900 
12.176568 -27.805641 -1.196769 
11.690620 -27.968555 -2.113482 
11.128266 -27.152745 -2.093248 
10.590975 -26.289465 -2.265261 
9.780865 -26.987505 -2.166799 
9.845802 -28.001019 -2.220808 
8.938617 -27.480001 -2.526686 
8.778500 -28.414523 -2.194183 
8.532094 -29.216298 -2.790135 
9.378182 -29.568400 -3.246500 
9.987742 -28.926426 -2.703175 
10.257678 -29.216117 -1.792046 
10.011222 -29.341301 -0.781310 
10.079181 -28.372402 -0.374113 
9.647218 -29.073299 0.150840 
9.645422 -30.162337 0.357664 
8.845389 -30.631246 0.445454 
9.579465 -31.331531 0.924312 
9.840443 -30.511973 1.456922 
10.609766 -30.773262 2.155128 
10.944548 -30.192805 3.000809 
10.064547 -29.921278 3.239846 
10.481389 -30.237528 4.144724 
11.209039 -29.420840 4.257179 
11.466254 -30.413443 4.020482 
11.915284 -29.663176 3.535164 
12.595256 -30.271022 2.861688 
13.446767 -30.644848 3.295884 
13.571852 -30.475652 2.290919 
14.432728 -30.802443 2.726478 
13.768103 -31.566305 2.278107 
13.940991 -32.532111 2.317277 
13.136091 -32.402611 2.874945 
12.066268 -32.345795 2.822296 
11.912495 -31.263407 2.713093 
11.209552 -31.678067 3.377425 
10.405040 -30.973771 3.314436 
9.726135 -31.179351 3.996154 
8.763208 -31.066230 3.769538 
8.896014 -30.387892 4.455351 
9.432967 -29.551914 4.762610 
9.887647 -28.734454 4.136823 
10.671040 -28.046416 4.370811 
10.341164 -27.966364 5.315562 
11.083292 -27.170966 5.197969 
10.687371 -26.190706 4.868118 
11.006635 -26.386812 3.862398 
11.390764 -25.460991 3.719523 
12.336340 -25.461572 3.172774 
11.839865 -24.745211 2.567094 
11.128626 -25.594063 2.666544 
10.034629 -25.464216 2.940263 
10.290280 -26.373477 2.467166 
11.245838 -26.744107 2.344572 
10.223177 -27.353117 2.203227 
10.629524 -27.055894 3.113330 
9.786501 -26.490799 3.410216 
9.776807 -27.490228 3.757472 
9.449938 -27.143634 4.778307 
8.837730 -27.624468 4.123659 
8.924779 -27.571481 3.052593 
7.917124 -28.072416 3.093546 
7.359287 -28.753982 3.620501 
7.939226 -29.660386 3.520711 
8.409303 -29.600190 2.574974 
9.023458 -28.882391 3.043143 
9.512382 -29.486399 2.424773 
9.354259 -29.272447 1.402462 
10.258321 -28.876317 1.290853 
10.822646 -28.387024 0.546261 
10.752098 -29.315399 -0.068145 
12.023432 -29.075054 -0.519982 
12.397743 -28.086810 1.320175 
12.817244 -27.043286 1.485214 
11.888317 -26.740491 1.143726 
12.688915 -26.360533 0.763691 
12.733706 -25.549924 0.254142 
13.679360 -25.474332 0.136183 
14.768930 -25.637176 0.083223 
15.100354 -26.599496 0.243819 
14.928575 -27.226916 1.179286 
14.006312 -27.209796 1.510221 
13.427863 -27.285714 0.534454 
13.599401 -26.571213 -0.096888 
13.946775 -27.421124 -0.519974 
15.262385 -26.097640 -3.311986 
17.609927 -25.119698 -3.672131 
17.677143 -26.536639 -3.216608 
18.534347 -27.122631 -1.943702 
18.586036 -28.214497 -1.652121 
17.638838 -28.075534 -1.589114 
17.293960 -27.181505 -1.234528 
17.853283 -26.523392 -1.772888 
17.855141 -25.547605 -1.234995 
17.596745 -24.539499 -1.365267 
16.740960 -25.123149 -1.722297 
17.452522 -22.975421 -4.480029 
18.729008 -20.623634 -7.202822 
17.615345 -20.277948 -7.177785 
16.640805 -22.811274 -10.383124 
15.509196 -27.370346 -11.308383 
14.789715 -27.862439 -11.818559 
15.358672 -28.512530 -12.388200 
16.097253 -27.930658 -12.572515 
15.328302 -25.836951 -15.381786 
14.407444 -25.702238 -13.974259 
15.455639 -26.455499 -13.524087 
16.915157 -25.852431 -13.794685 
16.381444 -25.334231 -12.788886 
15.695020 -24.585805 -12.670991 
16.064535 -23.260072 -12.579145 
16.698376 -22.559167 -12.276812 
18.307290 -20.967538 -12.622860 
19.071962 -21.759814 -14.409674 
18.515412 -21.923570 -16.091443 
19.311023 -20.835549 -15.761378 
19.721513 -20.079155 -12.764500 
19.805137 -18.604771 -11.276095 
19.220055 -19.413396 -11.500803 
19.164829 -19.753259 -10.561728 
17.956407 -20.036092 -10.165637 
16.719150 -20.735768 -10.206518 
16.301971 -21.591739 -10.414783 
15.445666 -21.303639 -10.809306 
14.541355 -21.451998 -10.924864 
14.685750 -22.314761 -11.633963 
13.615718 -21.971077 -11.730392 
15.317846 -25.117353 -12.362256 
15.020465 -28.366241 -7.822992 
15.013775 -29.902598 -9.631436 
14.767538 -27.887044 -9.597809 
16.027805 -27.360665 -10.115785 
16.834686 -26.245687 -8.600342 
16.228099 -25.758742 -7.823988 
15.595495 -24.828151 -6.827387 
15.543941 -23.904298 -5.412902 
14.824692 -23.512570 -6.088443 
14.430843 -24.400521 -4.801030 
13.521716 -24.327185 -4.907902 
13.317622 -24.617631 -5.841390 
14.050704 -25.121786 -6.567215 
14.685426 -25.173685 -5.860805 
14.590633 -26.113974 -6.216269 
15.338306 -26.741719 -6.763416 
14.734516 -27.678396 -6.260708 
14.015346 -28.378920 -5.555433 
14.555220 -27.763713 -4.975264 
14.985871 -27.460504 -3.914079 
14.400464 -27.644641 -3.047167 
13.489087 -27.768741 -3.555377 
13.111262 -27.721027 -2.537025 
13.612679 -27.712410 -1.679953 
14.428238 -28.769714 -1.779475 
15.278946 -28.688447 -2.559628 
16.100007 -28.574481 -1.965988 
16.299683 -28.570885 -3.104604 
16.373069 -27.879957 -3.827025 
17.186368 -28.481893 -3.634121 
17.980697 -28.029322 -3.705680 
18.530016 -28.920946 -4.722534 
17.489727 -28.662136 -5.619918 
13.781031 -27.016084 -6.054632 
11.256332 -28.229942 -7.123125 
10.871478 -30.170350 -7.394252 
11.649305 -30.700964 -7.437291 
12.222416 -30.449887 -6.645713 
11.689607 -29.571712 -6.868556 
12.246943 -29.633183 -5.944976 
11.773496 -28.727807 -5.666459 
11.912430 -29.261731 -4.576103 
11.972849 -29.925220 -3.562585 
11.529969 -29.634897 -2.682995 
11.054872 -29.409855 -3.588425 
11.019355 -28.384683 -3.363001 
10.640666 -27.728004 -4.041491 
10.857238 -27.034901 -4.736216 
11.281832 -26.348536 -5.623013 
10.953516 -24.954807 -5.619387 
11.894034 -24.914531 -5.933082 
12.331133 -24.940044 -5.062695 
12.308240 -24.348828 -4.249146 
11.879537 -25.299151 -4.197375 
13.354140 -25.235842 -2.927804 
12.778233 -22.720236 -1.806480 
12.948000 -23.778399 -1.788821 
12.423948 -24.112882 -3.191299 
13.071202 -23.608605 -3.913823 
13.793976 -22.021917 -5.005475 
15.019475 -22.135068 -5.018720 
15.848959 -22.355821 -5.686492 
16.053161 -22.319619 -4.676517 
17.220636 -20.849604 -2.493518 
