-24.281078 -4.826466 -17.000626 
-24.142231 -5.559740 -17.775277 
-24.718880 -5.969173 -17.069532 
-25.239355 -5.240797 -16.739415 
-25.398463 -4.234508 -17.018634 
-25.616296 -3.714093 -16.171106 
-24.953045 -2.972858 -15.922910 
-24.842781 -3.155475 -14.949975 
-24.178304 -2.817518 -14.209755 
-23.619849 -2.799616 -15.050357 
-22.578730 -2.761293 -15.455655 
-23.097868 -1.940526 -15.606962 
-22.636107 -2.122887 -16.546155 
-23.425432 -1.464305 -16.542686 
-24.089167 -1.788220 -15.800550 
-24.324817 -2.189004 -16.763301 
-24.412997 -1.504268 -17.469117 
-23.882971 -2.180587 -18.208189 
-23.373966 -2.637930 -17.389399 
-22.845910 -3.105685 -18.098164 
-22.354342 -2.766685 -17.354492 
-22.490814 -3.153127 -16.413538 
-22.761386 -4.144368 -15.797967 
-22.070465 -3.868101 -15.086053 
-22.242694 -4.604346 -14.341199 
-22.708211 -5.535057 -14.035980 
-22.085775 -6.367245 -13.893955 
-21.733697 -5.559577 -14.247587 
-22.348216 -5.324263 -15.052455 
-23.363228 -5.467935 -15.355059 
-23.107130 -6.426652 -15.152606 
-23.596794 -6.704975 -16.113295 
-24.145696 -6.417336 -15.191847 
-23.838722 -6.162720 -14.233788 
-24.893120 -5.977646 -14.289306 
-24.485260 -5.118767 -14.914901 
-23.680489 -5.088707 -14.284065 
-23.616750 -3.999383 -14.347493 
-23.240039 -3.189589 -14.054575 
-23.094412 -2.116171 -14.104050 
-23.640298 -2.046867 -13.136178 
-22.797983 -2.063276 -12.490911 
-23.253529 -1.153331 -12.060118 
-23.896250 -0.448781 -11.639555 
-24.929234 -0.303230 -11.900584 
-24.386507 -0.887702 -12.712451 
-24.509541 -1.849243 -12.534697 
-25.199061 -2.471500 -11.990999 
-26.180099 -1.958623 -12.036636 
-26.140201 -1.151800 -11.443933 
-25.572399 -0.720358 -10.718871 
-24.845496 -0.900335 -9.772276 
-24.405263 -0.989589 -10.740850 
-23.695754 -1.099163 -10.026473 
-23.492551 -1.401145 -11.114375 
-23.745739 -2.372024 -11.364148 
-23.716913 -3.184823 -10.778050 
-24.430956 -3.118620 -11.680560 
-24.429647 -2.906390 -12.665535 
-25.267059 -2.654063 -13.175855 
-25.900203 -3.449272 -13.444458 
-25.421045 -3.992975 -12.505283 
-26.259155 -4.230138 -11.952520 
-26.514170 -3.241606 -11.911123 
-25.890269 -3.598325 -11.141251 
-25.452120 -3.383275 -10.227840 
-25.909029 -2.320038 -10.257052 
-25.420875 -1.818488 -10.975704 
-24.931592 -2.081230 -10.077527 
-24.633635 -1.887763 -9.124844 
-24.735659 -2.978520 -9.322517 
-25.590697 -3.486594 -8.915939 
-25.735215 -4.216025 -8.262929 
-25.956048 -5.146757 -8.898250 
-29.573892 -6.762130 -5.168933 
-32.872105 -7.727668 -2.190951 
-33.307551 -7.723715 -1.321571 
-33.464648 -8.457596 -0.597028 
-34.200880 -8.467493 0.143073 
-33.887109 -7.696951 0.706129 
-33.374381 -7.450901 1.598375 
-33.334071 -8.560305 1.636935 
-32.582335 -8.658563 2.290366 
-31.991155 -8.102557 1.290677 
-31.789528 -7.542756 -0.000377 
-32.366320 -7.439276 -0.788002 
-31.620530 -7.132563 -1.488337 
-30.663054 -7.316747 -1.481302 
-30.167431 -9.081433 0.520144 
-31.627558 -6.895238 1.261284 
-33.032271 -7.295949 0.040312 
-32.481005 -8.677378 0.260155 
-32.105113 -8.789311 -0.673992 
-31.363971 -8.681514 -1.447080 
-30.611168 -8.237685 -1.851919 
-29.510225 -8.142434 -1.656943 
-29.214646 -7.148203 -1.128805 
-28.687574 -6.437601 -1.505337 
-27.872539 -6.142831 -0.889314 
-27.024730 -6.115920 -3.186016 
-25.668008 -7.160337 -8.209882 
-25.497748 -8.593702 -8.496784 
-27.732408 -9.557650 -6.927803 
-26.059889 -11.347350 -8.894275 
-26.293512 -10.366522 -9.069273 
-25.833079 -9.837974 -8.347111 
-26.476875 -9.345973 -9.085290 
-25.210378 -8.628425 -12.287864 
-23.256859 -10.066396 -15.380226 
-23.850477 -8.615915 -16.299072 
-23.927067 -7.121376 -17.325990 
-23.628107 -6.196009 -18.321108 
-23.050492 -5.390771 -18.663177 
-22.393682 -4.229568 -18.349139 
-23.111061 -3.801788 -17.320843 
-21.246811 -4.804025 -16.338338 
-21.733712 -6.806501 -15.989388 
-21.888235 -5.750152 -16.567977 
-22.921381 -5.358027 -16.927868 
-20.639981 -5.505354 -17.861883 
-21.426110 -6.243460 -18.743085 
-22.096821 -5.470778 -19.056545 
-21.603740 -4.782470 -19.555011 
-21.372001 -3.974657 -20.723533 
-20.716411 -4.683774 -20.735574 
-20.182201 -4.720196 -21.621630 
-19.437749 -4.380569 -20.888027 
-18.803653 -5.069295 -20.944203 
-17.719776 -5.434348 -21.096355 
-18.825837 -6.130807 -21.227599 
-20.283422 -7.245080 -22.111065 
-26.068590 -9.190162 -19.915875 
-26.899814 -9.780745 -18.690462 
-26.932148 -11.009986 -18.207353 
-27.478577 -12.670527 -19.568143 
-26.953545 -13.266941 -20.517599 
-26.145083 -11.600254 -20.684443 
-25.526704 -11.027297 -19.096426 
-24.574954 -9.835042 -17.929448 
-24.534767 -10.096070 -18.968829 
-23.929330 -9.752162 -19.738917 
-24.342530 -8.411062 -19.927198 
-24.364195 -7.662396 -19.074732 
-24.618721 -6.580301 -19.160855 
-25.499133 -6.863025 -19.095530 
-25.213954 -6.380413 -18.229276 
-25.222978 -7.480698 -18.489549 
-25.975188 -7.810046 -17.822821 
-25.572770 -8.326772 -18.581494 
-24.646391 -8.623631 -18.617421 
-24.269040 -8.107236 -17.899216 
-24.847392 -8.739956 -17.396326 
-25.692567 -9.357570 -17.032795 
-25.973402 -9.131981 -16.105709 
-26.667560 -9.771327 -15.675842 
-27.068035 -10.074598 -17.178514 
-27.903083 -9.732390 -16.785651 
-27.863264 -10.387176 -15.925674 
-26.922139 -10.820485 -16.089769 
-26.491435 -11.695440 -16.235632 
-26.812353 -12.193200 -17.042257 
-26.162084 -12.471214 -16.223706 
-27.314308 -12.897172 -16.431824 
-27.744294 -12.055211 -15.457921 
-26.231488 -12.419339 -14.468145 
-22.910766 -8.939600 -14.629590 
-22.185756 -10.753255 -15.441709 
-22.196644 -10.295601 -16.319646 
-21.470718 -10.030437 -16.898134 
-21.501179 -9.280772 -17.542325 
-22.577127 -9.381463 -17.199447 
-22.366910 -8.285357 -16.924810 
-23.030136 -8.488741 -18.174938 
-23.796182 -9.265437 -18.827885 
-23.521219 -8.544213 -19.479724 
-22.729071 -9.161057 -19.620426 
-22.965034 -9.237593 -20.639908 
-22.343161 -9.520598 -21.493451 
-22.933346 -10.323043 -21.475399 
-22.151962 -10.491316 -20.836134 
-21.669544 -10.499269 -20.084636 
-20.941363 -9.979405 -20.730337 
-21.177086 -8.976658 -20.768226 
-20.220768 -9.025196 -20.437132 
-19.578270 -8.239635 -20.685688 
-21.007149 -7.861972 -18.944492 
-23.166332 -7.557182 -21.321288 
-23.366557 -6.002430 -21.198767 
-23.199208 -6.433542 -19.971525 
-22.181443 -6.347699 -19.840153 
-20.941560 -8.920007 -18.725845 
-18.934119 -9.881317 -17.912236 
-18.688158 -10.152320 -16.870909 
-18.625479 -11.099272 -16.311906 
-17.648201 -9.557575 -21.459265 
