-20.960567 -15.985891 8.100010 
-21.014818 -16.558005 7.276654 
-20.690409 -17.246416 8.052401 
-19.883083 -17.562109 8.646083 
-19.551011 -18.428938 9.170540 
-20.569035 -18.616599 9.690292 
-19.698458 -18.877563 10.158021 
-20.111428 -19.580560 9.371250 
-20.907336 -19.379983 8.653643 
-21.989184 -19.317117 8.919155 
-21.650122 -19.800284 9.757417 
-21.593514 -20.468180 8.948905 
-22.414516 -20.849648 8.460679 
-22.072470 -20.212477 7.807669 
-22.746795 -19.483038 7.948459 
-23.360388 -20.366178 7.582381 
-23.438614 -21.375294 7.939455 
-22.866880 -21.725861 8.829655 
-21.890490 -21.691896 8.678475 
-21.547818 -21.504489 7.658632 
-20.962627 -21.556445 6.612579 
-20.471462 -20.878934 7.148280 
-21.285570 -20.278984 6.896628 
-20.450247 -20.085635 6.374379 
-21.146993 -19.293952 6.486618 
-21.384337 -18.368659 5.997031 
-21.340181 -17.608081 6.660608 
-22.237499 -17.184494 6.613739 
-22.632702 -18.048017 6.345749 
-23.527210 -17.580269 6.431095 
-24.084742 -17.710782 5.525165 
-23.088071 -17.717463 5.463639 
-23.425527 -17.691597 4.442536 
-24.133585 -17.387233 3.613114 
-24.693186 -16.685978 3.067507 
-23.964326 -17.333040 2.568586 
-22.980732 -17.069027 2.684245 
-23.007947 -16.798945 3.759693 
-22.740685 -16.654694 4.708113 
-22.018825 -17.299030 4.836477 
-21.119182 -17.797539 4.961895 
-20.996590 -17.131654 4.088647 
-21.800149 -16.600587 3.822796 
-20.973189 -16.651679 3.251726 
-20.066347 -16.681424 3.798785 
-19.179857 -16.518738 4.332563 
-19.840176 -17.213527 4.846965 
-20.522598 -16.702488 5.203383 
-21.000943 -16.251275 5.999037 
-21.915820 -16.175681 5.351892 
-22.871192 -16.042936 5.655344 
-22.614639 -15.995577 6.730019 
-23.329634 -16.648129 7.330175 
-22.497646 -17.333391 7.689536 
-22.337656 -17.031941 8.736927 
-23.205664 -17.448064 8.395788 
-22.909020 -18.365671 8.826828 
-21.910451 -18.298622 8.720093 
-22.243087 -18.532169 7.791036 
-23.211290 -18.247852 7.534908 
-23.775514 -18.888728 8.185764 
-24.648539 -18.887857 7.612834 
-25.205134 -19.650307 7.445699 
-24.285315 -19.858104 7.297088 
-24.742744 -19.341492 6.533821 
-24.242850 -19.327977 5.753555 
-24.851150 -18.557687 5.903529 
-24.673613 -17.898240 6.582882 
-24.073181 -17.462258 7.271333 
-24.629604 -17.291184 8.150573 
-25.652092 -17.450912 7.894527 
-25.526666 -18.501814 7.801378 
-25.507940 -19.007603 8.577046 
-25.487156 -18.070443 9.047270 
-22.664220 -17.683676 10.684252 
-23.304105 -18.599089 11.107963 
-24.239368 -18.698501 10.565397 
-23.582075 -19.318435 10.328831 
-23.268799 -19.534876 9.360771 
-24.142412 -20.426620 9.510873 
-24.423223 -19.590124 9.369326 
-24.682981 -19.926088 8.411515 
-25.576738 -20.360526 8.868951 
-26.719548 -20.216203 8.903257 
-27.036432 -19.577866 7.870526 
-26.331917 -18.973409 7.800961 
-26.161653 -19.806857 7.244948 
-26.559858 -19.670812 6.325376 
-29.173107 -18.618376 6.174327 
-28.779275 -18.098144 4.554017 
-27.181931 -18.561554 4.675986 
-26.153031 -18.634758 6.310497 
-26.819586 -18.441249 7.075910 
-27.094127 -18.704633 5.821623 
-26.832295 -19.628470 4.682644 
-27.056746 -20.573109 4.857069 
-26.266566 -21.070368 5.152673 
-26.819701 -20.824305 6.068341 
-26.742781 -21.245069 7.055517 
-23.101429 -21.438296 11.047411 
-21.875184 -22.986404 13.196730 
-23.412442 -21.019788 13.603669 
-20.281889 -19.541736 13.722133 
-18.555850 -18.242004 15.364076 
-18.936395 -17.354672 15.004047 
-17.948514 -17.448583 14.839782 
-17.396115 -16.512587 15.051594 
-18.319906 -14.930830 16.494154 
-20.605356 -13.142632 18.414629 
-22.029516 -13.939794 17.525246 
-22.470971 -14.953211 19.411916 
-21.860703 -14.995682 18.613519 
-22.571456 -15.562628 18.271873 
-21.276262 -15.688719 18.841601 
-19.922499 -15.399007 18.777184 
-18.845173 -14.443783 19.417662 
-17.418001 -14.716826 18.084519 
-16.068646 -15.719255 17.814599 
-15.798089 -17.191166 18.320017 
-16.412612 -19.427624 18.367976 
-17.539399 -20.266415 18.115761 
-17.023402 -21.030454 18.294683 
-17.098145 -21.762335 18.999058 
-17.562519 -22.419585 19.395579 
-17.904356 -21.712820 20.154268 
-17.060566 -21.124556 19.981632 
-17.117218 -20.157072 20.186149 
-17.935897 -19.395937 20.143515 
-18.548014 -19.312691 19.448506 
-19.084923 -18.160589 19.795968 
-22.764145 -15.843494 20.233838 
-26.929132 -14.000815 15.767344 
-27.613845 -15.257626 13.009724 
-27.766855 -14.980804 10.839571 
-28.472828 -15.481308 10.828237 
-27.211269 -16.093995 12.035232 
-26.004776 -15.353879 12.646640 
-25.391292 -16.355801 13.022149 
-24.848655 -17.287382 13.710454 
-24.293307 -17.554646 14.538722 
-23.813583 -18.262535 14.351535 
-24.469979 -19.098405 13.788955 
-24.778587 -20.141434 13.808986 
-24.452742 -20.756664 14.626725 
-24.448309 -19.754504 14.797031 
-24.013622 -19.073362 15.562575 
-25.059179 -18.909653 16.120663 
-24.385734 -17.977325 16.610563 
-24.406926 -17.061616 16.193073 
-23.398386 -16.847944 16.499408 
-23.069086 -16.851391 17.679814 
-22.851698 -15.878326 16.870933 
-21.916984 -15.789795 17.349093 
-21.544543 -15.967122 16.418659 
-21.366187 -16.935126 16.772510 
-20.895049 -18.747224 16.242973 
-20.461810 -20.039351 16.599980 
-20.297858 -19.995899 17.630976 
-20.494383 -19.202670 18.370707 
-19.525595 -18.942563 18.279818 
-19.852626 -19.025292 17.284927 
-19.373851 -18.249151 16.196425 
-19.502969 -17.079122 16.940387 
-20.041160 -17.312101 15.070618 
-20.906100 -15.704498 14.875245 
-21.010997 -14.532277 12.362569 
-21.785858 -15.206977 13.438797 
-22.820582 -15.155606 13.644385 
-23.220064 -15.921069 14.260694 
-23.717419 -16.745533 14.620094 
-23.561128 -16.976936 13.594406 
-23.056928 -16.444660 12.833611 
-23.761660 -15.841186 13.187747 
-24.402832 -16.394019 13.692458 
-24.683206 -15.848426 14.525400 
-25.646620 -15.754491 14.997339 
-25.823793 -15.073073 14.175643 
-26.411209 -14.213333 14.108376 
-26.215601 -13.485568 14.929374 
-25.406090 -14.115170 14.845143 
-24.408793 -14.386113 14.788099 
-24.544821 -14.028668 13.861092 
-23.717320 -14.203558 13.332367 
-24.339889 -13.851726 12.568666 
-24.672204 -14.739563 12.863406 
-25.413133 -15.075041 11.326194 
-26.351942 -16.196253 10.762365 
-25.913214 -15.944482 10.054429 
-26.756498 -16.167110 9.663925 
-27.305510 -15.746006 8.861251 
-29.162785 -15.967788 7.998459 
-29.351920 -15.915513 5.554677 
-28.460819 -16.264962 5.978995 
-28.361863 -15.400900 4.874194 
-26.094624 -16.160260 5.307904 
