-13.587033 -21.319930 11.156202 
-12.750283 -20.687966 10.990204 
-12.409415 -21.313943 11.628848 
-12.132188 -22.155623 12.341719 
-12.029886 -21.429711 13.154122 
-12.994947 -21.414263 13.419878 
-13.356394 -20.966648 14.236326 
-13.900398 -20.615808 13.378276 
-14.258058 -21.353437 14.025265 
-14.860649 -22.016870 13.417538 
-15.661156 -21.484923 13.686572 
-14.820850 -21.025304 13.091804 
-14.898601 -20.415714 12.297101 
-15.860273 -20.172158 12.160296 
-15.440478 -19.208659 12.327269 
-15.317553 -19.060805 13.307340 
-15.465452 -20.071321 13.240859 
-16.483158 -19.971327 13.569188 
-17.541574 -20.030424 13.534603 
-17.065116 -19.843830 12.696276 
-17.245182 -20.871544 12.642729 
-18.233718 -20.946508 13.023480 
-19.239164 -20.679485 12.929776 
-18.635641 -19.942567 12.838317 
-18.235706 -18.963016 12.909638 
-18.071718 -19.440503 12.047989 
-17.898045 -19.619760 11.076862 
-17.703720 -19.251604 10.234739 
-16.824426 -19.011908 10.049693 
-16.378619 -19.738944 9.359579 
-15.702153 -20.491262 9.399703 
-15.067214 -19.964202 8.886536 
-14.341029 -19.500303 8.145463 
-14.053772 -19.339436 9.116163 
-13.201321 -19.682446 8.590799 
-12.541189 -20.384099 9.185217 
-11.953743 -19.647466 9.228989 
-10.804929 -19.694164 9.416897 
-10.631268 -19.952530 8.441756 
-10.879541 -20.394625 7.562196 
-11.000898 -20.625178 6.581548 
-10.145458 -20.103105 6.369311 
-10.768728 -19.529203 5.679053 
-10.899342 -19.907892 4.749718 
-10.562212 -19.098998 3.895897 
-9.950609 -18.376172 3.596239 
-9.860981 -18.304863 2.493956 
-9.232527 -17.810131 1.869437 
-10.162611 -17.468008 1.983133 
-10.437620 -17.524084 2.978010 
-9.724365 -17.117086 3.712109 
-9.683196 -17.815038 4.478384 
-9.437569 -17.900001 5.533979 
-10.513036 -17.759599 5.473550 
-10.154542 -16.959378 4.952851 
-9.995010 -15.915954 5.025509 
-9.533034 -16.240032 5.843928 
-10.062286 -16.962293 6.195541 
-11.072575 -17.276523 6.111322 
-11.776272 -16.732849 6.557615 
-12.435256 -17.421748 6.984351 
-12.211094 -18.360378 6.575810 
-13.171663 -18.641827 6.538962 
-13.473339 -19.575664 6.861956 
-14.490235 -19.159217 7.081854 
-14.673509 -19.212219 6.191893 
-14.782945 -18.231892 5.648440 
-13.818756 -18.293408 5.637404 
-14.203468 -17.440529 5.538455 
-14.955178 -17.426697 6.262905 
-14.204597 -18.103175 6.734265 
-13.668972 -17.216660 7.076144 
-13.127131 -16.848091 7.841173 
-14.072620 -16.407030 8.284179 
-13.393931 -18.206639 10.017755 
-12.818626 -19.433789 10.057402 
-12.113802 -20.102834 10.483171 
-12.089596 -19.646628 11.399295 
-13.200431 -19.617259 11.479686 
-13.038016 -19.803467 12.402267 
-13.754069 -19.053403 12.257636 
-14.222630 -19.813985 12.768525 
-13.509160 -19.691489 13.465301 
-13.095821 -19.456480 14.286124 
-13.591420 -18.687732 14.578036 
-14.636248 -18.711318 14.486997 
-14.442564 -19.343758 13.647987 
-14.548772 -18.535288 13.004748 
-15.862268 -16.879756 11.725632 
-11.740050 -17.224858 8.981831 
-10.411686 -17.799332 8.172269 
-11.197497 -18.161167 7.182176 
-10.673206 -19.091175 6.856961 
-9.849944 -19.658328 7.203286 
-9.074214 -19.885624 6.589918 
-8.943094 -20.982193 6.488089 
-8.139252 -20.411837 7.058346 
-8.321416 -20.759795 7.991694 
-8.444784 -21.695321 7.479070 
-6.599620 -21.844476 9.622160 
-3.720889 -23.255803 8.923303 
-3.585077 -21.530464 10.483717 
-4.343963 -23.010059 11.604339 
-2.136716 -21.470234 8.249637 
-1.653350 -22.131256 7.670900 
-2.222801 -21.949676 6.884854 
-1.908137 -21.061963 6.335542 
-5.336762 -22.638124 7.273598 
-8.937204 -22.666165 6.273230 
-10.279930 -21.754087 7.152761 
-9.671191 -21.329750 8.255779 
-9.898271 -21.042514 9.131303 
-10.227920 -20.628605 10.014459 
-10.383634 -19.936135 10.830537 
-9.645647 -20.871496 11.724739 
-9.129823 -21.282793 12.000811 
-8.852410 -19.715898 13.983374 
-7.784724 -19.894069 13.869203 
-8.394660 -19.652960 12.832570 
-9.576099 -18.713504 12.070115 
-10.542461 -18.168666 11.238214 
-10.506822 -18.825792 10.404812 
-9.555163 -18.798211 9.927597 
-10.324505 -18.555684 8.999524 
-9.445669 -19.124812 8.452796 
-8.860458 -19.475614 7.641478 
-8.011360 -18.882388 7.742599 
-7.796586 -19.201129 6.832472 
-8.426117 -18.410125 6.801481 
-8.366100 -18.453318 5.475103 
-7.164192 -21.446723 2.238800 
-6.969557 -22.643923 3.442496 
-8.659681 -21.673603 5.134553 
-8.848210 -22.305989 3.768852 
-7.853810 -20.362626 3.946739 
-6.914294 -20.655690 4.887804 
-5.433891 -20.545018 4.527702 
-4.868156 -21.718901 3.809992 
-5.249891 -22.900450 3.773629 
-5.734745 -23.771235 3.495876 
-4.903088 -24.034761 2.575613 
-4.024810 -24.327759 1.791553 
-3.453962 -25.133860 1.602022 
-2.503901 -25.309720 1.135446 
-2.203224 -26.153588 0.405604 
-1.428741 -25.650176 1.069058 
-1.779999 -24.979568 0.367298 
-1.198022 -24.078173 1.072078 
-1.097077 -23.426570 2.235879 
-2.156220 -23.643954 2.072404 
-1.770499 -22.760336 1.613189 
-2.295717 -22.270224 0.656583 
-3.007460 -21.954274 1.353103 
-2.884059 -23.030893 1.302663 
-2.751143 -23.866971 0.773887 
-2.338027 -23.932107 -0.175297 
-3.381294 -23.306909 -0.888685 
-3.341667 -22.906826 0.076138 
-4.183741 -22.768007 -0.699756 
-5.061510 -22.606117 -1.246757 
-5.612713 -22.002397 -0.582925 
-6.419749 -22.211924 -1.100730 
-7.259719 -21.174968 -1.539393 
-7.872180 -20.687725 -0.579915 
-7.285705 -20.270356 0.467239 
-7.529456 -23.057706 -1.446435 
-6.911839 -23.915800 -0.685278 
-6.966371 -24.728577 -0.019066 
-6.568785 -25.165045 0.742472 
-5.615922 -24.836338 0.763518 
-6.085735 -24.534276 1.626230 
-7.022707 -24.907091 1.860977 
-7.040352 -24.886532 2.930913 
-5.641631 -24.961601 2.633801 
-4.682860 -25.184918 2.607597 
-3.730302 -25.634666 2.677863 
-3.732646 -25.619016 3.658032 
-3.118182 -25.589523 4.536530 
-2.829104 -26.554160 4.673713 
-2.187512 -27.521723 5.644310 
-2.230888 -28.019944 6.971893 
-2.712510 -27.177291 6.617024 
-3.414980 -27.863002 6.758145 
-3.546259 -28.008662 5.762469 
-3.739718 -28.797914 5.301048 
-5.791567 -27.801598 3.050806 
-8.627435 -25.426285 1.641365 
-9.001162 -24.565859 2.070956 
-7.915649 -23.351466 1.615135 
-7.425718 -24.233944 1.337930 
-8.846853 -24.152933 -0.395030 
-9.532898 -22.697323 0.040432 
-9.340969 -22.167755 -0.788459 
-9.221337 -21.217720 -0.813112 
-9.692621 -20.759852 2.657118 
