16.801062 -0.234611 12.783843 
17.179345 0.695793 13.226445 
17.218587 1.438724 12.378140 
18.099110 1.204888 11.957142 
18.541142 1.118770 11.046876 
17.993720 0.265877 11.014962 
17.729977 -0.525676 10.460990 
16.930461 -0.290085 9.866821 
16.812861 0.162471 10.836078 
17.010976 0.510613 11.817042 
16.316132 1.350652 11.827297 
16.998555 2.321386 12.051761 
16.401095 2.783603 12.881663 
15.386714 2.635901 12.841343 
15.300131 3.685621 12.549912 
15.407199 4.436155 13.292876 
16.034023 3.657916 13.438427 
16.790510 4.266006 12.956462 
17.031991 3.337129 13.499265 
17.983513 2.900938 13.845648 
18.503380 2.302001 13.238276 
18.474549 2.654456 12.221468 
18.527966 3.637368 11.841376 
17.576743 3.119620 11.950204 
17.425076 4.176053 11.679351 
16.869308 4.864747 11.050682 
16.393999 4.220168 11.772589 
16.286805 3.812179 10.868730 
17.201981 3.222758 10.894187 
17.121693 2.869914 9.943325 
16.956244 3.231866 8.971616 
16.430741 3.596774 9.868990 
15.912215 2.730322 10.097777 
15.614065 2.064986 9.342863 
16.109546 1.253465 9.434089 
16.313438 1.094382 10.420428 
16.986190 1.847195 10.116858 
17.448592 0.918313 9.959152 
18.272058 0.194176 9.638974 
18.791419 0.951155 10.144913 
18.331236 1.722614 9.552524 
18.146878 2.124615 10.532076 
18.731675 2.889466 10.179275 
19.612327 2.534434 9.759317 
20.063417 1.692358 9.375491 
20.006725 1.467925 8.335485 
20.600244 0.755206 8.684091 
21.293335 1.495806 8.661237 
21.504525 0.595263 9.146732 
21.710192 -0.168869 8.449758 
22.326938 -0.881343 8.754223 
22.629406 -0.426424 7.684826 
22.975946 0.375252 8.309466 
22.953191 1.268886 7.808496 
21.997189 1.727862 7.419744 
22.301822 2.092113 8.269054 
23.191704 1.759309 8.908205 
22.897473 1.257999 9.786538 
21.826775 1.401063 9.846529 
22.073592 2.363462 10.234288 
22.349722 2.355712 9.220321 
21.562780 2.748066 8.633018 
20.642570 3.050785 8.974192 
19.656469 3.181638 8.686204 
20.326818 3.214292 7.896737 
19.966602 4.083440 8.490682 
19.425265 3.797306 7.779758 
19.163882 2.836590 7.254302 
18.193976 3.115423 7.123444 
18.050748 2.102110 7.334537 
18.472486 1.618308 8.060386 
18.520139 2.407861 8.566466 
17.968181 2.937186 9.201229 
17.186788 2.288309 9.147874 
14.254167 3.220289 6.308133 
11.782877 5.094919 5.129329 
11.667922 4.082321 5.526937 
10.911551 4.729703 5.742812 
10.259047 5.227623 5.230707 
10.753387 5.477861 4.458801 
9.871352 5.019477 4.234883 
10.004356 4.130149 4.530577 
10.897166 3.730146 4.884908 
11.811924 3.279591 4.760908 
12.581669 2.496344 4.404428 
13.415242 2.150018 5.072525 
13.839114 2.232430 4.146624 
13.782787 3.329537 4.044320 
17.736811 4.923004 3.565226 
20.174661 2.467662 3.923366 
19.560824 1.907158 4.654654 
18.673423 1.613499 4.337477 
19.053667 0.907444 5.008888 
19.132968 -0.032296 5.492516 
19.101622 -0.982950 5.036797 
19.255813 -0.929910 6.044838 
19.646834 -0.790458 6.990284 
20.463611 -1.377475 6.653093 
20.777334 -0.767106 5.822655 
24.072050 -0.259872 6.100520 
26.230713 -0.703284 3.370391 
24.741415 -0.344445 2.004667 
23.382940 0.967818 4.109677 
19.501735 2.683148 5.821195 
18.552926 2.624571 6.177461 
18.423506 3.267592 5.420975 
18.628935 3.844190 6.268554 
17.317999 2.090425 5.631831 
17.562354 1.237813 7.944277 
17.692295 0.731034 8.926828 
19.313113 -0.027369 9.066942 
19.062223 -1.270919 8.466650 
19.035904 -2.206175 8.224386 
19.846316 -2.252425 7.452333 
21.057261 -2.019889 7.325587 
22.263723 -0.956129 6.984109 
23.937888 -1.992008 7.824849 
24.755020 -3.410777 7.522634 
25.537885 -4.139669 7.181584 
25.234243 -2.452333 5.351607 
23.494544 0.096327 3.695906 
22.854897 -0.032671 2.920065 
22.843427 0.900774 2.428853 
21.600603 0.332255 2.517882 
21.376914 0.612817 3.378494 
22.164846 1.330359 3.447032 
21.443191 1.345004 4.160705 
21.332048 2.220213 3.488802 
21.124227 1.855857 2.590211 
19.957626 1.247437 2.572884 
18.722556 -1.274424 3.393924 
19.390783 -4.600093 3.317340 
19.385978 -7.781194 3.654035 
21.526692 -5.828442 3.356975 
23.316999 -6.161208 1.902938 
23.236359 -6.949268 1.002964 
24.687127 -6.285060 -0.528342 
24.001731 -4.852446 -0.476230 
24.936577 -3.638701 0.411628 
25.483192 -4.493256 0.117310 
25.422752 -4.844016 -0.785959 
26.303248 -5.811583 -0.871702 
26.985881 -6.390876 -1.455647 
26.943446 -7.059157 -2.334689 
27.628314 -6.575775 -2.951180 
26.972792 -5.750339 -2.913093 
27.699055 -5.734685 -2.210420 
28.837082 -5.812888 -1.833517 
29.565045 -6.474006 -2.691329 
30.322496 -6.483180 -3.440225 
30.494327 -7.193369 -2.696657 
29.739312 -7.857770 -2.628973 
29.563968 -8.858860 -2.594471 
30.529921 -8.461901 -2.804761 
31.378054 -8.151025 -3.029536 
31.226596 -7.719392 -3.913082 
31.953453 -6.997673 -3.231703 
32.167278 -7.140762 -2.190536 
32.985819 -7.217246 -1.469461 
32.680580 -6.917742 -0.585701 
32.107573 -6.029268 -0.763564 
31.415197 -4.899650 -0.569134 
30.754448 -4.158281 0.395653 
30.100094 -5.289976 0.551959 
28.517686 -2.445899 -0.584932 
31.361816 -0.291703 -0.576820 
31.218151 -1.768741 -0.251958 
30.800130 -1.515199 0.780962 
30.687098 -0.443043 1.176576 
30.496283 0.488383 0.986149 
30.330267 -0.057905 0.151021 
29.522197 -0.573137 0.532594 
29.664333 -1.845217 -0.407484 
28.926655 -2.852511 -1.108853 
28.574329 -2.041941 -1.539898 
27.872093 -1.752393 -0.764326 
27.232819 -2.014547 -0.043112 
28.003799 -1.655003 0.697729 
27.826824 -2.441185 1.556315 
26.890923 -2.350663 1.408374 
26.894989 -1.410306 1.793940 
26.465002 -0.674881 2.262254 
26.497143 -0.706267 1.183812 
26.783755 -0.862344 0.263861 
25.822336 -1.133404 0.206996 
25.268545 -0.579912 -3.110278 
26.153010 0.720888 -3.130281 
28.027190 1.052940 -2.259677 
29.282393 0.505523 -2.380222 
29.832002 0.643362 -1.390366 
30.694972 -1.852124 -2.257972 
31.879770 -3.190879 -4.146701 
31.730880 -3.820235 -4.958276 
31.040815 -3.117880 -5.139796 
30.542720 -4.080474 -2.607491 
