13.030028 -9.456930 22.870749 
14.002428 -9.389694 22.432610 
14.835133 -9.063073 22.795443 
14.997782 -9.948388 22.297923 
14.980700 -10.998633 22.294777 
15.747396 -10.839988 22.936037 
16.303386 -10.329418 23.560495 
15.774646 -9.466343 23.768974 
15.791287 -8.460699 23.625719 
16.412596 -8.091747 22.900218 
15.653737 -7.988340 22.291046 
14.907913 -8.532283 21.951611 
14.257054 -7.747877 22.049280 
13.464694 -8.432018 21.801661 
13.992987 -8.919706 20.976779 
14.768099 -9.512688 21.268197 
14.813367 -8.645262 20.425465 
14.916344 -8.160926 19.508601 
14.356223 -7.597427 20.246066 
13.491729 -8.185239 20.009865 
13.506804 -8.358700 18.928942 
13.686864 -7.675385 18.230661 
13.374729 -6.813009 17.841707 
13.754805 -6.965272 16.972212 
14.167212 -7.695566 16.411973 
13.405608 -8.009301 17.033467 
14.354721 -8.339682 17.442226 
14.404825 -9.299819 17.134934 
14.799954 -9.745038 16.241771 
15.237281 -10.185832 16.953031 
15.589098 -10.251699 17.931752 
15.627259 -9.881301 18.855389 
16.472212 -9.566238 18.270926 
17.007592 -9.694087 17.363326 
17.752682 -10.186506 16.797618 
17.749602 -9.975481 15.754519 
16.950438 -9.356559 15.519103 
16.410973 -8.421759 15.538903 
16.628236 -7.505000 14.964053 
15.769180 -7.512639 14.221161 
16.542454 -7.007048 13.835848 
17.478773 -7.399890 13.587054 
16.955938 -6.981116 12.807044 
17.078138 -6.124074 13.426772 
16.524714 -6.172643 12.497418 
15.892597 -5.291403 12.450616 
15.443231 -5.496483 13.357831 
14.518109 -6.073100 13.433005 
14.488695 -6.893019 12.742051 
15.150516 -7.540236 13.124064 
15.092053 -8.399474 12.627652 
14.540786 -8.490686 11.628488 
15.158016 -9.050789 11.173711 
14.918812 -10.014472 11.538765 
14.149556 -9.459395 12.219610 
13.326349 -8.892121 11.978916 
12.971744 -8.987822 12.885332 
13.415786 -8.034526 13.055588 
12.575092 -7.573792 12.426924 
12.688845 -7.295975 13.369743 
12.958237 -6.277966 13.326239 
13.721333 -6.752190 13.796019 
13.020691 -6.836764 14.514951 
13.529439 -6.287185 15.085887 
13.662379 -7.205834 15.210148 
14.383409 -7.445154 14.479193 
14.228392 -8.104107 13.733941 
14.803278 -8.365518 14.448820 
14.206254 -8.599011 15.078655 
14.873060 -9.364540 15.324370 
14.352559 -9.382762 14.462653 
13.680044 -9.827994 15.063293 
13.647938 -9.264021 16.030174 
12.609837 -9.628221 15.612958 
12.784123 -11.280201 15.171912 
13.185604 -10.404566 14.374314 
13.154716 -9.314429 14.145467 
13.038327 -8.629051 14.857419 
12.021127 -8.451034 15.120082 
11.846763 -7.542634 14.699886 
11.657550 -6.852837 15.410444 
12.065343 -6.258478 16.243663 
12.529750 -7.057525 16.740345 
12.081087 -8.092288 16.646943 
13.368902 -9.023632 17.075875 
12.871711 -9.505685 17.938206 
11.932716 -9.473148 18.116820 
11.983074 -10.423429 18.615326 
8.975077 -11.598292 20.583388 
6.931390 -11.225717 22.693542 
4.963843 -11.141364 21.152420 
4.479075 -11.893543 21.255129 
4.129852 -11.691973 20.325198 
3.536112 -11.981665 19.327226 
3.171339 -12.718378 19.884599 
4.010328 -12.684828 20.447051 
4.611093 -13.316445 20.983021 
4.023201 -13.822611 20.363045 
5.038647 -14.169339 20.479456 
8.105215 -12.644472 18.361443 
10.485775 -7.899804 17.766119 
11.293865 -4.562102 18.443188 
8.033652 -7.204594 16.230709 
6.408509 -5.015523 13.137996 
5.985854 -5.926713 12.753954 
5.393828 -6.460931 13.267097 
4.864414 -6.357453 14.234902 
5.715372 -6.520292 18.288294 
4.670380 -5.606679 21.686829 
4.189248 -7.258464 20.656451 
3.432977 -8.826021 20.809979 
4.249324 -9.798934 20.615836 
4.978284 -9.522449 19.926938 
4.594387 -8.669147 18.604404 
4.922599 -8.065599 19.317390 
5.012153 -7.838107 20.777488 
4.193872 -9.346898 22.055404 
3.383284 -9.760818 22.686140 
2.312485 -9.156615 23.548100 
0.011070 -8.571131 24.656606 
-0.816818 -8.641459 26.403346 
-1.254404 -8.021800 25.799758 
-0.636108 -7.101176 26.241575 
0.028369 -6.598378 26.908279 
0.435411 -7.752843 26.528407 
0.631198 -7.354881 25.642024 
1.179603 -6.943183 24.909417 
0.942580 -6.195247 25.512683 
0.928427 -5.923840 24.465546 
0.438965 -5.336589 23.283841 
1.394209 -7.413093 20.206912 
4.430385 -8.698007 15.771824 
2.431698 -6.839998 16.694297 
1.368707 -7.540669 16.906510 
3.176934 -8.268645 18.051667 
2.007871 -7.557266 19.522668 
1.612265 -6.233112 20.799232 
0.887691 -7.075982 21.653086 
-0.351602 -7.742806 20.658413 
0.588843 -8.210541 21.068408 
0.009230 -8.113349 19.682096 
0.282150 -7.320193 19.097960 
-0.076389 -7.464068 18.122472 
0.924060 -7.678089 18.237206 
0.757917 -8.713421 18.269169 
0.372890 -9.694729 17.976347 
1.282382 -9.489403 17.622646 
1.948276 -9.694148 18.425755 
2.895639 -10.626505 18.859775 
2.595913 -11.428952 19.289272 
1.857857 -11.125720 20.017940 
1.508187 -10.301119 20.520552 
2.434177 -9.801290 20.359707 
3.156922 -10.362372 19.992712 
3.986553 -10.854920 19.791334 
3.217303 -11.172657 20.701227 
3.561249 -10.812536 22.230608 
2.521320 -10.474781 22.286132 
2.769426 -11.360437 22.044562 
1.970243 -11.086511 21.305851 
2.408061 -11.901564 21.059358 
1.006639 -12.429251 20.868738 
1.307059 -12.832144 21.743764 
1.531905 -13.857539 21.274384 
3.589237 -14.417683 19.337241 
5.515649 -11.746773 17.044483 
7.929311 -10.391889 14.897399 
8.593212 -9.967334 15.582025 
8.153172 -9.069373 15.969226 
7.895599 -8.870898 15.101629 
8.661667 -9.237709 14.521438 
9.103360 -8.579947 15.310565 
9.989534 -7.580485 14.863717 
10.748350 -7.149383 15.364218 
10.209001 -7.248437 16.243025 
10.369186 -8.339952 15.971897 
11.217442 -8.717942 15.778375 
10.504395 -9.105377 15.094387 
10.428482 -9.650330 15.949559 
9.150028 -9.315424 16.795863 
8.444829 -9.228790 17.889924 
7.426751 -9.680893 17.717579 
7.661209 -10.635618 18.046308 
8.716116 -10.364309 17.821438 
8.391869 -10.952261 18.648519 
7.150817 -9.821342 20.363282 
6.423090 -9.596019 19.901093 
6.536291 -11.061143 20.525498 
7.266129 -11.685663 20.502229 
6.809353 -12.329546 21.137194 
6.043598 -12.653726 19.332709 
8.458353 -12.299850 18.562775 
8.590029 -13.349521 18.655953 
8.726157 -14.326251 18.790661 
8.493360 -13.003492 16.413629 
