-23.635590 4.726340 -1.142253 
-23.421139 5.686390 -1.074093 
-23.474326 6.344797 -2.071993 
-23.279814 6.932305 -1.261165 
-23.772138 7.792388 -1.103364 
-23.926165 7.956832 -0.014447 
-23.793213 7.900824 1.003185 
-23.871605 7.151225 1.747158 
-24.560586 6.359103 2.000349 
-25.371819 5.750653 1.628497 
-25.343564 4.990418 0.867507 
-25.491488 5.426025 -0.014746 
-25.691503 6.063075 -0.880753 
-25.568614 5.411862 -1.621580 
-25.265049 5.217354 -2.630958 
-26.186985 5.499003 -2.304842 
-26.248167 5.496868 -3.345055 
-26.921127 4.711307 -3.275709 
-27.292171 5.261879 -4.065408 
-27.238822 4.307736 -4.523720 
-26.609513 4.074371 -5.406707 
-26.842934 4.515263 -6.366648 
-26.762648 5.055612 -7.253705 
-27.313642 4.852727 -8.056837 
-27.925376 4.664321 -7.185162 
-27.403304 3.946795 -7.586218 
-27.411048 3.665260 -8.518039 
-27.168346 4.180048 -9.433939 
-26.452685 3.539901 -9.405241 
-25.552826 2.955907 -9.904760 
-25.497522 1.935250 -10.132079 
-24.374675 1.915408 -10.504007 
-23.761348 1.890274 -11.413276 
-23.932569 2.459306 -12.223177 
-23.215730 2.610795 -12.950914 
-23.594345 2.070836 -13.800421 
-23.904739 1.773057 -14.745038 
-23.317818 1.329033 -15.546243 
-23.955707 0.592609 -15.657133 
-24.462505 1.433409 -16.002422 
-25.172315 0.742478 -15.988832 
-25.583409 -0.131937 -16.087748 
-25.609195 -0.580021 -16.939778 
-26.498938 -0.598023 -17.425896 
-26.247634 -1.520300 -17.819767 
-26.093512 -1.807685 -16.829437 
-25.955223 -1.478907 -15.784408 
-26.034238 -2.101835 -15.025035 
-25.787393 -2.978125 -14.404799 
-26.364611 -3.278627 -13.655899 
-26.834922 -2.402588 -13.633296 
-27.199494 -2.059080 -12.820524 
-27.009999 -2.731796 -12.123663 
-27.130092 -3.321768 -11.295635 
-26.216585 -2.852804 -11.153507 
-26.573433 -2.270885 -10.243737 
-26.390067 -1.653262 -9.438420 
-26.768175 -2.080218 -8.591128 
-27.249213 -2.305129 -7.625684 
-26.592769 -2.528729 -6.852349 
-26.988885 -2.213355 -5.815561 
-26.782008 -1.071189 -5.620634 
-26.057400 -0.682726 -6.191852 
-25.752808 0.220136 -6.820898 
-24.889881 0.750050 -7.056193 
-24.116364 1.259499 -7.748884 
-23.332031 1.254869 -7.100253 
-24.005531 1.871181 -6.679172 
-24.498433 2.137335 -5.777840 
-25.393896 2.563000 -5.363718 
-25.739515 2.650062 -4.391320 
-26.447790 2.470414 -3.606029 
-26.853841 3.385712 -3.548483 
-25.837951 3.477050 -3.396844 
-24.441979 2.872940 -0.417250 
-25.734479 1.078427 -1.101839 
-25.271884 1.791440 -1.602926 
-25.645872 2.747753 -1.817088 
-24.911171 3.340160 -1.875449 
-24.315433 4.188308 -2.254370 
-24.150837 5.159067 -2.727912 
-24.439979 5.262892 -3.613067 
-23.831950 6.151131 -3.818973 
-22.857447 6.388651 -3.161377 
-22.761558 7.782698 -3.167023 
-21.717170 7.944393 -3.200372 
-22.275572 8.550408 -4.000179 
-23.214046 8.437217 -4.440000 
-23.159578 6.719626 -7.384482 
-23.655802 4.596866 -4.689606 
-24.534971 2.562305 -3.596451 
-25.401181 1.367001 -3.865902 
-25.491985 1.542782 -4.909092 
-25.800121 1.178969 -5.874905 
-26.261089 1.179637 -6.793452 
-26.275577 0.656960 -7.606214 
-25.394957 1.285576 -7.689025 
-25.337003 0.301279 -8.040119 
-25.210488 -0.634409 -7.678857 
-22.948803 2.651022 -7.871042 
-22.556715 2.788193 -8.701343 
-23.591056 1.573370 -5.480217 
-25.209906 2.476178 -0.708668 
-25.994368 3.848648 -0.274774 
-25.832987 3.151918 -0.879502 
-24.946193 2.735097 -0.417643 
-24.037388 2.398837 -0.458838 
-22.722473 5.142191 -3.353265 
-25.771073 6.623454 -4.549866 
-25.326671 5.895247 -5.610195 
-24.558019 5.071008 -6.322716 
-23.948626 3.913085 -5.827594 
-22.972668 4.147197 -5.636980 
-22.464835 4.374240 -4.559385 
-23.463457 4.958407 -3.778309 
-22.583375 5.978470 -2.285162 
-23.222535 8.327375 -2.785734 
-23.453634 7.420548 -4.311726 
-21.953503 7.994842 -4.782537 
-20.483465 9.474131 -4.634711 
-19.515101 10.538089 -4.974854 
-18.533707 10.184994 -4.838955 
-17.415218 9.952702 -4.963276 
-16.862848 10.164224 -4.261454 
-16.614970 10.143032 -3.245019 
-15.656547 10.129989 -2.968871 
-16.188481 10.606986 -2.140455 
-16.555234 11.429280 -2.603143 
-16.228047 12.006749 -1.894501 
-17.016517 11.712179 -1.029907 
-18.027468 8.673855 -3.551492 
-16.935089 10.820887 -9.285763 
-15.914499 14.076387 -11.148259 
-15.919467 15.291155 -11.641405 
-15.364065 17.090023 -11.207865 
-13.853233 16.947383 -12.016011 
-12.893903 16.268306 -13.790578 
-12.430777 17.277506 -14.646186 
-13.687911 17.780508 -15.118730 
-14.456884 17.182910 -15.251094 
-15.068236 16.748788 -13.961476 
-14.929697 16.256815 -12.794271 
-14.756195 15.199352 -12.524948 
-13.803311 15.152121 -12.405642 
-13.689782 15.106827 -11.438325 
-13.077604 15.702593 -11.951200 
-12.251785 16.036404 -11.427931 
-12.409140 17.201651 -12.312234 
-13.573498 17.823812 -12.121468 
-13.947395 16.942488 -12.664444 
-13.880440 16.050858 -13.202008 
-13.404772 15.257732 -13.603853 
-12.732128 14.645757 -14.029771 
-13.346364 13.775716 -14.178610 
-14.138578 13.103424 -13.971340 
-13.035834 12.294688 -14.672508 
-12.842100 12.437780 -15.953935 
-13.134386 11.419640 -16.284017 
-13.241831 10.432701 -16.673111 
-14.093656 10.777035 -15.979405 
-14.670076 10.154291 -15.487865 
-15.699668 10.573114 -14.735219 
-15.387617 11.616034 -13.930231 
-14.705326 12.445006 -14.203276 
-14.454101 11.159341 -13.330258 
-17.166523 7.414995 -14.144778 
-15.605805 9.208010 -16.040189 
-15.454751 10.347856 -16.236222 
-15.401337 11.177325 -15.546246 
-14.516856 10.987678 -15.001725 
-14.465623 10.052373 -14.453097 
-14.422448 10.905127 -13.801757 
-14.837635 11.830721 -12.834950 
-14.486853 12.567055 -12.373768 
-14.642373 12.370962 -11.372122 
-14.697746 13.370515 -11.384055 
-14.774940 14.384616 -11.216177 
-13.876711 14.429412 -10.635430 
-14.814621 14.696155 -10.234985 
-16.212844 14.155950 -10.143256 
-16.390745 13.376050 -9.766338 
-17.403805 13.450482 -10.238613 
-17.542034 12.798425 -11.027303 
-18.193732 12.335075 -10.457112 
-18.416073 11.327041 -10.254006 
-20.178061 9.090971 -12.339384 
-19.999766 7.412340 -13.572469 
-21.123813 6.789506 -12.853784 
-22.080363 7.030070 -13.815960 
-23.036426 6.570865 -13.788167 
-24.525055 5.534750 -12.152141 
-23.294519 4.437178 -11.542261 
-23.385502 3.553767 -11.418610 
-23.446338 3.970841 -10.514214 
-22.632023 1.801811 -11.476800 
