-15.988726 5.279760 -22.721503 
-15.277364 4.564026 -23.043894 
-15.742596 3.589035 -23.411669 
-15.875686 3.680406 -22.351302 
-15.909600 2.873749 -21.673025 
-16.769380 3.392183 -21.913931 
-16.799101 2.961166 -21.042656 
-16.941430 2.992053 -19.936905 
-16.907089 4.096988 -19.700794 
-15.941532 4.160396 -19.149335 
-15.018593 3.907023 -19.390998 
-14.526971 3.475402 -18.329599 
-14.092757 3.886162 -17.505304 
-13.866133 4.342560 -18.308963 
-13.501493 5.255490 -17.857165 
-14.302226 5.040623 -17.442212 
-14.344019 6.095004 -17.590456 
-15.258359 6.542888 -17.141515 
-16.162734 6.598794 -17.489100 
-16.903774 6.651116 -16.852957 
-17.931572 6.755828 -16.396594 
-17.829862 7.653871 -16.046114 
-18.300513 8.000253 -15.143273 
-17.696121 8.986414 -15.460872 
-17.567292 8.505161 -14.572606 
-18.041381 8.494048 -13.737724 
-18.615559 8.180973 -13.087342 
-18.771982 8.138031 -12.056405 
-19.238588 7.647286 -11.363370 
-19.533331 7.946155 -10.343523 
-20.394692 8.559980 -10.303799 
-20.121396 8.220303 -11.269810 
-20.616925 7.523906 -11.853390 
-21.140600 7.521410 -10.967885 
-21.004100 6.826391 -10.138802 
-21.512034 6.524293 -10.926824 
-22.174164 6.199076 -10.124258 
-21.952266 6.881912 -9.389733 
-22.546952 6.553556 -8.756670 
-23.219757 6.007508 -8.136786 
-23.706264 5.198998 -8.491388 
-24.167201 4.169198 -8.510428 
-24.056721 3.553116 -9.367155 
-24.467315 2.821388 -9.823891 
-24.285663 1.855677 -9.407688 
-23.796945 1.082333 -9.927186 
-23.042559 1.546531 -10.266392 
-23.081352 0.743262 -10.923563 
-22.104301 0.384278 -11.253821 
-21.893065 1.324470 -11.676436 
-21.409347 1.919526 -12.481293 
-22.151890 1.321039 -13.025736 
-22.340766 2.315053 -13.602188 
-22.884506 2.630099 -14.417394 
-22.881018 2.901877 -15.411261 
-23.773687 3.259854 -15.114497 
-23.501652 3.709351 -15.963534 
-22.664470 3.218767 -16.325757 
-23.568366 2.705869 -16.269024 
-23.644651 1.757951 -16.565637 
-23.662066 1.711703 -17.553504 
-23.522550 0.599829 -17.315016 
-22.584238 0.576547 -17.424433 
-22.952651 -0.384683 -17.267591 
-22.608122 -0.311913 -18.240911 
-22.927999 -0.713069 -19.098409 
-22.363039 -1.655206 -18.783628 
-22.372847 -2.550993 -18.836683 
-22.329729 -2.148536 -17.857512 
-22.252301 -3.005446 -17.250384 
-22.683321 -2.428355 -16.623073 
-22.739694 -3.255087 -15.936659 
-23.014630 -2.760261 -15.102942 
-24.053987 -2.698162 -15.111357 
-25.811650 -2.020550 -16.136867 
-26.429393 0.114813 -13.543924 
-26.162910 -0.903158 -13.411813 
-26.742319 -1.162847 -12.678288 
-25.929820 -0.552092 -12.545077 
-25.830625 -0.993358 -11.504668 
-26.713425 -1.126697 -10.853257 
-26.805644 -0.199227 -10.429224 
-25.918245 -0.152288 -10.876204 
-24.822958 -0.063006 -10.332139 
-24.426919 0.867865 -11.179514 
-23.777979 0.379039 -11.860178 
-23.610418 -0.667427 -12.054135 
-23.012377 -1.095675 -11.499743 
-20.714718 1.197748 -13.578440 
-21.999458 0.563202 -15.761925 
-21.942995 -1.479303 -16.284745 
-21.859116 -2.625311 -15.371381 
-21.538724 -1.812500 -14.805662 
-20.710929 -1.379784 -14.276045 
-21.709557 -1.215729 -13.970080 
-21.842150 -0.157235 -14.236848 
-21.914393 0.878473 -14.158484 
-22.634900 1.094805 -14.912025 
-23.297963 0.317554 -14.820625 
-25.103408 -3.333092 -16.107390 
-25.023134 -7.821708 -19.402064 
-26.683965 -8.236347 -20.834086 
-26.709399 -9.747969 -19.296673 
-27.512914 -10.308320 -15.620025 
-27.835953 -9.948998 -14.744019 
-28.528721 -10.705340 -14.946082 
-27.926861 -10.925050 -14.005414 
-29.741490 -10.084719 -10.529266 
-31.569989 -8.788087 -10.915628 
-30.475767 -9.346833 -11.466330 
-29.649517 -9.662275 -13.115664 
-30.301286 -10.419851 -13.159596 
-30.046963 -11.433839 -12.963419 
-29.460294 -10.924136 -12.281927 
-29.053907 -10.907061 -11.488529 
-29.338942 -9.254006 -9.792741 
-28.481630 -6.110940 -8.316830 
-28.096732 -4.515702 -6.547382 
-28.105817 -3.458095 -6.396822 
-26.350903 -3.091441 -5.141977 
-27.113117 -2.075444 -3.052983 
-26.267480 -2.505250 -2.788406 
-26.134340 -1.640686 -2.380359 
-26.290684 -1.078400 -3.533589 
-25.776499 -2.249847 -3.688938 
-25.183221 -2.500457 -2.867070 
-25.542796 -3.446793 -2.770012 
-25.493891 -3.488096 -3.778773 
-26.328804 -3.047130 -3.629296 
-26.707663 -4.020455 -4.416595 
-31.586182 -6.377090 -2.255425 
-32.322109 -9.894947 -0.845023 
-33.812487 -9.714754 -1.548281 
-32.476209 -8.578162 -2.756657 
-32.756849 -7.983387 -3.906083 
-33.229861 -8.743757 -5.011945 
-32.316541 -9.377501 -6.459053 
-32.181603 -8.122769 -6.854387 
-30.564229 -7.892304 -7.413006 
-30.672633 -7.272817 -6.601295 
-29.430006 -7.041134 -7.352491 
-29.311561 -5.926856 -7.786611 
-29.854023 -5.571934 -8.501371 
-29.467148 -4.616535 -8.481995 
-28.755914 -3.934110 -8.790572 
-28.421777 -4.779115 -8.471477 
-27.936131 -4.383034 -9.304561 
-27.039490 -4.442106 -10.530284 
-27.342269 -4.412984 -11.951619 
-27.269160 -4.547066 -13.071759 
-26.285984 -4.241240 -12.580759 
-25.321036 -4.378528 -12.450711 
-25.570487 -3.424277 -12.714289 
-24.692786 -3.203544 -12.224159 
-25.426721 -2.544216 -12.093392 
-25.755843 -2.238574 -13.333943 
-25.424737 -1.562458 -12.731909 
-25.029563 -0.877164 -13.351425 
-24.662441 -0.852393 -12.367951 
-25.265383 -0.149068 -11.864689 
-25.788615 0.460996 -12.529798 
-25.706501 1.157280 -11.367548 
-26.126448 0.567801 -10.382176 
-27.438038 1.221019 -10.858791 
-25.414179 -0.406179 -9.847638 
-24.634918 -3.438597 -10.295545 
-24.093474 -4.074603 -11.451691 
-23.587222 -4.324303 -12.308701 
-24.322112 -4.261209 -13.020687 
-23.401979 -3.659374 -13.117793 
-23.232925 -2.669732 -13.380854 
-22.787744 -2.747622 -12.492315 
-22.273954 -3.477745 -12.547305 
-21.502654 -4.328821 -11.933567 
-20.710194 -4.304368 -12.703877 
-19.608196 -4.407267 -12.405978 
-20.006963 -3.419028 -12.288492 
-20.548203 -3.048966 -12.964538 
-20.070711 -3.874831 -13.460095 
-20.597985 -4.892246 -13.845170 
-20.465012 -5.342012 -14.869319 
-20.978193 -6.082977 -15.422417 
-21.521274 -6.888926 -15.635742 
-22.156303 -7.460695 -15.071324 
-22.121368 -6.673893 -14.383950 
-22.999699 -3.403270 -14.682930 
-20.379149 -0.366470 -14.878185 
-19.714781 -1.181508 -16.369200 
-19.002371 -2.453009 -15.765379 
-18.115563 -1.846741 -15.619192 
-18.896999 -0.151059 -16.141570 
-19.041628 -1.484881 -18.111454 
-19.274476 -2.518525 -18.189689 
-20.198642 -2.557167 -18.324318 
-22.349007 -4.139781 -15.092358 
