-24.366698 3.931142 6.312808 
-23.457106 4.311737 6.362475 
-23.602111 4.771770 5.340037 
-24.084756 5.630431 4.804128 
-23.895668 6.148733 3.930476 
-24.870348 5.608541 3.719669 
-25.541525 6.293260 4.204872 
-25.107341 6.601498 3.324479 
-24.874149 7.377001 2.544023 
-25.000081 8.354377 2.938316 
-25.671338 8.791691 3.670955 
-25.029869 9.532713 3.674744 
-24.087121 9.206372 3.810451 
-23.402168 8.445572 3.897064 
-22.668724 7.996248 4.532069 
-21.833347 7.599017 4.726843 
-21.410947 8.425290 4.367023 
-21.622975 7.567562 3.820630 
-21.840312 8.096557 2.957173 
-21.678645 7.966993 1.918025 
-20.706994 7.664352 1.619554 
-20.520660 6.648115 1.594582 
-21.274747 5.921397 1.925828 
-22.256425 5.635770 1.627349 
-22.674376 6.546309 1.290109 
-22.472983 7.473126 0.780187 
-22.854421 7.637005 1.704836 
-22.837787 8.707059 1.916185 
-22.973516 9.243309 2.760962 
-22.163182 9.651644 3.322144 
-22.565242 9.096407 4.034767 
-22.198641 9.704666 4.756497 
-21.229689 9.701501 5.182091 
-21.507157 10.026265 6.128245 
-21.740597 9.767637 7.065980 
-21.593570 8.693578 7.009549 
-20.622833 8.903111 7.159877 
-20.516486 9.860171 7.247351 
-19.795926 10.581152 6.950036 
-20.015077 11.151268 7.829105 
-20.527423 10.662137 8.730471 
-20.983665 9.823176 8.942468 
-21.681641 9.357399 8.472648 
-22.331620 8.637606 8.444599 
-22.886635 9.319871 7.960111 
-23.089351 8.317856 8.051215 
-22.680391 8.001084 7.093638 
-23.122888 7.094232 7.028317 
-23.420977 6.762335 6.088783 
-22.576978 7.188316 5.673158 
-23.348405 7.433051 4.974375 
-23.347248 6.404256 5.173648 
-22.373612 5.953128 5.261583 
-22.283548 5.253358 4.504001 
-22.099430 6.259811 4.300336 
-22.196557 6.759277 3.454980 
-22.053031 5.949948 2.659917 
-22.959310 5.974893 2.189014 
-23.818930 5.899139 1.548619 
-24.408752 6.170785 0.568297 
-25.232773 6.689472 0.410236 
-25.593830 7.583922 0.953624 
-25.503055 7.003988 1.776145 
-26.442700 6.650477 1.546974 
-27.174676 5.984454 2.052423 
-26.221815 5.548418 2.462426 
-25.526647 5.065205 3.018382 
-25.828536 4.502205 3.751745 
-25.391259 4.074920 2.854293 
-24.437235 3.952537 2.619553 
-24.731428 4.473293 3.383911 
-23.886101 4.238615 3.996124 
-23.510646 4.186155 2.961900 
-23.753998 5.092418 2.540390 
-24.736032 5.897647 4.668450 
-26.932592 2.946926 4.558822 
-26.603678 2.321394 3.852204 
-26.830937 1.419727 3.495324 
-27.238024 0.552176 3.149289 
-27.458479 1.087243 2.212444 
-27.638621 0.931175 1.150923 
-27.912390 0.577276 0.235262 
-27.656516 -0.366488 -0.342574 
-28.025505 0.339868 -0.916277 
-28.937141 -0.350259 -0.031804 
-28.982635 -0.704673 0.935793 
-28.640824 -0.791816 1.952307 
-27.719451 -0.120653 1.984093 
-31.098428 -1.270656 0.967504 
-33.434923 -5.414378 0.602009 
-34.549720 -5.321170 1.807539 
-33.368420 -5.113618 2.586273 
-33.128276 -5.464042 3.578001 
-32.297709 -5.122861 3.236743 
-32.282184 -4.160476 3.552405 
-32.724873 -3.633956 2.725034 
-33.374801 -3.267710 2.148737 
-34.285713 -3.584819 1.937408 
-33.481998 -3.789630 1.215514 
-30.047930 -1.594205 -0.379596 
-30.805968 -1.684305 -2.455245 
-30.865610 -3.762142 -2.069567 
-31.811967 -4.297889 -3.403533 
-33.658822 -2.311818 -1.307547 
-34.420247 -2.598706 -0.751996 
-35.414215 -2.564861 -0.679172 
-35.229650 -3.309871 -0.048481 
-34.080576 -1.288060 -2.007632 
-34.060228 -1.153379 -1.119914 
-32.976359 -0.988795 -1.744781 
-32.542771 -0.494670 -3.202365 
-31.909238 0.532483 -2.633835 
-32.341083 0.107243 -1.791189 
-31.195870 0.366381 -1.085498 
-31.942230 0.327695 0.017589 
-31.051060 0.225644 0.791391 
-29.791491 2.533981 -0.290358 
-29.841960 3.294654 0.524685 
-29.987362 2.509263 1.789312 
-29.106251 2.082644 4.143767 
-28.652336 1.974320 5.634827 
-28.845260 2.374829 6.479472 
-29.718863 2.976287 6.141069 
-30.389419 2.411322 6.488983 
-29.825449 3.577464 6.938244 
-30.243936 4.147080 7.683942 
-30.957121 3.551481 7.000657 
-31.074476 3.080521 7.964626 
-31.150797 2.660681 8.973212 
-31.116508 1.675082 8.191197 
-32.213759 2.080839 5.918690 
-31.882880 -1.568779 6.820325 
-31.717102 -2.196252 6.656394 
-32.766190 -2.433857 7.375619 
-32.957847 -2.142638 9.769793 
-32.043056 -0.595145 9.506163 
-31.936591 1.371625 8.461352 
-32.261659 2.905445 8.739194 
-31.574872 4.208732 8.813349 
-31.928372 4.062747 7.899199 
-31.432354 4.781871 7.565332 
-30.830411 5.551211 8.163307 
-30.219871 5.614025 7.380925 
-29.606670 6.331138 6.904552 
-28.641562 6.224555 7.356721 
-27.454993 6.256450 7.270596 
-26.598887 6.183624 7.856808 
-26.543720 7.665264 7.746125 
-27.398736 8.807742 8.109211 
-28.362344 8.565437 8.442738 
-28.777543 9.496417 8.948433 
-29.698291 9.436200 9.229369 
-29.628605 8.460340 8.803256 
-29.593560 8.103816 7.866483 
-29.372241 7.412306 7.092012 
-28.744287 7.192826 6.411092 
-28.121170 6.883555 5.600789 
-27.745483 7.553028 4.939770 
-28.019820 6.599254 4.597731 
-28.989298 6.756757 4.799820 
-29.463394 6.316575 5.735309 
-30.133318 5.560069 4.919035 
-29.230596 4.749761 4.578150 
-29.334440 4.411959 5.818056 
-31.223733 3.201112 4.226162 
-32.352215 1.058579 3.161764 
-33.031013 -0.987354 3.317309 
-32.908597 -0.996923 2.422565 
-33.304669 -1.761996 1.962544 
-33.091721 -1.816027 1.010538 
-33.236638 -0.778356 0.783575 
-33.697358 0.018253 1.427099 
-34.354129 -0.975670 1.495467 
-34.317105 -2.239508 1.331429 
-34.882236 -1.811657 2.083434 
-34.137484 -2.406429 2.386509 
-33.807379 -2.190554 3.407047 
-34.912520 -1.989816 3.322114 
-34.726840 -1.340836 4.070005 
-33.448727 -1.512616 4.418120 
-33.190976 -0.967891 5.394694 
-34.232527 -0.984300 5.366468 
-33.554403 -0.264149 5.923900 
-34.262110 0.395225 5.414802 
-34.242564 1.025123 6.199756 
-32.170874 0.781290 9.131728 
-30.711402 1.153996 9.822149 
-30.840421 1.742603 10.724151 
-31.737098 2.167541 10.764839 
-31.081947 3.083288 10.505297 
-30.394730 4.213375 12.686370 
-30.481737 6.049846 12.686473 
-31.436119 6.042155 13.014847 
-30.879115 6.970952 13.041639 
-28.960343 8.143832 11.219490 
