-14.521151 2.149032 -25.152629 
-14.361329 1.142875 -25.432216 
-13.853968 0.810015 -24.526875 
-13.553823 -0.108742 -24.380109 
-13.239437 -1.080530 -25.033915 
-12.457464 -1.621169 -25.416342 
-12.676299 -2.586317 -25.857282 
-11.675771 -2.348388 -25.766636 
-11.450104 -1.336098 -25.857969 
-10.865705 -0.498956 -25.912095 
-11.219075 -0.655317 -26.867290 
-11.006098 0.246095 -27.359328 
-10.193132 0.664696 -28.045301 
-9.457862 0.267494 -28.570622 
-8.555232 0.213621 -28.266496 
-7.784317 0.709105 -27.865993 
-7.643125 1.351940 -27.146606 
-7.099291 1.642687 -26.294615 
-6.289846 2.042549 -26.719334 
-6.931621 2.651115 -27.339396 
-7.138251 3.710716 -27.381766 
-7.680077 4.464002 -27.804056 
-7.812424 4.356042 -26.731407 
-7.252440 5.309388 -27.075885 
-7.288394 5.948084 -26.352071 
-7.168437 6.977401 -26.383621 
-6.820973 8.136492 -26.142516 
-7.449820 8.645432 -25.571268 
-7.319310 9.505606 -26.171119 
-7.298538 9.169964 -27.057841 
-8.295193 9.543208 -26.951407 
-8.743413 10.313326 -26.341508 
-9.338791 11.213198 -26.418179 
-8.856132 11.291632 -27.321380 
-7.980060 11.706316 -27.222724 
-7.413880 12.171588 -27.985495 
-6.682048 11.610062 -28.393160 
-7.079210 11.969226 -29.442766 
-8.035790 11.720547 -29.212822 
-8.133391 10.924997 -29.809310 
-7.320752 10.600572 -29.759525 
-6.721017 10.211419 -28.989695 
-5.923517 10.830582 -28.624305 
-6.175327 11.537174 -29.466564 
-5.406420 10.937958 -29.709635 
-4.935809 11.576612 -29.216715 
-5.465911 11.944722 -30.012252 
-6.276518 11.969895 -30.588137 
-6.558375 12.941361 -30.639683 
-5.430397 12.948965 -30.435186 
-5.082451 12.180226 -31.112363 
-4.917935 11.341447 -30.624262 
-4.358005 11.697080 -29.915395 
-3.921879 10.983825 -30.636225 
-3.668849 10.697219 -31.577026 
-4.009077 10.809858 -32.599847 
-3.539892 9.977453 -32.769130 
-2.779079 10.663358 -32.947094 
-2.107241 10.000960 -33.393677 
-1.939752 11.083052 -33.293105 
-2.403369 11.750361 -32.826465 
-3.191180 12.374564 -32.655410 
-3.230138 11.743639 -31.852741 
-4.264826 11.747191 -32.088530 
-5.156184 11.379012 -32.625336 
-5.413593 10.501693 -32.156321 
-5.736846 10.560335 -31.231403 
-6.381628 10.111598 -31.729893 
-5.568456 9.571341 -31.701519 
-6.063907 9.564034 -30.878856 
-6.401227 10.255920 -30.273457 
-6.787230 10.996300 -30.771954 
-7.602792 10.431810 -30.912084 
-8.143715 11.303789 -30.794514 
-10.056889 14.078291 -28.915322 
-8.577420 15.280876 -24.610438 
-8.052497 15.999022 -25.179298 
-7.942951 17.070201 -25.405412 
-8.131621 16.688359 -24.460938 
-8.310080 17.651805 -24.623037 
-7.899675 18.590237 -24.437058 
-7.911047 19.324502 -23.751578 
-7.142149 19.388694 -24.458389 
-6.558747 20.291614 -25.393266 
-5.607479 20.950587 -26.190381 
-6.674785 21.302985 -26.205739 
-6.613025 22.203376 -26.899488 
-5.886461 21.580180 -27.379604 
-7.752000 19.509195 -27.150143 
-6.107882 16.979740 -28.037770 
-5.947290 16.175517 -28.911026 
-5.044131 16.913594 -29.211200 
-4.578055 16.029719 -29.520616 
-4.593544 15.203743 -28.943864 
-4.883928 14.589096 -28.057107 
-4.155835 13.847021 -27.939838 
-4.831883 13.012773 -27.970521 
-4.197496 12.195201 -28.235369 
-3.915398 11.526135 -27.456984 
-6.051802 8.406246 -30.610558 
-9.102685 4.685312 -31.057809 
-8.620273 3.619553 -30.238766 
-9.833151 -0.765011 -27.260719 
-10.321838 -1.492233 -27.389429 
-9.360881 -1.761926 -27.781543 
-9.501708 -0.980295 -28.504303 
-9.286347 -0.505555 -29.478621 
-8.024103 1.351452 -30.068406 
-6.872986 3.343029 -32.477703 
-6.646387 4.713810 -31.679508 
-5.600704 6.260698 -30.965775 
-5.858085 5.892058 -29.803983 
-6.173235 6.063014 -28.897965 
-6.848029 6.846556 -27.993580 
-6.557964 7.679906 -27.506606 
-5.517209 8.989398 -27.166999 
-5.001808 7.694236 -25.545942 
-5.218953 5.492034 -25.067400 
-5.565742 5.746047 -26.764353 
-5.734508 8.486389 -28.123141 
-5.831932 10.606651 -26.087863 
-5.720064 10.650898 -25.077690 
-5.955858 10.076905 -24.267471 
-5.529285 8.949479 -23.617825 
-6.165947 8.822931 -24.339436 
-6.157467 8.076145 -25.048859 
-6.965897 7.548686 -25.247941 
-6.055177 7.094317 -25.480263 
-5.299001 6.733649 -26.167499 
-3.881613 6.585146 -26.537344 
-6.450431 5.134372 -25.674924 
-7.739020 7.041693 -21.837671 
-5.608688 9.494605 -19.688805 
-6.922091 10.607678 -19.167520 
-7.083043 10.714440 -21.138254 
-7.188252 12.286700 -22.269413 
-6.807335 11.687127 -24.024023 
-8.227927 12.015861 -24.388515 
-8.558779 10.916016 -25.081474 
-7.649264 10.451436 -24.792737 
-7.388132 9.794643 -24.984873 
-5.989953 9.543308 -25.293121 
-5.094763 9.782583 -25.659973 
-4.647633 10.351366 -24.916706 
-3.841841 10.987612 -25.127730 
-3.517439 10.435655 -24.282307 
-4.100985 9.742541 -23.718853 
-4.486216 10.581069 -23.420507 
-4.385457 11.590635 -23.727412 
-4.388346 11.571021 -22.629238 
-5.195553 12.403333 -22.515238 
-5.566007 11.897227 -23.394928 
-5.830015 12.065430 -24.233279 
-6.320768 13.037239 -24.193865 
-6.228978 13.813467 -23.297375 
-6.674991 14.176449 -24.112507 
-5.211717 14.360341 -24.191660 
-4.582401 14.546390 -25.271817 
-5.681049 14.549349 -25.100230 
-6.446285 14.221888 -25.595299 
-6.057433 13.257706 -25.439044 
-6.454572 12.168696 -25.254660 
-5.093816 11.803476 -25.416095 
-5.763871 11.765449 -26.486187 
-6.941415 14.760274 -28.325343 
-5.231213 19.120542 -26.499266 
-4.635788 18.824095 -24.835294 
-5.331969 19.625222 -24.589323 
-4.914820 20.570261 -24.681141 
-4.890954 20.463379 -23.674204 
-5.894873 20.689252 -23.409402 
-5.198859 21.149043 -22.680697 
-4.439048 20.458240 -21.882481 
-5.194545 21.080855 -21.349978 
-5.661917 21.603423 -22.083195 
-5.750430 22.219725 -22.885189 
-6.461780 22.281765 -23.588014 
-7.272784 22.786059 -23.298548 
-7.511892 23.322526 -24.122907 
-7.488446 22.515498 -24.688897 
-8.480168 22.110631 -23.626010 
-9.062140 21.298957 -23.846326 
-8.067531 20.935381 -23.585223 
-8.489987 20.572481 -22.684063 
-8.129087 21.523288 -22.264176 
-9.554420 22.022800 -18.505998 
-9.807195 21.368882 -14.808583 
-9.607079 21.196169 -13.355505 
-10.459781 20.718354 -11.898886 
-11.309469 20.150322 -12.130820 
-12.421939 20.391968 -10.402069 
-12.446778 22.713813 -9.332332 
-11.858397 22.792952 -8.509080 
-12.640805 23.362889 -8.406808 
-11.263199 25.845367 -10.276036 
