27.172854 17.735864 7.802292 
26.649068 18.041925 8.599426 
25.982579 17.677965 9.224690 
25.859574 16.924943 9.946082 
25.762158 17.902570 10.058329 
24.920986 18.595522 10.289447 
24.680257 18.156531 9.484971 
23.643649 17.813823 9.605696 
23.734873 17.089040 8.765028 
22.991996 16.518082 8.446675 
22.517272 16.427322 7.582760 
21.819650 15.608503 7.603024 
21.897675 14.860150 8.387049 
21.604962 13.919012 8.799392 
21.186323 13.138552 8.255187 
21.412950 14.028362 7.809635 
20.785643 13.327074 7.341295 
19.931634 13.862679 7.074519 
20.197570 13.783727 6.069836 
20.950042 14.568389 6.177866 
21.798150 15.229248 6.164709 
21.191450 15.881579 5.769688 
21.948021 15.732939 5.046604 
22.816550 16.202988 5.311149 
23.419287 15.836067 6.087161 
24.194584 16.444863 5.926501 
23.288391 17.051965 5.782788 
23.255176 16.647315 6.792181 
22.297338 16.619513 6.349382 
21.425122 17.349909 5.996085 
21.015739 18.480695 6.171600 
21.333306 18.248812 7.119556 
21.209424 17.247627 7.188197 
22.069352 17.281137 7.853614 
21.259298 17.470333 8.376964 
20.170718 17.671954 7.980334 
19.434684 18.363371 8.098952 
20.216978 18.746190 7.620536 
19.508388 18.269231 7.062930 
19.526318 17.293808 6.616153 
20.299995 16.517055 6.956039 
19.718557 15.794351 6.689303 
19.948838 14.861809 6.282764 
19.951480 14.617501 5.157922 
18.998859 14.518033 4.478531 
18.656556 14.859108 5.371936 
18.649402 13.731735 5.164472 
19.266697 12.953144 5.429495 
20.210757 13.078832 5.145792 
20.134531 12.189833 5.574796 
21.105649 12.591666 5.585312 
21.065433 12.438107 4.653807 
20.491578 12.708079 3.902506 
20.067674 12.518201 2.934812 
19.274271 11.720844 3.286946 
18.347365 11.869346 3.701580 
18.071828 11.871907 2.758008 
18.399482 12.185597 1.920181 
17.400846 12.104589 1.613773 
16.533028 12.484251 1.158037 
16.581006 11.395823 1.217480 
16.966777 12.027318 0.261491 
17.371103 11.109050 0.732884 
16.526767 10.677908 0.230043 
16.162404 11.464793 -0.425289 
17.120475 11.324307 -0.886979 
16.667085 12.243454 -1.054704 
17.172712 12.333003 -1.967905 
17.594343 12.397123 -1.015854 
17.306265 12.980064 -0.285498 
18.017145 13.594537 -0.830236 
17.629921 13.925145 -1.719513 
17.066429 14.664749 -1.337179 
16.085912 14.865593 -1.651653 
17.921152 16.463677 0.176353 
18.956912 18.123695 1.144198 
18.267123 17.582608 1.710838 
18.979930 17.099089 2.161149 
19.645532 16.508316 2.793235 
19.411204 16.164185 1.915843 
19.693591 15.429223 2.538999 
18.868196 14.804940 2.657201 
18.635953 14.448144 1.765847 
19.230116 14.449585 0.782501 
18.105852 15.007145 0.788684 
18.362795 14.114549 0.824801 
18.810932 13.671177 -0.149340 
18.971541 12.747456 0.165039 
17.996929 10.830339 1.618926 
15.219670 9.704695 2.624455 
16.104694 9.612177 1.271436 
14.650069 10.908243 0.710358 
15.024194 11.901586 0.865169 
14.474854 12.031605 -0.024776 
14.218297 11.489468 -0.945178 
13.582609 11.556654 -1.765817 
13.760455 12.547176 -1.558381 
14.117431 12.868337 -2.432988 
13.315134 12.395080 -3.033578 
13.536638 12.516732 -3.883642 
15.261116 10.192066 -3.332247 
15.030129 9.879306 -2.906864 
16.042625 8.251936 0.051934 
19.632365 5.885529 0.390344 
19.240986 6.862611 0.705678 
19.733129 7.606381 0.165455 
19.822515 8.305658 -0.680790 
18.115521 7.024139 -2.204866 
18.276768 6.808819 -4.684773 
19.315224 6.637729 -3.453489 
19.699938 7.281974 -3.812328 
19.974751 6.273251 -4.093906 
20.623542 5.634094 -3.642593 
21.614959 5.668126 -3.399916 
21.473533 5.818724 -2.506644 
22.367860 6.298101 -0.362329 
21.288730 6.069620 1.441451 
21.444611 7.049453 0.663257 
20.720180 7.350440 0.602740 
23.221651 8.036135 -0.020586 
23.052918 8.511472 -0.875687 
22.605319 9.458692 -0.582259 
21.762657 9.228130 -1.071314 
20.820418 8.795358 -0.938048 
20.833479 7.795230 -0.698609 
20.640184 8.062521 -1.758718 
20.051147 8.867662 -1.763747 
19.397781 9.791253 -2.000795 
20.026643 9.683846 -2.828847 
20.456534 8.911867 -3.288597 
18.941953 6.952287 -7.061650 
15.957830 5.583341 -11.886776 
16.282179 4.413277 -14.578512 
14.548715 4.051506 -15.818657 
12.955740 5.242333 -16.600695 
12.615703 4.923552 -14.878412 
13.770949 6.209910 -13.504216 
15.039779 5.762185 -14.510556 
15.731800 6.383513 -14.931780 
15.072782 7.091857 -15.244139 
15.395770 7.460154 -14.021447 
15.494110 7.270732 -12.668188 
16.016152 8.100837 -13.080052 
14.982743 8.262640 -13.026075 
14.559769 7.805288 -12.101112 
15.235092 7.988940 -11.325423 
15.493653 6.976290 -11.158882 
16.953358 8.042146 -10.060706 
18.939904 8.428752 -9.885335 
18.554578 8.679346 -8.905295 
17.544114 9.442334 -9.063059 
16.837502 9.146841 -7.978558 
16.617607 10.024211 -7.373807 
15.846217 9.652654 -6.753500 
15.833288 8.901584 -7.433904 
14.944040 8.995727 -6.771501 
14.911765 7.977611 -7.068667 
14.945766 8.488203 -7.888652 
14.033838 8.418746 -8.332239 
13.102761 7.902339 -8.498632 
13.516792 7.035560 -8.285899 
13.005681 6.433624 -9.162143 
13.395900 7.151751 -9.958735 
12.944328 7.914852 -11.389035 
12.248060 6.639618 -13.691264 
10.593076 6.092617 -17.152256 
11.700943 7.413986 -15.265092 
11.818898 8.228927 -14.661532 
11.142443 8.439812 -13.886443 
11.308514 8.977224 -12.985567 
12.099169 9.553161 -13.040214 
11.388599 10.124799 -12.464445 
11.728332 9.400343 -11.735699 
12.993678 8.779357 -11.258693 
13.135913 9.225404 -12.171905 
13.896930 8.933608 -11.584412 
13.865018 9.845193 -11.727440 
13.341105 10.000196 -10.909386 
13.567508 9.976138 -9.944873 
13.357854 9.031590 -10.262680 
13.043889 8.122221 -10.061069 
12.231627 8.591772 -10.440061 
12.628736 8.779053 -9.409228 
13.137673 9.644914 -9.048352 
12.240759 10.008024 -9.209365 
12.217303 10.622189 -11.232976 
12.998165 11.547304 -12.838226 
13.354410 10.863575 -13.012116 
14.029264 10.971303 -14.201067 
13.921007 9.984657 -14.220156 
14.187043 12.718836 -12.825316 
15.319861 15.644914 -12.417762 
15.560904 15.187819 -13.303811 
15.434910 15.344838 -14.281797 
16.746532 12.073544 -11.587822 
