-22.616658 17.126864 13.329662 
-23.652260 17.166120 13.169306 
-23.815617 16.824569 12.071427 
-23.210025 16.029263 12.469963 
-22.645817 15.141525 12.113485 
-21.822501 15.082051 12.647598 
-20.865684 15.073259 12.319667 
-20.375146 16.002405 12.292629 
-19.628380 16.672450 12.296152 
-18.717377 16.743580 12.957654 
-18.366618 17.346363 13.612514 
-18.930159 18.181735 13.249599 
-19.763560 18.262261 12.847075 
-20.616702 17.688466 12.389807 
-20.211992 17.164130 11.635532 
-19.586720 16.482349 10.817795 
-18.716991 16.555255 10.359186 
-19.059250 17.642896 10.366807 
-19.003274 18.675576 10.082587 
-18.646218 18.564444 9.214049 
-19.068697 19.003769 8.446848 
-19.978943 18.603628 8.624800 
-20.784051 19.171535 8.965487 
-20.673806 18.630147 9.823880 
-20.499028 18.650586 10.883431 
-21.350168 18.738191 11.442782 
-21.103205 17.750942 11.252545 
-21.474530 17.452828 10.325514 
-21.402935 16.428163 10.107699 
-21.471069 15.424835 9.847637 
-20.430446 15.093058 9.921560 
-20.703794 15.726506 10.706637 
-19.927732 15.102563 11.010702 
-19.102708 15.501217 11.602340 
-18.705120 15.884422 12.415829 
-19.510773 15.464916 12.556712 
-19.885480 14.826254 13.337372 
-19.575235 15.048905 14.221877 
-19.842260 14.228236 14.991163 
-20.225046 13.202516 15.129295 
-20.771235 13.850227 15.525412 
-21.219585 14.752198 15.776739 
-20.638894 15.202691 15.162900 
-21.637221 15.345438 14.983059 
-21.111119 16.201778 15.457760 
-20.152366 16.213712 15.986672 
-20.369703 16.413909 14.934528 
-20.860103 16.231446 14.124130 
-21.047479 16.607224 13.122974 
-21.626801 17.451421 12.690537 
-22.339745 16.857012 12.308689 
-22.568618 16.684558 11.248847 
-22.287128 15.920918 10.802145 
-21.607543 15.937416 11.604323 
-21.685871 15.077963 11.066879 
-21.616022 14.228391 11.800499 
-20.786728 14.066897 12.516390 
-20.498908 13.001889 12.449321 
-20.093530 12.675304 13.330054 
-19.900647 12.839258 14.186839 
-20.564659 13.683820 14.234563 
-21.303970 13.142390 14.815101 
-21.682627 12.602885 14.130115 
-22.069600 11.750735 13.618782 
-21.608201 11.638003 12.663092 
-20.632221 11.667019 12.271641 
-20.651245 12.260284 11.251733 
-20.106386 13.010509 11.110611 
-20.600807 13.819847 10.584929 
-19.966699 13.804435 9.630013 
-20.491183 13.335770 8.912947 
-21.416049 12.834709 8.777439 
-21.221424 13.225830 9.721876 
-21.894941 13.957357 9.798017 
-22.273623 16.315029 9.392910 
-19.355312 15.704270 8.993683 
-18.316557 15.729472 8.996340 
-18.838369 15.113828 9.614881 
-18.828344 15.368971 10.606825 
-18.339172 14.540059 11.099347 
-17.300154 14.522693 11.204404 
-16.231883 14.634632 11.549169 
-15.817038 14.240677 12.315345 
-16.863507 14.193320 13.069992 
-18.109289 14.005861 13.686864 
-18.934946 13.567593 14.143574 
-18.531354 13.009834 14.890298 
-18.335298 12.757818 13.866349 
-19.934719 10.318633 13.355136 
-19.438099 7.914443 12.742766 
-18.207104 9.463069 11.849585 
-18.094458 9.009571 10.621017 
-18.275391 9.941030 10.517208 
-17.636000 10.641139 10.945833 
-18.362584 11.478961 11.159177 
-18.221639 11.001191 11.970258 
-18.378345 11.570784 12.864609 
-19.413679 11.646901 12.751642 
-19.567499 12.428086 12.080410 
-19.661731 14.473160 9.714233 
-23.574258 18.853074 7.296200 
-21.972499 19.421248 5.778020 
-21.193076 15.450765 6.810642 
-22.676110 11.490712 9.569175 
-23.423636 11.121952 10.252583 
-23.150066 10.812704 11.258368 
-22.203687 10.609442 10.985472 
-18.282698 8.572006 9.761540 
-14.191755 7.535041 10.111532 
-13.390165 7.374601 10.849151 
-13.086780 8.177173 12.104351 
-12.644976 8.706369 12.881507 
-12.601302 7.657563 13.546864 
-11.623293 7.537017 14.757862 
-10.500367 7.403371 15.274418 
-10.066668 7.968715 14.014131 
-9.381497 6.171615 15.543349 
-8.377919 6.160155 14.891130 
-8.568392 4.889575 14.876919 
-9.844707 3.083590 15.251644 
-11.016025 3.763109 14.086618 
-11.969781 3.902941 13.709995 
-12.515521 4.499835 13.069414 
-13.095000 4.076683 13.778890 
-13.544431 4.435623 12.820861 
-13.300690 3.660229 12.218644 
-14.315314 4.146660 12.259507 
-14.847606 3.487755 11.674441 
-14.833072 3.357753 10.619787 
-15.369210 4.123426 10.372467 
-15.423420 3.813175 12.528489 
-10.557642 -2.313600 11.588817 
-8.309853 -3.313228 13.279909 
-6.891018 -2.461049 14.815815 
-8.219729 -3.511679 15.159897 
-9.581224 -3.730969 14.656968 
-11.217209 -5.054659 13.909226 
-12.445294 -6.957867 15.167495 
-13.820434 -8.650857 16.031693 
-14.678380 -7.848475 15.899498 
-15.373007 -7.859587 15.367557 
-14.552690 -6.796093 15.659560 
-14.650414 -5.759678 15.330334 
-15.527212 -6.244176 15.042990 
-16.428034 -5.963032 14.549463 
-15.731021 -5.798414 13.687010 
-16.386824 -5.099799 13.890438 
-14.801214 -4.507931 14.557171 
-14.931410 -3.367357 14.891283 
-14.895287 -3.712895 13.765719 
-15.389897 -2.886902 13.289938 
-16.077811 -1.909149 13.030959 
-16.184268 -0.871009 13.420666 
-15.403079 -0.189279 13.736596 
-15.215260 0.804951 13.613595 
-15.361807 0.470975 12.605696 
-15.299097 1.487094 12.576920 
-16.299437 1.033157 12.261951 
-17.248668 0.845146 12.268586 
-17.567498 0.375420 13.016944 
-17.921911 0.056386 12.157226 
-17.470675 -1.020415 11.500854 
-17.469260 -0.520910 10.272769 
-17.276682 1.049653 10.196993 
-15.984292 3.911970 10.831080 
-12.996735 1.945684 9.662348 
-12.778987 -0.373125 12.600410 
-13.315736 -1.297843 12.431941 
-14.059221 -2.047172 12.805795 
-14.713666 -1.888200 12.003754 
-14.187209 -1.875150 11.134253 
-15.011540 -1.244113 11.140187 
-15.667709 -2.077933 10.791999 
-15.418093 -3.401305 11.049370 
-14.680592 -3.892238 11.617859 
-14.331247 -4.504326 12.446016 
-13.564650 -5.176523 12.337833 
-12.919317 -5.534077 13.196084 
-13.504694 -6.366137 13.254116 
-14.088086 -7.180603 12.948833 
-13.386657 -7.404668 13.554267 
-13.338502 -8.227902 14.319871 
-12.440345 -7.556566 14.199656 
-11.508088 -7.976512 14.642319 
-10.925357 -8.502244 15.342648 
-10.429208 -7.531837 16.604044 
-11.731247 -7.776915 17.556198 
-11.321533 -8.176703 18.227837 
-11.290228 -7.066099 19.182413 
-10.393671 -7.721248 19.053232 
-9.292259 -8.353014 19.519829 
-9.444946 -8.318624 17.632846 
-9.539115 -8.475147 16.590584 
-10.535417 -8.629000 16.663410 
-11.392460 -13.267525 16.089428 
