-14.284202 -10.617547 14.801618 
-14.133308 -11.239927 13.887059 
-14.504852 -12.126062 13.758999 
-14.763848 -11.307598 13.161761 
-13.930339 -11.862006 13.072081 
-14.134912 -11.215744 12.271367 
-14.585865 -12.133253 12.158965 
-14.965278 -12.778922 13.043254 
-14.020492 -13.085221 13.335355 
-13.727669 -13.794775 14.211135 
-14.008794 -14.306632 13.299110 
-13.208403 -14.985150 13.077200 
-12.255457 -15.108059 12.561867 
-12.588774 -16.119628 12.581207 
-12.427451 -15.869058 13.541966 
-12.125562 -15.418473 14.430183 
-11.885754 -14.603822 15.226703 
-12.608254 -14.002963 15.054667 
-12.527351 -14.652579 15.979320 
-13.052738 -14.310446 16.709239 
-13.472614 -15.092383 17.194080 
-12.634603 -15.642269 16.683560 
-13.587958 -16.078656 16.967365 
-13.671452 -16.641821 16.096258 
-14.670676 -16.440956 15.838313 
-15.363613 -16.237282 15.093295 
-14.951194 -16.240280 14.234828 
-15.444442 -17.127508 14.182183 
-15.109157 -17.439764 15.113231 
-15.934936 -17.143236 15.608082 
-16.221898 -18.088417 15.649612 
-16.826790 -18.563976 14.956857 
-15.869976 -18.134536 14.635539 
-15.709404 -18.987431 14.048929 
-16.493899 -19.492226 13.825959 
-15.617236 -19.475956 13.198695 
-15.772737 -20.463157 12.649334 
-15.498376 -20.859846 13.638613 
-14.656995 -21.297867 13.328825 
-14.702402 -20.276874 13.700276 
-14.392137 -20.515745 14.697506 
-14.313334 -19.441844 14.853373 
-14.788066 -19.395051 15.719949 
-14.649929 -18.918690 16.643612 
-14.417836 -19.800926 17.196370 
-13.913085 -20.130077 16.392645 
-12.885093 -19.892819 16.319631 
-11.927368 -20.131128 16.142455 
-11.996505 -19.854828 17.229853 
-11.628660 -18.880452 17.398228 
-10.698935 -18.736165 16.744076 
-10.088411 -18.867594 15.790873 
-9.431734 -18.193549 15.660598 
-8.590185 -18.323897 16.289768 
-8.883536 -19.143246 15.983755 
-9.043870 -19.089577 14.948511 
-9.787711 -19.623365 15.241405 
-10.319063 -20.001165 14.497242 
-11.442409 -19.727248 14.334357 
-11.792645 -18.657728 14.374531 
-12.026415 -19.335970 13.551754 
-12.213367 -19.062662 12.555652 
-12.694401 -18.664092 13.365045 
-12.802780 -17.706614 13.864044 
-13.743579 -17.520319 13.409958 
-12.932900 -16.759155 13.525402 
-12.775580 -16.745710 14.653635 
-13.776468 -16.513376 14.335457 
-14.510563 -16.709722 13.608620 
-14.761616 -15.714307 13.075379 
-14.624394 -15.156463 13.927244 
-15.287728 -14.486644 14.383865 
-15.185293 -13.456584 14.589969 
-16.044270 -13.249012 15.287601 
-19.151889 -10.738013 14.474877 
-23.061703 -12.185105 15.865605 
-23.775457 -12.620785 16.477083 
-24.118566 -12.276958 17.464277 
-23.851048 -11.198892 17.503306 
-24.066266 -10.561196 16.762232 
-23.757073 -10.875507 15.801554 
-24.562505 -11.419347 15.369558 
-24.646986 -10.382298 14.960046 
-23.814794 -9.959630 15.498809 
-23.106787 -9.104274 15.858637 
-22.838823 -9.658116 15.112079 
-22.844080 -10.466201 15.674316 
-22.780446 -11.170280 14.906311 
-21.376108 -8.919573 12.949943 
-21.908133 -7.856668 12.322888 
-22.895101 -8.076670 9.194973 
-24.671016 -8.065054 7.648242 
-25.729541 -8.250667 7.482903 
-26.543891 -8.819972 7.069710 
-27.317306 -9.166303 7.627235 
-27.719350 -10.155145 7.548480 
-28.829491 -10.542084 7.474243 
-28.711876 -9.504547 7.498334 
-29.219912 -9.503153 6.599958 
-28.789662 -7.906317 8.668684 
-28.242044 -5.920043 7.982239 
-27.879132 -3.743382 6.611787 
-23.937264 -3.665623 7.767368 
-22.684920 -4.753038 7.389822 
-23.662432 -4.560754 7.742431 
-24.572712 -5.192378 7.785243 
-25.097504 -4.949683 6.878354 
-27.375796 -4.490636 8.876527 
-27.714101 -2.587086 8.826570 
-26.503501 -2.837954 8.297546 
-26.887022 -2.341635 7.365281 
-27.293163 -2.552333 6.543570 
-27.772553 -1.660354 6.664808 
-27.317296 -0.525382 5.718575 
-26.747438 0.479513 6.853928 
-24.022026 0.120600 7.798105 
-22.454052 -0.519217 10.193517 
-22.253725 -1.386007 10.688100 
-21.511427 -2.108122 11.482901 
-22.148077 -0.765049 11.645682 
-21.243384 0.521933 12.105791 
-22.239199 0.763352 11.836312 
-23.269049 1.124341 11.859921 
-22.658471 1.065508 12.741962 
-23.631785 1.175410 13.110266 
-23.567925 0.789845 14.024543 
-24.243814 1.033194 14.666504 
-24.054072 -0.000801 14.724657 
-24.616785 -0.694681 14.200221 
-24.185770 -0.177746 13.178134 
-25.462836 2.309223 10.185768 
-27.597734 7.417827 6.005145 
-29.326538 9.310294 4.628963 
-30.005543 8.559967 6.266355 
-29.501903 6.499174 7.302014 
-28.564993 4.797230 7.063753 
-27.360287 5.116652 6.542965 
-28.991969 6.041451 5.673777 
-30.342351 5.054273 4.883910 
-31.385949 4.831775 5.081077 
-31.270924 3.567738 4.802054 
-31.333431 3.118814 5.955017 
-30.719564 2.445096 5.475374 
-30.521124 1.606121 5.869977 
-31.408348 1.056693 5.655769 
-31.153099 0.395636 5.060407 
-31.946980 -0.066869 5.350949 
-31.145467 -0.540745 6.816495 
-31.239573 -0.342811 8.540059 
-30.845932 -1.280472 8.771416 
-31.832555 -1.751899 8.702314 
-31.391097 -2.800754 7.492573 
-31.124431 -3.693015 7.910691 
-30.130399 -3.493232 7.726364 
-29.977995 -3.367919 8.713663 
-29.576394 -2.362093 8.823037 
-29.016031 -1.449649 8.785409 
-28.602445 -0.510708 8.991427 
-27.569736 -0.407593 8.805112 
-26.780089 0.196715 9.219211 
-25.719553 0.028678 9.389267 
-26.244490 -1.236482 8.789767 
-25.940294 -2.238089 9.240414 
-26.224853 -2.188044 10.099695 
-24.026372 -5.845348 10.604173 
-21.562559 -9.274341 10.405550 
-22.076313 -11.251193 11.876895 
-22.111652 -10.191835 11.657533 
-23.176096 -10.224402 11.837048 
-23.136093 -10.620655 10.871717 
-23.892324 -11.276701 10.518649 
-23.881590 -12.136859 10.010740 
-25.090887 -12.333074 9.688666 
-25.520560 -12.045890 10.445964 
-26.418644 -12.133289 9.812738 
-26.889024 -11.478015 10.585087 
-27.467106 -10.668133 10.133443 
-27.434820 -10.348075 11.054596 
-28.274045 -9.594070 11.122524 
-28.716155 -9.476410 10.263591 
-29.258853 -9.353422 9.404942 
-30.298609 -9.361172 9.154399 
-30.477677 -9.319743 8.163867 
-31.248668 -9.942420 8.417355 
-31.895943 -9.739134 9.216312 
-31.257845 -8.578428 10.020968 
-33.215163 -7.756003 9.768086 
-33.446707 -6.919796 9.419096 
-32.674238 -7.061074 8.737782 
-32.131587 -7.868486 8.108918 
-31.795817 -9.702307 7.316427 
-29.321943 -11.823716 6.312631 
-29.735653 -11.730240 7.237805 
-29.792324 -11.488763 8.227860 
-28.721979 -14.492297 10.081216 
