-11.969781 3.902941 13.709995 
-12.515521 4.499835 13.069414 
-13.095000 4.076683 13.778890 
-13.544431 4.435623 12.820861 
-13.300690 3.660229 12.218644 
-14.315314 4.146660 12.259507 
-14.847606 3.487755 11.674441 
-14.833072 3.357753 10.619787 
-15.369210 4.123426 10.372467 
-15.670188 4.870852 11.003252 
-16.744964 5.102449 11.011110 
-17.195254 5.845573 11.707172 
-16.408144 6.536067 11.665299 
-16.938496 6.669243 12.428423 
-17.199092 5.809205 13.001592 
-17.596393 5.197797 12.284110 
-16.745076 4.765551 12.811945 
-16.094640 5.020258 13.597752 
-15.351488 4.223522 13.850798 
-14.983539 3.339575 13.768070 
-14.116052 3.046474 13.346339 
-14.415310 2.153867 13.677743 
-14.445171 1.856721 12.735443 
-13.462124 1.836801 13.089426 
-13.007195 1.244006 12.273623 
-13.291791 0.788621 11.317933 
-13.956642 0.330567 11.942781 
-13.131239 -0.272259 11.610847 
-12.576332 -0.221419 10.717263 
-11.794832 -0.841881 10.860891 
-10.974149 -0.972405 11.563985 
-10.716108 -1.782066 11.187697 
-10.524102 -2.428174 11.901184 
-9.600352 -2.464862 11.581555 
-9.140731 -2.827682 10.653368 
-9.776010 -3.482833 11.212125 
-9.731914 -4.155660 12.009148 
-9.405748 -4.652432 12.922126 
-9.320184 -3.661531 12.845621 
-8.309853 -3.313228 13.279909 
-7.711310 -2.407755 13.557622 
-6.977187 -2.179222 14.379953 
-6.087931 -1.572019 14.834210 
-6.523087 -1.980950 15.644158 
-6.991759 -2.826092 15.364215 
-7.054833 -3.800257 15.114731 
-8.219729 -3.511679 15.159897 
-9.010421 -2.937569 15.322264 
-9.690979 -3.591355 15.172600 
-9.018128 -3.629092 14.404998 
-9.951645 -3.767958 14.179396 
-10.234948 -4.728869 14.205581 
-11.217209 -5.054659 13.909226 
-11.613045 -5.518086 14.833843 
-12.024232 -6.458999 14.798976 
-11.895781 -7.333671 15.420061 
-12.902161 -7.797781 15.184864 
-13.791251 -7.680798 15.599732 
-13.820434 -8.650857 16.031693 
-14.678380 -7.848475 15.899498 
-15.420195 -8.378484 15.541258 
-15.325819 -7.340689 15.193856 
-14.552690 -6.796093 15.659560 
-14.650414 -5.759678 15.330334 
-15.527212 -6.244176 15.042990 
-16.428034 -5.963032 14.549463 
-15.731021 -5.798414 13.687010 
-16.386824 -5.099799 13.890438 
-15.513515 -4.836300 13.546696 
-15.314740 -4.962538 14.582820 
-14.428006 -4.545608 14.859019 
-13.948595 -3.687278 15.240151 
-14.931410 -3.367357 14.891283 
-14.895287 -3.712895 13.765719 
-16.384616 -0.415457 12.569566 
-16.855321 0.406972 10.212776 
-17.392484 1.109761 9.741332 
-17.582240 1.632227 10.636872 
-17.109044 1.645587 11.602795 
-16.616855 2.567681 11.559997 
-16.375464 2.177905 10.541724 
-15.949304 3.165008 10.603567 
-15.881066 3.281907 11.664938 
-15.958211 4.699100 12.029778 
-15.460369 6.018875 11.482635 
-15.586991 5.812991 10.441206 
-15.484717 5.021685 9.939830 
-16.358822 4.626396 10.252142 
-13.943690 2.786772 8.967057 
-11.816024 0.937006 11.241051 
-13.709313 -1.297763 12.029978 
-15.551067 -1.755615 10.434148 
-15.784351 -2.400252 11.149850 
-15.418093 -3.401305 11.049370 
-14.680592 -3.892238 11.617859 
-14.331247 -4.504326 12.446016 
-13.564650 -5.176523 12.337833 
-12.919317 -5.534077 13.196084 
-13.504694 -6.366137 13.254116 
-11.377356 -7.711153 16.499048 
-9.145551 -8.420879 19.166880 
-9.539115 -8.475147 16.590584 
-11.708754 -12.999587 15.153861 
-10.764708 -11.980111 13.457452 
-10.374943 -12.795639 13.994597 
-10.356456 -11.722234 14.305694 
-9.344262 -12.037560 14.586543 
-12.690726 -11.503232 14.994405 
-14.134912 -11.215744 12.271367 
-14.775571 -12.456087 12.601109 
-14.020492 -13.085221 13.335355 
-13.727669 -13.794775 14.211135 
-13.608598 -14.645891 13.188155 
-12.422116 -15.613843 12.571537 
-12.427451 -15.869058 13.541966 
-12.615268 -14.817562 15.896822 
-13.629705 -16.360239 16.531811 
-14.670676 -16.440956 15.838313 
-15.157404 -16.238781 14.664061 
-15.873800 -17.926410 14.884919 
-16.493899 -19.492226 13.825959 
-15.617236 -19.475956 13.198695 
-15.772737 -20.463157 12.649334 
-15.498376 -20.859846 13.638613 
-14.656995 -21.297867 13.328825 
-14.702402 -20.276874 13.700276 
-14.392137 -20.515745 14.697506 
-14.313334 -19.441844 14.853373 
-14.788066 -19.395051 15.719949 
-14.649929 -18.918690 16.643612 
-11.171490 -19.302911 15.591761 
-14.094964 -16.056833 14.002185 
-16.709403 -12.631502 14.717769 
-18.161867 -10.837431 14.320436 
-18.580026 -8.945981 15.055376 
-19.958801 -10.171916 14.057766 
-21.147763 -12.002670 15.320592 
-23.376542 -11.977524 16.625649 
-24.066266 -10.561196 16.762232 
-23.757073 -10.875507 15.801554 
-24.604745 -10.900823 15.164802 
-23.770287 -10.181730 15.058969 
-23.859300 -9.737531 15.938649 
-23.106787 -9.104274 15.858637 
-22.838823 -9.658116 15.112079 
-22.844080 -10.466201 15.674316 
-22.780446 -11.170280 14.906311 
-21.891339 -9.676465 13.887375 
-21.020357 -8.597634 12.873292 
-21.394573 -9.089650 11.973779 
-20.939435 -8.104366 11.622391 
-20.525816 -7.674281 12.908134 
-21.408597 -7.665481 12.261638 
-22.407669 -8.047856 12.384138 
-22.444978 -8.282123 11.426150 
-23.065147 -8.669841 10.674758 
-22.779416 -8.372765 9.675364 
-22.435306 -8.095967 8.724838 
-22.563425 -7.150245 8.244603 
-23.303797 -7.888142 8.323119 
-23.673639 -8.077609 7.295978 
-25.200279 -8.157860 7.565573 
-26.543891 -8.819972 7.069710 
-27.955382 -9.954511 7.549986 
-29.564004 -8.223783 8.094773 
-27.498157 -7.393653 9.107797 
-28.724821 -6.254058 8.145074 
-29.254007 -5.326070 7.768406 
-28.382899 -5.570627 7.209060 
-28.164656 -4.765238 6.577722 
-27.879132 -3.743382 6.611787 
-27.075177 -4.384439 6.492281 
-26.305534 -4.630776 6.832187 
-25.562421 -3.831186 6.009319 
-25.256539 -3.376311 6.816852 
-25.445352 -4.079540 7.549991 
-25.218470 -3.337493 8.099788 
-24.475804 -3.899098 7.913450 
-24.479363 -2.784049 7.878196 
-23.773859 -3.488062 7.393948 
-23.956983 -2.471783 7.022831 
-23.541511 -1.637647 6.591798 
-22.667250 -1.762557 7.277946 
-23.117906 -1.771626 8.117203 
-22.562500 -2.368220 8.785654 
-22.416937 -4.412771 8.950901 
-22.373978 -5.713522 7.563067 
-23.173676 -4.656896 7.566126 
-24.572712 -5.192378 7.785243 
-25.097504 -4.949683 6.878354 
-26.165582 -5.453907 8.143937 
-28.022197 -3.666863 8.370470 
-27.663370 -3.690537 9.349082 
-28.215522 -3.426884 10.176613 
-27.590907 -2.063354 7.820116 
