22.737355 -12.455296 13.907572 
23.307739 -12.802542 14.766718 
23.865417 -12.231819 15.340608 
23.371218 -11.752314 14.403346 
23.069502 -10.805504 14.087831 
23.804738 -11.175896 13.441677 
24.071465 -10.279666 13.102831 
24.372879 -9.652798 13.849961 
24.652045 -8.601281 13.925270 
24.615735 -8.500295 12.937272 
25.276170 -9.167811 13.237011 
25.520956 -9.599614 14.199985 
26.332524 -9.941125 14.709811 
26.345727 -9.779746 15.803816 
25.450427 -9.588510 16.142273 
24.837861 -9.861444 15.376088 
24.538072 -10.345114 16.186612 
23.677389 -10.799120 16.759171 
23.922908 -11.710264 17.003480 
24.002150 -12.661866 17.000733 
24.458968 -13.244801 17.665451 
24.214267 -13.988414 16.883791 
23.685381 -14.873042 16.758433 
23.622262 -15.451686 15.910866 
23.097106 -15.968117 15.321154 
22.771153 -15.790809 14.232649 
22.073234 -15.452914 14.788713 
21.815049 -14.571387 14.307520 
22.839207 -14.709889 14.542412 
22.320216 -14.222419 15.230248 
22.985378 -13.476241 15.564225 
23.762228 -13.160789 16.096047 
24.564165 -12.552527 15.888133 
24.550314 -12.862462 14.797214 
24.672656 -12.464228 13.763248 
24.777021 -11.719017 14.500347 
25.347292 -12.227956 15.144476 
26.159866 -12.332804 14.665512 
27.144777 -11.950900 14.919774 
27.085125 -13.105501 14.738279 
26.503956 -13.155717 13.861151 
25.567916 -13.540335 14.048739 
25.522647 -13.126092 13.144669 
25.095721 -13.403118 12.194075 
25.369963 -14.400297 12.768598 
24.288443 -14.409043 12.757639 
24.350267 -15.257014 12.235769 
23.783638 -15.841953 11.588511 
23.398311 -15.066904 10.937067 
24.212770 -14.560448 10.790502 
24.066966 -13.859706 10.142961 
23.850890 -13.396414 9.257762 
24.714947 -12.887409 8.768550 
24.821891 -12.868850 9.793263 
24.408518 -12.015932 9.462234 
25.407029 -11.805162 9.508759 
25.653697 -12.248927 10.302326 
25.490569 -12.095867 11.229561 
24.547668 -12.178908 10.876515 
23.618097 -12.124595 10.559706 
23.265911 -11.464275 11.369107 
23.123640 -11.010942 10.447060 
24.023424 -11.029092 10.096048 
24.348221 -10.109430 9.632830 
23.793803 -9.331987 9.975595 
23.448482 -8.297038 10.101796 
24.466067 -7.796663 9.972687 
24.655865 -8.543855 9.333732 
25.085517 -7.722520 8.922423 
25.575687 -8.533993 8.596687 
25.530853 -9.178253 7.758615 
25.167373 -9.741441 6.901722 
25.171655 -10.304982 7.731990 
25.558719 -11.056352 8.328663 
26.452115 -8.504196 6.729838 
25.977653 -8.005658 5.541779 
25.245116 -8.871643 5.512480 
24.524466 -8.138467 5.268994 
23.543467 -7.756791 5.044227 
24.094432 -7.870758 4.216696 
23.333250 -7.163404 4.045605 
23.546956 -7.104337 3.078861 
23.724753 -6.031099 2.907359 
24.803750 -6.898756 3.645732 
25.765217 -6.840727 3.225322 
26.227057 -7.068434 2.323198 
25.353000 -6.280632 2.155292 
24.644754 -6.997259 2.238068 
24.735965 -8.205975 1.041895 
26.608358 -7.877054 1.247219 
26.328302 -6.181310 -0.459825 
24.639269 -4.941306 -1.981919 
23.693960 -4.332775 -2.147887 
22.874478 -4.027821 -1.620455 
23.108244 -5.025916 -1.223765 
22.656567 -5.656880 -1.789217 
22.064614 -5.480395 -2.570809 
22.077242 -4.596186 -2.250624 
22.911942 -5.077603 -2.635050 
23.199248 -8.558651 -3.747252 
21.124050 -11.726215 -4.683134 
19.731815 -11.969447 -4.417212 
19.375929 -12.079211 -3.163441 
20.726618 -13.874845 -1.510146 
20.948215 -14.477729 -0.717514 
21.595988 -14.327703 -1.595139 
21.920787 -15.223088 -1.740877 
24.198001 -17.766735 -2.630498 
26.373637 -17.319421 -1.735087 
27.192845 -16.915764 -1.918711 
27.236941 -16.922833 -0.434617 
27.562818 -17.767939 -0.044158 
26.762312 -18.590108 0.295359 
25.520821 -18.418681 0.965240 
24.434064 -17.707691 1.283324 
25.186552 -17.854015 2.830868 
23.921760 -16.130378 2.202694 
22.970654 -16.167729 1.791649 
23.157286 -15.720123 0.359318 
23.373722 -16.004755 -2.276080 
24.030511 -16.848792 -4.800994 
23.789271 -17.878020 -4.749153 
24.513451 -18.163991 -5.391015 
25.078336 -18.978669 -5.621111 
25.459532 -18.070411 -5.742028 
26.076803 -17.271826 -5.642733 
26.294309 -18.208668 -4.993812 
25.467433 -17.617473 -4.731037 
25.721965 -16.648093 -4.737862 
24.882312 -16.137826 -4.367501 
22.038633 -14.241772 -0.496856 
20.158657 -14.602796 3.703036 
20.093940 -14.986273 4.406016 
21.602197 -13.586874 5.187300 
21.085277 -12.466677 5.617497 
20.690015 -11.568694 6.070641 
20.341667 -11.069066 4.144503 
21.795998 -11.428939 3.930610 
21.876750 -10.338241 3.022019 
22.238879 -10.332116 2.030700 
21.399992 -9.681600 1.243521 
20.522410 -10.481664 1.045311 
19.979116 -9.590104 1.194030 
20.703039 -9.150852 1.855684 
20.788417 -10.056488 2.445925 
20.873052 -9.553270 3.390771 
19.927535 -9.459128 2.909110 
19.846093 -10.984413 2.564402 
18.529473 -11.316799 1.902465 
18.907563 -12.055400 2.374556 
18.529556 -11.420262 2.935448 
17.818755 -12.624881 2.911621 
18.104659 -13.638274 2.630503 
17.530816 -13.506505 3.533613 
17.130276 -13.273530 4.419676 
18.060139 -13.196740 4.762330 
18.917960 -12.908609 5.235508 
19.588207 -13.014719 5.867932 
20.127092 -13.385862 5.012235 
19.805849 -12.516588 4.698127 
19.264165 -11.734322 4.217213 
19.268744 -10.279470 4.186797 
19.230239 -10.335388 5.094051 
20.113590 -9.282066 4.879132 
23.418527 -8.578366 6.538730 
25.909130 -5.869255 11.395244 
25.816128 -6.042239 15.278531 
26.562066 -6.345582 15.833819 
27.592223 -6.384984 16.174662 
27.072547 -7.174240 15.713870 
26.194420 -7.507840 15.176473 
25.638294 -8.039349 14.349769 
26.208067 -8.674841 14.925972 
26.743211 -8.685228 16.055467 
25.877808 -8.116466 16.096767 
25.506778 -7.256128 15.966346 
25.193113 -6.531565 16.645347 
26.058391 -7.255700 16.877672 
25.973459 -7.078765 17.783586 
26.329579 -6.258111 18.453168 
26.621646 -5.640525 17.764406 
26.276693 -5.991575 16.800452 
25.672026 -5.178003 16.571794 
25.360587 -4.778551 15.631371 
25.014670 -5.605362 14.970549 
24.916711 -4.101833 13.290596 
25.517758 -4.459216 13.003657 
25.577602 -5.142218 13.906146 
26.034067 -4.001113 14.301497 
26.928916 -4.509172 13.991640 
27.112135 -4.114817 11.461042 
25.801127 -3.729670 8.265879 
26.713218 -3.692351 7.776967 
26.133727 -3.891530 6.919153 
24.025184 -2.465741 7.059670 
