7.524035 -30.304758 -4.819650 
8.417909 -30.687049 -4.832890 
9.038969 -29.834410 -4.828377 
9.426043 -29.757957 -3.888344 
9.676432 -29.000581 -4.607052 
10.145084 -29.873071 -4.971652 
10.873684 -30.726655 -5.275005 
11.900768 -31.015930 -5.223615 
11.883062 -30.061666 -5.422199 
11.116982 -29.510654 -5.264916 
10.190647 -29.367728 -5.850543 
11.079435 -29.540763 -6.252804 
11.109430 -29.058566 -7.153630 
11.178271 -28.594754 -6.201679 
10.425050 -28.477640 -6.930074 
9.537480 -28.227957 -7.399092 
9.997206 -27.552968 -6.619135 
9.782962 -28.360825 -5.991244 
9.664851 -27.654430 -5.212831 
10.623561 -27.755770 -5.710739 
10.733759 -28.543915 -5.045121 
10.896106 -29.309193 -4.295988 
11.021283 -30.151712 -4.502944 
10.371663 -29.943630 -3.680696 
9.900046 -30.579481 -2.997270 
10.863075 -30.172765 -2.657211 
10.907866 -29.610171 -1.767361 
9.914123 -29.434330 -1.637485 
8.908243 -29.729407 -1.718337 
9.418670 -29.671635 -0.749342 
9.071844 -30.327790 -0.014850 
8.970966 -30.880646 -0.955529 
7.951911 -30.551927 -0.922982 
7.471762 -31.315780 -0.502723 
7.394609 -31.219857 -1.561449 
7.524530 -30.084843 -1.807059 
7.314443 -29.484312 -1.162967 
6.590915 -29.338278 -0.438431 
6.904732 -30.215120 0.002738 
7.790608 -29.896785 0.359025 
7.439722 -30.968075 0.534753 
6.892785 -31.875636 0.757626 
7.241254 -32.790878 0.807928 
8.099045 -33.052505 1.224421 
8.980798 -32.534814 1.315094 
8.468667 -32.324103 0.466928 
9.356075 -31.732382 0.542201 
9.319894 -32.441745 -0.174513 
8.902393 -33.405437 -0.198424 
8.010218 -33.796085 -0.623027 
8.475128 -34.002031 -1.494336 
7.879802 -33.281283 -1.973787 
7.640644 -32.393403 -2.513892 
7.683893 -32.503761 -3.525897 
8.312633 -33.292484 -3.698908 
8.431958 -32.451424 -4.389965 
8.109954 -31.917350 -5.270847 
8.923780 -31.958901 -5.829831 
8.427029 -31.880459 -6.754815 
7.802863 -31.664337 -7.582472 
7.011966 -31.411061 -7.065337 
6.481036 -31.402084 -6.156453 
6.230638 -30.735515 -5.432289 
7.092642 -31.117735 -5.243678 
7.316375 -30.664328 -6.054074 
8.290233 -30.533064 -5.940359 
9.272140 -30.600215 -5.650919 
10.009554 -31.228775 -6.207303 
9.318743 -30.835735 -6.803988 
9.985360 -30.099526 -7.021465 
9.448091 -29.236625 -6.759253 
8.926999 -29.097814 -7.633950 
8.170416 -29.781684 -7.945206 
8.471029 -29.413524 -8.852815 
10.146633 -29.546097 -10.170414 
11.293208 -30.635464 -7.234757 
12.344163 -30.782383 -7.368748 
12.919866 -30.029293 -7.013349 
12.015469 -29.569722 -7.038110 
12.753681 -28.915612 -6.833579 
13.716392 -28.633717 -7.200471 
13.250599 -27.940246 -7.719234 
13.287062 -26.945196 -7.608878 
12.760252 -26.107582 -8.653042 
12.488415 -26.109802 -9.686090 
12.219563 -27.121891 -9.809365 
12.338032 -27.523885 -8.807961 
12.367800 -28.311338 -8.190273 
10.697633 -26.731953 -6.090791 
10.481645 -26.371894 -3.095072 
9.780883 -25.778148 -3.884720 
9.843767 -27.276006 -2.884138 
8.901484 -26.935835 -2.734518 
9.383327 -26.319748 -2.030654 
9.055509 -26.169042 -1.040806 
9.653305 -27.003296 -1.229821 
10.655050 -27.075629 -1.302945 
11.751492 -27.101877 -1.748567 
10.994924 -26.582090 -2.170844 
10.156450 -27.045337 -0.842038 
11.511972 -28.083879 -3.183957 
12.211196 -26.054300 -4.414923 
13.054529 -28.475969 -6.901169 
10.191696 -28.960987 -8.402428 
10.765476 -28.144954 -8.836059 
10.528054 -27.477032 -9.661096 
9.864367 -28.047979 -10.084471 
7.142240 -29.237100 -11.050231 
6.726165 -27.237102 -12.252199 
7.002921 -27.006724 -13.188185 
6.805270 -28.329951 -13.199985 
7.448380 -28.799196 -12.563420 
8.710214 -28.072322 -12.476700 
10.397250 -27.640799 -12.270732 
9.824861 -27.669245 -11.516532 
10.758074 -26.068099 -10.080076 
11.493611 -26.214754 -8.525196 
11.943089 -24.882740 -8.091881 
11.217966 -23.923015 -8.612993 
9.784025 -24.480994 -7.860561 
9.025012 -25.826042 -6.032601 
8.857990 -26.870682 -6.293922 
8.663827 -27.861885 -6.030403 
8.210257 -27.958576 -5.012997 
7.978646 -28.873660 -5.095746 
7.154278 -28.394624 -4.838958 
7.192875 -27.387529 -4.384731 
8.191491 -27.199120 -4.389453 
7.691101 -26.826527 -3.549813 
7.729629 -27.747105 -2.961286 
8.134330 -28.853210 0.939080 
9.657495 -31.572910 3.771454 
11.800090 -28.803808 2.459023 
10.599198 -28.549043 3.553251 
10.663011 -29.689529 4.176197 
10.723394 -29.294305 6.426874 
11.551738 -29.386190 9.025391 
11.531662 -30.221692 11.100189 
10.060437 -30.400869 12.875661 
10.027188 -29.596819 13.632987 
10.606306 -30.404471 14.240653 
11.657694 -29.912941 13.553877 
12.701653 -29.480790 13.591172 
12.842439 -28.604129 13.162013 
13.516454 -28.432770 12.244057 
14.005795 -29.047706 11.655148 
14.531438 -29.082537 10.630913 
12.744999 -29.114176 11.166617 
10.826518 -29.578271 12.086820 
10.095693 -29.071457 11.405640 
9.886443 -28.523571 12.258116 
8.779382 -29.362274 11.722944 
9.478348 -30.166791 11.798499 
10.055616 -30.515506 10.847539 
10.116644 -29.731707 10.131207 
10.921573 -30.363092 9.884733 
10.773474 -30.770775 8.860603 
11.280787 -31.513462 9.469924 
12.263138 -31.360651 9.538605 
13.095037 -30.909886 8.951358 
14.003599 -30.532432 8.680515 
13.676386 -29.544967 8.780240 
13.293044 -28.976663 9.276467 
14.121669 -27.947776 10.023245 
15.146285 -25.191199 14.721392 
18.460639 -21.674568 15.995077 
19.947836 -20.137229 17.386564 
20.629449 -19.909733 17.973082 
20.907543 -19.245867 17.373655 
20.135149 -19.008147 16.732397 
20.210765 -17.937910 16.495600 
20.721386 -17.782288 17.283481 
20.555978 -17.644979 18.117362 
19.863992 -16.404218 17.628311 
20.147759 -15.994482 16.674246 
21.056350 -15.620595 16.527454 
21.341598 -16.393705 15.976655 
21.830343 -17.175606 15.418273 
21.036588 -17.711452 15.646572 
20.233271 -17.476958 15.106474 
19.622771 -18.032321 14.563702 
19.488981 -18.741803 13.769208 
18.620896 -19.359423 13.745315 
18.465219 -20.009758 14.556056 
18.315729 -20.822993 14.051689 
16.522365 -21.297141 14.129315 
14.452207 -21.620003 16.071244 
14.802989 -20.569767 15.563292 
16.236217 -20.134841 15.711567 
16.927566 -20.316965 16.477001 
15.108805 -22.857747 16.130786 
13.761942 -23.256415 14.470624 
13.805701 -24.176385 14.765983 
14.677805 -23.648715 14.548477 
16.718508 -20.998569 15.301942 
