-5.776950 -21.098646 24.707255 
-6.582034 -20.797554 25.284272 
-7.350503 -21.434104 24.977442 
-8.339022 -21.665391 24.542364 
-8.565946 -21.678743 25.553847 
-9.427831 -21.153742 25.859304 
-10.499002 -21.051165 25.710467 
-10.525850 -20.098278 25.279041 
-10.121349 -20.628897 24.464384 
-9.922537 -19.808090 23.860075 
-8.999935 -19.463599 23.484720 
-9.380396 -18.622112 24.085437 
-9.638204 -18.120114 25.045565 
-10.253837 -18.934939 25.157462 
-9.822308 -19.227460 26.051925 
-9.830575 -19.532003 26.958036 
-9.228139 -20.320128 27.533616 
-8.659644 -20.686106 26.763242 
-7.741819 -20.943779 26.468637 
-6.706500 -20.938269 26.547013 
-6.109389 -20.039150 26.370328 
-5.491232 -20.253941 25.445330 
-4.601786 -19.847812 25.491569 
-4.348375 -20.451030 26.286154 
-3.870841 -20.682796 27.153273 
-4.507943 -21.538433 27.226187 
-4.001425 -21.524525 26.304515 
-3.492820 -22.274864 25.792977 
-2.681100 -22.249441 26.423530 
-2.381339 -23.062723 25.835424 
-3.236949 -23.282493 26.456364 
-4.018460 -23.349670 25.796465 
-5.105431 -23.417781 25.749152 
-5.845390 -23.116763 25.101608 
-5.293168 -22.313645 25.481522 
-4.448392 -22.082468 24.883834 
-4.757726 -22.374673 23.955660 
-3.785531 -22.352494 23.776481 
-3.130595 -22.443299 24.608202 
-2.376019 -21.998843 25.135113 
-1.240841 -22.269396 25.232580 
-1.037509 -21.392040 24.691222 
-1.052688 -20.378579 24.404111 
-0.558455 -19.837930 25.261071 
-0.073749 -19.435441 24.492008 
0.909248 -19.497291 24.159072 
1.579858 -19.454712 25.083445 
2.380993 -19.458643 24.375279 
2.255580 -18.512621 24.712282 
1.358725 -18.344826 24.304515 
0.488738 -17.840902 24.345347 
-0.119028 -17.109624 24.921190 
-0.303272 -16.121300 24.775092 
0.505782 -16.070364 24.131937 
1.449693 -15.703582 24.303186 
2.500107 -15.948358 24.247860 
2.052358 -16.021568 23.340129 
2.198375 -16.901421 23.902305 
2.103713 -17.841566 23.756689 
2.563117 -17.819742 22.822709 
3.371305 -17.214501 23.041069 
3.292387 -16.267109 23.413500 
2.953672 -16.154863 22.502049 
2.809954 -15.285056 22.978023 
2.301616 -14.441121 22.946746 
2.748588 -13.901422 22.148245 
2.475596 -14.819005 21.881530 
3.414080 -14.637938 22.099904 
3.679646 -15.456391 21.625430 
2.916996 -15.721307 21.117565 
3.257641 -16.587599 21.119745 
3.769311 -16.454971 21.967756 
4.287242 -16.274377 22.704164 
4.448964 -17.028133 23.413958 
5.108024 -15.033214 21.557170 
4.798597 -15.720981 17.184187 
5.604152 -15.970541 16.676027 
6.192514 -16.239324 15.810009 
6.873821 -17.094681 15.745661 
6.965170 -16.547704 14.853787 
7.750998 -17.025538 15.113480 
7.924916 -17.482504 16.052832 
7.294328 -18.179579 16.589449 
7.503176 -19.356489 16.325714 
7.996046 -19.790898 15.465378 
8.171177 -20.465569 14.733658 
7.545568 -20.677336 15.542369 
6.802812 -20.425145 14.944076 
4.709566 -22.427889 13.041047 
1.388462 -24.782322 10.929983 
-0.381999 -24.222603 12.283532 
-0.231297 -25.168938 13.980515 
0.289429 -25.253694 13.127246 
0.436533 -24.263268 13.388718 
0.193966 -23.233896 13.382247 
0.581491 -22.479678 13.949687 
0.875640 -21.823504 14.684743 
-0.095260 -22.244382 14.600048 
-0.268643 -21.176057 14.890204 
1.207768 -18.461443 16.396547 
5.217957 -19.016943 15.029001 
7.264493 -19.514512 14.715271 
6.542945 -20.910138 11.486123 
2.663228 -21.182587 12.279452 
3.180356 -21.457980 11.391946 
4.192277 -21.194044 10.921501 
4.818499 -20.940879 11.728171 
3.625513 -20.730341 14.868309 
2.304082 -19.655436 16.830472 
2.725551 -19.283295 17.812629 
3.664745 -19.104225 18.033487 
2.948559 -18.594292 18.626157 
3.339764 -17.814461 18.084791 
3.461563 -17.732692 16.747000 
4.366300 -16.815090 16.693004 
4.225617 -18.059535 18.495294 
1.623412 -17.929133 18.960746 
0.700484 -18.877441 18.992041 
0.131090 -19.612887 18.970911 
-0.386427 -21.938997 19.061093 
-0.830408 -21.421822 18.854967 
-1.230028 -21.607121 19.856446 
-1.473926 -21.286307 20.798249 
-0.495473 -21.030129 20.821006 
0.153889 -20.351224 20.559673 
0.385075 -19.472746 21.212930 
1.257123 -19.513915 21.687634 
1.606780 -18.532152 21.222512 
2.259049 -19.379901 21.145702 
2.926282 -18.947567 20.507982 
1.772014 -21.386985 19.748002 
2.726950 -20.575617 21.514413 
5.358216 -19.081981 19.643037 
4.220694 -16.958631 18.621198 
4.678369 -16.125893 19.191124 
4.982314 -16.236886 20.170387 
6.246801 -15.198313 20.796221 
7.094792 -14.051545 20.685173 
7.023078 -15.654108 20.202436 
7.822215 -16.224411 20.072687 
8.843716 -15.999724 19.030720 
8.909826 -15.350715 18.580392 
8.438304 -15.248652 17.671118 
8.710749 -15.301317 16.718445 
9.154657 -16.088903 17.331563 
8.895691 -16.814559 18.002607 
8.469174 -17.725458 17.942546 
8.902030 -19.210765 19.382179 
8.548298 -19.568721 18.439799 
7.692536 -18.861045 18.385622 
6.876133 -19.180156 18.387467 
6.331983 -20.068176 17.440186 
6.166593 -20.954524 17.874509 
5.605209 -20.460214 18.626165 
4.670828 -20.389962 18.339611 
4.260400 -21.071147 18.849844 
4.997658 -21.620752 18.601638 
5.383137 -21.493833 17.606206 
4.729326 -21.966947 16.989758 
4.870298 -22.976255 17.051584 
4.593885 -23.614497 17.905490 
3.994090 -24.502306 18.724643 
4.473444 -24.375607 20.146229 
5.615160 -24.530068 19.355499 
3.456715 -22.286634 18.192530 
3.567026 -23.304741 16.281911 
5.541371 -22.982288 15.191790 
5.309602 -22.266441 16.032760 
5.789529 -21.331877 15.706861 
5.798890 -20.327022 16.220355 
5.009258 -20.943131 16.381313 
4.540848 -20.444074 17.238378 
5.463453 -19.422517 16.777717 
5.937789 -18.536770 16.075872 
6.372229 -18.039612 17.003556 
6.677345 -17.450247 17.731174 
6.132028 -16.579376 17.578544 
6.671955 -16.425367 18.521298 
7.623202 -16.246899 19.021881 
7.348830 -15.319354 18.586964 
6.550843 -15.478221 18.997575 
6.920667 -14.557452 18.929553 
6.591047 -13.780865 18.409189 
6.121155 -12.901556 18.524279 
6.636628 -12.880330 19.427312 
7.097047 -12.591664 19.913257 
8.621161 -13.277211 20.620162 
8.553213 -12.463719 21.013936 
8.393619 -13.720660 21.476319 
8.110781 -14.730368 21.412803 
5.456026 -13.193571 22.106528 
3.192066 -11.889638 23.121279 
3.621330 -12.936295 23.128748 
2.925185 -12.761171 23.772746 
1.083998 -15.917159 22.073813 
