-12.081266 -20.936491 15.573756 
-12.164439 -21.815456 16.219434 
-11.078744 -21.521446 15.917337 
-10.435331 -20.769666 15.382071 
-9.770463 -20.699783 14.694152 
-10.079263 -19.992267 14.054383 
-9.174649 -19.559031 14.360343 
-8.728687 -18.847215 13.892460 
-8.075564 -19.132148 14.775139 
-8.069637 -19.343352 15.771583 
-8.901684 -19.234756 16.288025 
-9.459481 -18.913082 15.412875 
-9.039508 -18.024164 15.387492 
-8.126694 -18.277407 15.580396 
-8.203885 -18.202772 16.649306 
-7.719943 -18.918721 17.159056 
-7.667101 -19.062051 18.174023 
-8.197465 -19.404637 18.933046 
-8.668701 -18.446912 19.140439 
-7.900304 -17.922619 18.757787 
-7.173348 -17.253081 18.729343 
-6.836140 -16.380979 19.079894 
-6.578818 -15.420337 18.787029 
-5.883103 -15.768945 19.387610 
-5.913067 -15.441830 20.307297 
-4.957255 -15.884875 20.783903 
-5.093281 -16.226919 19.717515 
-5.956338 -16.719783 19.987048 
-6.911069 -17.292604 20.093754 
-6.589517 -16.624863 20.973360 
-6.104422 -15.901300 21.488483 
-6.602234 -15.083803 21.247136 
-6.797908 -14.322288 21.881840 
-7.618751 -14.616701 22.450933 
-7.017032 -14.204820 23.186576 
-6.854542 -13.412983 22.534916 
-7.530063 -12.627404 22.488298 
-7.782105 -13.209692 23.296587 
-7.750754 -12.707271 24.166295 
-7.005248 -13.389472 24.409046 
-7.777529 -13.484963 25.122322 
-8.338318 -13.801927 25.890972 
-7.850068 -13.548201 26.793575 
-7.666678 -14.367341 27.299360 
-6.686777 -14.589993 27.972611 
-6.831579 -13.757456 28.458705 
-7.520377 -13.145078 28.869501 
-8.255174 -13.048465 28.262556 
-8.628098 -13.006705 27.343089 
-8.148278 -12.545489 26.609329 
-7.578294 -11.871051 26.982767 
-6.871883 -12.103315 26.355660 
-6.389992 -11.366837 26.830057 
-6.461570 -10.350559 27.143842 
-7.253482 -10.887216 27.385540 
-8.212822 -10.474089 27.122451 
-7.869494 -9.789867 27.794817 
-7.636355 -9.771105 26.810070 
-8.549377 -9.353908 27.134818 
-9.256245 -9.167808 26.382370 
-9.448481 -8.347576 25.897725 
-8.501930 -7.889783 25.823794 
-7.705382 -7.998860 26.640744 
-7.138269 -8.776458 26.420264 
-7.208468 -9.519545 25.814404 
-7.178684 -10.489304 26.189871 
-7.968668 -11.094902 26.415536 
-8.096813 -11.618973 25.449753 
-8.779973 -11.810603 26.231501 
-9.605613 -12.254912 25.919827 
-9.307884 -13.166963 25.735699 
-8.688414 -12.675023 25.004607 
-8.727120 -12.516438 23.973964 
-9.752001 -12.267378 23.972241 
-10.908833 -10.127525 25.306199 
-12.748058 -11.011365 25.807464 
-13.418262 -10.748118 26.695418 
-12.581986 -11.336757 26.818027 
-11.803680 -11.171143 26.274431 
-10.830177 -11.463785 26.333152 
-10.530861 -10.532687 26.106374 
-9.650691 -11.009471 26.214094 
-9.720608 -11.708604 27.039899 
-9.116296 -11.353024 28.327318 
-8.851214 -10.548001 28.138586 
-8.360699 -10.111695 28.931023 
-7.600450 -9.341229 28.721659 
-7.894853 -9.253684 29.741129 
-7.061688 -6.462982 29.880140 
-5.210762 -4.883971 29.512132 
-4.386671 -4.622650 27.345156 
-4.600572 -6.474376 26.517948 
-3.627758 -6.565432 26.481837 
-2.875407 -7.125254 25.903232 
-3.032467 -8.100931 25.654044 
-4.007825 -7.751511 25.762224 
-4.112779 -6.622544 25.562371 
-3.513410 -6.316705 24.784571 
-3.254928 -6.770291 23.912153 
-1.647766 -7.468249 23.155656 
-0.751543 -5.312050 21.413966 
-0.405635 -6.711075 20.347488 
-0.400941 -8.399291 21.918679 
2.344423 -6.016529 25.461508 
2.962379 -6.730457 25.486979 
3.403467 -7.580785 25.820091 
3.460733 -8.688196 25.986933 
6.104175 -6.013979 27.481035 
8.494912 -3.535755 28.309075 
8.892760 -2.859915 28.995783 
9.301219 -1.502982 28.446265 
9.518552 -0.413050 28.540987 
9.188301 0.345467 29.183484 
9.250258 -1.009783 30.651899 
8.565971 -2.188604 31.197049 
6.554451 -2.705775 30.557487 
6.763686 -2.782533 31.424314 
6.940898 -3.755359 31.992231 
8.334876 -3.605153 31.927366 
6.982448 -2.089124 32.590902 
5.606247 -1.330443 31.083367 
5.210911 -1.895496 31.937295 
5.286925 -2.689374 32.501690 
5.745391 -2.707830 33.397527 
6.323683 -3.600476 33.109664 
5.226268 -3.573584 33.133413 
4.452403 -2.899175 33.392972 
3.729055 -2.992894 32.643037 
3.409476 -2.029468 32.818556 
3.871942 -1.792397 31.948804 
3.297253 -1.644799 30.050707 
2.353374 -5.300220 30.582975 
5.672152 -5.045031 30.505216 
4.254270 -3.893666 30.844119 
4.084526 -4.331326 33.565015 
2.490878 -2.928346 34.116513 
0.987701 -2.155076 32.766546 
-0.065027 -1.480660 32.104050 
-0.958080 -2.693473 30.031845 
-0.524081 -2.677581 29.080969 
-1.999261 -2.755330 28.969573 
-2.277996 -2.762083 28.058592 
-1.673706 -3.488774 28.352533 
-1.171087 -4.050881 27.671817 
-1.275846 -4.541235 28.663822 
-1.571891 -5.138091 29.396282 
-0.967547 -5.754116 30.175037 
0.078251 -4.554429 29.511901 
1.132930 -2.888339 29.161982 
1.984411 -3.252909 29.524086 
2.521039 -4.418709 30.147135 
1.797254 -4.724476 29.533298 
1.515032 -5.305587 28.760567 
2.588668 -5.098376 29.038614 
2.339358 -6.218312 28.836524 
3.213742 -5.969313 28.495435 
4.097215 -5.396250 28.731941 
5.196058 -5.575666 28.859848 
4.880394 -5.121654 27.894315 
4.056515 -5.817277 27.664448 
4.567583 -6.668733 27.883658 
5.414620 -7.287092 28.315940 
4.603208 -7.807245 28.783700 
4.748059 -8.302058 30.007297 
2.322043 -7.555776 29.340628 
-0.826045 -6.619348 28.252167 
-4.637733 -6.169728 27.631033 
-5.129650 -6.949471 27.350351 
-5.533551 -7.394634 26.319962 
-6.046176 -7.125015 25.476793 
-7.032644 -7.179450 25.829085 
-6.641865 -7.505665 26.783145 
-6.154098 -8.570649 25.734024 
-5.666824 -9.585986 26.287038 
-5.344430 -9.834895 25.211066 
-5.629611 -9.265622 24.501598 
-4.659260 -9.125405 23.905505 
-3.926979 -8.364963 23.925382 
-3.836366 -9.019338 23.143123 
-3.675055 -9.932387 22.643975 
-3.109025 -10.187792 21.707684 
-2.274861 -10.080279 22.292250 
-1.527407 -10.464807 21.710858 
-2.072292 -10.786537 20.952674 
-2.128658 -11.333319 20.209360 
-0.660720 -12.902815 19.128265 
-0.094415 -14.253916 18.567470 
0.102130 -14.426724 20.084804 
0.864312 -14.146335 21.286316 
0.323030 -13.221260 21.192020 
1.250594 -12.817141 20.032941 
1.233562 -12.243837 21.621385 
1.008825 -12.450102 22.494532 
0.403322 -13.086028 23.097177 
1.140089 -10.941626 23.537116 
