2.308415 -26.332050 17.944949 
1.609731 -25.604546 17.551014 
1.000908 -26.437427 17.902155 
1.727419 -26.770932 18.516889 
1.762557 -27.233873 17.668145 
2.911750 -27.311228 17.642776 
3.665835 -28.057815 17.283564 
4.302083 -27.275693 17.318126 
5.211659 -26.701485 17.054752 
5.963127 -26.162461 16.760897 
6.313853 -26.736785 15.922352 
5.853236 -27.038027 15.117039 
6.180355 -27.623639 14.259367 
5.090288 -27.645632 14.256854 
5.504510 -27.073210 13.546168 
6.116269 -26.673882 12.929935 
6.113813 -27.723298 13.005837 
6.072943 -28.749618 12.880318 
6.463616 -29.345346 12.141752 
6.335966 -28.884167 11.320734 
5.406879 -28.483457 11.202444 
5.267374 -28.781575 12.236900 
4.561332 -28.179529 11.621181 
3.482505 -28.316585 11.991284 
3.517960 -28.774468 12.861916 
3.098615 -27.854115 12.753571 
3.947739 -27.229645 12.548144 
4.402064 -27.672248 13.287789 
3.851992 -28.329068 13.838019 
3.976187 -28.057573 14.881176 
3.268090 -27.349704 14.542798 
4.163527 -26.945096 15.049758 
4.646523 -27.337384 15.789462 
4.431648 -26.487935 16.128864 
4.315616 -26.114857 17.064161 
3.440773 -25.440266 17.184606 
4.323638 -25.413808 17.879475 
4.791628 -25.767026 18.703084 
5.102975 -26.667180 18.975226 
6.056944 -27.287829 19.043754 
6.702870 -28.246146 19.079119 
7.381540 -27.623717 19.431160 
8.220659 -28.020364 18.900626 
8.982722 -28.413478 19.339346 
8.609428 -28.645098 20.372792 
8.317838 -27.638456 20.491062 
8.689687 -26.584300 20.613067 
9.438556 -26.000706 20.409939 
8.851953 -25.937961 19.618552 
8.120250 -25.445461 18.879699 
7.907714 -25.791816 19.808331 
7.417495 -26.626935 19.643927 
7.957399 -26.756205 18.917174 
7.356636 -27.526606 18.395619 
7.671245 -26.763372 17.751214 
8.768038 -26.508433 17.987380 
9.042603 -26.851175 17.117208 
9.550922 -26.789251 16.218704 
9.751290 -27.471039 15.439751 
9.139507 -28.386830 15.720406 
8.617782 -28.039337 16.607590 
7.695658 -27.660052 16.232696 
7.554406 -27.770550 17.377916 
6.820628 -27.155892 17.056455 
6.395756 -27.245940 18.034012 
5.408912 -27.478236 17.849146 
5.116145 -27.879801 16.815537 
4.494739 -28.677135 17.253807 
3.997998 -28.520734 18.139224 
4.335301 -28.305342 19.078919 
3.374465 -28.204317 19.007962 
3.317951 -27.598341 19.874474 
3.415214 -26.617699 20.015660 
3.279441 -25.977063 21.003437 
0.861071 -25.416846 22.173700 
-2.929114 -27.784575 21.403903 
-2.667966 -27.291780 20.532692 
-3.648810 -27.244446 20.576194 
-3.643375 -28.117557 20.038579 
-2.921417 -28.850633 20.395579 
-2.392169 -28.155714 19.859918 
-2.456769 -28.974568 19.310267 
-2.468922 -28.873216 18.283046 
-2.617485 -29.878124 18.461581 
-3.825404 -29.166611 18.367258 
-3.326669 -28.560774 18.970907 
-2.503566 -27.921489 18.747750 
-2.410851 -26.814083 18.873551 
-1.465427 -26.907542 17.651362 
-1.090654 -28.441478 16.723506 
-3.010223 -28.111505 16.303603 
-3.064656 -25.756656 16.185517 
-3.592687 -26.566486 16.739734 
-4.050559 -27.255642 17.163780 
-3.344489 -27.988695 17.317375 
-4.433785 -28.075257 17.751371 
-5.187065 -27.464796 18.075476 
-4.142805 -27.176196 18.240215 
-3.706743 -26.310874 17.697727 
-0.984910 -24.860820 19.451891 
0.108629 -26.768020 19.482184 
0.537983 -27.335257 18.695270 
0.480961 -23.891044 21.587145 
2.685909 -19.005464 23.128976 
1.921775 -19.691450 23.547419 
2.665695 -20.540914 23.429918 
1.944994 -21.203695 23.657910 
2.903392 -22.224818 21.496454 
3.941859 -21.012222 21.214617 
4.285693 -21.822404 21.809880 
4.086285 -22.840242 20.697519 
5.146687 -23.331447 20.911029 
6.154744 -23.840158 20.279466 
6.239624 -22.862081 19.978268 
6.252842 -22.055655 21.217736 
5.755250 -20.997464 20.542308 
7.386833 -22.752164 19.771800 
7.351440 -22.170866 19.040603 
7.997932 -22.418641 18.443655 
8.275551 -23.646250 18.874996 
6.742149 -24.304202 17.708031 
7.761603 -24.257911 18.010127 
7.638805 -24.294445 16.931318 
8.595298 -23.916014 16.866006 
8.871903 -23.507182 17.770983 
8.651370 -22.731966 17.326238 
8.503675 -21.739356 17.004945 
7.694592 -22.195441 17.293358 
7.952207 -23.185748 16.757357 
7.668892 -22.448797 16.052693 
6.691894 -23.934745 12.186237 
5.498894 -26.559039 8.566716 
8.172240 -25.162200 9.965856 
7.500820 -24.219964 11.857251 
9.318740 -24.776530 11.901667 
9.993334 -23.797851 13.450832 
9.542113 -23.482555 15.124348 
9.354821 -22.204136 16.718941 
10.092691 -21.946129 18.609571 
10.945422 -21.832535 19.174447 
10.545808 -21.265661 20.127467 
9.185692 -21.892822 20.246507 
8.498714 -22.804287 20.261269 
8.179187 -22.300192 21.190461 
7.684486 -21.648729 20.639282 
8.554310 -21.365241 21.055045 
8.787158 -20.913277 20.205800 
7.788685 -20.778413 19.460589 
7.298527 -21.317317 18.117174 
6.347526 -21.956228 18.266838 
6.557615 -22.822786 17.665949 
6.716101 -23.730964 16.862474 
5.779932 -23.754141 17.062903 
5.189719 -24.453551 16.628534 
5.915176 -25.146590 16.747706 
5.759896 -25.302206 17.738141 
6.669935 -26.007219 17.695792 
7.199040 -25.193749 18.054010 
6.517462 -25.573337 18.635021 
6.966476 -25.719895 19.632171 
6.145465 -26.405994 19.446756 
5.360380 -27.059683 19.967748 
4.662041 -27.871813 20.393645 
4.126860 -26.860895 19.014762 
2.111914 -24.240755 16.038235 
1.319023 -26.346201 13.433749 
1.280668 -24.995189 12.151220 
2.225035 -25.561268 12.210655 
2.952868 -26.163642 12.747851 
3.285517 -25.156894 12.627032 
2.693629 -25.143176 13.451808 
2.748301 -26.062635 13.757487 
3.481905 -25.663363 14.436628 
2.830659 -24.724604 15.360188 
2.702499 -25.153094 16.277450 
2.056039 -26.178289 16.266922 
1.288845 -25.434145 16.372950 
0.545958 -26.028359 16.567159 
0.201674 -25.980071 15.563712 
0.139329 -26.626673 14.794826 
0.002218 -27.460482 15.405117 
0.912793 -27.825918 15.165515 
1.141675 -27.055120 15.918508 
0.622177 -27.678188 16.601342 
0.291672 -28.404323 16.047533 
0.341303 -29.399988 17.107995 
-0.505399 -29.108595 15.607964 
-1.920775 -28.841303 15.373750 
-1.307569 -28.280711 15.852448 
-1.000708 -28.364750 14.834586 
-2.817425 -27.144688 14.861019 
-2.475443 -27.441339 13.934301 
-2.868867 -27.033046 13.077072 
-3.185862 -26.163807 13.715963 
-2.256015 -25.628330 12.846277 
