14.308325 -23.967803 10.764096 
14.424333 -22.912108 10.588535 
14.979568 -22.768603 11.615385 
15.729461 -23.037419 12.244399 
15.746768 -22.571997 13.098539 
16.538495 -23.250812 13.320598 
15.946416 -23.475759 14.130966 
15.052795 -23.958934 13.945649 
14.295416 -24.645344 14.294482 
15.049467 -24.917330 13.701941 
14.856673 -25.806802 14.251484 
14.207511 -25.595928 14.869584 
14.447596 -24.738045 15.257074 
14.512967 -23.733597 15.680513 
14.163608 -23.925751 16.789892 
14.546449 -23.419733 17.551130 
14.551661 -24.269310 18.187368 
15.321340 -24.804934 17.914644 
15.540357 -25.069786 16.924352 
15.473106 -25.827968 17.528784 
16.373240 -26.354342 17.971143 
15.610737 -25.834860 18.646575 
15.235342 -25.134827 19.168745 
14.647335 -25.315389 18.430192 
13.941783 -25.494695 17.607450 
13.688705 -25.313769 16.580827 
12.940003 -25.216751 15.880233 
12.900856 -24.278076 16.254113 
12.923647 -24.747514 17.130488 
12.016283 -25.293860 17.152794 
11.137801 -25.460621 17.794122 
10.346032 -25.956203 18.171867 
9.656812 -25.715167 18.810316 
9.744932 -26.361941 19.661187 
9.878120 -26.125249 20.601841 
10.299975 -25.597055 19.805819 
11.292811 -25.524523 19.605424 
10.989537 -26.400532 19.007216 
12.016605 -26.337560 19.012681 
11.948997 -26.813584 17.977130 
12.036994 -27.642914 17.281010 
12.336998 -26.762324 16.687570 
12.631184 -27.627934 16.269210 
12.163151 -27.163318 15.486749 
12.854665 -27.689532 15.098016 
13.430394 -26.850365 14.762899 
12.620550 -26.348207 14.897659 
12.036304 -25.687048 15.541238 
11.987983 -24.851646 16.241124 
11.402343 -25.722592 16.343722 
10.823136 -26.049882 15.501630 
10.879359 -25.521194 14.668395 
10.658120 -25.184722 13.622921 
10.856408 -24.410153 12.955432 
11.350777 -24.006653 12.114338 
12.228629 -23.936790 12.605603 
12.369639 -23.754566 11.548157 
12.631096 -22.840394 11.100800 
11.879133 -22.242826 10.720625 
11.563389 -23.083382 11.209284 
10.944944 -22.894309 11.992053 
10.099935 -23.467543 12.319522 
9.397538 -24.035074 12.790803 
9.824295 -25.087899 12.758075 
9.465941 -24.563351 11.933601 
8.628366 -24.677887 11.223622 
7.651632 -25.050661 11.350403 
8.090841 -25.108825 10.397702 
7.985433 -26.063494 10.263887 
8.239503 -25.628837 9.304657 
7.933011 -24.632004 9.468585 
8.940606 -24.847891 9.633662 
9.174743 -25.602757 10.312615 
9.787928 -25.566673 9.394116 
10.599067 -24.685728 9.497716 
9.947085 -26.015363 6.960829 
9.605615 -25.257198 6.370653 
9.542946 -26.285931 6.075526 
10.345353 -26.904121 6.128899 
10.925499 -27.161634 6.935780 
11.556399 -27.637816 7.605722 
10.794853 -27.739790 8.206580 
9.870436 -27.483267 8.010393 
10.265784 -28.776269 7.402255 
9.998657 -28.444215 6.397205 
9.646235 -29.295185 5.899685 
9.375173 -29.122722 6.904617 
8.629985 -28.911042 6.222130 
7.923700 -30.546399 4.647022 
7.785382 -31.501157 2.211765 
7.701606 -30.121466 0.451805 
8.626246 -28.484334 0.172476 
9.426839 -27.770417 0.289526 
10.066200 -27.590869 1.187403 
10.375936 -26.589123 1.321476 
10.591423 -26.093684 0.468135 
11.196893 -25.453198 1.047614 
11.156436 -24.427181 0.906490 
11.071285 -24.917300 0.067217 
10.287547 -23.533493 1.897390 
13.114316 -24.389675 2.528362 
14.274949 -26.052660 1.817079 
15.714980 -22.483138 -0.376678 
15.958969 -21.825804 1.642679 
16.940261 -21.525350 1.908215 
16.575438 -22.559924 1.926090 
16.618370 -23.454077 1.375103 
15.629632 -23.008400 4.977344 
17.703017 -23.626425 8.811852 
18.722611 -23.449903 8.725195 
18.511015 -22.610682 8.997261 
17.568748 -22.246780 9.362656 
17.478167 -22.087140 10.372737 
17.387808 -21.191021 11.058108 
17.130122 -19.836954 10.416524 
15.472846 -20.893960 10.948987 
16.100826 -21.443393 9.214026 
16.200269 -21.662186 8.219824 
14.682820 -21.989391 7.833359 
15.255570 -21.613957 6.807788 
15.618504 -19.424243 7.887348 
16.003801 -19.611220 8.695676 
15.811956 -18.583761 8.720625 
15.385028 -17.739569 9.122905 
14.515190 -17.423803 9.595878 
14.154138 -17.563683 10.595626 
15.087820 -17.819565 10.325716 
15.829469 -18.652334 10.068564 
16.760512 -18.856094 10.576893 
16.355974 -19.577573 11.310117 
14.427460 -21.150014 9.002191 
16.492152 -21.991177 6.382578 
15.928177 -19.642731 5.350555 
14.365971 -19.329723 4.399696 
13.041994 -19.977382 2.239337 
15.231494 -19.593575 1.735780 
16.149150 -18.598638 2.392751 
15.523714 -18.985897 3.612641 
13.789303 -21.393390 3.790392 
13.365742 -20.914311 4.612383 
12.572432 -21.453308 4.913703 
12.501376 -21.230907 4.052177 
12.552361 -21.373837 2.979426 
13.164618 -21.001375 2.164600 
13.905913 -21.053951 2.844241 
14.820209 -21.314744 3.231358 
15.152671 -22.245967 2.880537 
13.132021 -22.385936 1.961650 
11.610170 -23.195408 2.234538 
12.043027 -23.742154 2.950974 
12.384107 -23.772757 4.343901 
12.836773 -24.697563 3.897407 
13.595098 -24.702842 4.669400 
12.933336 -25.268139 5.147855 
11.876153 -25.359925 5.022938 
11.997179 -26.319105 5.044155 
12.324004 -26.762526 5.900133 
11.396964 -26.348662 6.023712 
11.307950 -25.763284 6.807256 
10.619944 -24.923989 6.845401 
10.727109 -24.409108 7.662856 
9.843042 -23.289130 8.150012 
8.887630 -23.620813 8.014619 
8.774047 -25.197161 7.825971 
8.904606 -27.659590 10.537558 
10.708475 -26.001179 10.784062 
11.119118 -27.284226 12.021830 
12.183526 -27.607783 12.014323 
12.434776 -27.262225 12.923639 
11.564206 -26.694605 13.112052 
11.278359 -26.258274 12.187990 
10.983255 -25.290118 12.539164 
9.879862 -26.201889 12.536691 
8.950133 -25.919157 13.602434 
8.413177 -25.308203 13.012382 
8.337265 -24.543509 12.316056 
7.962585 -24.165072 13.321956 
7.722225 -23.167573 13.544410 
7.496876 -22.739081 14.499084 
8.461247 -22.880452 14.284635 
7.846296 -23.653737 14.788272 
7.963338 -24.668451 14.798299 
7.637833 -25.307330 15.490641 
8.417244 -25.801902 15.092939 
7.846407 -26.546230 15.591326 
9.827399 -26.925657 14.752393 
9.633678 -27.733559 13.850565 
10.361235 -28.152199 12.835846 
9.145035 -28.214989 12.259152 
9.724093 -28.979888 12.242697 
9.843672 -30.129897 11.768471 
11.127018 -29.822406 11.856955 
10.883409 -28.953514 12.349572 
10.781376 -29.359263 13.218964 
10.376942 -28.159525 15.494970 
