-16.824426 -19.011908 10.049693 
-16.378619 -19.738944 9.359579 
-15.702153 -20.491262 9.399703 
-15.067214 -19.964202 8.886536 
-14.341029 -19.500303 8.145463 
-14.053772 -19.339436 9.116163 
-13.201321 -19.682446 8.590799 
-12.541189 -20.384099 9.185217 
-11.953743 -19.647466 9.228989 
-10.804929 -19.694164 9.416897 
-10.631268 -19.952530 8.441756 
-10.879541 -20.394625 7.562196 
-11.000898 -20.625178 6.581548 
-10.145458 -20.103105 6.369311 
-10.768728 -19.529203 5.679053 
-10.899342 -19.907892 4.749718 
-10.562212 -19.098998 3.895897 
-9.950609 -18.376172 3.596239 
-9.860981 -18.304863 2.493956 
-9.232527 -17.810131 1.869437 
-10.162611 -17.468008 1.983133 
-10.437620 -17.524084 2.978010 
-9.724365 -17.117086 3.712109 
-9.683196 -17.815038 4.478384 
-9.437569 -17.900001 5.533979 
-10.513036 -17.759599 5.473550 
-10.154542 -16.959378 4.952851 
-9.995010 -15.915954 5.025509 
-9.533034 -16.240032 5.843928 
-10.062286 -16.962293 6.195541 
-11.072575 -17.276523 6.111322 
-11.776272 -16.732849 6.557615 
-12.435256 -17.421748 6.984351 
-12.211094 -18.360378 6.575810 
-13.171663 -18.641827 6.538962 
-13.473339 -19.575664 6.861956 
-14.490235 -19.159217 7.081854 
-14.673509 -19.212219 6.191893 
-14.782945 -18.231892 5.648440 
-13.818756 -18.293408 5.637404 
-14.203468 -17.440529 5.538455 
-14.955178 -17.426697 6.262905 
-14.204597 -18.103175 6.734265 
-13.668972 -17.216660 7.076144 
-13.127131 -16.848091 7.841173 
-14.072620 -16.407030 8.284179 
-13.854007 -17.442761 8.144881 
-13.783488 -18.531748 8.087808 
-12.776192 -18.266301 8.061208 
-13.144018 -18.511109 8.965672 
-12.082224 -18.679835 8.864761 
-12.220653 -18.296291 9.787745 
-12.495906 -17.831356 10.733656 
-13.002199 -17.132138 11.314262 
-14.011612 -17.371407 11.341033 
-14.959818 -17.775483 11.596153 
-14.189140 -18.398312 11.591868 
-13.330448 -18.741565 11.105087 
-13.777104 -18.430645 10.273081 
-13.888220 -19.483990 10.381362 
-12.818626 -19.433789 10.057402 
-12.113802 -20.102834 10.483171 
-12.089596 -19.646628 11.399295 
-13.200431 -19.617259 11.479686 
-13.038016 -19.803467 12.402267 
-13.754069 -19.053403 12.257636 
-14.222630 -19.813985 12.768525 
-13.509160 -19.691489 13.465301 
-12.806596 -19.104154 13.943927 
-13.385047 -19.808805 14.628320 
-13.591420 -18.687732 14.578036 
-14.636248 -18.711318 14.486997 
-14.442564 -19.343758 13.647987 
-14.548772 -18.535288 13.004748 
-15.628194 -16.883780 11.592845 
-12.100831 -17.647061 8.809027 
-11.286636 -16.984787 9.222527 
-11.221578 -17.327470 8.161937 
-10.474439 -17.608764 8.663369 
-10.348933 -17.989901 7.681170 
-11.197497 -18.161167 7.182176 
-10.673206 -19.091175 6.856961 
-9.849944 -19.658328 7.203286 
-9.008654 -20.433909 6.539003 
-8.139252 -20.411837 7.058346 
-8.321416 -20.759795 7.991694 
-8.444784 -21.695321 7.479070 
-7.556925 -22.352818 7.679326 
-7.305102 -21.899777 9.995102 
-5.691324 -22.071734 10.051528 
-3.886291 -22.376334 8.388978 
-3.697532 -25.120271 9.123256 
-3.960263 -24.137815 9.169711 
-4.408814 -23.259984 9.337269 
-4.073531 -22.341943 9.850814 
-4.452631 -21.880736 10.699938 
-3.585077 -21.530464 10.483717 
-3.589864 -20.561428 10.887029 
-4.247251 -20.012637 11.517454 
-4.925759 -23.280123 12.264040 
-2.654139 -22.873644 9.543606 
-1.653350 -22.131256 7.670900 
-5.877097 -22.415911 7.151340 
-9.964790 -21.812258 8.354069 
-9.377591 -20.847243 8.157488 
-9.898271 -21.042514 9.131303 
-10.227920 -20.628605 10.014459 
-9.081255 -20.444046 12.575361 
-8.594248 -19.751873 12.452481 
-8.401585 -18.502442 13.023922 
-8.593334 -17.806984 11.948254 
-8.208786 -18.820599 12.125991 
-9.352681 -18.939981 11.991013 
-10.738774 -19.258449 12.289239 
-11.529142 -18.584458 11.061075 
-9.937083 -18.786352 9.380564 
-7.903973 -19.041759 7.287536 
-8.426117 -18.410125 6.801481 
-8.366100 -18.453318 5.475103 
-8.802668 -19.733066 3.664529 
-9.120904 -21.813707 2.050538 
-8.230648 -22.248013 1.372690 
-7.195918 -22.464108 0.950893 
-6.477253 -22.434206 0.107233 
-5.889686 -23.265573 -0.002161 
-5.230999 -23.982595 0.438620 
-4.494640 -23.426920 0.924527 
-4.457210 -23.062804 1.926740 
-4.062427 -22.121076 2.195372 
-5.012899 -21.643832 2.443454 
-7.628474 -22.547315 3.618402 
-6.217090 -21.395312 4.220960 
-4.855836 -24.068038 3.097745 
-3.094163 -25.096098 1.342861 
-1.779999 -24.979568 0.367298 
-1.483968 -23.597441 1.613125 
-2.295717 -22.270224 0.656583 
-2.663743 -23.343270 0.615812 
-3.381294 -23.306909 -0.888685 
-3.341667 -22.906826 0.076138 
-4.622625 -22.687062 -0.973256 
-5.612713 -22.002397 -0.582925 
-6.324456 -22.689561 -0.982005 
-6.515043 -21.734286 -1.219455 
-7.259719 -21.174968 -1.539393 
-8.084458 -21.099420 -0.820621 
-7.659903 -20.276031 -0.339209 
-6.698599 -19.527267 -0.590203 
-6.805646 -19.444735 0.249982 
-6.864861 -19.002254 1.285934 
-7.586905 -19.710504 1.571413 
-6.834217 -20.463369 1.300983 
-7.305123 -21.499836 1.404919 
-8.166053 -21.182161 0.768350 
-8.426187 -21.742000 -0.089638 
-8.343870 -22.650200 0.371565 
-8.098253 -23.567364 0.264990 
-7.035802 -23.258103 0.280651 
-7.372113 -22.930378 -0.675871 
-7.865884 -22.164029 -1.310154 
-7.289183 -22.525536 -2.159141 
-7.239180 -23.009797 -2.894312 
-7.981096 -23.301291 -2.249906 
-7.174208 -24.132479 -0.694734 
-5.044659 -25.389369 2.833902 
-3.576862 -28.390564 5.196552 
-6.002345 -28.290837 3.121322 
-6.426651 -28.151758 4.106296 
-6.700107 -27.463508 3.479916 
-6.365836 -27.235596 2.524887 
-5.765489 -26.304936 2.334070 
-6.637573 -26.173292 1.828374 
-8.107721 -25.663228 1.670441 
-9.617375 -25.010839 1.729947 
-8.906850 -24.733249 2.448454 
-8.479260 -23.953489 2.034466 
-7.915649 -23.351466 1.615135 
-7.425718 -24.233944 1.337930 
-8.262814 -24.504893 0.837896 
-8.684209 -25.106833 0.181800 
-8.374214 -24.313029 -0.349383 
-8.921062 -24.857884 -0.972833 
-9.085691 -23.810930 -1.283397 
-9.789792 -23.399906 -0.658860 
-8.810191 -23.077056 -0.520436 
-9.326738 -21.315808 -0.065399 
-9.549684 -20.200982 1.916024 
-10.408185 -20.589703 1.282659 
-9.637514 -21.827736 1.123960 
-10.258518 -21.977675 1.790345 
-9.608858 -20.628561 4.470340 
-10.319203 -20.730166 4.172058 
-11.048903 -21.528777 4.195200 
-10.725283 -22.405921 3.789345 
-11.930961 -21.503728 6.337973 
