-20.279537 -6.772443 -21.766776 
-20.367379 -5.872572 -22.142742 
-19.806513 -6.595483 -22.730440 
-19.094624 -6.301425 -23.285591 
-19.117067 -6.446173 -24.297057 
-18.629364 -6.199466 -25.155454 
-18.474728 -7.213645 -25.075549 
-17.858591 -7.497136 -25.994369 
-17.513925 -6.528674 -25.680225 
-17.115201 -6.389294 -24.779988 
-17.268848 -7.375147 -24.758371 
-17.920177 -6.724850 -24.229658 
-18.097398 -5.661854 -24.083650 
-18.506919 -4.709590 -23.611515 
-19.335286 -5.234976 -23.399969 
-20.259645 -5.290803 -23.962113 
-20.067808 -4.282358 -24.165879 
-20.981208 -3.999969 -24.625214 
-21.646962 -3.980123 -23.748020 
-22.215345 -3.033556 -23.411600 
-21.635683 -2.058090 -23.197050 
-21.454495 -2.938001 -22.452137 
-21.147894 -3.957569 -22.366443 
-20.610580 -3.253680 -21.805658 
-20.889691 -2.445014 -21.157517 
-21.478590 -2.726724 -20.346211 
-21.548463 -1.734738 -20.136321 
-21.428394 -0.842120 -19.598219 
-21.940608 0.125278 -19.588416 
-22.343957 -0.325162 -20.417084 
-22.715707 -0.724878 -19.543710 
-22.738304 -1.752247 -19.331910 
-22.085068 -2.020157 -18.508440 
-22.574040 -1.140139 -18.144962 
-22.207834 -0.194052 -18.394999 
-23.050959 0.028642 -17.841522 
-23.286037 0.823727 -17.415189 
-24.284352 1.280054 -17.656872 
-23.832731 2.118930 -17.357737 
-22.948834 2.216938 -17.426487 
-22.694336 2.926774 -16.765913 
-23.490363 2.536016 -16.054130 
-23.025928 1.637885 -16.043644 
-22.163787 1.849161 -15.478976 
-21.289497 2.140447 -15.057325 
-21.958902 2.369711 -14.277097 
-22.883977 2.007699 -13.775936 
-22.774384 1.066907 -13.914642 
-21.882863 0.997106 -13.364493 
-21.039609 0.376635 -13.682000 
-21.078771 -0.308607 -12.850197 
-20.359876 0.376062 -12.334244 
-20.808501 1.089699 -12.966601 
-21.473309 0.921282 -12.144276 
-22.232332 0.773953 -11.410067 
-23.122210 0.846436 -12.059679 
-22.901260 -0.174373 -11.922116 
-23.172241 -0.107701 -12.918722 
-23.630350 0.647027 -13.571129 
-23.757011 0.831807 -14.538589 
-24.617570 0.783590 -13.879310 
-25.533567 0.808762 -13.403659 
-25.264347 -0.046644 -13.083828 
-25.279360 -0.387190 -14.018534 
-24.441590 -1.017282 -14.284741 
-23.895867 -1.657844 -14.752986 
-23.560999 -0.786805 -15.275400 
-22.484381 -1.031188 -15.396089 
-22.187217 0.000399 -15.332340 
-22.784089 0.691203 -15.208613 
-23.171776 0.657343 -16.156318 
-22.949545 -0.209540 -16.576559 
-23.916879 -0.174491 -17.050831 
-24.607275 -0.540331 -16.336526 
-24.902304 1.108129 -13.960204 
-26.179943 0.365501 -10.690107 
-25.977792 1.199665 -11.180242 
-25.711611 1.051893 -12.191386 
-26.605197 0.682942 -12.792493 
-27.514640 0.666334 -12.284976 
-27.030355 -0.367894 -12.681572 
-27.218952 -0.433141 -11.621593 
-26.189431 -0.038809 -11.919764 
-26.460392 -1.059773 -12.934822 
-27.729569 -1.368654 -13.126331 
-27.712797 -2.458969 -13.024737 
-27.935165 -2.996029 -13.807482 
-28.825638 -3.530007 -13.460554 
-28.317941 -3.865071 -13.956016 
-26.277501 -2.195731 -13.133231 
-27.564754 -3.422035 -15.156308 
-28.262332 -2.963664 -15.953926 
-27.736261 -3.713110 -16.443321 
-26.930382 -3.371124 -16.009914 
-27.274457 -2.451426 -16.289428 
-26.751229 -1.595618 -16.130852 
-26.328381 -2.242253 -16.763338 
-25.597610 -2.234885 -16.046257 
-25.384742 -1.434300 -15.282638 
-29.345343 -1.105224 -14.868640 
-29.378906 -0.195364 -14.001645 
-28.074067 -2.417609 -11.969106 
-28.337605 -5.912853 -9.132078 
-30.942554 -6.010906 -4.092320 
-30.074563 -5.863731 -3.655668 
-30.248615 -5.348899 -4.627763 
-29.857660 -4.964024 -5.557960 
-31.071372 -5.913520 -3.113229 
-32.356339 -8.481183 -3.504088 
-32.514989 -9.706276 -3.795322 
-33.460392 -10.544623 -4.197002 
-34.360100 -10.515692 -3.597802 
-33.512293 -10.724874 -2.695310 
-31.807658 -11.403983 -2.323935 
-32.488714 -11.268847 -1.689543 
-32.442536 -10.486145 0.656072 
-30.701388 -10.491357 0.170334 
-31.304227 -10.399961 -0.379198 
-31.595489 -10.422875 -1.453041 
-31.141952 -9.539073 -4.122526 
-32.513330 -8.094081 -5.802099 
-32.034948 -7.741937 -6.715754 
-32.281211 -8.239326 -7.649654 
-31.319758 -8.091820 -7.386707 
-31.400520 -9.188024 -7.535985 
-30.632114 -9.846387 -7.492894 
-30.538151 -10.457725 -8.326833 
-30.198602 -10.622406 -9.422342 
-29.606262 -11.550056 -9.543313 
-28.874330 -11.834550 -10.177395 
-28.443369 -13.156131 -13.057143 
-29.350497 -9.585476 -12.366307 
-28.173075 -7.637233 -10.587399 
-28.577715 -9.371129 -11.010285 
-28.712424 -10.484830 -10.221111 
-29.545561 -8.666381 -8.798455 
-29.667737 -6.933930 -7.100368 
-29.807787 -7.866147 -6.265710 
-30.344018 -9.773849 -6.469436 
-29.779736 -9.122093 -7.091688 
-29.033757 -8.934105 -7.751256 
-29.898602 -9.479993 -8.339867 
-30.557473 -8.981839 -8.964549 
-31.241839 -9.058300 -9.799254 
-31.932029 -9.252669 -9.076550 
-31.853127 -9.896398 -8.320212 
-32.826560 -10.434861 -8.241897 
-31.061727 -11.085237 -7.640040 
-29.930597 -11.405757 -6.576131 
-29.059676 -11.653817 -7.154108 
-29.172580 -10.613996 -7.653761 
-29.664194 -11.305126 -8.439424 
-30.242323 -12.176016 -8.463412 
-30.429123 -13.011749 -8.891964 
-30.489503 -13.502520 -9.755517 
-29.722457 -13.370540 -10.431929 
-30.035810 -12.342765 -10.320201 
-30.305102 -11.455613 -10.710381 
-30.503898 -10.421604 -10.616337 
-31.056327 -10.910263 -9.864399 
-31.157378 -10.915561 -10.979383 
-31.302459 -10.166767 -11.726636 
-30.606768 -10.712903 -12.512560 
-30.167552 -9.256550 -12.490251 
-29.070990 -8.597293 -13.573902 
-25.962874 -8.163817 -15.097318 
-24.669124 -7.178080 -14.669330 
-25.363938 -6.853870 -14.047889 
-25.281183 -6.994333 -13.022820 
-25.466987 -5.968285 -12.773890 
-25.049334 -4.953770 -12.648141 
-24.573704 -5.560436 -13.301724 
-24.324576 -4.229571 -13.024332 
-23.673448 -3.582665 -12.393131 
-23.782103 -4.463449 -11.956346 
-23.869846 -5.523711 -12.302969 
-24.111280 -6.450935 -11.892951 
-24.691978 -7.318726 -11.831322 
-25.614462 -7.486153 -12.217199 
-26.647700 -7.774865 -12.187984 
-26.469745 -6.789243 -12.395273 
-26.803594 -6.778014 -13.380947 
-25.957060 -6.070657 -13.641410 
-26.429795 -5.160549 -13.364234 
-25.903724 -4.845068 -14.165945 
-25.027365 -4.011659 -15.936456 
-25.092918 -3.419687 -18.491000 
-24.088718 -4.075863 -18.885628 
-23.701036 -4.454790 -17.871773 
-24.281078 -4.826466 -17.000626 
-24.987293 -4.406663 -16.520978 
-24.178304 -2.817518 -14.209755 
-23.619849 -2.799616 -15.050357 
-22.578730 -2.761293 -15.455655 
-23.114476 -2.867006 -16.363583 
