-26.531434 -19.178569 -8.940807 
-27.170798 -18.483808 -8.495547 
-26.996343 -18.172709 -7.549042 
-27.373497 -17.351570 -7.730063 
-28.429888 -17.171814 -7.167899 
-27.968480 -16.350634 -7.609915 
-28.463749 -17.005211 -8.359287 
-28.206195 -17.159185 -9.333226 
-27.987948 -17.619835 -10.289788 
-27.080602 -17.858777 -10.723687 
-26.218914 -17.414862 -10.145736 
-26.231576 -17.350596 -9.053813 
-27.167939 -16.747583 -9.400589 
-27.973887 -16.414881 -10.004256 
-27.002236 -16.105200 -10.254421 
-27.782943 -15.432478 -10.096109 
-28.807609 -15.127375 -10.130752 
-29.291984 -15.571738 -10.759797 
-28.449776 -15.851332 -11.072426 
-28.967412 -15.855835 -12.011379 
-28.926947 -14.967032 -12.527116 
-28.737363 -15.256838 -13.516446 
-28.551982 -16.303581 -13.680923 
-27.954963 -16.164930 -14.573201 
-27.322290 -15.322106 -14.924479 
-26.460380 -14.886235 -15.219781 
-25.777377 -15.498599 -15.821761 
-25.003411 -15.493100 -15.131829 
-24.663826 -16.456868 -15.062065 
-24.757949 -16.381359 -14.093344 
-25.303962 -17.087155 -13.506383 
-25.998361 -17.256253 -12.830415 
-25.100365 -17.058298 -12.320261 
-25.101450 -17.882044 -11.679553 
-25.006299 -18.673392 -11.139980 
-24.161155 -19.379131 -11.241756 
-24.082836 -18.941167 -12.121317 
-24.556775 -19.925763 -12.026404 
-25.377765 -19.209263 -11.817595 
-24.956141 -18.802964 -12.622001 
-24.484227 -17.911365 -12.424637 
-24.075567 -17.361067 -11.699769 
-23.306642 -17.746475 -12.320540 
-23.163367 -17.058677 -12.959964 
-23.880878 -16.644124 -13.580206 
-23.582072 -16.064840 -14.487820 
-23.792428 -15.656950 -15.308853 
-23.578087 -15.455861 -16.369182 
-24.296762 -16.076746 -16.786792 
-24.838241 -16.938002 -17.067253 
-25.114362 -17.634021 -16.283175 
-25.999619 -17.311472 -16.020291 
-26.773611 -17.631929 -15.228135 
-26.899634 -18.353102 -14.456362 
-26.176987 -17.779432 -14.169514 
-25.676030 -18.068073 -13.298798 
-25.693100 -18.962901 -13.849251 
-24.579466 -18.935567 -13.598614 
-24.205892 -17.941596 -13.705638 
-24.242571 -17.741663 -14.613393 
-24.403401 -17.542911 -15.548518 
-23.754218 -17.950128 -16.278686 
-23.810962 -18.491224 -15.410814 
-23.141854 -18.992129 -16.253140 
-23.616916 -19.805518 -16.745642 
-23.793973 -19.090705 -17.684906 
-24.098037 -18.196401 -18.070434 
-23.985651 -17.233517 -17.884100 
-23.168775 -17.861017 -17.924194 
-23.227947 -18.407424 -17.070424 
-22.414590 -17.888316 -16.704362 
-23.022798 -17.235205 -16.170831 
-23.215040 -16.656231 -15.447515 
-23.063041 -17.348668 -14.728901 
-21.607519 -19.489391 -14.223576 
-22.208727 -18.059781 -13.070016 
-21.451071 -18.574866 -13.403581 
-21.091156 -19.384152 -12.939863 
-21.038006 -20.304254 -12.591423 
-20.848122 -21.260275 -12.165272 
-20.322939 -20.851221 -11.312850 
-19.626039 -21.533381 -11.521523 
-20.466051 -22.072374 -11.094967 
-21.769147 -22.170405 -10.516046 
-21.591668 -22.403719 -11.490583 
-21.048141 -22.805345 -12.269807 
-21.477811 -23.689997 -12.581912 
-21.833417 -24.006867 -11.723792 
-23.972959 -22.112162 -9.922272 
-26.106280 -20.795137 -8.471443 
-24.796976 -22.172174 -8.141904 
-22.395337 -22.669459 -7.666396 
-23.347879 -22.846889 -7.785313 
-23.464192 -23.659628 -8.359600 
-23.183879 -24.643284 -8.518939 
-22.407006 -24.072917 -8.740325 
-22.164429 -24.873936 -9.225316 
-21.816578 -24.004988 -9.749600 
-22.479218 -24.639689 -10.200030 
-20.157489 -24.446720 -12.833973 
-20.979625 -22.424361 -14.721693 
-22.053858 -23.108261 -13.539575 
-22.425011 -20.610806 -14.637164 
-21.338070 -18.883553 -17.991090 
-20.566195 -19.668014 -18.284213 
-20.152193 -19.941874 -19.176463 
-19.739260 -19.020891 -19.351159 
-19.326699 -18.029977 -20.895919 
-16.819144 -20.079499 -19.986516 
-16.146809 -20.131161 -19.431290 
-15.260899 -20.696168 -18.830997 
-14.230881 -20.408160 -19.137451 
-14.976530 -19.882852 -19.567801 
-15.130293 -18.584905 -18.686727 
-16.169381 -19.296649 -18.684055 
-18.131560 -20.699392 -19.296720 
-19.236389 -22.135151 -18.330366 
-20.236208 -22.082096 -17.466859 
-19.803809 -23.350814 -16.952093 
-18.586497 -23.715092 -15.722598 
-17.091752 -23.310569 -15.522203 
-16.774590 -24.332391 -15.236382 
-17.578073 -24.908208 -15.475271 
-17.471832 -25.244460 -14.464904 
-18.451568 -24.724330 -14.529899 
-18.172837 -24.169040 -13.650722 
-18.177051 -25.077016 -13.425103 
-17.373490 -25.625020 -12.962534 
-16.691543 -26.096024 -13.581929 
-15.942082 -26.282439 -14.319982 
-16.923034 -23.711772 -17.271712 
-17.246950 -21.040705 -21.466517 
-16.380118 -19.303204 -23.626476 
-15.844679 -18.975651 -25.334160 
-14.377826 -19.829393 -25.275903 
-14.075209 -21.000195 -23.459327 
-14.239409 -22.112456 -22.451588 
-14.708046 -23.262287 -21.361950 
-14.851610 -24.143640 -20.430888 
-14.888090 -24.219497 -19.385676 
-15.649655 -24.267462 -18.557979 
-15.966618 -23.182094 -17.761597 
-16.513265 -22.426259 -17.605163 
-16.825247 -22.326342 -16.697538 
-16.141720 -23.239181 -16.850216 
-15.901175 -23.774150 -16.000702 
-15.882800 -24.541141 -15.312799 
-14.252179 -24.493140 -15.885432 
-13.288371 -24.131408 -14.810685 
-13.191988 -24.614393 -13.901572 
-14.376698 -23.873039 -13.362342 
-15.328937 -22.693599 -13.631403 
-16.099634 -22.673925 -14.400463 
-16.502126 -22.441141 -15.372467 
-15.856891 -22.778807 -16.061597 
-15.067229 -22.002118 -16.090890 
-14.481849 -21.263816 -15.853768 
-13.805180 -22.043544 -15.779969 
-13.238405 -22.836310 -16.051490 
-13.831012 -22.976844 -16.923954 
-14.878015 -22.915942 -16.645843 
-14.608931 -23.509105 -15.479375 
-15.345091 -23.842146 -14.344978 
-16.394313 -23.336800 -14.360086 
-16.746683 -24.288508 -11.753613 
-16.521526 -28.602032 -9.708163 
-13.348265 -28.973822 -11.520055 
-13.207666 -29.628874 -12.279871 
-12.184812 -29.612814 -12.539587 
-12.870396 -29.231554 -13.141613 
-12.924593 -28.266309 -12.732979 
-12.950624 -27.289662 -12.389118 
-13.761305 -27.730165 -13.356531 
-13.319795 -26.979514 -13.930947 
-13.569860 -27.443844 -14.756625 
-14.363097 -26.790667 -14.544889 
-14.646818 -26.259389 -13.675752 
-14.462088 -25.948222 -12.652329 
-15.306730 -26.096946 -11.994306 
-16.136459 -25.693867 -11.361787 
-17.045155 -25.199332 -11.957289 
-17.708378 -26.025505 -11.859975 
-18.505227 -25.863032 -12.586004 
-19.405973 -26.517901 -12.536346 
-19.011544 -26.385289 -11.618212 
-18.594333 -25.224130 -10.409016 
-19.403186 -24.566480 -10.361831 
-19.536747 -23.662734 -10.530414 
-20.482898 -23.585590 -10.086012 
-19.981072 -24.288403 -9.507198 
-19.188235 -25.558784 -7.784649 
-19.192122 -27.129348 -7.006298 
-19.109280 -28.075583 -7.294070 
-18.288603 -27.690893 -7.244577 
-15.022886 -29.329439 -8.025744 
