-5.272578 -24.055728 9.778160 
-5.382448 -24.158498 8.800448 
-5.331960 -24.838313 8.076967 
-5.066674 -25.023969 9.004954 
-4.375211 -25.787658 8.864456 
-4.447208 -26.786740 8.412358 
-5.147548 -26.382867 7.954617 
-4.113998 -26.294663 7.588426 
-4.626518 -25.609867 7.070241 
-4.289908 -25.911958 6.185736 
-3.356742 -25.449936 6.035999 
-3.308614 -24.508181 6.555678 
-2.343880 -24.320423 6.407552 
-2.199259 -23.260591 6.473460 
-2.248520 -23.686376 5.461941 
-1.957678 -24.773309 5.407683 
-2.745599 -24.606525 4.727164 
-2.129948 -25.298199 4.544376 
-2.392265 -26.061008 3.885697 
-1.731597 -26.657561 3.418608 
-2.189114 -27.523003 3.182511 
-2.146219 -27.594289 4.199032 
-1.670377 -26.763009 4.777124 
-1.703817 -26.275496 5.713667 
-0.734211 -26.719752 5.736945 
0.274497 -26.621508 6.112093 
-0.587663 -26.595167 6.871257 
-1.463821 -27.147810 6.997690 
-1.090133 -28.005911 6.892478 
-1.415155 -28.817381 7.354831 
-2.144875 -29.051544 8.136288 
-2.155912 -29.364480 9.182018 
-2.495703 -30.071453 8.470914 
-2.889253 -29.582392 7.693346 
-3.083559 -29.001882 6.753678 
-2.817917 -29.625851 6.020447 
-1.935060 -29.893502 6.677830 
-2.407885 -30.806707 6.444198 
-3.326204 -30.721994 5.854477 
-4.185117 -30.712199 5.119712 
-4.118556 -29.677445 4.955131 
-4.598035 -29.731914 5.804402 
-4.842188 -28.669216 5.656050 
-4.346258 -27.967437 5.038238 
-3.971457 -27.058617 5.638152 
-4.861336 -27.665505 5.925426 
-5.631146 -27.257258 5.350215 
-5.583925 -26.780518 6.307649 
-5.843644 -26.875011 7.190176 
-6.068991 -25.952661 7.566795 
-6.943655 -26.417167 7.591219 
-7.504812 -25.980899 8.341458 
-7.576072 -25.185369 7.720822 
-7.691306 -24.209215 7.508556 
-6.664473 -24.590810 7.870202 
-6.195748 -25.420293 8.381081 
-6.960631 -25.465903 9.171021 
-6.723041 -24.490427 9.102583 
-7.760699 -24.386333 8.678056 
-8.831169 -24.538670 8.444869 
-8.761718 -23.587549 8.889250 
-9.767571 -24.054661 9.092957 
-10.066161 -23.009712 9.081752 
-9.410360 -22.232012 9.236113 
-9.855615 -21.921860 10.080145 
-9.359778 -22.291270 10.944608 
-8.857212 -22.963978 11.358766 
-8.616959 -23.328556 12.271572 
-9.231510 -24.074861 11.883843 
-8.444788 -24.450383 12.527612 
-7.668794 -23.963293 12.133999 
-7.715763 -24.068450 13.095354 
-6.714868 -24.304196 12.883857 
-6.091246 -24.730067 12.073094 
-6.339305 -26.457580 12.504139 
-6.077965 -25.331354 9.765745 
-5.661158 -25.367360 10.668394 
-5.957930 -24.349663 10.541777 
-6.927480 -24.842068 10.582328 
-6.659911 -24.192207 11.407425 
-7.161685 -23.454066 10.926114 
-8.050380 -23.941643 11.166971 
-7.992193 -23.406845 10.263105 
-8.815163 -24.409180 9.853065 
-10.199362 -24.757617 10.198872 
-10.295547 -24.953278 11.200317 
-11.323201 -24.463364 10.990882 
-11.601221 -24.511422 11.981183 
-13.069054 -23.028210 12.557376 
-13.176206 -24.201189 14.182902 
-11.553676 -23.652213 13.027275 
-11.772210 -22.934971 10.149347 
-11.345054 -23.861691 9.956316 
-12.191814 -23.501428 9.399278 
-11.859083 -24.533587 9.036560 
-11.288343 -25.144972 9.580882 
-10.495376 -25.765935 9.987773 
-10.568273 -26.427144 9.107142 
-11.427297 -26.200514 9.615838 
-10.498892 -27.452902 6.998963 
-8.374143 -27.557232 2.876223 
-8.886190 -28.812526 2.795071 
-7.446015 -29.037832 3.230972 
-8.109798 -28.361008 8.333271 
-7.006173 -28.330294 8.719546 
-6.946139 -29.364029 8.651878 
-5.957173 -29.073603 9.141981 
-8.317238 -28.325232 10.108411 
-10.067250 -30.581212 10.972489 
-9.612925 -31.452227 10.609582 
-8.371213 -30.835053 10.436720 
-7.506480 -30.526619 9.887232 
-7.612155 -29.393843 9.672216 
-6.505082 -29.936310 9.968166 
-5.610703 -30.127560 10.076896 
-4.867373 -29.046625 8.033351 
-2.781229 -30.640153 7.190578 
-1.658851 -30.912872 8.061184 
-0.689297 -31.577700 8.756420 
0.137764 -33.326224 6.169065 
1.676150 -34.446294 5.549359 
2.577507 -34.446652 5.249542 
2.830889 -35.039979 4.287899 
2.872882 -35.681179 5.067794 
2.506071 -35.698802 6.009360 
3.537584 -35.459880 6.303515 
4.020466 -34.598318 6.443983 
5.014029 -34.360430 6.058663 
5.655268 -33.920629 5.430452 
5.820311 -32.943176 5.220160 
3.275965 -34.133956 2.477347 
-2.058251 -32.520266 2.863550 
-3.550248 -32.973735 4.496159 
-3.393510 -31.637001 4.857168 
-3.354882 -29.825435 3.670812 
-3.886746 -30.571069 2.272308 
-5.909362 -30.442805 1.285736 
-5.811768 -32.189180 0.886213 
-5.364908 -33.264802 1.982670 
-6.125202 -33.262562 2.742482 
-6.768016 -34.084005 2.417543 
-8.182574 -33.468357 2.005333 
-8.238934 -32.843480 2.907651 
-7.276739 -32.617430 2.893092 
-7.756499 -31.607588 3.044434 
-7.440523 -32.003502 2.062828 
-6.484373 -31.672212 2.165150 
-6.023225 -31.222758 3.201246 
-5.780848 -30.175080 4.407623 
-6.511925 -30.115972 3.600866 
-7.300831 -31.406114 4.177718 
-7.618227 -31.125216 5.169638 
-8.613571 -30.805838 4.961454 
-9.157060 -31.030293 4.153877 
-8.430134 -31.632708 4.410121 
-9.304232 -32.093151 4.340558 
-9.579956 -32.781695 3.677802 
-9.159793 -31.979590 3.123371 
-9.179295 -31.026341 2.708521 
-9.926501 -30.294568 2.787999 
-9.783226 -29.350405 2.717206 
-10.612838 -28.901951 3.245240 
-11.272432 -28.500933 4.326160 
-11.650923 -28.122128 3.410579 
-13.003333 -28.519369 7.348210 
-12.133081 -26.351874 11.033542 
-13.106857 -27.335492 11.533641 
-12.786600 -28.260677 11.587666 
-12.326435 -27.637286 12.354471 
-13.157872 -27.305935 12.888814 
-14.189995 -27.687941 12.607213 
-14.142655 -26.736660 12.085843 
-14.849063 -26.087516 12.239037 
-14.378720 -26.629272 11.010070 
-15.307306 -26.356182 10.711086 
-16.389064 -26.277415 10.469952 
-15.716721 -25.842679 9.814134 
-15.988285 -25.144211 9.133207 
-15.505665 -24.806697 10.035342 
-15.595804 -24.217609 10.942470 
-15.108934 -25.173185 10.841627 
-14.456021 -24.310693 11.207524 
-13.670208 -24.746114 10.623327 
-14.067342 -25.719013 10.717275 
-14.429053 -26.315740 9.980455 
-14.665496 -27.666622 8.321985 
-15.229278 -29.247222 6.611544 
-14.719017 -30.340091 6.616667 
-13.661931 -30.654180 5.849832 
-14.738687 -30.575371 5.729328 
-12.293998 -30.323390 5.147389 
-10.139997 -29.698480 4.702144 
-9.209399 -29.292741 5.063136 
-9.737579 -29.744555 5.804438 
-6.645618 -31.457741 5.633190 
