20.521514 -26.561230 11.223249 
20.966347 -25.898229 10.608758 
21.166391 -25.580482 9.458308 
21.086114 -25.562871 8.380232 
22.031000 -25.184331 8.496274 
21.981467 -24.671492 9.340613 
21.317125 -24.383430 8.739626 
20.337041 -24.497603 9.047785 
19.757535 -25.235618 8.603410 
19.585260 -24.279318 8.410122 
19.968393 -24.697256 7.352360 
20.997499 -24.418645 7.663450 
21.051426 -24.219991 6.605853 
21.187287 -23.384337 7.381450 
21.379489 -23.158628 8.402365 
20.646443 -23.214445 9.144554 
20.722257 -23.112530 10.177600 
21.751960 -23.183611 10.008768 
21.261797 -22.309619 9.565830 
22.177227 -22.463436 9.171536 
23.156216 -22.555605 9.108119 
23.643131 -23.462148 9.263859 
24.207806 -22.653956 8.920352 
24.464554 -21.820722 8.386694 
25.495074 -21.903541 8.407336 
25.175501 -21.884497 9.454691 
24.594559 -21.363028 10.185903 
25.387843 -21.002016 10.560691 
24.547573 -21.302324 11.268665 
24.038089 -22.177324 11.262467 
23.510570 -22.794405 10.486181 
23.396888 -23.302607 11.374594 
22.659318 -22.595970 11.372716 
22.216552 -23.542230 10.987668 
21.572339 -23.654369 11.837744 
22.430341 -23.935305 12.468693 
21.583629 -23.668742 13.137444 
21.503545 -24.741520 12.935191 
21.289114 -25.349018 13.638015 
20.183064 -25.333360 13.955053 
19.914758 -24.662416 13.184406 
19.442341 -23.774142 13.700599 
18.484482 -23.844286 14.332298 
17.491204 -23.911847 14.655661 
17.106718 -24.716575 15.097636 
17.757681 -25.370373 14.702553 
18.743598 -25.449899 14.383634 
18.767086 -24.856976 15.282301 
18.710974 -25.302427 16.098195 
19.804091 -25.356563 15.977318 
20.122508 -24.418322 16.050395 
19.440837 -23.769250 15.630069 
19.411001 -22.994576 14.898798 
19.184530 -21.951519 14.730720 
19.734039 -21.906724 15.604260 
19.232223 -22.421193 16.455208 
18.657594 -21.560031 16.774953 
17.903888 -20.905825 17.169382 
17.512466 -19.940937 17.108874 
17.267249 -20.025525 16.067261 
16.606087 -20.642601 16.627918 
16.029973 -21.536042 16.524398 
15.809191 -22.549877 16.592598 
16.095283 -23.607834 16.527130 
16.311988 -23.398948 15.533700 
15.353060 -23.789923 15.964604 
15.177801 -24.756987 15.989728 
14.793648 -25.780041 16.132147 
15.129367 -26.173783 17.018746 
14.046070 -26.101361 16.951898 
13.099105 -26.834290 16.957209 
14.002450 -27.210081 17.375933 
14.472617 -27.304261 16.327941 
14.253792 -28.274043 16.020958 
15.351822 -25.787191 15.384818 
18.408021 -22.573185 15.709644 
18.613671 -21.486251 15.414061 
17.736682 -21.313300 15.898944 
17.638863 -21.062346 14.885198 
18.346173 -21.233613 14.082177 
18.877828 -20.550788 14.740675 
19.657002 -20.818351 15.308839 
20.349658 -20.545916 16.093113 
21.564161 -20.738436 16.778927 
21.587845 -21.521322 17.101784 
22.292259 -22.062283 16.628725 
21.255614 -22.461858 16.683850 
20.782492 -21.764457 16.139138 
22.740772 -20.487291 13.621460 
23.542664 -20.129174 10.972836 
22.512040 -20.214394 10.692103 
21.420051 -21.934390 11.595318 
20.797724 -22.676804 11.707991 
21.158069 -22.515816 12.768029 
21.511599 -21.595423 13.314277 
22.591470 -21.788607 13.174926 
22.258864 -22.431453 14.038904 
21.240285 -22.325151 14.515192 
20.418425 -22.953496 14.799430 
18.130154 -23.169941 13.548625 
13.422203 -24.862600 18.097395 
14.329144 -24.049381 19.373150 
17.827400 -22.987855 17.933766 
21.726793 -19.627378 19.538406 
21.891234 -18.584830 19.814235 
22.674842 -18.383236 20.435016 
22.503693 -17.459763 20.040129 
21.438596 -17.629753 18.270452 
22.371323 -19.047852 17.904182 
22.439276 -17.854684 17.309901 
22.407697 -17.823325 16.292867 
21.728260 -18.639257 16.278303 
22.415037 -19.259336 16.777583 
24.321810 -18.923101 16.402575 
25.035673 -18.630217 15.223864 
24.950941 -15.799979 15.023157 
23.771577 -15.099574 13.445372 
22.480217 -14.679634 13.294107 
22.161427 -15.291612 12.707992 
19.804736 -14.319858 11.267195 
19.800182 -14.217732 9.080673 
19.863366 -13.253973 8.440646 
20.402813 -12.787074 9.224806 
20.730501 -13.429748 9.893672 
21.313519 -14.045933 10.436058 
21.845151 -13.669943 9.517185 
22.588509 -13.558649 10.249377 
23.110391 -14.393434 9.784209 
23.323146 -15.369101 9.605881 
23.558014 -14.947033 8.667603 
26.683890 -14.600906 9.538153 
27.142172 -12.048370 7.550253 
26.123279 -12.314394 5.630763 
24.303560 -13.535594 3.769932 
24.769526 -15.396709 2.622294 
24.636174 -14.827958 1.511667 
23.980200 -13.966292 0.582592 
24.904945 -14.389627 -0.698694 
27.328016 -15.400706 -1.007958 
26.476466 -15.903540 -0.948197 
26.668769 -15.666772 -0.091539 
26.569318 -14.222401 0.087714 
26.250323 -14.709077 0.878357 
25.321269 -14.357617 0.705122 
25.593967 -13.990018 -0.095462 
25.813229 -13.604513 0.835898 
25.530593 -13.212348 1.783089 
24.971992 -13.786250 3.270981 
24.515861 -15.446178 4.849624 
24.221437 -16.505006 5.121485 
23.776978 -17.347814 4.658286 
25.058157 -16.886179 4.510686 
25.386641 -16.066991 4.992607 
25.514237 -15.594539 5.950460 
26.312034 -15.259284 5.417544 
25.890230 -14.350926 5.742596 
25.805661 -13.513311 6.386387 
25.321419 -13.000803 5.514679 
24.804986 -13.669148 5.033958 
24.270593 -13.001276 5.527569 
23.855874 -12.740147 6.431191 
22.759904 -12.534824 5.562725 
21.820878 -13.093216 5.987081 
20.439955 -12.858666 6.815892 
22.150279 -12.814020 8.728150 
23.508508 -12.420844 12.012632 
23.813552 -13.076337 11.277396 
24.475155 -12.557251 10.524182 
24.228722 -13.510467 10.341950 
23.933628 -13.863241 9.362263 
24.541025 -13.584221 8.359259 
24.469034 -13.748796 7.257380 
25.218812 -12.816703 6.477707 
26.342447 -12.277369 6.940558 
26.897515 -12.730520 6.213367 
27.675749 -13.037731 5.484572 
27.035253 -12.938884 4.740999 
26.547698 -13.873808 4.614923 
27.149850 -14.412132 5.254820 
27.179546 -15.254944 4.711266 
26.869311 -16.255478 4.409327 
27.864530 -16.243454 4.627331 
27.632669 -17.320497 4.533566 
28.167057 -17.514823 5.364773 
27.603308 -17.778844 6.211298 
25.479671 -17.877566 6.691295 
25.707035 -16.756396 6.990682 
26.304099 -16.705789 6.281165 
26.907234 -15.937908 6.305622 
27.918642 -16.251880 6.177124 
28.589272 -15.972262 3.990442 
27.583237 -17.078488 2.486167 
27.661828 -16.115090 2.697610 
27.274054 -16.007391 1.743231 
25.049088 -17.706462 1.297141 
