15.597672 -20.486463 11.781628 
14.560480 -20.261137 12.044119 
14.252132 -20.947506 11.390166 
13.746974 -21.823926 11.244118 
13.762387 -21.509816 12.176914 
13.318212 -21.982815 12.895432 
12.512849 -21.909118 13.636780 
12.272287 -22.825912 13.573968 
11.841137 -23.119023 12.518851 
12.158513 -22.088250 12.563412 
12.532179 -22.529942 11.635623 
12.661449 -21.456925 11.349543 
12.816009 -20.465956 11.801909 
13.165031 -20.000377 12.605916 
12.654034 -20.755001 13.147264 
11.579728 -20.638757 13.094818 
12.067147 -20.826261 13.960410 
12.214757 -20.403433 15.047674 
12.873393 -20.384418 14.300496 
13.967964 -20.599507 14.424071 
13.534977 -20.493973 15.449386 
12.836951 -20.290817 16.114758 
13.499676 -20.721339 16.854873 
13.771308 -21.566603 16.512741 
12.823144 -21.990843 16.694749 
13.041915 -21.403989 15.846155 
13.627613 -22.113534 15.447897 
14.392676 -21.353169 15.676824 
15.218802 -20.823863 15.760653 
14.812377 -20.052518 16.159561 
15.632020 -19.998533 16.771703 
16.305012 -19.810115 15.967439 
16.856434 -19.978180 15.068767 
17.884492 -19.736063 15.125789 
17.534322 -20.320119 14.229951 
17.586714 -19.760798 13.337125 
18.538292 -19.858886 13.818657 
18.149695 -20.511832 13.070497 
18.210868 -19.762012 12.377283 
18.952405 -20.124402 11.807937 
18.754472 -19.238794 11.179250 
19.583714 -19.763171 10.521084 
19.771960 -18.961199 9.799957 
19.518252 -18.040944 9.445634 
19.431723 -18.148422 8.476288 
19.390421 -17.745902 7.504615 
19.743528 -17.135769 8.295547 
20.363550 -16.467331 7.578368 
21.214414 -16.067532 7.171210 
20.679719 -15.348361 7.559711 
21.159008 -14.549480 7.083344 
21.173102 -14.525395 8.098862 
22.018249 -14.687415 7.513439 
22.826958 -15.361569 7.516180 
22.064304 -15.501029 6.856243 
22.229373 -15.001225 5.934457 
21.943746 -14.860815 4.952954 
21.067319 -15.228281 5.354168 
20.895323 -14.276394 5.583241 
20.541676 -14.584674 4.615715 
20.357580 -13.778513 4.003851 
19.575771 -14.431517 3.890917 
19.615240 -15.257431 3.333632 
20.539238 -15.510017 3.785438 
19.837828 -16.236168 3.973583 
20.569050 -15.870718 4.723531 
21.617069 -15.797907 4.718264 
21.530855 -15.061975 4.001979 
22.542396 -14.850444 3.917523 
23.009585 -15.843208 3.809731 
22.485558 -16.562236 4.543540 
22.570579 -16.313233 5.383818 
22.483340 -16.495923 6.498352 
23.172797 -17.297144 6.555405 
21.419840 -17.984156 7.654165 
21.204860 -14.774618 9.642492 
20.492116 -14.931163 10.383738 
20.758886 -15.151493 11.330019 
20.846143 -15.510236 12.279728 
21.260468 -15.888357 11.468246 
22.024219 -16.579141 11.803091 
22.426675 -17.284524 11.260583 
22.190230 -18.156867 11.747583 
21.849526 -17.861669 12.772071 
21.080502 -16.957163 12.892789 
20.322822 -17.180128 13.738829 
19.592073 -17.966651 14.251676 
19.012524 -17.133721 14.421547 
16.687467 -17.677330 14.744252 
14.193191 -18.323174 15.617274 
12.750132 -19.076671 18.597696 
11.897808 -19.800214 20.991234 
12.889077 -19.961225 21.121185 
13.365455 -18.932139 21.323255 
13.515515 -19.739952 21.898563 
13.602092 -20.537729 22.644694 
12.980259 -20.722925 21.839904 
12.073986 -20.900650 21.274734 
12.361904 -20.761273 20.260751 
15.865396 -21.202707 18.449171 
15.323689 -22.492170 19.201128 
13.399339 -23.502203 19.018253 
16.426536 -21.913735 20.754626 
21.044552 -18.441209 20.755813 
21.009239 -18.382500 21.828452 
20.787182 -17.575054 21.334254 
20.636777 -16.545779 20.998638 
21.808540 -14.802117 18.711621 
23.064399 -12.424172 20.442887 
23.893445 -13.130225 20.475386 
24.748183 -12.912811 20.848658 
24.688253 -14.085647 21.049147 
24.431334 -14.657704 19.813170 
25.241356 -15.045025 18.611510 
26.147128 -13.785712 18.969917 
26.779906 -12.130164 17.746484 
24.842638 -10.492085 17.816936 
25.543200 -11.439065 17.617534 
25.074548 -12.177625 17.135259 
26.425989 -10.270863 16.540853 
25.532586 -10.334920 18.564801 
24.855515 -10.359809 19.264755 
25.935413 -10.443873 19.536688 
26.265558 -11.436995 19.850627 
25.697875 -12.164039 19.555327 
25.466361 -12.228892 18.528775 
25.152003 -13.018977 17.973364 
24.949581 -14.072797 17.730646 
24.128442 -13.473429 17.777715 
23.237445 -13.470406 17.329169 
22.933519 -12.937649 16.747180 
23.597649 -10.831000 21.936195 
22.044768 -9.586731 23.270994 
21.633637 -7.953868 24.897194 
19.924533 -5.908965 25.375640 
19.826552 -6.626296 26.450639 
20.841619 -8.610113 26.309842 
21.200285 -9.400724 25.923692 
20.490597 -10.989343 25.333679 
19.815594 -10.707300 24.710335 
18.652638 -11.074255 25.516253 
17.670388 -11.789112 26.311000 
17.604670 -12.183968 25.242033 
18.372901 -12.741490 25.832970 
19.422249 -12.615260 25.942323 
19.256715 -13.626024 25.810670 
19.401200 -14.594911 25.685175 
17.903821 -14.677070 23.905450 
16.792502 -16.219950 23.105558 
17.229300 -17.139853 23.474287 
18.609164 -17.067328 23.434639 
18.131479 -16.807132 24.276995 
18.121108 -17.777039 24.594912 
17.967256 -18.484785 23.798868 
17.149483 -18.212252 24.316641 
16.546283 -17.566303 24.943757 
15.754085 -17.143922 24.411833 
15.037163 -16.526697 24.539278 
14.611337 -17.519774 24.302785 
14.597459 -17.838719 23.328670 
14.767007 -18.721421 23.782443 
15.235809 -18.419059 24.543265 
15.750684 -19.542192 24.286626 
15.818609 -19.016494 22.693727 
18.634158 -15.904190 22.321972 
19.676897 -14.782163 20.707716 
19.141832 -12.012331 20.914859 
20.092240 -12.350371 20.800897 
20.434354 -12.686550 21.723426 
21.054835 -12.742806 20.914102 
20.773750 -13.674968 20.483851 
20.715188 -14.264238 21.285730 
20.515828 -13.730498 22.030562 
21.505471 -14.021872 22.874501 
21.340149 -14.987716 22.304114 
22.118787 -15.499237 21.843562 
23.044976 -15.047434 21.636426 
22.821603 -14.111197 21.605553 
21.897341 -13.906154 21.110685 
21.780387 -13.889473 20.135814 
22.817721 -13.978110 20.346475 
22.664312 -14.933399 20.357491 
23.258603 -15.090551 19.523458 
23.629287 -15.664765 18.716516 
24.097335 -16.591751 18.535967 
25.136821 -16.192573 17.468823 
25.385811 -15.813860 16.505606 
25.269892 -15.212070 15.944054 
24.047945 -15.434484 16.095620 
23.293500 -16.176951 15.744006 
21.973405 -16.646582 15.045628 
23.353135 -16.892711 14.599179 
23.011801 -17.612700 15.217885 
22.647743 -18.618966 15.341768 
20.861705 -20.079699 11.334599 
