20.476058 -12.776473 7.481015 
20.628985 -11.933366 8.150478 
21.134217 -12.699396 8.312810 
21.241081 -13.481452 7.809268 
21.711607 -13.061217 6.947827 
22.377106 -12.435989 7.337883 
22.792064 -12.524360 8.291849 
22.106544 -13.303601 8.418623 
22.203967 -14.358570 8.621261 
23.179002 -13.918305 8.622769 
23.085794 -13.247123 9.351839 
22.388100 -12.549710 9.972131 
22.788804 -11.972954 10.699836 
22.316351 -11.096218 10.929373 
22.652856 -10.553825 11.799769 
22.342658 -11.571667 12.192615 
22.902740 -11.232043 12.923069 
23.952922 -11.353587 12.990795 
24.286440 -12.066604 12.382855 
24.793536 -12.972733 12.448168 
24.283987 -13.800073 12.240690 
23.313352 -13.944353 11.872961 
23.282089 -13.884446 10.776837 
23.274497 -12.829109 10.498560 
23.813552 -13.076337 11.277396 
24.475155 -12.557251 10.524182 
24.228722 -13.510467 10.341950 
23.933628 -13.863241 9.362263 
24.541025 -13.584221 8.359259 
24.469034 -13.748796 7.257380 
24.853546 -13.187201 6.501266 
25.584078 -12.446205 6.454148 
26.342447 -12.277369 6.940558 
26.897515 -12.730520 6.213367 
27.675749 -13.037731 5.484572 
27.035253 -12.938884 4.740999 
26.547698 -13.873808 4.614923 
27.149850 -14.412132 5.254820 
27.179546 -15.254944 4.711266 
26.869311 -16.255478 4.409327 
27.864530 -16.243454 4.627331 
27.632669 -17.320497 4.533566 
28.167057 -17.514823 5.364773 
27.603308 -17.778844 6.211298 
27.038766 -18.655850 6.187079 
26.077565 -18.773836 6.570455 
25.218039 -18.228845 6.759690 
25.193663 -17.339247 6.195010 
24.360269 -17.049214 6.810348 
24.989727 -17.218402 7.625188 
25.707035 -16.756396 6.990682 
25.943632 -16.429580 6.017655 
26.664567 -16.981998 6.544674 
26.907234 -15.937908 6.305622 
27.918642 -16.251880 6.177124 
28.035518 -15.759524 5.432607 
29.027521 -15.831812 5.139882 
28.534238 -15.054101 4.533190 
28.946054 -15.213397 3.688341 
29.153658 -16.000491 3.027225 
28.558445 -16.972400 2.705320 
27.869469 -16.974108 3.406529 
27.583237 -17.078488 2.486167 
27.661828 -16.115090 2.697610 
27.274054 -16.007391 1.743231 
26.848529 -16.676437 1.088872 
26.013723 -16.912389 0.323924 
25.755330 -16.261362 -0.443479 
25.367446 -15.686643 0.322418 
24.688081 -16.552367 0.117156 
24.524144 -17.590859 0.604509 
24.171904 -17.142470 1.405047 
23.197344 -17.576541 1.552965 
23.157248 -18.599542 1.262984 
25.560484 -18.655868 3.521757 
26.389823 -17.462366 5.518903 
26.602270 -17.445859 4.499705 
25.902073 -17.039671 3.846818 
26.351756 -16.179503 3.442353 
26.228739 -15.443904 2.786226 
25.956070 -14.459703 2.521315 
26.391134 -14.501234 3.493575 
27.375646 -14.702728 3.705963 
28.390746 -15.887859 3.856472 
29.535725 -16.661992 4.313473 
30.066721 -17.269521 3.661834 
29.257993 -17.933483 3.596504 
28.240162 -18.272426 3.400826 
26.785393 -19.604388 4.469059 
23.892138 -20.268873 5.510375 
22.795013 -21.544534 4.658596 
21.738176 -21.210952 4.170465 
20.776079 -21.772872 4.382239 
20.839270 -20.766578 4.773169 
20.589470 -19.775658 4.451228 
19.789299 -19.803560 3.930111 
20.502310 -20.252832 3.439747 
19.787214 -20.936954 3.671765 
19.684215 -22.053405 3.860453 
20.813797 -20.640142 2.468532 
24.275590 -18.939462 -1.187190 
23.117208 -18.772620 -1.670633 
22.720439 -18.869382 -0.849701 
22.252818 -15.580513 -0.393789 
21.940336 -14.656794 0.260362 
22.519873 -14.817654 1.127887 
22.500273 -14.831821 2.151606 
21.719778 -16.457009 1.852652 
19.222947 -17.079643 0.772724 
19.686435 -17.657497 1.646406 
19.568725 -18.241153 2.491441 
18.603685 -18.757541 2.628122 
17.998627 -18.733792 3.811887 
19.010956 -19.755017 4.793884 
18.738210 -19.557003 5.842254 
19.709483 -20.825243 6.087776 
20.613104 -21.562431 7.758491 
19.508758 -22.162386 8.342213 
19.528571 -21.044027 8.710138 
18.226539 -22.395466 10.759259 
18.506613 -21.454879 11.946314 
18.053417 -20.826157 11.243674 
18.702133 -20.570416 10.452416 
18.000702 -20.081183 9.930582 
17.121844 -19.462596 10.156987 
16.931829 -19.480134 9.126391 
16.286875 -19.010438 9.774593 
16.243740 -19.058121 10.886600 
16.070345 -19.508496 11.753505 
15.597672 -20.486463 11.781628 
12.832705 -21.329365 12.721523 
13.929952 -20.950724 15.976114 
16.305012 -19.810115 15.967439 
17.758325 -20.027646 14.108464 
18.210868 -19.762012 12.377283 
19.316161 -19.225702 10.550772 
19.431723 -18.148422 8.476288 
20.278326 -16.552979 7.621890 
21.159008 -14.549480 7.083344 
21.173102 -14.525395 8.098862 
22.422604 -15.024492 7.514810 
22.064304 -15.501029 6.856243 
22.229373 -15.001225 5.934457 
21.943746 -14.860815 4.952954 
21.067319 -15.228281 5.354168 
20.895323 -14.276394 5.583241 
20.541676 -14.584674 4.615715 
20.021957 -14.744369 3.753459 
19.837828 -16.236168 3.973583 
20.569050 -15.870718 4.723531 
21.573962 -15.429941 4.360121 
22.542396 -14.850444 3.917523 
23.009585 -15.843208 3.809731 
22.485558 -16.562236 4.543540 
22.570579 -16.313233 5.383818 
22.483340 -16.495923 6.498352 
23.172797 -17.297144 6.555405 
23.311590 -18.225304 6.777867 
22.686154 -18.311708 5.943391 
21.753240 -18.282533 5.867578 
21.047214 -18.784863 6.467443 
20.712992 -19.713741 6.533653 
20.245339 -19.640954 7.932500 
21.322372 -18.385022 8.025370 
21.389582 -16.170063 10.353519 
19.367085 -17.570559 13.819288 
16.130317 -16.668236 14.574542 
16.944748 -16.945025 15.173113 
16.660713 -18.130884 14.993028 
15.629020 -17.903098 15.360614 
14.858529 -18.704139 15.253077 
14.303230 -17.870491 15.396796 
13.920946 -18.759824 16.293251 
12.852922 -19.049297 17.096476 
13.130202 -19.805049 17.753585 
12.497499 -19.547909 18.548701 
12.626191 -19.211784 19.504169 
12.316582 -18.322231 19.799215 
12.068787 -18.856635 20.732975 
11.897808 -19.800214 20.991234 
12.889077 -19.961225 21.121185 
13.365455 -18.932139 21.323255 
13.515515 -19.739952 21.898563 
13.602092 -20.537729 22.644694 
12.980259 -20.722925 21.839904 
13.046785 -21.279389 19.862742 
14.863678 -20.755542 17.999867 
15.077295 -20.867358 18.840472 
15.867596 -20.807993 17.811001 
15.417886 -21.548518 17.353539 
17.166959 -20.831724 18.296925 
18.033662 -22.222630 17.536157 
17.226177 -22.742842 17.984136 
16.616944 -22.378297 18.525434 
14.594639 -22.711449 20.261484 
