27.890893 -1.750304 6.410977 
27.169852 -1.229319 6.926230 
26.422941 -1.896605 6.897921 
25.841785 -1.816799 7.749513 
25.976882 -2.778187 8.065656 
26.835499 -2.282807 8.134925 
26.546524 -1.199681 7.989848 
25.907092 -0.528890 8.613681 
26.181646 -0.304468 9.578105 
27.146298 -0.255225 9.353696 
27.336873 0.339478 10.291419 
27.574954 -0.702216 10.380254 
27.061405 -1.353471 11.068263 
27.256259 -2.146075 11.610640 
27.999886 -1.617225 12.106563 
28.356109 -2.483665 12.279865 
28.354879 -3.297850 11.578954 
28.649945 -3.351885 10.641315 
28.391778 -2.384844 10.819470 
29.238285 -2.845709 11.126724 
29.495470 -2.177612 10.370506 
29.283537 -2.933374 9.737368 
28.242206 -3.023595 9.383951 
28.585430 -2.145948 9.014094 
28.484055 -1.599825 9.919917 
28.504917 -0.487424 9.827543 
29.312680 0.123920 9.468404 
29.251017 -0.661341 8.581951 
30.296854 -0.463771 8.466201 
30.812860 -0.189514 7.550969 
31.426230 -0.951033 7.769428 
32.617769 -0.912489 7.911467 
33.189710 -1.453790 7.300120 
32.357869 -1.861628 7.632889 
31.351780 -1.865214 7.241854 
30.824021 -1.552113 8.099610 
29.782267 -1.600400 8.174094 
29.891793 -2.312891 7.471732 
30.030880 -2.522834 8.560099 
30.100229 -1.765077 9.188637 
30.787852 -2.361159 9.602727 
31.496180 -1.840738 10.171479 
31.620211 -1.006625 9.627420 
32.442868 -1.401976 9.081727 
33.529604 -1.721381 9.096784 
33.018402 -2.672044 8.898900 
31.836850 -2.433692 8.828121 
32.211163 -3.107097 8.058702 
31.444768 -3.497149 8.659368 
32.007214 -3.323425 9.454956 
32.603101 -4.133582 9.085844 
33.511940 -4.516064 9.630519 
33.502021 -5.390589 9.012876 
33.046275 -5.761464 9.807151 
32.418811 -5.223742 10.445474 
32.591332 -4.277193 10.338058 
32.790690 -3.222218 10.573693 
32.046180 -2.519760 10.832744 
31.062005 -2.466801 11.079137 
30.374084 -2.754619 11.857995 
30.439148 -3.715500 11.733398 
29.721418 -4.549483 11.749551 
29.549819 -3.616706 12.469651 
28.846976 -3.266057 13.185251 
27.861677 -3.655653 13.271963 
27.835173 -2.791996 13.821043 
26.910905 -3.158860 13.431867 
26.668482 -2.140631 13.677794 
26.351806 -1.301239 13.256122 
26.467620 -0.359048 13.149359 
25.484549 -0.405768 13.243902 
24.954140 -0.354683 12.402471 
24.715234 0.419700 11.594845 
25.361799 0.752309 12.386578 
25.831342 -0.451314 9.379705 
28.019369 0.514184 8.427321 
27.113675 0.663415 8.900725 
27.820009 1.115649 9.580654 
27.967400 1.857337 10.382764 
28.181426 1.524281 11.312775 
28.888803 0.775208 11.400930 
29.812590 0.633103 12.090163 
30.540678 0.344706 12.724704 
30.561511 -0.867760 12.676489 
31.342083 -1.726273 13.672747 
31.649984 -1.510929 14.656926 
31.396377 -1.507814 15.715569 
30.946163 -1.029797 16.432838 
29.874812 -0.539106 14.377094 
28.939699 -0.917515 12.200335 
30.008541 -1.079155 10.859521 
31.083754 -2.083518 12.306576 
32.219979 -2.199521 12.281188 
32.292987 -3.318738 12.045599 
32.528410 -3.199599 13.138077 
32.958896 -3.771775 13.904436 
32.854093 -3.444999 14.993389 
32.637211 -2.826494 14.174183 
31.740208 -3.469824 14.354034 
29.016242 -1.549291 13.524950 
25.029775 0.711525 9.940078 
25.287320 2.158724 9.899729 
21.808647 3.664368 9.129870 
20.974999 3.008453 12.334169 
21.672107 2.718189 13.167253 
22.549920 3.037726 12.723686 
23.063378 2.258504 13.081766 
24.114940 3.258804 13.643114 
25.145897 5.154409 15.005339 
26.104047 4.310802 14.389254 
25.758199 3.023006 14.593104 
25.253726 2.125853 15.074719 
26.077516 1.284890 14.545372 
25.282844 0.733394 13.883115 
24.685932 1.034544 14.470231 
24.201314 -1.096761 15.656021 
24.408067 -1.721060 13.899195 
25.600693 -1.759560 13.859123 
25.797610 -0.695209 14.718370 
27.185487 -0.954910 17.106850 
28.875090 -0.987014 17.452951 
29.339234 -0.034723 17.256223 
28.728953 0.752589 17.004781 
28.864372 0.422664 16.052874 
28.132780 0.952537 15.412957 
28.966045 0.522577 15.081541 
28.402591 -0.288100 15.253874 
27.582250 -0.514335 14.595501 
27.019727 0.291539 15.028537 
27.201484 0.705416 15.943818 
24.858943 2.008971 17.574804 
22.556221 3.183796 16.089085 
23.797695 3.562487 15.728798 
25.644055 4.584401 16.437657 
26.896110 4.752065 16.029890 
27.904177 4.424072 14.307903 
27.967329 4.512027 12.344177 
29.176190 4.333226 12.175723 
28.623043 4.168410 10.439563 
28.796458 3.388090 9.819232 
27.936858 2.650515 9.204423 
28.071145 2.209510 8.421313 
28.407522 3.077509 7.915463 
28.307318 2.004030 7.457096 
28.530825 2.005992 6.478212 
27.843567 2.638279 6.536813 
27.188844 1.995629 6.053007 
26.736819 3.434319 7.544251 
27.461110 4.197513 9.120420 
27.846901 3.523623 9.907444 
26.871348 4.128171 10.313726 
27.046348 5.520422 10.668862 
27.082518 5.633191 11.667029 
26.254394 6.171969 11.817636 
26.189608 5.277183 11.233476 
25.540633 4.534120 11.531998 
25.605729 5.089445 12.487398 
25.500531 4.896269 13.511904 
26.480485 4.844450 12.937578 
26.790427 4.606901 12.033430 
26.499564 3.855534 12.631055 
27.289812 3.665915 13.120189 
28.228222 2.680277 12.838490 
27.574046 1.554190 12.614348 
26.757828 2.470717 15.327342 
21.493353 3.989642 13.054868 
18.982489 5.510340 11.571041 
18.071274 4.979343 11.310663 
17.344481 5.622521 11.746776 
17.540542 4.944970 12.525619 
16.978463 5.352045 13.247885 
16.849277 5.057395 14.213645 
17.577768 6.267539 14.587550 
18.913527 6.514151 14.305994 
19.241002 7.212685 13.722820 
19.664637 6.580237 13.075211 
19.002286 6.196103 12.322486 
18.677711 5.323078 12.632641 
18.518285 4.341418 12.714755 
18.459921 3.290731 13.135347 
19.460038 3.174380 13.403897 
19.069500 2.597393 14.304962 
19.600778 2.759273 15.018615 
19.030924 3.533976 15.642946 
20.051779 3.746894 15.260258 
19.106995 2.105092 16.150692 
17.481040 2.051137 15.007485 
17.519330 3.209035 14.925094 
17.405816 4.199167 14.550630 
17.899216 4.302310 13.587175 
19.391478 4.687793 13.996391 
18.464423 5.115382 14.323515 
17.889658 5.563788 13.645523 
17.990254 6.715599 13.703577 
16.753221 6.233166 13.624759 
