-19.214884 1.850558 -4.730333 
-18.905327 2.269978 -3.813619 
-19.368479 2.294163 -2.992004 
-19.668285 2.890455 -2.213450 
-20.373906 2.858834 -1.396283 
-20.366906 1.949077 -2.017039 
-20.621528 1.712863 -1.093867 
-21.306935 2.528045 -1.087657 
-21.702748 1.787232 -0.617591 
-22.526430 1.644358 -1.109629 
-23.603972 1.363772 -1.008240 
-23.747826 0.341161 -1.090251 
-23.676810 0.588400 -2.026071 
-22.681040 0.475183 -2.185683 
-22.944615 -0.247799 -2.954986 
-23.468769 -0.227346 -3.854082 
-23.738234 -0.948060 -3.175911 
-23.060919 -1.219409 -2.420087 
-23.117702 -0.806235 -1.348365 
-23.445856 -1.743314 -0.955135 
-24.322333 -1.541003 -1.217366 
-24.177118 -0.621534 -1.693421 
-24.764703 -0.573689 -2.577254 
-25.154251 -0.465350 -1.627318 
-25.162028 0.421925 -2.169916 
-24.507946 1.160382 -1.813152 
-24.612974 1.649319 -2.678946 
-23.998562 1.135096 -3.318739 
-22.884489 1.131021 -3.222223 
-22.303673 1.787715 -2.719223 
-21.493069 1.769761 -2.009917 
-21.847621 0.840905 -1.587921 
-22.492976 0.088027 -1.326076 
-22.700874 0.391372 -0.367280 
-23.166890 -0.479890 -0.265826 
-23.714292 -0.987361 0.443047 
-24.218046 -1.769658 0.310918 
-23.948752 -1.848689 1.217100 
-24.795913 -1.308355 1.674824 
-24.091430 -0.540167 1.940596 
-24.308432 0.546182 1.995511 
-24.998618 0.161288 2.750504 
-25.335837 0.725227 2.038150 
-25.870220 -0.106128 1.776803 
-26.785628 -0.046166 1.242626 
-26.253511 -0.744747 0.696830 
-25.638446 -0.295748 -0.008434 
-26.314587 -0.325685 -0.688933 
-26.199046 -0.616024 -1.709302 
-26.835128 -1.155241 -1.145013 
-26.885359 -1.826215 -0.314814 
-27.212540 -1.151142 0.373133 
-27.872293 -0.577232 1.009341 
-28.148408 -1.576274 0.657673 
-28.470878 -2.398429 1.060738 
-27.489741 -2.508506 1.134002 
-27.363281 -3.240020 0.551514 
-28.012513 -3.589621 -0.125358 
-27.219835 -4.083996 -0.585745 
-27.554222 -4.905309 -0.086043 
-27.555624 -6.043874 -0.194522 
-27.853430 -5.821118 -1.265284 
-27.111888 -5.331923 -1.885071 
-27.701400 -4.554043 -2.151404 
-28.347207 -4.317562 -2.888749 
-27.256129 -4.564902 -3.155658 
-26.151729 -4.594189 -3.020404 
-25.573229 -4.551384 -3.850299 
-26.413129 -4.921361 -4.397151 
-25.675658 -5.650985 -4.023949 
-26.078446 -6.459936 -3.611066 
-26.790308 -7.283223 -3.544740 
-25.900541 -7.817555 -3.671972 
-24.978679 -8.469069 -3.753764 
-23.923586 -5.895028 -4.303269 
-25.442509 -5.173700 -1.448433 
-26.029833 -4.360614 -1.805595 
-26.093531 -3.360226 -1.956121 
-25.597060 -3.012240 -0.997991 
-25.340183 -3.954354 -1.112277 
-25.863972 -3.828894 -0.355898 
-26.582756 -2.936910 -0.591406 
-25.667482 -2.804256 0.082155 
-25.110784 -1.807338 0.491781 
-24.664291 -0.586504 0.834391 
-24.452905 0.297335 0.267835 
-23.740736 0.327968 1.089667 
-23.004924 -0.047260 1.733151 
-22.127168 1.748404 2.586048 
-23.491925 1.703887 2.256542 
-22.320768 2.542163 0.170504 
-19.685676 3.163993 -0.497962 
-19.049760 2.357462 -0.477043 
-18.368128 1.818802 -1.094624 
-17.927581 2.024325 -1.989570 
-18.619022 1.754404 -2.679878 
-19.613150 1.352328 -2.763564 
-19.310590 1.276000 -3.701551 
-20.119492 0.972184 -4.255963 
-20.673503 -2.860305 -5.461005 
-22.759260 -1.843753 -3.189819 
-23.636167 -1.693870 -4.130329 
-23.540035 -4.775394 -4.586127 
-24.098081 -6.454054 -7.212101 
-23.508519 -6.338261 -8.001822 
-22.993003 -7.137091 -8.377389 
-22.641032 -6.638901 -9.200979 
-19.664204 -6.385647 -9.164364 
-17.865357 -5.792534 -11.663639 
-19.306793 -5.519441 -11.534012 
-19.480619 -4.488737 -10.946753 
-18.491782 -4.207895 -10.574279 
-18.885406 -4.417425 -9.553370 
-19.077680 -4.143002 -8.299143 
-18.732193 -3.316164 -8.984713 
-18.570750 -1.587651 -10.846586 
-18.337166 0.269532 -9.834770 
-17.624857 0.362841 -8.399495 
-16.640251 0.838612 -8.525741 
-14.844570 2.652754 -8.143314 
-13.912097 4.890748 -8.333263 
-13.100738 5.084325 -7.645217 
-12.674532 5.673694 -8.266509 
-12.215585 5.165424 -9.034201 
-11.271304 5.691282 -8.794698 
-10.891123 4.772600 -9.274403 
-11.335927 3.870419 -9.693207 
-10.735043 3.333494 -9.057594 
-10.388684 2.760206 -9.758384 
-10.059152 3.015549 -10.664030 
-8.746369 7.104208 -13.423268 
-9.717788 11.748873 -13.326302 
-12.791280 12.636405 -10.083294 
-12.809032 12.812353 -7.966547 
-13.233248 13.262539 -5.815806 
-13.779101 11.565678 -5.009124 
-11.606242 10.660713 -4.935156 
-10.546146 10.944092 -7.253112 
-9.917783 9.295749 -7.914309 
-9.005207 8.777509 -7.816927 
-8.784879 9.790822 -8.306688 
-9.009394 10.087424 -9.134685 
-8.801548 9.743895 -10.083698 
-8.214780 9.650452 -11.084707 
-7.532213 8.827904 -11.336235 
-8.155493 8.115284 -11.391105 
-8.842086 7.535317 -10.862625 
-8.275848 5.539752 -11.198185 
-9.295013 4.623595 -10.009786 
-9.896114 3.957805 -9.581214 
-10.011134 4.063563 -10.740457 
-10.479879 4.969700 -10.186635 
-9.841608 5.747441 -9.982297 
-10.807464 6.244601 -10.195264 
-10.430463 6.786486 -11.165728 
-9.928375 6.899671 -12.123403 
-10.929758 7.383415 -12.323959 
-10.896291 7.994462 -11.528614 
-11.042213 7.401031 -10.729004 
-11.810148 6.676859 -10.849474 
-11.590373 5.867033 -11.510364 
-12.291010 5.236058 -10.532114 
-13.026892 4.687535 -10.840800 
-13.801144 3.162841 -11.004013 
-13.344929 2.537016 -12.945842 
-12.491720 -0.902201 -16.376783 
-15.284613 -3.403477 -15.724538 
-16.152428 -2.716105 -15.728269 
-16.000953 -2.951394 -14.733502 
-16.939931 -3.405270 -14.953609 
-16.967796 -2.463828 -14.509792 
-17.598051 -2.715029 -13.681235 
-16.525191 -3.598883 -13.911050 
-15.306071 -3.984815 -14.775685 
-14.453368 -4.219752 -15.393314 
-13.633573 -3.798965 -15.849544 
-12.670742 -3.517249 -15.777561 
-11.956934 -3.878241 -15.153586 
-11.187221 -4.586994 -15.342772 
-10.595608 -3.638441 -15.655693 
-10.284318 -2.967343 -16.160445 
-11.311782 -2.862217 -16.003009 
-10.886993 -1.960747 -15.814866 
-10.228514 -2.012156 -16.722700 
-10.273379 -0.993919 -16.941820 
-9.324134 -1.719776 -16.112330 
-9.605081 -0.543780 -17.638070 
-8.411338 0.482617 -17.292687 
-7.505036 1.467465 -16.480991 
-8.232814 1.959234 -16.942448 
-6.917708 2.854109 -16.292079 
-6.749887 1.703103 -14.415434 
-7.801286 1.630218 -14.737620 
-8.244642 2.266759 -14.116618 
-8.900184 -0.915352 -17.468264 
