14.234338 -11.690180 24.769313 
13.206508 -11.339639 24.789188 
13.924564 -10.611234 25.080191 
13.772516 -9.840529 25.789414 
13.187481 -9.587141 25.115876 
13.723747 -8.704446 25.073234 
14.304986 -8.350351 25.864382 
13.861945 -7.435109 26.215916 
14.817433 -7.065599 26.398102 
15.226993 -8.085827 26.390161 
15.350486 -7.963497 27.452794 
15.858507 -8.799080 27.026192 
16.584467 -8.062095 27.169605 
16.898413 -7.997363 28.150800 
16.044620 -8.475620 27.939727 
15.113361 -8.905678 28.115069 
14.757420 -9.860605 27.799144 
13.842818 -9.407739 27.615337 
13.262282 -9.197737 28.423014 
13.162229 -10.193949 27.988560 
13.054232 -11.217239 27.723880 
12.640683 -10.991726 26.861555 
13.213416 -10.722057 26.091710 
13.863743 -10.102833 26.746713 
14.611543 -9.491007 26.727302 
14.859195 -9.273638 25.808139 
15.527494 -8.856131 25.125024 
15.767378 -9.449623 24.409928 
15.084868 -9.019059 23.634664 
15.056454 -7.952811 23.797641 
15.197469 -7.775764 22.841054 
14.477016 -8.508964 22.559915 
13.629017 -8.990234 23.070337 
13.792784 -9.610372 23.937382 
12.722442 -9.384713 23.907235 
12.631523 -9.615079 22.931719 
11.690218 -9.933942 23.139196 
11.519122 -10.808111 22.744095 
11.481049 -11.409006 21.980391 
10.583653 -11.276112 22.438585 
9.644591 -10.901018 22.041021 
10.279249 -10.153829 21.846832 
9.875666 -9.218989 22.037128 
10.412480 -8.490565 21.784741 
10.564654 -7.982766 20.750098 
11.081839 -8.377810 19.996665 
11.638759 -9.174873 20.305341 
11.347315 -9.994632 20.774771 
10.884682 -11.016665 21.117420 
10.983591 -11.579117 20.199043 
12.105888 -11.510241 20.345153 
11.756934 -10.998735 19.432674 
11.617913 -10.070240 18.993699 
11.209230 -9.511613 18.181763 
12.282587 -9.449368 18.404631 
12.406816 -9.804354 17.461434 
12.136924 -10.196871 16.542111 
12.140690 -9.208600 16.694757 
12.423837 -8.389367 15.975810 
11.380139 -8.612363 15.930978 
11.613614 -8.259807 16.971371 
12.351656 -7.628054 17.094946 
11.499873 -7.082697 17.231087 
10.657559 -6.538520 16.902817 
9.752900 -6.697869 16.668632 
9.742373 -7.274556 17.507823 
9.889544 -8.053036 16.987797 
10.008153 -8.392588 18.003795 
9.227036 -8.241016 18.598685 
8.772637 -9.079543 18.882178 
8.243009 -9.790920 19.384939 
7.790004 -10.818950 19.314332 
7.778801 -11.852102 19.123046 
8.614158 -12.437008 19.181062 
8.657384 -12.349834 18.754202 
10.783825 -9.562093 15.830819 
10.647321 -8.955264 16.721399 
9.650768 -8.823793 16.489616 
9.686865 -9.651700 15.775990 
10.455312 -8.825629 15.092918 
11.430011 -8.289097 14.296361 
11.291000 -7.647737 13.589343 
10.859580 -7.136037 14.299743 
10.655565 -7.515035 15.298188 
10.060065 -6.471579 15.109968 
9.903864 -7.327539 14.513299 
8.847513 -7.043935 14.556982 
9.270783 -7.869592 15.275030 
8.570501 -9.233592 16.913208 
8.163640 -11.389591 17.349774 
6.712435 -10.248430 16.606732 
6.321271 -8.840429 15.166149 
6.084305 -7.815409 15.292078 
7.041209 -7.275536 14.495016 
7.457183 -6.723523 13.508939 
8.552727 -6.518914 13.691538 
9.212788 -7.168578 13.356386 
9.011614 -8.070767 13.776697 
8.838167 -8.229670 12.818931 
9.346583 -6.129363 8.576246 
12.022181 -5.708376 7.069141 
11.241398 -5.033167 5.739605 
11.441037 -4.367905 8.722508 
10.722935 -7.466999 11.875688 
10.015470 -8.000365 12.540617 
10.353317 -8.352061 13.394971 
10.765726 -9.160275 14.002447 
10.071509 -10.076161 12.262297 
7.630089 -8.760871 11.917510 
6.074464 -6.979466 12.735311 
4.423755 -7.175592 11.643505 
4.474854 -7.022964 10.590663 
4.180917 -7.975182 10.849678 
5.161858 -8.402991 12.332784 
6.124332 -9.199299 13.275917 
6.510412 -9.664112 14.055375 
7.870227 -10.851430 14.074484 
8.023623 -10.239038 15.497032 
7.003974 -10.106362 15.784315 
6.162371 -12.256659 15.706470 
5.677813 -11.448852 16.236896 
6.262745 -11.588436 17.150999 
6.243509 -12.079939 18.078756 
5.657425 -13.688641 19.122588 
6.532118 -14.474074 21.181263 
6.627974 -14.832415 22.181079 
7.013962 -15.407138 22.979947 
7.610880 -14.970102 22.264362 
7.975394 -15.449342 21.380268 
7.573861 -16.891298 20.970194 
6.840492 -19.717503 18.524182 
8.790825 -17.465173 18.529860 
9.540531 -15.833846 19.956425 
9.888247 -14.424400 19.750376 
11.326298 -15.291230 19.574016 
12.063510 -13.578809 20.659697 
13.469381 -12.091681 21.047647 
14.481941 -11.945543 21.360920 
13.755076 -12.497468 21.960620 
13.015141 -13.179476 22.261373 
12.017368 -14.086126 22.673105 
11.844637 -15.200725 22.492129 
12.464235 -16.038362 22.610366 
12.004631 -16.361272 23.454560 
11.797065 -15.981253 24.492876 
11.209452 -16.604962 25.024079 
11.231674 -16.243292 26.057819 
10.795904 -15.513919 26.919338 
10.274069 -16.165294 27.167040 
10.755538 -16.959706 27.485663 
11.090877 -17.540579 26.079057 
10.905228 -18.622672 25.719106 
10.189265 -18.990729 26.227732 
9.690500 -18.781669 25.339858 
10.310616 -18.533232 24.398706 
9.705775 -18.013206 24.362080 
9.632952 -16.031989 25.388882 
9.725133 -15.507108 26.292489 
10.307805 -14.549658 26.528585 
11.041523 -14.150133 27.128932 
11.483551 -14.848784 26.565025 
10.309648 -13.674880 25.517137 
10.239330 -13.351403 24.557115 
11.864190 -14.271783 24.415060 
11.593483 -12.204237 23.846654 
9.623599 -14.269241 22.381496 
10.316681 -14.268152 21.969346 
10.838155 -13.726423 21.224890 
11.310800 -13.202222 20.540352 
11.308580 -12.512890 19.659241 
10.423064 -12.410724 19.023644 
11.149991 -11.578583 18.845383 
11.370363 -10.875939 18.188418 
10.576216 -10.273688 18.385555 
9.546145 -10.550537 18.499030 
9.650398 -9.493629 18.480962 
10.583393 -9.595460 19.071033 
10.447736 -10.279985 19.761947 
9.981669 -9.341593 20.245976 
8.938248 -9.260555 20.122806 
8.944922 -10.328377 20.288216 
9.867484 -10.607233 20.480573 
10.107096 -11.616282 20.644256 
9.327552 -11.696360 19.915013 
8.550472 -11.608457 20.642337 
8.700717 -10.535445 22.259242 
7.908662 -11.358521 23.497998 
7.531904 -11.571818 25.020652 
7.738600 -10.678808 25.470347 
7.334045 -10.231380 26.272804 
8.324509 -11.619953 26.875049 
8.532337 -12.859131 26.809809 
8.845038 -12.486247 25.963093 
8.215936 -13.794803 25.770714 
8.367556 -15.011761 24.153342 
