7.831716 0.953431 16.294385 
6.714518 1.064510 16.303963 
7.076114 0.062423 16.361451 
7.611689 -0.577084 17.066248 
7.707503 0.508307 17.200122 
8.710622 -0.060140 17.179345 
8.746499 -1.179139 17.084106 
8.084583 -1.355273 17.753562 
8.429970 -1.736872 18.670796 
9.587285 -1.518615 18.823021 
9.723974 -1.550709 19.941697 
10.095185 -2.359340 20.147859 
10.732931 -3.323428 20.121809 
10.940674 -2.699636 19.327420 
10.330128 -3.588995 18.976042 
9.657331 -3.359524 19.625802 
9.136826 -2.925679 20.552641 
9.709544 -3.334080 21.335642 
8.672709 -2.989970 21.509334 
8.383495 -3.447390 22.419886 
7.980242 -2.837514 23.148632 
7.507753 -3.654381 23.660626 
7.307425 -3.299820 24.692989 
8.400568 -3.711024 24.768338 
9.314717 -4.004939 24.454382 
9.394793 -4.964848 24.826975 
9.427499 -5.882146 24.549930 
9.584796 -5.846331 23.479506 
10.325870 -5.302924 23.245626 
10.793194 -6.120343 23.321063 
10.094408 -6.342903 22.707131 
9.681020 -6.980225 21.950924 
9.706177 -7.737446 21.339963 
8.689111 -7.563887 21.263137 
8.212032 -6.713700 20.787143 
8.317450 -6.240233 19.836994 
8.451784 -6.278469 18.727846 
7.506406 -5.839322 18.500614 
8.201070 -5.228842 18.249712 
9.230378 -5.465810 17.996388 
8.812118 -6.353305 17.397173 
7.998801 -7.047509 17.530480 
8.065945 -6.714064 16.464755 
7.769951 -5.717431 16.335361 
7.827596 -5.394112 15.448659 
7.426188 -5.552962 14.563899 
6.449969 -5.788483 14.173226 
6.848188 -5.655577 13.199102 
7.870659 -5.427897 13.360723 
8.334828 -4.925594 14.198848 
7.478554 -4.644258 14.715161 
6.916941 -3.935540 14.160968 
6.806889 -4.445501 13.210236 
7.016118 -4.623308 12.218852 
7.959612 -4.936337 12.497183 
7.842384 -4.462698 13.396188 
8.520372 -4.126351 12.625243 
8.381874 -3.122423 12.430966 
8.213686 -2.099447 12.386039 
9.025476 -1.854069 11.812945 
9.714538 -2.456919 12.392676 
9.599894 -2.233714 13.317575 
9.698752 -2.974016 14.013441 
8.953546 -2.288746 14.469157 
9.345617 -1.501365 15.312041 
9.588367 -2.317792 15.772172 
10.415631 -2.661991 16.384928 
11.193755 -3.011639 15.712915 
11.808855 -3.322698 14.910454 
12.390761 -3.583181 15.695542 
12.857094 -4.319017 15.364904 
13.069674 -4.768039 16.274268 
13.314851 -3.704767 16.489917 
12.672473 -2.884845 16.507082 
11.895023 -0.652587 16.074560 
12.307222 -1.867020 15.670476 
11.602176 -1.179785 15.293235 
11.156645 -2.047780 15.059687 
10.397127 -1.751192 15.630588 
10.710559 -2.352931 14.338942 
10.474836 -3.465966 14.789005 
9.573046 -3.452697 15.094118 
10.190020 -3.673526 15.859788 
9.764627 -4.892314 16.683910 
10.612147 -5.750542 16.366889 
11.297595 -5.803355 15.692765 
12.213715 -5.609190 15.740728 
11.790150 -4.604990 15.827919 
10.386949 -4.001726 13.310109 
11.364019 -2.259639 11.950785 
12.153486 -0.069039 11.165362 
13.948845 1.027243 9.707136 
14.069597 0.074998 10.137469 
14.909679 -0.588462 10.370307 
15.714801 0.044912 10.354229 
16.029753 -0.852065 10.659434 
15.263957 -0.647080 11.395273 
14.881709 0.377306 11.262369 
15.088634 0.134448 12.254883 
15.311216 1.812709 11.690672 
15.472414 4.531057 11.945842 
15.045545 4.276399 14.217316 
13.247345 -0.470182 11.647782 
10.267130 -0.739944 10.353633 
11.123577 -0.308924 10.005837 
10.598171 -0.126630 9.039985 
11.751063 -0.120429 9.091531 
11.964512 0.784643 7.745679 
13.986972 3.523651 5.509061 
15.131044 3.149847 5.597950 
15.767157 3.768738 6.260096 
15.057367 3.704003 6.978236 
13.877678 4.507973 7.273845 
13.912170 6.865554 7.859433 
15.743216 7.977718 8.323877 
15.896572 9.137408 8.057004 
16.898235 10.912411 9.448417 
16.161819 11.249652 9.344331 
15.569117 10.238463 9.362350 
15.643241 8.144830 10.798879 
16.506917 7.403863 11.397174 
17.377599 6.701600 11.637818 
16.188200 5.976171 11.756868 
15.041992 6.808606 12.138428 
14.938768 6.816366 12.968633 
14.773405 7.488140 13.804251 
14.589922 7.798194 14.739859 
13.894926 8.316430 15.263937 
13.634070 8.782671 16.226779 
15.178654 8.145245 17.052149 
15.487281 5.521714 17.019478 
14.839727 5.594753 18.490026 
16.515630 3.168525 17.726276 
17.000216 2.681803 16.866168 
16.193898 2.077295 17.533325 
15.505090 2.679223 16.077607 
16.374600 2.494113 15.776948 
15.993111 1.534591 14.683299 
17.142833 2.123595 14.787273 
17.631819 2.518879 13.850815 
18.377970 2.621041 14.272464 
17.479350 2.147449 12.410014 
16.432852 2.045167 12.686145 
16.336775 2.655782 13.509399 
15.749220 1.715993 13.353534 
15.158424 0.937602 13.592399 
14.486810 0.858668 14.423715 
13.852300 0.066196 14.078495 
13.777753 0.718212 15.157645 
14.715900 0.984499 15.498913 
13.926923 1.502843 16.811053 
13.554398 0.884468 16.485688 
13.156301 0.011067 16.197358 
13.705905 -0.572937 15.660933 
14.194769 -0.747586 14.792544 
15.296681 -1.867863 14.431361 
15.504590 -2.295131 13.274932 
15.268968 -1.418861 12.520145 
16.384332 -1.517787 12.670536 
17.147583 -1.733605 12.064011 
17.873108 -1.930652 12.857880 
17.045156 -0.354177 13.133882 
15.786492 -0.519934 12.996131 
16.804698 0.386018 14.781380 
18.113311 2.450245 17.535668 
19.742912 4.214470 15.479074 
19.050306 4.972128 13.507917 
19.948978 4.368832 13.951235 
20.135702 3.431485 13.529299 
19.128523 3.573389 13.510311 
18.760369 3.331705 12.501531 
19.289629 3.997675 11.905965 
20.182053 3.695499 12.240524 
21.049611 3.750506 12.698167 
20.650523 2.812844 12.806406 
20.334612 2.112045 13.380966 
19.947487 2.577262 14.322814 
21.130446 2.640355 14.337605 
20.757028 2.436451 15.233037 
20.685127 1.295282 15.233250 
19.655341 1.642276 14.999181 
19.212862 1.217369 15.685531 
19.167839 0.578304 14.890170 
19.420447 0.855821 13.801119 
18.336517 0.714010 13.660870 
17.949984 0.360709 12.251814 
18.484452 1.479586 12.485243 
18.606652 2.587162 11.515347 
19.573013 2.861385 11.359091 
20.500901 2.869632 10.878034 
20.741683 4.403132 10.950870 
19.351794 4.257605 10.189830 
18.511534 4.041834 10.616831 
18.641689 3.467380 9.713324 
17.937977 4.463709 8.847537 
