11.473839 -0.532632 5.259298 
12.022134 -0.579985 6.256248 
12.580650 -1.522216 6.234684 
12.956237 -0.603200 6.644975 
13.935743 -0.091979 6.837667 
14.130577 0.921437 6.718841 
14.603225 1.126139 7.580729 
15.040605 1.726551 6.754178 
14.762830 1.571593 5.815058 
14.047076 1.773223 5.227235 
13.261789 2.452687 5.646211 
13.017849 1.742595 6.185255 
12.238268 1.459544 5.668214 
12.652373 0.468128 5.564441 
13.442983 0.193398 5.036837 
12.715916 -0.070148 4.238892 
13.308834 -1.027365 4.336912 
14.014513 -1.569449 4.690348 
14.140161 -1.966755 3.816024 
13.974572 -1.088246 3.364770 
15.012740 -1.183992 3.421132 
15.532865 -1.343925 4.254386 
16.431930 -1.590465 4.053736 
17.101215 -0.828981 4.227135 
17.641329 -0.608305 4.957999 
17.369018 0.355583 4.704203 
16.567405 0.858717 5.020324 
16.561708 0.945272 3.959666 
17.125959 1.785352 4.269453 
16.235497 2.097352 4.531509 
16.553096 3.123892 4.866632 
17.407008 3.174790 5.502174 
18.085072 3.973418 5.232468 
17.944232 4.286114 4.327561 
17.254348 5.055227 4.123264 
18.099855 5.345860 3.487155 
18.453509 6.289279 3.235503 
17.847865 6.042481 2.570971 
18.719288 6.192680 2.025861 
18.513773 7.006416 2.494836 
18.687093 7.955510 2.057436 
19.142746 7.789363 1.128357 
19.434140 8.841175 0.711599 
18.436050 8.545051 0.471526 
18.814292 7.751315 -0.146289 
17.999248 7.677695 0.630114 
17.629314 6.905025 0.032686 
16.691543 6.413295 0.054238 
15.758722 6.039597 0.422716 
16.599196 5.718040 0.968167 
15.840875 5.049691 1.015653 
15.417687 5.796710 1.583728 
14.936770 5.415436 2.412044 
14.893823 5.964446 3.318236 
15.142982 7.051078 3.507632 
15.395341 6.525532 4.303427 
14.425323 6.279354 4.404164 
13.790775 6.987230 4.490055 
14.128949 7.358579 3.486161 
13.965311 8.412545 3.626596 
13.109349 8.182883 3.090894 
12.089311 8.269833 2.854776 
12.115692 7.283401 2.785003 
11.308899 7.515199 3.314309 
11.014193 8.239115 3.950964 
10.552095 8.613607 3.076205 
10.094429 8.452607 2.198276 
10.996112 8.273091 1.634677 
11.771055 8.333320 0.877075 
12.654063 8.854255 1.220013 
13.269776 8.389113 0.477875 
13.497309 8.805231 -0.420938 
13.432369 8.141459 -1.180250 
13.048033 7.213270 -1.543296 
12.652829 4.959385 -1.499211 
14.318060 3.520964 1.242718 
14.772068 3.066428 0.477591 
15.673796 3.688381 0.603161 
15.842208 2.728640 1.083562 
16.153332 3.459135 1.570225 
16.032436 4.382900 2.292930 
15.325100 4.371185 2.925469 
16.033890 3.566157 2.985015 
16.851717 4.649410 3.049236 
16.571539 5.452216 2.612715 
16.937893 6.331865 2.151671 
16.967003 7.262505 2.707997 
16.140046 6.399196 3.089198 
14.083314 6.727162 0.941994 
11.985424 8.415772 -1.865646 
10.233936 7.040798 -3.361627 
9.878264 5.545058 -2.601582 
10.200279 5.850222 -1.736616 
10.508041 4.914049 -1.982576 
11.107401 5.662454 -2.172283 
11.122619 5.500104 -1.230214 
11.706621 6.244756 -0.837812 
12.301386 5.409249 -1.072939 
12.115888 5.274131 -2.065643 
12.637557 6.368195 0.650184 
13.024188 4.848581 4.845046 
13.836248 5.287236 6.684487 
15.440585 5.206198 7.774050 
13.735202 2.374265 9.614208 
13.194611 2.047046 10.300333 
14.005198 1.888132 11.069115 
14.284426 2.714712 10.596517 
15.379645 3.594951 8.416047 
15.672537 6.695729 7.855018 
16.915916 6.950475 8.579058 
17.611592 8.203685 8.135062 
18.661743 7.776097 8.086344 
18.056342 9.117866 7.673008 
18.453179 10.096443 8.486377 
17.619250 9.430084 9.671047 
18.569995 11.267998 9.328701 
20.399214 11.133565 9.215077 
19.670569 10.149635 9.601898 
19.374321 9.557479 10.205006 
18.624924 8.348802 11.677236 
17.577832 8.316882 11.721739 
18.131469 9.063919 11.717179 
17.805161 10.106262 11.816304 
19.308161 10.575499 11.795122 
20.128632 10.022406 12.276257 
20.169094 10.334878 11.320969 
20.559869 11.211174 11.461147 
21.090512 12.171752 11.383040 
21.732528 11.758068 12.151570 
21.626071 10.925167 11.305733 
21.152192 8.986346 8.744890 
20.767669 9.725873 7.277477 
23.132330 11.055698 7.381844 
23.393928 12.783959 7.293307 
23.176960 14.352805 7.202231 
22.606057 13.477235 8.346627 
21.929645 12.203321 7.961422 
22.769922 11.960360 8.976233 
24.162855 12.536495 8.375054 
24.407127 12.724535 9.294408 
23.309339 13.351818 10.469594 
22.312261 14.044436 9.366773 
23.353151 14.031015 9.485836 
24.123195 14.415052 10.049245 
24.260194 13.709633 9.203981 
24.073591 13.612270 8.163621 
24.250501 14.387658 7.442345 
24.104098 15.947433 7.139057 
24.291746 17.321168 7.310511 
25.176308 17.789375 7.011108 
25.808276 18.659097 7.888201 
25.417811 18.969136 8.924910 
25.341752 17.961105 8.495006 
24.352512 17.886157 8.180633 
24.791437 16.912798 8.324419 
24.877591 16.365444 9.420517 
24.938458 14.847659 9.362896 
23.895755 15.024442 9.299916 
24.384291 15.126590 8.385944 
23.985331 15.954778 8.048161 
25.029728 15.766687 7.822203 
26.608963 16.180801 8.146531 
27.805774 16.907015 7.992066 
26.057870 17.813132 9.320044 
21.899536 15.290883 7.551996 
22.714023 16.829164 6.052106 
21.333306 18.248812 7.119556 
21.209424 17.247627 7.188197 
22.069352 17.281137 7.853614 
21.259298 17.470333 8.376964 
20.170718 17.671954 7.980334 
19.434684 18.363371 8.098952 
20.216978 18.746190 7.620536 
19.508388 18.269231 7.062930 
19.526318 17.293808 6.616153 
20.299995 16.517055 6.956039 
19.718557 15.794351 6.689303 
19.948838 14.861809 6.282764 
19.951480 14.617501 5.157922 
18.998859 14.518033 4.478531 
18.656556 14.859108 5.371936 
18.649402 13.731735 5.164472 
19.266697 12.953144 5.429495 
20.210757 13.078832 5.145792 
20.134531 12.189833 5.574796 
20.400921 12.395379 4.072677 
18.347365 11.869346 3.701580 
18.235655 12.028752 2.339094 
17.400846 12.104589 1.613773 
16.533028 12.484251 1.158037 
16.906964 11.663642 -0.323204 
17.306265 12.980064 -0.285498 
18.017145 13.594537 -0.830236 
17.629921 13.925145 -1.719513 
16.882084 15.940979 -0.179866 
