9.723974 -1.550709 19.941697 
10.095185 -2.359340 20.147859 
10.732931 -3.323428 20.121809 
10.940674 -2.699636 19.327420 
10.330128 -3.588995 18.976042 
9.657331 -3.359524 19.625802 
9.136826 -2.925679 20.552641 
9.709544 -3.334080 21.335642 
8.672709 -2.989970 21.509334 
8.383495 -3.447390 22.419886 
7.980242 -2.837514 23.148632 
7.507753 -3.654381 23.660626 
7.307425 -3.299820 24.692989 
8.400568 -3.711024 24.768338 
9.314717 -4.004939 24.454382 
9.394793 -4.964848 24.826975 
9.427499 -5.882146 24.549930 
9.584796 -5.846331 23.479506 
10.325870 -5.302924 23.245626 
10.793194 -6.120343 23.321063 
10.094408 -6.342903 22.707131 
9.681020 -6.980225 21.950924 
9.706177 -7.737446 21.339963 
8.689111 -7.563887 21.263137 
8.212032 -6.713700 20.787143 
8.317450 -6.240233 19.836994 
8.451784 -6.278469 18.727846 
7.506406 -5.839322 18.500614 
8.201070 -5.228842 18.249712 
9.230378 -5.465810 17.996388 
8.812118 -6.353305 17.397173 
7.998801 -7.047509 17.530480 
8.065945 -6.714064 16.464755 
7.769951 -5.717431 16.335361 
7.827596 -5.394112 15.448659 
7.426188 -5.552962 14.563899 
6.449969 -5.788483 14.173226 
6.848188 -5.655577 13.199102 
7.870659 -5.427897 13.360723 
8.334828 -4.925594 14.198848 
7.478554 -4.644258 14.715161 
6.916941 -3.935540 14.160968 
6.806889 -4.445501 13.210236 
7.016118 -4.623308 12.218852 
7.959612 -4.936337 12.497183 
7.842384 -4.462698 13.396188 
8.520372 -4.126351 12.625243 
8.381874 -3.122423 12.430966 
8.213686 -2.099447 12.386039 
9.025476 -1.854069 11.812945 
9.714538 -2.456919 12.392676 
9.599894 -2.233714 13.317575 
9.698752 -2.974016 14.013441 
8.953546 -2.288746 14.469157 
9.345617 -1.501365 15.312041 
9.588367 -2.317792 15.772172 
10.415631 -2.661991 16.384928 
11.193755 -3.011639 15.712915 
11.808855 -3.322698 14.910454 
12.390761 -3.583181 15.695542 
12.857094 -4.319017 15.364904 
13.069674 -4.768039 16.274268 
13.314851 -3.704767 16.489917 
12.672473 -2.884845 16.507082 
12.760307 -2.103902 17.008462 
11.904065 -2.208983 17.562493 
12.138786 -1.244455 17.111210 
11.417052 -0.773661 17.563002 
11.218090 -0.510537 16.625878 
10.557456 -0.559754 15.838031 
10.111108 0.302428 15.770290 
10.838028 0.722946 16.287622 
11.643662 0.624415 15.680637 
12.661135 0.687952 15.670941 
11.302295 -2.184980 15.179706 
9.699946 -5.411408 16.851996 
10.612147 -5.750542 16.366889 
11.297595 -5.803355 15.692765 
12.213715 -5.609190 15.740728 
11.348225 -4.691298 15.871987 
10.452148 -5.039590 14.950116 
10.868117 -4.828431 14.083719 
11.134601 -4.000820 13.358436 
9.952846 -3.388888 12.819805 
9.423642 -3.407560 11.497692 
10.405093 -3.182027 11.035243 
10.934864 -2.752003 11.758743 
10.965553 -1.673551 11.924963 
12.283992 -0.491370 11.206672 
15.180957 -0.330154 10.380360 
14.536006 0.173246 11.679527 
12.724909 1.555782 11.757167 
13.709488 1.430727 12.038628 
14.172643 1.419528 13.053961 
14.956465 1.811788 12.582222 
15.662523 1.163915 12.203262 
16.382079 1.086630 11.456174 
16.749879 2.027063 11.395797 
17.455874 2.704413 11.427905 
15.708389 4.198227 11.573189 
14.354050 2.690106 14.466727 
13.039297 1.217857 13.093102 
12.598644 -1.318027 9.814599 
11.690860 -0.996460 7.562114 
11.040830 -0.359662 8.171683 
10.551908 0.151388 7.498613 
9.825684 0.400775 6.730881 
13.337536 3.208229 6.585295 
14.146192 7.270674 7.961625 
15.811146 8.227229 7.845193 
15.140534 9.163170 7.195500 
15.442276 9.279137 8.171467 
16.510488 9.383997 8.775773 
16.331675 10.934346 9.317222 
15.769823 9.814017 9.696976 
15.550382 7.981166 10.498031 
15.566237 8.509573 11.008329 
16.261542 8.233664 11.884214 
16.996787 7.288862 11.564453 
15.217218 7.030232 13.044289 
13.634070 8.782671 16.226779 
14.765086 8.266818 16.934137 
16.005788 7.902100 17.288173 
16.591805 7.061146 17.288606 
17.305591 6.474447 17.295764 
17.331091 6.793053 18.284845 
16.569773 7.305636 18.693770 
16.129139 6.363622 18.501324 
16.280707 5.503160 18.031171 
16.142587 4.640595 17.013044 
14.919099 4.900293 17.249515 
16.036302 2.266523 16.254274 
15.414144 1.223897 14.596299 
17.043879 2.155320 14.271969 
18.134864 3.295606 14.104131 
18.478058 2.511405 14.682524 
18.320812 2.275381 13.210617 
16.749659 2.282799 12.868519 
15.749220 1.715993 13.353534 
15.158424 0.937602 13.592399 
14.137013 0.538754 14.647453 
14.166955 1.665167 16.053076 
14.229173 1.232753 17.115140 
13.384641 1.610608 17.264944 
13.554398 0.884468 16.485688 
13.156301 0.011067 16.197358 
13.705905 -0.572937 15.660933 
14.535478 -1.143563 14.692069 
15.717175 -2.196187 14.271128 
15.504590 -2.295131 13.274932 
16.266961 -1.556751 12.418231 
17.873108 -1.930652 12.857880 
17.214099 -1.038417 12.814733 
17.398739 -0.292272 13.422643 
16.522629 0.268157 13.164269 
15.845819 -0.790579 13.409700 
16.474591 -0.279915 13.924885 
16.197493 0.444678 14.471200 
16.999388 0.665652 14.997220 
17.141128 1.070098 15.815873 
18.110440 1.476821 15.655835 
17.558044 0.277434 16.231189 
17.890515 0.887439 16.765973 
17.492244 2.527786 18.357963 
19.373574 3.989672 16.105340 
19.941378 3.338144 12.821646 
19.947487 2.577262 14.322814 
21.130446 2.640355 14.337605 
20.757028 2.436451 15.233037 
20.685127 1.295282 15.233250 
19.655341 1.642276 14.999181 
19.212862 1.217369 15.685531 
19.167839 0.578304 14.890170 
19.420447 0.855821 13.801119 
18.336517 0.714010 13.660870 
18.853210 0.228038 12.869497 
17.916482 0.266605 12.798482 
18.027151 -0.198377 11.839847 
17.194983 0.299324 11.934241 
17.758095 1.207956 11.817004 
18.484452 1.479586 12.485243 
18.675506 2.092140 11.675578 
18.537798 3.082183 11.355116 
19.573013 2.861385 11.359091 
20.500901 2.869632 10.878034 
21.315059 3.698437 11.369946 
19.925910 5.389182 11.080534 
19.980164 5.558296 10.052406 
20.213614 4.630226 10.522755 
19.351794 4.257605 10.189830 
18.321172 4.476175 9.679595 
18.035545 3.535604 8.224140 
16.946155 3.626222 8.176411 
16.881603 4.444479 7.450772 
15.993553 4.051606 4.574392 
