11.617060 -12.707380 21.508454 
11.234705 -12.630430 22.384664 
11.027143 -13.000771 23.324568 
11.581513 -12.641542 24.157878 
12.395676 -13.459669 24.023241 
11.278092 -13.479366 24.144506 
11.199987 -14.461059 24.692114 
10.453496 -13.671580 24.818169 
9.661439 -13.167924 25.141974 
10.377668 -12.724302 25.788657 
9.741251 -11.997572 25.582673 
10.127080 -11.418343 24.729269 
9.090469 -11.591481 24.897731 
9.095455 -11.155831 23.932546 
8.744366 -11.851845 23.220399 
9.658736 -11.472497 23.093573 
10.663378 -11.527823 22.685370 
11.336413 -11.112395 22.060096 
12.085009 -11.209087 21.412187 
11.491619 -10.835993 20.611157 
11.690691 -11.537605 19.733523 
11.995724 -10.786145 19.101910 
12.776189 -10.882689 19.870115 
13.801403 -11.176060 19.953665 
13.012857 -11.465138 20.722905 
13.676928 -10.900012 21.274602 
14.571134 -10.606148 21.524115 
14.817955 -10.015454 20.695972 
14.912346 -9.043083 20.122033 
15.634270 -9.043729 19.339562 
15.753892 -8.070413 19.551670 
16.257529 -7.148827 19.740032 
17.214644 -7.438947 20.288235 
16.878907 -8.396099 20.529628 
16.959618 -9.362176 20.931305 
16.185095 -10.002835 20.548351 
16.569031 -10.902143 21.142521 
17.680183 -11.133831 21.266215 
18.691201 -11.007090 21.162304 
18.278401 -10.721651 20.261024 
18.872612 -9.888820 20.189469 
19.858947 -9.821493 20.419355 
19.469338 -9.921439 21.245497 
19.745859 -8.892991 21.111626 
19.251093 -8.387292 21.732265 
19.344303 -8.537780 22.707589 
18.427252 -8.815506 22.206240 
17.770104 -8.102751 22.604832 
18.046454 -7.355132 23.287075 
18.659253 -8.080707 23.695307 
17.708496 -8.335596 23.871846 
16.803428 -8.276117 23.231931 
16.552705 -8.648501 22.337414 
16.222571 -9.735763 22.401128 
16.278530 -10.771082 22.540778 
15.519652 -11.013444 23.127173 
14.738333 -11.512848 22.691460 
13.911396 -12.037660 22.764526 
13.476221 -13.022300 22.585981 
12.535260 -13.498422 22.811221 
11.670418 -14.063437 22.881847 
12.617359 -14.717264 23.138645 
11.789013 -14.780418 23.618443 
10.962822 -14.822004 23.115452 
10.126711 -14.216393 23.156347 
9.803107 -13.251779 23.041980 
9.529644 -12.759781 23.972746 
10.410813 -12.743047 24.570505 
10.774190 -11.927096 23.949187 
11.604686 -11.336548 24.025248 
12.514476 -11.801195 23.595489 
12.888265 -12.222809 22.702757 
13.032707 -11.724506 21.805708 
14.052794 -12.199621 21.705218 
19.586122 -12.051985 20.431650 
20.775832 -12.494155 21.000986 
21.717486 -12.356949 21.466990 
21.255642 -11.558004 21.887358 
20.933896 -10.374135 22.183994 
22.063733 -10.218900 21.687196 
22.428369 -11.454401 22.204179 
22.399802 -11.979281 23.085635 
22.254040 -12.597440 22.185556 
22.225942 -13.760046 21.585173 
22.170825 -14.966949 21.410725 
21.256908 -14.811193 21.847425 
20.650804 -13.956319 21.684952 
20.447381 -14.016523 20.490327 
18.489260 -13.212305 21.505732 
16.131179 -13.293129 22.441694 
15.313532 -13.284892 21.134080 
15.170839 -14.336490 21.911662 
15.448524 -14.327410 22.795206 
15.556159 -15.303814 23.086087 
16.392974 -15.569197 22.535629 
16.727958 -15.996475 21.558456 
17.029539 -16.891880 21.919066 
16.270688 -17.550342 21.926686 
15.285042 -17.560686 21.689134 
16.534023 -17.500537 23.452216 
19.590465 -17.912556 20.828158 
22.114894 -17.455644 19.951267 
24.092844 -13.148040 19.071450 
21.672915 -7.701483 19.203357 
21.091724 -8.246813 18.608709 
20.344620 -8.741401 18.196698 
20.445364 -9.730446 18.479949 
20.359678 -14.638642 19.944070 
20.092076 -15.590843 23.425721 
19.693199 -17.188567 23.513775 
18.581975 -17.537561 23.003845 
17.540301 -17.847762 23.016611 
16.812677 -18.395384 21.857538 
16.533918 -17.625242 20.460046 
17.057243 -16.517773 19.650221 
18.908581 -15.371096 19.289591 
21.604274 -14.443041 18.216694 
22.881525 -13.922520 17.564822 
23.350359 -12.732122 18.219076 
26.102984 -10.913106 17.239565 
27.242854 -8.339350 16.092368 
28.295544 -9.004334 15.754030 
28.613818 -9.336200 16.899602 
28.618051 -10.186725 16.384424 
29.886239 -10.594166 15.760991 
29.609882 -10.832663 16.873818 
29.393019 -11.767570 16.213427 
28.463416 -11.548183 16.460429 
27.943292 -12.371743 17.099906 
26.286144 -12.597299 16.689176 
27.271129 -9.992217 14.625914 
25.301118 -8.869498 14.533722 
22.998258 -9.111139 13.323081 
24.614330 -9.616833 12.223417 
25.411396 -10.570338 11.501902 
25.715139 -11.903881 12.750924 
26.370986 -12.445591 13.477976 
26.372038 -13.643230 14.061041 
25.456637 -14.089241 14.564342 
25.676280 -14.479322 13.611645 
25.053927 -15.785215 14.445969 
24.787990 -16.259798 16.012954 
24.526717 -16.880800 16.864560 
23.492021 -16.427839 16.756196 
22.786379 -16.177380 17.562887 
23.604787 -15.481588 17.535776 
22.777025 -15.281014 16.969772 
22.295047 -16.625673 16.662715 
21.693664 -17.703002 16.956696 
21.696250 -18.531095 17.547845 
22.798991 -20.187475 17.656898 
24.057114 -19.990719 17.251629 
23.625307 -20.852725 16.977261 
23.573293 -21.654256 16.483091 
23.107884 -20.794371 16.139796 
23.152707 -19.692321 16.098824 
24.384391 -19.003093 16.651619 
23.512606 -18.549593 16.973518 
23.855866 -17.576996 17.254643 
23.520113 -16.990275 18.037680 
22.632718 -17.460604 17.665987 
22.646934 -18.526001 18.780105 
21.482739 -19.253507 19.082467 
20.318757 -21.563297 18.182071 
16.565918 -23.528886 18.792441 
14.736197 -23.288265 20.909557 
14.952061 -21.240714 20.710694 
15.601295 -20.280987 20.621748 
16.384677 -20.108294 21.353725 
15.651212 -19.328327 21.196098 
15.211721 -20.103614 21.632651 
15.800780 -21.000706 21.415106 
14.798215 -21.090505 21.821911 
15.359393 -21.338743 22.716833 
15.560385 -20.385372 22.508210 
15.653737 -19.899970 23.355077 
14.827826 -19.474355 23.068502 
14.849315 -19.158923 22.050644 
14.392142 -18.406686 21.301091 
14.900423 -17.919590 20.485807 
15.736546 -18.518355 20.288281 
16.147575 -18.403340 19.277926 
16.747065 -18.672305 20.162713 
17.769519 -18.670397 20.018434 
17.782533 -19.239933 20.938174 
18.713807 -20.021838 21.173075 
19.430542 -21.452821 19.456518 
18.448900 -21.204811 19.331225 
17.359148 -20.933882 19.174653 
16.539318 -21.125789 18.542435 
17.332120 -19.900038 19.763174 
18.019931 -17.172160 19.118300 
17.359852 -17.800303 18.632807 
16.954323 -17.125241 18.050619 
17.971035 -13.836244 18.342930 
