21.397991 -4.063993 19.585232 
20.699143 -4.252562 18.933539 
19.806412 -3.789786 19.284711 
19.247793 -4.396378 19.935054 
19.947509 -5.189319 19.543414 
20.417639 -5.719351 18.849173 
21.150965 -6.260291 19.280948 
20.135674 -6.587661 19.404004 
19.485650 -7.365655 19.409364 
18.660047 -7.681097 20.086717 
19.329285 -8.438175 19.764141 
18.372544 -8.179457 19.198965 
17.945382 -8.529508 18.381979 
17.752532 -8.790410 17.389640 
16.877530 -9.083900 17.003671 
16.506775 -10.159742 16.657100 
15.599868 -9.963792 16.229955 
16.002123 -10.920593 16.214951 
16.538452 -10.796759 15.258833 
16.003655 -11.823337 15.073229 
16.091058 -12.800264 15.171859 
15.645995 -12.950821 16.121591 
14.878954 -12.218634 16.303789 
14.853947 -11.743290 17.290123 
15.205712 -12.655462 17.189765 
14.795912 -13.344485 16.672124 
15.694441 -13.987645 16.547573 
14.831308 -14.501018 16.383996 
14.048830 -14.165916 16.886109 
14.795543 -13.821567 17.587983 
14.317707 -14.152857 18.371634 
13.473967 -14.846561 17.844697 
14.117926 -15.584803 18.351677 
13.878979 -14.947705 19.146613 
12.885110 -14.441113 19.011111 
12.908591 -13.880834 18.067439 
11.783226 -14.046654 17.981540 
11.302124 -13.190040 17.216951 
11.883865 -12.706469 17.892922 
12.760203 -12.875860 17.390833 
13.507694 -13.187314 18.080791 
13.663730 -12.458252 18.822828 
13.162312 -13.109182 19.264172 
12.151884 -12.825484 19.274128 
11.284834 -12.525791 18.896463 
10.414760 -13.064912 18.884055 
10.483308 -14.066256 19.165253 
9.585243 -13.978767 19.584024 
10.170052 -14.827215 19.760459 
11.014296 -15.033408 19.506334 
11.620639 -14.871140 18.627245 
12.079030 -15.535900 19.203939 
12.032236 -16.116408 18.354596 
12.959904 -16.092511 17.752276 
13.459357 -16.616320 18.429779 
14.318784 -17.208053 18.629001 
14.983713 -16.440108 18.919193 
14.857516 -16.658611 17.923678 
14.453605 -16.075510 17.192084 
14.698254 -16.075472 16.047221 
14.843846 -16.039454 14.983817 
14.815163 -15.022351 14.754092 
15.103472 -14.263396 15.331554 
15.543105 -13.505593 14.735997 
16.536826 -13.519109 14.269264 
17.409281 -13.843834 13.716710 
17.148331 -14.087023 14.819550 
17.145879 -13.699730 15.881819 
16.776050 -12.916524 16.463513 
16.215032 -12.174651 16.729537 
17.339670 -11.896491 16.692603 
17.121356 -11.381384 15.909794 
17.541739 -10.519822 16.209371 
18.283625 -10.052586 15.835042 
19.204872 -7.959231 16.254594 
17.104858 -5.067515 15.784168 
16.392831 -4.858518 15.139691 
15.629651 -4.407020 15.588707 
15.277387 -5.329484 15.128524 
15.338266 -5.135919 14.189168 
14.228267 -6.188520 13.914698 
14.697789 -7.061078 13.373829 
15.652112 -6.786276 13.082936 
16.871456 -7.705133 13.081194 
17.769191 -7.247491 14.139905 
17.672600 -8.096110 14.683502 
17.201638 -8.934722 14.670350 
16.820790 -9.772747 15.253708 
18.047758 -12.793706 15.082953 
19.374332 -15.718321 16.668670 
18.288684 -18.229931 16.981206 
19.572351 -19.088817 17.084305 
20.015107 -19.925087 16.828266 
19.359811 -20.124477 16.187020 
19.869667 -21.060478 15.995866 
18.971748 -21.054363 16.556686 
18.789659 -22.061297 16.113334 
17.973183 -22.004517 16.531448 
17.726356 -21.224243 17.191589 
14.613075 -23.374470 18.292640 
10.651354 -22.444576 19.924426 
11.499950 -19.051150 18.907007 
19.784181 -17.572132 16.606543 
25.890659 -15.048998 17.122347 
25.469075 -15.907761 17.207007 
25.782453 -15.979262 16.159482 
26.466253 -15.265320 16.021561 
22.462257 -14.964869 16.580417 
19.837783 -17.131565 18.395147 
19.335557 -18.838686 17.901857 
19.249179 -20.273479 17.550212 
18.885180 -20.150641 18.560042 
17.663832 -20.517795 17.760251 
16.920586 -20.968181 16.100282 
17.957870 -21.338211 14.786992 
18.611994 -19.684959 14.466996 
19.430070 -17.953212 14.087338 
19.991735 -17.441281 15.267116 
19.734751 -17.358009 16.083996 
19.990327 -16.718720 13.897975 
20.483724 -15.067150 13.875042 
20.138323 -15.050743 15.110032 
19.648758 -15.753384 15.615575 
18.603841 -15.136882 15.390028 
18.235391 -15.047680 16.515981 
17.468128 -15.672970 16.150374 
17.110517 -14.825288 15.771288 
16.213192 -14.378089 15.383735 
15.802527 -14.761572 14.453210 
15.453931 -14.361852 13.492134 
10.382995 -14.837946 15.208831 
10.661213 -17.938347 19.682612 
11.911135 -19.362410 20.123727 
12.026624 -20.431116 18.832918 
11.595009 -21.127143 17.559665 
10.330758 -20.650665 17.821028 
9.388174 -21.038419 16.895238 
9.846458 -22.288637 17.593954 
10.574559 -23.678598 18.375541 
11.536192 -23.108895 18.345990 
12.809967 -22.991793 17.011396 
13.907193 -22.306429 18.469534 
13.586522 -21.320185 18.786691 
13.189847 -20.864946 17.969718 
14.244862 -20.783963 17.780781 
13.856536 -20.072432 18.493905 
14.712960 -19.628981 18.363563 
15.300365 -20.019863 17.019392 
15.153587 -21.100403 16.879360 
15.083202 -21.923812 16.264129 
15.495395 -21.330930 15.339500 
15.988139 -19.682119 15.493206 
14.896445 -19.770849 15.480136 
15.309150 -19.021584 14.978640 
16.025785 -18.176117 15.047066 
15.755685 -16.945396 15.873630 
16.222162 -15.740513 15.424831 
16.822548 -15.670676 14.683364 
17.558912 -14.939948 14.414377 
18.510975 -14.660457 14.154206 
18.566475 -13.768018 13.541659 
17.921806 -13.070503 13.371721 
18.494771 -12.275161 12.942151 
19.507575 -11.550179 14.394868 
21.532217 -12.078095 14.565340 
23.306575 -12.466749 16.261457 
24.678442 -12.524630 14.465404 
23.804167 -13.007676 14.310058 
22.826682 -13.562857 14.199331 
22.292369 -14.188031 14.888385 
22.564815 -15.200571 15.355736 
21.662096 -14.766539 15.640111 
21.164298 -14.258358 14.834580 
21.464540 -15.274543 14.301220 
21.460664 -15.725803 15.203435 
21.775681 -16.214534 14.408261 
22.728883 -15.696371 14.392191 
23.246663 -16.593708 14.501347 
23.076677 -17.777865 14.744901 
22.005734 -17.552451 14.678899 
21.859636 -18.572630 14.652765 
21.999014 -19.565995 14.683515 
22.233188 -20.644747 14.645786 
21.907500 -21.471478 13.977159 
21.485249 -21.903432 14.860593 
20.354391 -22.884361 14.722181 
19.429865 -23.891742 14.647990 
18.263437 -24.279879 14.905347 
18.438378 -23.533759 15.928970 
17.643373 -23.788954 16.535445 
15.345493 -22.167734 16.891243 
12.926955 -20.655727 16.447410 
13.675486 -20.269295 17.112724 
12.778030 -20.207854 17.373964 
13.226396 -18.448182 15.493980 
