-1.732782 -5.341163 28.177366 
-2.068615 -5.122132 29.080091 
-1.464217 -5.266273 29.920759 
-1.327827 -6.221963 29.649295 
-2.268165 -6.060443 30.039138 
-2.185106 -6.939392 29.576135 
-1.979168 -6.290971 28.811477 
-2.793718 -6.610832 28.310071 
-3.021305 -6.288336 29.308747 
-3.988400 -6.297166 28.941956 
-4.969545 -6.181512 29.238536 
-5.031965 -5.273411 29.782467 
-4.260981 -5.133637 30.404556 
-4.036120 -6.118274 29.973843 
-3.302186 -5.413792 30.138597 
-3.701270 -5.930201 30.882936 
-3.178224 -6.626333 30.268695 
-3.661182 -7.458906 30.300101 
-4.210853 -7.401533 31.243726 
-4.835866 -6.563539 30.977082 
-5.500307 -7.389799 30.719539 
-5.156341 -7.300838 29.672268 
-4.521792 -8.058192 30.086677 
-3.856106 -7.863563 29.282604 
-2.904858 -7.584124 29.049070 
-2.118142 -8.474357 28.835940 
-2.263500 -8.621192 27.836841 
-3.224391 -8.589218 27.652770 
-3.471815 -8.614783 26.512778 
-3.298782 -9.640112 26.611489 
-3.883131 -10.456878 27.008838 
-3.316277 -11.370671 26.686273 
-4.189709 -11.685161 26.885815 
-4.036471 -12.613372 26.874615 
-5.068406 -12.739345 26.846971 
-5.535354 -12.926463 25.886837 
-6.560978 -12.969295 26.224838 
-6.841324 -13.505584 27.122752 
-6.938060 -12.623270 27.726140 
-7.614034 -13.352560 28.100185 
-6.508277 -13.464082 28.227305 
-6.343656 -12.526769 28.701644 
-5.321370 -12.574294 28.813678 
-5.160121 -12.210058 27.870886 
-4.280686 -12.592230 28.092114 
-3.302946 -12.898315 28.387449 
-2.620291 -12.395419 27.817217 
-1.869111 -12.066401 27.158596 
-1.349748 -11.279446 27.521269 
-1.996583 -10.608176 27.095261 
-2.146347 -9.794069 26.484029 
-1.228819 -9.807831 26.851422 
-0.288041 -10.260725 27.204192 
-0.274728 -9.437547 26.576876 
0.866359 -9.692851 26.452118 
1.678796 -9.313909 26.777524 
2.358020 -8.634755 27.248886 
2.621435 -7.855923 28.041401 
2.021099 -7.424927 28.691439 
2.728561 -6.832657 28.409361 
2.388865 -6.169121 27.755653 
3.232842 -5.866134 28.065395 
3.132106 -5.500107 29.068601 
3.138180 -5.930798 30.012757 
3.997548 -6.530583 30.048527 
3.827802 -6.604602 29.045000 
4.068764 -5.685688 29.401871 
4.450145 -5.248045 28.572590 
5.471925 -5.001884 28.913995 
5.257649 -4.029592 28.511641 
6.105976 -3.540131 28.290457 
6.812871 -4.273693 28.095271 
7.695483 -3.714159 28.252266 
7.291559 -3.678720 27.179329 
8.077657 -3.532848 27.284361 
8.438083 -5.453895 27.461168 
9.144472 -6.112967 27.857117 
8.246331 -6.622483 28.197545 
7.601490 -6.378720 28.972848 
6.642211 -5.350922 29.306401 
6.298095 -3.986584 29.801303 
6.800520 -3.233469 29.321689 
6.896704 -2.164400 29.326786 
5.824751 -2.871499 30.026913 
5.150422 -3.802736 29.768934 
5.017472 -2.855679 29.545277 
5.176651 -1.831158 29.458548 
5.850564 -0.914153 29.627638 
7.705635 -1.581118 29.854204 
8.707043 -0.477140 29.212655 
9.732552 -1.873303 30.960890 
8.024978 -2.885178 31.243975 
8.357619 -3.447659 30.468906 
7.689263 -4.270732 30.141359 
8.299672 -4.421116 29.400011 
7.579619 -4.664157 28.728151 
7.578164 -5.335651 27.985662 
7.383617 -4.852965 27.050572 
6.403245 -4.844479 27.007843 
6.155350 -3.902041 24.268480 
5.814884 -6.171714 25.649690 
5.578577 -8.201309 27.732291 
8.850964 -14.700857 27.145543 
10.827805 -20.225839 25.042035 
10.054666 -20.586451 24.590363 
9.266575 -20.054778 24.802467 
8.382672 -20.587420 24.616751 
7.827426 -17.548413 26.985987 
8.561779 -13.366352 27.938045 
9.545354 -14.799119 27.918249 
9.925245 -16.186183 27.956653 
10.545535 -17.029851 27.920665 
10.058756 -17.784650 28.064605 
8.419538 -17.637485 26.730343 
7.872002 -16.937144 25.299720 
6.567170 -18.223058 24.897407 
5.098104 -17.425411 24.079650 
4.218822 -18.410640 24.484482 
3.996080 -17.513846 25.287498 
3.504040 -18.266792 27.100946 
3.589872 -19.178464 27.709722 
2.397220 -18.680888 28.545234 
2.106922 -17.942659 28.024982 
1.146764 -17.286679 28.502395 
0.975058 -17.002383 27.461268 
1.820737 -17.437304 26.853363 
0.935257 -17.169218 26.185769 
1.590917 -16.436884 26.751976 
1.435681 -16.013355 27.670779 
-0.024809 -15.997013 26.129493 
-3.655045 -15.296242 24.981791 
-3.335137 -12.778432 23.742546 
-3.112472 -12.597215 23.788093 
-3.280838 -11.387070 25.281506 
-2.940374 -10.018053 25.444175 
-2.901369 -9.996113 24.674596 
-3.668666 -8.562754 24.953494 
-4.540494 -9.220573 25.554100 
-5.021497 -9.286537 24.734579 
-5.654838 -8.906435 25.604805 
-5.659522 -8.362724 27.404733 
-5.250876 -6.948931 27.810032 
-5.061908 -6.108228 27.142421 
-4.266068 -6.689565 27.566854 
-3.550562 -6.687178 26.713643 
-3.397283 -7.655854 27.043137 
-2.588452 -8.219879 26.942547 
-1.155527 -7.957323 26.619549 
-1.042056 -6.742090 26.872123 
-1.023414 -6.773892 25.774044 
-0.391209 -7.947646 25.499223 
1.016533 -7.810804 25.683763 
1.412107 -6.891010 26.000151 
2.049993 -6.119287 25.747018 
1.672255 -5.301924 25.402304 
0.682624 -5.596326 26.211790 
0.652902 -6.286086 27.424846 
0.873540 -5.333594 27.957238 
1.629691 -5.621060 27.338989 
2.202720 -4.945113 26.871008 
1.318770 -4.190869 26.976702 
0.512759 -3.458175 28.028803 
-0.613914 -4.491812 27.684745 
-1.913011 -5.186502 27.022234 
-3.135297 -1.793845 27.375227 
-7.298513 -0.642427 25.710992 
-7.547860 -1.096663 24.422601 
-8.535553 -0.722584 24.335516 
-8.810120 -0.342143 23.421094 
-9.080445 0.471752 22.834511 
-9.447755 1.437501 22.597823 
-9.586590 0.831895 21.654717 
-9.834587 -0.049194 21.329793 
-10.361702 -0.620362 22.066410 
-10.038310 -0.138316 23.014489 
-10.254351 -1.085655 23.331487 
-9.489726 -1.223063 24.043145 
-10.094073 -0.504794 24.384999 
-9.426508 -0.323010 25.078524 
-9.096620 -0.253789 26.079539 
-9.364815 -1.226466 25.918747 
-9.088464 -1.692096 26.766223 
-8.859910 -0.747402 26.888790 
-8.661680 0.121505 27.573319 
-8.205378 -0.690380 27.770116 
-6.940911 -2.125182 27.166108 
-5.089149 -2.896079 26.803846 
-4.216678 -2.507261 26.430183 
-3.869328 -1.454432 25.647034 
-3.908755 -1.369277 26.705956 
-1.627224 0.453992 26.007008 
0.355751 0.612693 27.185096 
0.805267 -0.155842 26.757202 
1.453743 -0.260724 27.520323 
0.153314 -0.576180 28.533368 
