-0.314410 -3.367272 23.485220 
0.390881 -4.038305 23.914215 
-0.131685 -3.685076 24.622430 
0.537029 -4.437966 24.923555 
1.408215 -3.822005 25.052135 
2.196565 -4.508508 24.872456 
2.583192 -4.419826 25.753005 
3.406740 -3.825207 25.646844 
4.232971 -4.130084 26.223985 
3.592719 -3.871749 26.934715 
3.677762 -4.516900 27.695130 
3.848586 -4.227799 28.717206 
4.247230 -3.270496 28.611765 
4.988739 -3.257486 27.884061 
4.932132 -2.807387 26.887795 
5.380064 -1.988643 26.431808 
5.180306 -2.910255 25.813951 
4.918477 -1.885616 25.415885 
5.043594 -0.924329 25.907155 
5.634411 -1.252301 25.097007 
6.338304 -1.858927 25.158576 
6.611116 -2.672710 25.741376 
6.099044 -3.191471 24.851291 
6.628701 -3.404697 24.072270 
7.509819 -3.068333 24.350612 
8.363290 -2.605005 23.868440 
8.708402 -3.149056 24.645831 
8.000137 -3.146973 25.555209 
7.391600 -2.382165 25.078459 
7.818390 -1.380086 25.121375 
8.362423 -1.672595 24.354405 
8.390965 -1.855869 23.304130 
7.662566 -1.254201 23.766479 
7.348613 -0.367438 24.138142 
6.338398 -0.296508 24.409469 
6.591584 0.650933 24.575510 
6.895001 0.648032 23.630306 
6.531137 -0.235787 23.298067 
5.832825 -0.170498 22.692619 
5.863248 -0.210992 21.631368 
6.771066 -0.482273 21.288797 
6.715877 0.063741 22.185673 
6.413635 1.014278 21.884864 
6.716350 1.908958 21.652201 
7.469897 1.421817 22.149373 
7.421263 1.491628 23.128348 
6.363085 1.605361 23.448940 
6.270014 2.591687 23.127170 
5.301505 2.606031 23.637128 
5.014226 2.388801 24.583728 
4.000186 2.702045 24.560179 
3.525511 1.944631 24.987209 
3.874359 1.734120 24.002293 
3.142884 1.044615 24.242264 
3.257280 -0.025527 23.709730 
3.295475 0.777693 23.094635 
2.618548 -0.029783 22.791788 
2.199468 -0.942206 23.049746 
1.685056 -0.902357 22.127781 
2.088313 -0.871743 21.250561 
2.158036 0.169968 21.452148 
1.749392 0.410319 22.452474 
1.710460 1.344904 21.976276 
1.176726 2.258462 21.975226 
0.628328 2.516451 22.878119 
0.722794 3.549377 22.951647 
-0.006552 3.433013 23.717037 
0.830629 3.182031 24.197645 
1.314214 2.695589 24.847394 
1.679002 2.340070 25.664981 
2.707734 2.286182 25.647459 
2.202148 1.485312 26.046661 
2.592683 1.117741 25.169385 
1.984087 0.500109 25.887611 
4.351069 -0.771102 27.205709 
7.844780 -1.629296 27.697989 
8.588280 -0.936287 27.475414 
9.464272 -1.508256 27.721271 
9.861285 -2.342250 27.174036 
11.127633 -2.552639 26.707196 
11.688333 -1.638830 25.764278 
11.189955 -2.130597 24.932058 
11.530288 -1.124687 24.918434 
12.678349 -0.363403 24.344729 
13.338372 -0.650755 25.330830 
12.588321 -1.394214 25.321910 
12.860473 -2.463104 25.284245 
13.701228 -2.960861 25.384908 
15.421721 -0.125196 25.938551 
17.772487 -0.206069 27.524477 
17.563887 0.712165 28.463191 
16.154778 -0.833087 28.897631 
16.440959 -0.711521 29.937331 
17.311530 -1.156518 29.360898 
18.271957 -1.470510 28.895368 
19.013895 -0.795678 28.948903 
19.482008 -0.894084 27.933672 
19.421714 -1.195004 26.934386 
18.810986 -1.544140 26.145032 
20.760715 -1.900824 25.095241 
21.757529 0.693646 25.833376 
23.076188 2.816838 26.394663 
25.222678 3.930359 23.068900 
24.012332 9.002851 22.035325 
23.300636 9.345076 21.479477 
23.120254 9.917581 22.220874 
22.922977 9.229162 22.997570 
22.264258 7.793277 22.205383 
19.558481 6.657466 21.952871 
17.925106 6.318471 22.158932 
17.298534 5.657879 22.272514 
16.267801 5.516238 22.184391 
15.222791 5.001332 22.270510 
15.961916 3.799366 23.493357 
17.459264 4.730498 22.948075 
18.740024 5.772247 23.525390 
20.224913 7.342294 23.689574 
20.969034 7.823736 22.636391 
20.455174 6.398980 22.955163 
22.174077 4.509640 24.190806 
21.738921 3.772694 26.873762 
22.367905 4.463024 26.894277 
22.511232 5.857528 26.340817 
21.848128 6.104444 25.622874 
22.106434 5.202906 25.275787 
22.304261 5.139290 24.159216 
21.426370 5.381137 24.620293 
22.032797 6.314495 24.192818 
21.627777 7.112548 24.708201 
20.428154 6.441404 25.318666 
19.907765 3.697118 25.318921 
16.371299 3.062337 29.722764 
14.040504 2.901094 29.999592 
14.363148 2.739826 29.100529 
14.309576 1.660051 30.235977 
13.647750 1.561313 31.131290 
12.969494 2.841807 31.087511 
13.758362 3.775488 31.462157 
12.654525 3.903625 30.362734 
13.188583 3.779938 29.517717 
12.952279 3.178569 28.124309 
12.027424 4.045466 26.484966 
12.725383 3.318356 26.125946 
12.312454 2.827721 27.045546 
12.952748 2.325060 26.330822 
13.513672 1.833276 25.583793 
14.336837 1.263383 25.404417 
14.350338 1.637022 26.695648 
13.760588 0.704888 26.941770 
13.887958 0.009345 27.755442 
12.486505 0.328128 27.857941 
11.461478 1.449528 27.512576 
11.194580 1.917479 26.691663 
10.654487 2.519568 27.328923 
11.222165 3.217809 27.861542 
10.983056 3.110158 29.075191 
11.161359 3.171471 30.417991 
11.077581 2.282794 30.635784 
11.941599 1.899752 30.413363 
12.149871 0.926578 30.238816 
12.485887 0.087651 30.814710 
14.124764 -0.007183 31.314954 
14.072081 0.291601 30.299028 
11.953623 1.433569 29.037484 
10.729452 -0.168108 27.435737 
9.130582 2.655470 29.415324 
7.370623 2.334860 29.024667 
7.538854 1.957254 29.920234 
7.679227 0.986793 29.503538 
7.902832 1.590580 28.605237 
7.467542 2.127505 27.825951 
7.252128 2.920274 27.244557 
6.335994 3.014966 26.650085 
7.246917 2.491754 26.227593 
6.415397 2.567116 25.741892 
6.421659 1.696959 25.288373 
6.836709 1.205416 26.200201 
7.462814 0.510582 25.749267 
8.346582 1.018494 26.295094 
8.152205 1.066391 27.255140 
7.801532 0.075323 27.359041 
6.993844 0.329945 26.839523 
6.216968 -0.302817 27.138457 
5.242601 -0.364079 27.440589 
4.860423 0.582170 27.529615 
6.004753 1.005665 28.258876 
4.687734 0.435702 28.879322 
4.037707 1.749426 29.020832 
4.531496 2.401197 29.672441 
4.726947 3.371315 29.729325 
4.691815 3.667389 30.178605 
4.145014 3.837291 28.278429 
4.531070 3.141850 27.486241 
4.792375 2.770221 28.357295 
4.401744 1.791628 29.750017 
