23.314683 -26.060699 4.691336 
22.751518 -26.952157 4.552275 
21.860002 -26.855483 4.770319 
22.099961 -27.048352 3.586022 
22.260621 -26.302954 2.885768 
22.510405 -25.344808 2.541955 
21.846288 -25.469757 1.869784 
21.450082 -25.132510 0.993341 
20.705949 -25.586037 0.631990 
21.407562 -25.238703 -0.107750 
22.290656 -24.756550 -0.152814 
22.314710 -25.642236 0.476524 
23.029702 -25.632637 -0.292064 
21.986332 -26.062987 -0.427865 
22.118822 -25.737869 -1.476165 
22.903847 -25.167306 -1.295794 
22.993500 -25.875089 -2.025502 
23.017485 -26.931263 -1.951294 
22.043073 -26.726999 -1.556362 
21.603458 -26.283875 -2.376267 
20.747496 -26.531514 -1.943646 
20.602223 -27.234820 -2.775117 
21.259188 -28.046377 -2.872036 
21.888933 -27.433471 -2.479381 
21.641003 -28.082063 -1.741746 
20.627857 -28.539740 -1.789677 
20.480098 -27.640145 -1.246447 
19.983408 -28.559071 -1.081317 
19.075522 -28.962935 -1.129787 
18.358763 -28.300127 -1.646511 
17.367685 -28.047176 -1.849882 
17.919223 -27.606244 -2.592040 
17.739114 -28.368997 -3.285567 
18.167061 -29.208607 -2.900075 
17.943712 -29.522422 -3.920682 
16.860276 -29.333918 -3.979272 
16.549850 -29.232979 -4.953210 
17.177371 -29.948432 -5.146983 
16.747682 -30.477711 -4.261673 
15.993312 -31.063024 -3.916668 
15.799173 -30.137102 -4.268853 
15.578148 -30.215223 -5.263935 
14.852140 -30.690974 -4.700921 
14.857990 -31.557591 -4.166081 
13.864152 -31.749279 -3.842632 
13.377728 -32.456663 -4.457589 
13.349874 -32.201022 -5.495282 
12.449180 -32.538832 -5.717450 
11.857405 -31.908038 -6.386204 
12.802526 -31.461112 -6.265823 
13.063598 -30.888826 -5.386161 
13.627228 -30.593885 -6.217626 
14.645689 -29.944326 -6.041720 
13.881363 -29.754723 -5.267691 
13.659591 -28.878315 -4.799552 
13.232089 -29.757231 -4.430913 
12.483543 -29.339267 -3.722210 
11.918294 -30.142260 -3.329300 
12.906184 -30.412707 -3.024077 
12.748074 -31.167637 -3.656708 
11.856541 -31.181297 -3.327682 
10.816184 -31.505985 -3.275100 
10.616638 -32.501474 -2.877198 
9.712326 -32.417285 -2.220390 
9.000928 -33.016129 -1.834952 
9.959761 -33.023557 -1.358305 
10.258651 -33.776883 -0.765577 
10.982045 -33.095465 -0.929079 
11.324182 -32.680169 -1.856053 
10.531931 -32.180360 -1.537481 
11.181900 -31.663323 -0.914566 
11.382375 -32.130918 0.044036 
11.086779 -32.411863 1.001704 
11.989421 -32.681608 1.523034 
14.115390 -30.657779 1.689066 
15.049229 -30.254900 4.493456 
15.699818 -31.079864 4.454654 
15.230797 -30.966482 5.399959 
14.349030 -30.558376 5.701090 
13.848451 -31.542899 5.447506 
14.127603 -31.519626 4.484113 
13.824973 -30.456916 4.518298 
14.006541 -30.697533 3.576765 
12.739434 -30.752146 3.297127 
12.678809 -31.727519 3.246719 
11.788638 -32.169569 3.336300 
11.495478 -32.781059 4.030727 
10.509001 -32.773747 3.987464 
11.187931 -31.624303 5.159191 
12.449186 -30.843781 7.641857 
9.795162 -30.821234 6.746729 
10.047870 -30.676751 5.755321 
11.172675 -30.676529 5.751541 
11.559949 -29.969766 4.999203 
12.103471 -29.314305 4.394921 
12.535864 -30.180860 4.402633 
12.681586 -29.800762 5.352191 
13.563821 -29.280152 5.405868 
13.988000 -28.255855 5.520245 
15.180251 -27.914480 3.375159 
17.265604 -29.598005 1.016360 
15.941184 -29.348312 -2.064704 
15.591687 -29.236599 -1.988003 
16.609603 -26.472553 -2.708427 
17.137943 -25.663084 -2.978074 
17.267717 -25.197114 -3.864299 
16.497518 -25.652024 -4.483803 
17.378252 -28.351597 -6.612890 
18.143644 -26.131912 -7.197436 
18.021964 -26.769340 -8.415437 
16.584112 -26.421916 -8.780500 
16.352294 -27.341540 -8.513886 
17.288014 -27.924968 -9.091689 
16.684233 -27.465337 -10.270989 
16.304277 -26.889835 -10.414102 
15.682107 -26.338309 -11.011534 
14.544067 -28.014065 -11.242078 
14.253451 -28.685603 -10.276862 
14.673447 -28.527228 -9.325439 
14.484723 -29.916206 -9.204492 
12.977040 -29.295352 -10.980520 
11.854488 -30.258722 -10.817427 
10.965196 -29.846367 -10.632984 
10.689081 -31.016528 -9.907186 
9.813970 -31.057075 -9.862928 
8.920307 -30.539831 -9.415589 
8.928116 -31.471059 -8.880873 
9.187720 -31.336788 -7.860498 
10.148661 -31.656858 -7.704515 
10.787044 -32.198003 -7.246587 
8.431281 -30.397817 -3.449884 
8.716285 -29.875284 -4.605951 
10.873684 -30.726655 -5.275005 
11.633604 -30.196083 -5.303577 
10.190647 -29.367728 -5.850543 
11.122379 -29.064694 -6.536038 
10.425050 -28.477640 -6.930074 
9.772549 -28.047250 -6.669824 
9.664851 -27.654430 -5.212831 
10.623561 -27.755770 -5.710739 
10.584571 -29.705586 -4.104404 
10.863075 -30.172765 -2.657211 
10.907866 -29.610171 -1.767361 
9.914123 -29.434330 -1.637485 
8.908243 -29.729407 -1.718337 
9.418670 -29.671635 -0.749342 
9.071844 -30.327790 -0.014850 
8.461438 -30.716286 -0.939256 
7.471762 -31.315780 -0.502723 
7.394609 -31.219857 -1.561449 
7.143296 -29.635811 -1.136152 
6.904732 -30.215120 0.002738 
7.790608 -29.896785 0.359025 
7.439722 -30.968075 0.534753 
6.892785 -31.875636 0.757626 
7.670149 -32.921691 1.016174 
8.980798 -32.534814 1.315094 
8.468667 -32.324103 0.466928 
9.356075 -31.732382 0.542201 
9.319894 -32.441745 -0.174513 
8.902393 -33.405437 -0.198424 
8.121716 -33.693133 -1.363717 
7.640644 -32.393403 -2.513892 
8.314875 -32.334063 -4.911711 
8.404985 -30.367615 -7.041780 
9.999929 -29.234172 -11.295850 
10.286727 -29.501333 -9.488375 
9.916923 -30.082832 -8.722074 
10.222928 -30.593511 -8.002190 
11.067532 -30.677509 -8.576575 
11.649301 -30.035457 -8.039497 
11.293208 -30.635464 -7.234757 
12.344163 -30.782383 -7.368748 
12.919866 -30.029293 -7.013349 
12.015469 -29.569722 -7.038110 
12.753681 -28.915612 -6.833579 
13.716392 -28.633717 -7.200471 
13.250599 -27.940246 -7.719234 
13.287062 -26.945196 -7.608878 
12.971285 -26.546397 -8.499281 
12.549220 -25.668766 -8.806804 
12.488415 -26.109802 -9.686090 
12.219563 -27.121891 -9.809365 
12.338032 -27.523885 -8.807961 
12.367800 -28.311338 -8.190273 
10.760708 -27.131000 -7.289509 
10.051592 -25.985182 -5.717319 
10.557064 -26.488152 -4.642042 
11.309440 -25.971091 -3.368170 
10.675192 -26.768548 -3.413214 
9.844228 -25.966476 -3.650457 
8.901484 -26.935835 -2.734518 
9.383327 -26.319748 -2.030654 
9.055509 -26.169042 -1.040806 
10.515932 -25.935508 -1.152277 
