9.821983 -24.607907 8.077787 
9.558686 -25.003941 7.065726 
9.818621 -24.239821 6.343303 
10.576090 -23.719009 6.916361 
10.947175 -23.948189 6.049973 
10.630274 -24.783605 6.554778 
9.995628 -25.556426 6.165302 
10.886970 -25.801665 5.564078 
11.324409 -25.314813 4.807066 
10.937103 -24.392036 5.159210 
11.518779 -23.586635 4.795751 
11.424211 -23.305050 3.861814 
12.295455 -23.687603 3.554483 
12.354825 -24.325510 2.723318 
12.423576 -23.367742 2.329507 
13.034998 -22.620302 1.689349 
12.267179 -22.303662 2.439602 
12.505828 -21.343763 1.874121 
11.734777 -21.259730 1.041048 
12.672252 -20.859555 0.819658 
13.412091 -20.231260 0.792970 
13.907085 -19.356472 0.994927 
14.338274 -19.742698 1.859618 
15.304976 -20.093768 2.374771 
15.659037 -20.853410 1.812770 
14.526479 -21.088114 2.111699 
13.548616 -20.575646 2.044752 
13.269952 -19.647287 1.817256 
12.719238 -19.733971 2.670273 
12.381436 -18.748687 2.639513 
12.963366 -18.084860 2.515353 
13.243213 -17.044544 2.156704 
13.285815 -17.647157 1.380083 
12.498358 -18.142536 1.531635 
12.586881 -17.856247 0.417623 
11.981678 -17.808849 -0.563869 
12.736420 -18.449627 -0.715027 
12.392359 -18.367377 -1.721108 
13.459510 -18.209148 -1.615938 
14.251784 -17.973322 -2.145115 
14.119865 -16.944228 -1.906847 
14.143049 -16.264046 -1.120690 
14.244812 -16.404395 -0.180857 
14.425058 -15.444143 -0.436946 
14.434678 -14.507999 -0.691574 
13.817397 -14.632194 0.135911 
14.502909 -14.599648 0.805768 
14.322980 -15.578383 0.674660 
13.758069 -16.300899 1.281932 
14.182881 -15.930940 2.078563 
13.656323 -16.548480 2.930859 
14.553868 -16.440171 3.435893 
15.330548 -16.291189 2.921882 
14.882539 -17.179791 2.432922 
15.376079 -17.812092 2.929056 
16.416392 -17.801109 2.709888 
16.259340 -18.368550 3.642855 
15.552096 -19.106128 3.380689 
14.996154 -18.380308 3.918716 
15.817341 -18.586618 4.697023 
16.163613 -17.504427 4.916916 
15.771075 -17.717768 5.838007 
14.759847 -17.200639 6.032556 
13.724763 -17.564198 5.807303 
13.607120 -18.439251 6.456560 
14.440401 -17.749652 6.848225 
14.963805 -17.225722 7.559596 
15.308567 -16.854660 8.489639 
15.349230 -15.917422 8.067885 
14.962390 -15.005114 8.424460 
14.735972 -14.102410 8.699594 
15.795614 -14.259932 8.832440 
16.297982 -13.709027 8.138507 
15.823849 -12.964597 8.663070 
17.497114 -10.682583 7.556217 
19.710419 -10.932334 9.352200 
20.700567 -11.313650 9.200894 
21.578739 -11.136955 8.578426 
22.013345 -10.431442 9.103030 
23.029089 -10.940681 9.442926 
22.951919 -10.376605 8.552901 
22.848382 -9.436517 8.072214 
23.674245 -9.598094 8.671667 
24.107396 -8.713987 8.031560 
24.207596 -7.643770 8.244253 
23.612104 -8.046334 8.898037 
22.666309 -7.863115 9.011493 
22.253432 -8.742645 8.780528 
21.355508 -6.902865 8.233284 
18.661513 -5.949874 7.095629 
19.146513 -6.226618 5.644728 
19.257407 -6.975908 6.811631 
19.025159 -7.901307 7.144024 
19.136052 -8.916016 6.874870 
19.501048 -8.669723 5.976360 
19.018604 -8.950733 5.113235 
17.946961 -8.619464 4.970485 
18.070451 -7.879262 5.779125 
17.177322 -7.824637 5.267668 
17.573490 -6.556129 3.967976 
19.385494 -7.722974 3.334362 
20.760506 -7.523580 5.169157 
19.435112 -9.499213 10.884961 
19.668727 -8.997603 15.200509 
20.195480 -8.841384 16.182863 
19.574370 -8.210672 15.701678 
19.410458 -7.329525 15.356952 
21.121450 -6.911722 14.105078 
19.755019 -9.120635 11.790373 
20.072184 -10.829655 11.318790 
19.335639 -11.148868 10.679615 
19.268823 -10.326370 10.195312 
17.943102 -10.622469 10.966684 
17.944306 -11.887784 9.839508 
17.241089 -12.325259 8.297317 
18.888744 -11.659167 8.531415 
20.057620 -13.348392 8.059926 
19.854398 -14.216161 7.838138 
19.030898 -14.551823 7.616923 
18.868984 -11.392671 6.455675 
17.749216 -9.720565 4.924361 
17.530642 -9.855088 3.522065 
16.912081 -11.123028 3.221245 
16.190226 -12.245772 3.546387 
16.408294 -12.387891 5.009960 
16.719652 -13.207035 5.720058 
16.254981 -13.582340 4.787696 
16.821436 -14.473258 5.142490 
16.631560 -14.670623 6.210836 
16.859357 -13.620572 6.937838 
17.604537 -17.440216 7.187411 
20.468115 -15.140856 8.748587 
21.489866 -13.764623 10.079553 
20.649674 -12.500644 10.916552 
20.896601 -12.702689 11.712946 
20.999159 -13.641407 12.496348 
19.284375 -14.039368 13.451455 
17.844866 -14.021583 14.044766 
16.066601 -14.008835 13.650441 
15.981039 -13.985453 14.638461 
17.498685 -15.135959 14.789770 
18.869403 -14.663551 15.311255 
19.686022 -15.286603 14.777686 
20.555812 -14.540383 14.687129 
21.098211 -15.387214 14.920808 
20.863003 -15.998018 14.029366 
20.565707 -14.938645 13.717289 
21.813116 -14.585971 13.205407 
22.009230 -14.246840 12.164145 
21.114857 -14.883924 11.874078 
22.216200 -13.770676 10.895263 
22.842907 -12.708396 11.679151 
21.872330 -12.196481 11.638508 
21.856096 -11.500639 10.862674 
21.174511 -11.637794 10.227112 
21.812339 -10.449726 10.535481 
22.580423 -9.349546 10.753004 
23.322013 -8.903952 11.404390 
23.724023 -8.650527 12.379695 
23.089890 -9.024739 12.917057 
22.438623 -8.243880 12.868275 
21.695811 -8.847795 13.395958 
20.971904 -9.391025 14.201245 
21.586496 -11.011961 14.292393 
20.685458 -13.692625 18.099354 
21.636605 -15.452813 19.277484 
20.183407 -14.620426 17.144227 
20.300543 -14.697073 16.131953 
20.477234 -13.731538 16.403056 
19.393454 -13.534452 16.250919 
20.102539 -12.944959 15.679284 
19.581822 -12.213227 16.169752 
19.201696 -11.295561 16.547601 
19.744768 -11.515805 17.551591 
19.863630 -10.690444 17.019010 
20.062427 -10.044723 16.271630 
21.095917 -10.163111 15.796076 
21.307583 -9.818981 14.984925 
21.608279 -8.907270 15.340534 
22.441882 -9.116312 14.622457 
23.146488 -8.294763 14.335662 
23.970401 -7.666472 14.719152 
24.244867 -7.255142 13.777894 
23.809884 -7.834643 13.061021 
24.488910 -7.413313 12.359523 
23.611194 -7.051176 10.486547 
24.087620 -6.361731 8.354298 
25.089125 -5.297737 8.065591 
24.766178 -4.748443 6.877236 
23.715674 -4.643122 7.064652 
23.142112 -1.817536 6.746402 
24.266986 -0.781306 8.472402 
23.343140 -0.495824 8.527850 
23.620202 -0.949905 9.446681 
23.284209 -3.335884 10.308765 
