33.333340 -1.747340 -9.508556 
32.379816 -1.274069 -9.423909 
31.716626 -2.003462 -9.000986 
32.042678 -1.175616 -8.438096 
31.649717 -0.672330 -7.737383 
31.727959 0.093538 -7.034656 
31.039511 -0.027725 -6.442580 
31.544485 -0.461216 -5.576421 
31.881910 -0.586575 -4.638945 
32.077771 0.524756 -4.612332 
32.652455 1.018868 -4.052137 
31.657023 0.879877 -3.716714 
30.677928 1.351450 -4.016248 
31.077117 1.495317 -3.151786 
31.876736 1.047052 -2.522039 
32.884364 0.708886 -2.549770 
33.801905 1.048221 -2.583401 
33.818549 0.662307 -1.543311 
33.828098 0.219345 -0.542809 
33.535142 1.327006 -0.835512 
34.651022 1.716154 -0.764312 
34.935917 0.906779 -0.029946 
34.818031 -0.150371 0.069019 
33.995957 -0.664190 0.369155 
34.327317 -1.347820 1.027831 
33.960203 -0.703782 1.693999 
33.286054 -0.346240 2.322088 
32.937382 0.036568 1.362894 
32.305089 -0.623046 1.517526 
31.855330 -1.498618 1.044961 
31.302110 -0.914265 0.497449 
30.645245 -0.364946 -0.236763 
30.595277 0.445842 -0.756198 
31.426176 0.939743 -0.365748 
31.979613 0.263236 0.248007 
32.822705 0.940833 0.227599 
32.568086 1.879624 0.233902 
33.577359 2.062382 -0.055203 
34.246718 2.845740 -0.146218 
35.278287 2.906740 -0.208561 
34.887525 3.616856 0.432298 
35.397954 3.817944 1.235179 
35.021629 4.172259 2.112885 
34.308999 4.309343 1.331283 
34.066364 3.302201 1.448924 
34.702702 2.667477 2.165901 
34.591177 2.782125 3.195632 
34.690612 3.300986 4.074045 
34.433032 3.966904 4.757903 
34.294221 4.392242 5.606618 
33.293348 4.028402 6.159040 
32.654266 3.684506 5.542632 
32.776210 2.601195 5.691054 
31.868967 1.937641 5.777940 
31.721831 3.070260 5.749782 
30.772936 2.946080 5.488172 
29.983846 2.525290 6.041299 
29.365292 3.125359 6.567649 
28.975133 3.720498 7.319172 
28.231737 3.592171 6.663901 
28.008876 2.571407 6.471917 
28.489262 1.801656 6.928492 
29.270021 1.461069 7.449349 
29.364182 2.457113 7.845207 
30.274139 2.733796 7.910372 
30.167199 3.643662 7.371041 
30.922841 3.305402 6.900723 
30.247798 2.550268 7.036387 
31.076951 2.052627 7.300066 
32.128468 1.853310 7.070864 
32.882404 1.412216 7.745654 
32.344515 1.261663 8.562210 
31.517112 1.243361 8.958848 
32.307439 1.131405 9.646290 
31.185444 3.000634 12.267664 
31.222799 6.184087 12.297197 
32.003087 6.719745 12.567326 
32.862921 6.172980 12.256711 
32.345372 5.312605 12.326253 
31.871310 4.762932 11.457394 
32.689612 3.900213 11.775307 
33.522052 3.498907 11.275573 
32.665069 3.303427 10.778734 
32.798269 1.820176 11.147373 
32.211424 0.248081 10.819327 
33.163569 0.061287 10.860602 
32.584857 0.065237 11.711103 
32.178083 -0.570569 12.493342 
29.869034 0.513775 11.287680 
30.220021 1.913139 9.148104 
28.614669 1.049589 8.952741 
27.491806 -0.314314 10.356062 
28.312090 0.205776 10.810360 
28.510308 -0.754745 11.740179 
29.252796 -1.216984 12.311668 
29.356880 -0.177428 12.526971 
28.934393 0.451781 13.188804 
29.812103 0.831160 13.028298 
29.255814 1.559405 13.263176 
31.303395 0.562140 8.545196 
34.028453 0.157899 6.783424 
33.604245 -1.222552 5.432120 
32.316507 -0.020189 2.939585 
28.580069 -0.884213 0.401655 
27.593637 -1.208107 0.288942 
27.308531 -2.047699 0.714630 
27.788266 -2.430578 1.614768 
30.765789 -1.720666 2.333712 
32.830363 -1.329686 3.258180 
31.999671 -0.266008 4.708939 
30.699836 0.177218 6.386967 
31.795248 -0.051027 6.458539 
31.469137 -0.804388 5.927420 
31.404788 -2.003609 5.982120 
31.170056 -2.657598 5.254264 
30.204448 -1.933010 4.645710 
30.017337 -1.247161 6.178386 
30.529836 -0.383791 4.720830 
29.004671 -0.435920 4.821299 
25.915515 0.529892 4.780210 
24.307990 1.552525 3.725798 
23.821389 0.936916 3.116308 
23.306034 0.191649 3.489145 
24.610960 -0.982190 3.362432 
24.625942 -1.594816 1.352253 
25.414692 -2.028316 1.616978 
25.712701 -1.748479 0.648760 
26.466650 -1.835303 1.345328 
26.553025 -2.803033 1.986976 
26.524924 -1.367197 2.822531 
27.264438 -1.304468 7.414277 
24.170206 -1.579244 9.613945 
24.513880 -3.723389 10.557922 
25.077528 -4.213686 11.621600 
25.264928 -3.835185 12.927411 
24.797668 -2.638709 12.459676 
25.644828 -2.779437 10.961716 
26.851202 -2.964697 10.932434 
27.568823 -2.540647 11.664896 
28.096004 -3.243094 11.007811 
28.165861 -3.386992 10.036186 
28.162460 -2.964459 9.249408 
27.263437 -3.007579 8.684693 
26.863292 -2.087135 8.655610 
27.192675 -2.207561 9.756430 
26.296613 -1.872444 10.133413 
25.836076 -1.955349 9.226144 
25.810175 -2.969027 8.587791 
24.536128 -3.269235 8.320917 
24.425429 -4.320215 8.335464 
23.723603 -4.417580 9.287707 
23.184942 -4.192303 10.257841 
23.212165 -3.195797 10.684984 
23.435442 -3.864803 11.532169 
23.328629 -3.091935 12.264638 
23.279344 -1.947180 13.251893 
22.821858 -2.075761 11.620312 
21.962644 -1.401468 11.644800 
22.912634 -1.035540 11.899460 
22.619621 -0.758860 12.746394 
22.802176 0.222814 12.868678 
24.601586 0.350542 12.693398 
26.372065 -0.350289 12.380282 
24.890045 -0.924435 12.771372 
21.672881 -2.401162 15.079430 
18.793821 -3.515875 14.872869 
19.727056 -2.474277 15.363710 
19.410057 -2.661790 14.356168 
20.032988 -1.886557 14.082641 
20.307058 -1.450155 13.239614 
21.210296 -1.894051 12.952281 
21.854474 -1.749249 13.667842 
21.244704 -0.898323 13.412343 
21.590524 -0.845227 12.489820 
20.988927 -1.339009 11.812207 
21.348108 -1.579926 10.930127 
21.664383 -1.520397 9.877826 
22.196981 -0.715273 9.441935 
21.727950 -0.665545 8.487226 
20.748090 -0.523505 8.408328 
19.898784 -0.878032 8.863931 
20.676493 -1.235253 9.442960 
20.982658 -2.233771 9.367889 
21.030201 -2.675570 10.210649 
21.766092 -3.125339 10.817836 
22.374266 -4.245375 12.618467 
20.683671 -4.858859 12.505802 
19.677032 -4.398570 12.135611 
19.729310 -3.125919 12.974300 
19.168491 -2.257908 13.187898 
19.892512 -2.312650 11.540463 
20.574341 -3.216573 12.019639 
21.387483 -3.302030 12.697337 
22.333859 -2.790142 13.605044 
24.881907 -1.661237 15.069384 
