-22.844809 -13.395307 2.744805 
-22.375483 -13.649892 1.717471 
-21.805402 -14.497364 1.499473 
-22.006287 -14.430475 2.501117 
-21.518877 -15.321749 2.166776 
-20.578267 -15.089036 1.990493 
-20.220951 -15.175569 0.976863 
-20.455420 -14.196659 0.985128 
-20.301109 -13.748036 1.808214 
-20.468324 -13.042221 1.134699 
-20.849195 -12.244244 0.510637 
-21.521087 -11.906093 -0.163398 
-21.968961 -11.088412 -0.048251 
-20.956624 -11.004672 0.152733 
-21.591153 -10.199971 0.561258 
-21.237472 -10.354098 1.599337 
-21.273620 -11.275132 1.958685 
-20.617122 -11.756002 1.239755 
-19.686893 -12.085197 0.978744 
-19.017661 -11.938835 1.675859 
-18.010870 -11.618062 1.570072 
-18.739831 -10.876225 1.406954 
-18.492219 -11.557464 0.719668 
-18.863753 -11.004460 -0.017435 
-19.671163 -11.486481 -0.271453 
-20.568032 -11.833952 -0.507619 
-19.933725 -12.580407 -0.237501 
-19.767462 -13.543104 0.215507 
-19.854608 -14.041777 -0.665321 
-20.106952 -14.919622 -0.101798 
-21.052456 -14.721806 0.218386 
-21.666094 -13.916324 0.249290 
-22.112801 -13.079731 -0.098204 
-22.823733 -13.472185 -0.764380 
-23.229384 -13.554600 0.245611 
-22.676002 -14.403109 0.018850 
-22.846793 -14.612585 -0.934749 
-22.431878 -15.213689 -1.676612 
-22.966248 -14.913357 -2.481844 
-22.350542 -14.553908 -3.225529 
-21.450257 -14.565959 -2.654145 
-21.528235 -15.546276 -3.116230 
-21.580596 -15.835810 -2.164604 
-20.731604 -15.884902 -2.733131 
-20.528822 -15.341614 -1.783300 
-20.991095 -15.350292 -0.794656 
-21.745374 -14.577295 -0.494340 
-21.648998 -13.618175 -1.074297 
-22.139298 -13.275602 -1.886237 
-21.863725 -12.211307 -1.662886 
-21.206830 -11.355501 -1.724484 
-21.283338 -10.438923 -1.219759 
-21.685427 -9.691034 -0.705520 
-20.721452 -9.263554 -0.534657 
-20.187771 -8.632903 0.147792 
-19.810877 -9.608764 0.389524 
-20.370047 -10.248693 0.868952 
-20.297243 -10.036017 1.876852 
-21.107648 -9.396421 1.748371 
-20.324264 -8.986507 1.278556 
-20.206585 -8.321130 1.986917 
-20.618414 -8.134786 0.982505 
-21.554759 -8.503872 1.418926 
-21.594630 -7.768848 0.832928 
-21.432874 -8.289739 -0.060254 
-21.891459 -9.169297 0.056111 
-22.669723 -9.596168 0.568848 
-23.465510 -10.262928 0.509793 
-23.159482 -11.139734 0.270605 
-22.722678 -12.049880 0.545343 
-22.511439 -12.520509 1.473734 
-22.282124 -11.796510 2.273725 
-21.440561 -12.271418 2.324141 
-20.389610 -12.249507 2.388776 
-18.704004 -14.038405 3.124566 
-17.123590 -15.126326 2.092423 
-17.160138 -16.090107 1.919031 
-17.428300 -16.679664 0.988030 
-17.222844 -17.339829 1.689300 
-16.601174 -17.557321 2.713312 
-17.682365 -17.685367 3.417322 
-17.193282 -16.886262 3.198258 
-18.182464 -16.518781 3.163208 
-19.026297 -16.725147 2.257340 
-20.148342 -16.943041 2.605434 
-21.172089 -17.251892 2.321447 
-22.015836 -17.206637 2.980324 
-22.037130 -16.529935 2.064720 
-22.451930 -16.510588 0.237850 
-25.586942 -15.354214 0.247916 
-26.395950 -12.880842 0.693268 
-24.980093 -12.608887 1.264721 
-24.958119 -13.632144 1.229346 
-24.657420 -14.124075 0.395173 
-25.569671 -13.654386 0.130785 
-25.913922 -14.074968 -0.735258 
-25.163244 -14.778644 -0.489181 
-24.160260 -14.785076 -0.460812 
-23.678166 -14.898125 -1.454109 
-24.183890 -11.837893 1.277086 
-22.951829 -7.780422 1.852468 
-23.259162 -7.479541 0.332273 
-23.996890 -11.254504 -2.202499 
-27.020584 -10.916190 -3.765941 
-26.014265 -10.919180 -3.792220 
-25.509163 -10.499038 -4.656662 
-25.266730 -9.975249 -3.808418 
-26.433114 -10.604893 -1.716679 
-27.110559 -13.847560 -1.876772 
-25.510669 -13.481074 -2.047848 
-25.390491 -12.198543 -1.358059 
-25.019098 -11.478970 -0.816796 
-24.233695 -11.562669 -1.366691 
-25.344284 -11.685138 -3.000212 
-25.906199 -12.534930 -5.003191 
-26.867041 -13.147972 -3.896750 
-26.771779 -12.561018 -1.535313 
-27.440207 -11.312711 -1.043873 
-28.256766 -10.962204 -1.985044 
-28.882963 -11.171030 -3.807920 
-29.807450 -10.973291 -5.338459 
-28.970308 -11.602200 -6.034581 
-29.930387 -12.037081 -6.355637 
-30.684182 -12.811717 -5.177623 
-30.827898 -13.898853 -5.582674 
-30.778964 -13.890968 -6.600485 
-30.885653 -14.880419 -6.235337 
-30.002215 -15.300254 -6.623959 
-29.053559 -15.928999 -6.584324 
-27.769008 -15.972798 -6.884881 
-27.158243 -17.575806 -8.654232 
-26.634483 -17.179465 -10.296923 
-26.544371 -19.489866 -10.611303 
-25.686483 -19.392976 -8.932943 
-25.640431 -19.455618 -7.556015 
-26.773794 -19.328849 -6.180824 
-27.237379 -18.580967 -6.157873 
-27.697760 -17.494479 -6.132297 
-26.403843 -18.042538 -6.676834 
-26.843111 -17.566521 -7.513644 
-28.571003 -17.240193 -7.125326 
-30.382564 -16.491026 -5.105576 
-29.852604 -15.776529 -4.825433 
-29.102928 -15.954044 -5.382218 
-28.689455 -14.965841 -5.699896 
-29.418082 -14.556931 -5.129158 
-29.778269 -13.826100 -4.423980 
-29.329234 -14.084083 -3.686504 
-28.573914 -14.187714 -4.079143 
-27.740225 -14.589796 -4.508449 
-28.017231 -15.657553 -4.647979 
-27.356275 -16.863688 -3.735569 
-26.501458 -16.332868 -4.093208 
-26.062209 -16.468582 -3.121081 
-25.614668 -15.624596 -3.314806 
-24.887445 -16.115266 -2.831584 
-24.829846 -17.001565 -3.696746 
-24.724313 -17.793139 -4.142335 
-25.178110 -17.484201 -4.897610 
-26.085566 -17.355794 -5.364497 
-26.937169 -17.840534 -5.321209 
-27.705374 -18.372500 -4.676661 
-28.660486 -19.930763 -5.146199 
-28.315982 -19.994412 -3.686503 
-27.644407 -18.300982 -0.228976 
-23.916736 -18.702917 -2.242269 
-22.025217 -19.404559 0.141446 
-22.478757 -18.580380 0.787010 
-23.071332 -19.384210 0.872055 
-23.662018 -19.619066 1.623287 
-24.130385 -18.812446 1.261573 
-25.072854 -18.603730 0.886854 
-24.834111 -19.447996 0.326579 
-24.482259 -20.020362 1.104857 
-24.241318 -20.822632 0.569556 
-24.586674 -21.763561 0.321324 
-25.635196 -21.570913 0.544964 
-25.947686 -22.534656 0.105569 
-25.300672 -22.063889 -0.713473 
-24.903722 -21.131973 -0.849879 
-25.411736 -20.601637 -0.087709 
-25.859472 -19.856361 0.496255 
-26.388480 -20.044511 1.337005 
-27.360107 -20.355109 1.597134 
-27.603758 -19.529428 1.083916 
-27.997152 -19.332388 2.198567 
-27.847169 -17.868470 2.229976 
-27.291958 -17.558089 3.531400 
-27.111986 -16.427749 3.305525 
-27.100641 -16.732274 2.304096 
-25.438087 -15.193237 2.198251 
-26.824621 -15.626253 4.175625 
-26.483925 -14.566877 4.024424 
-26.327813 -13.976596 3.144659 
-28.076373 -13.859270 2.537266 
