-22.006287 -14.430475 2.501117 
-21.518877 -15.321749 2.166776 
-20.578267 -15.089036 1.990493 
-20.220951 -15.175569 0.976863 
-20.455420 -14.196659 0.985128 
-20.301109 -13.748036 1.808214 
-20.468324 -13.042221 1.134699 
-20.849195 -12.244244 0.510637 
-21.521087 -11.906093 -0.163398 
-21.968961 -11.088412 -0.048251 
-20.956624 -11.004672 0.152733 
-21.591153 -10.199971 0.561258 
-21.237472 -10.354098 1.599337 
-21.273620 -11.275132 1.958685 
-20.617122 -11.756002 1.239755 
-19.686893 -12.085197 0.978744 
-19.017661 -11.938835 1.675859 
-18.010870 -11.618062 1.570072 
-18.739831 -10.876225 1.406954 
-18.492219 -11.557464 0.719668 
-18.863753 -11.004460 -0.017435 
-19.671163 -11.486481 -0.271453 
-20.568032 -11.833952 -0.507619 
-19.933725 -12.580407 -0.237501 
-19.767462 -13.543104 0.215507 
-19.854608 -14.041777 -0.665321 
-20.106952 -14.919622 -0.101798 
-21.052456 -14.721806 0.218386 
-21.666094 -13.916324 0.249290 
-22.112801 -13.079731 -0.098204 
-22.823733 -13.472185 -0.764380 
-23.229384 -13.554600 0.245611 
-22.676002 -14.403109 0.018850 
-22.846793 -14.612585 -0.934749 
-22.431878 -15.213689 -1.676612 
-22.966248 -14.913357 -2.481844 
-22.350542 -14.553908 -3.225529 
-21.450257 -14.565959 -2.654145 
-21.528235 -15.546276 -3.116230 
-21.580596 -15.835810 -2.164604 
-20.731604 -15.884902 -2.733131 
-20.528822 -15.341614 -1.783300 
-20.991095 -15.350292 -0.794656 
-21.745374 -14.577295 -0.494340 
-21.648998 -13.618175 -1.074297 
-22.139298 -13.275602 -1.886237 
-21.863725 -12.211307 -1.662886 
-21.206830 -11.355501 -1.724484 
-21.283338 -10.438923 -1.219759 
-21.685427 -9.691034 -0.705520 
-20.721452 -9.263554 -0.534657 
-20.187771 -8.632903 0.147792 
-19.810877 -9.608764 0.389524 
-20.370047 -10.248693 0.868952 
-20.297243 -10.036017 1.876852 
-21.107648 -9.396421 1.748371 
-20.324264 -8.986507 1.278556 
-20.206585 -8.321130 1.986917 
-20.618414 -8.134786 0.982505 
-21.554759 -8.503872 1.418926 
-21.594630 -7.768848 0.832928 
-21.432874 -8.289739 -0.060254 
-21.891459 -9.169297 0.056111 
-22.669723 -9.596168 0.568848 
-23.465510 -10.262928 0.509793 
-23.159482 -11.139734 0.270605 
-22.722678 -12.049880 0.545343 
-22.511439 -12.520509 1.473734 
-22.282124 -11.796510 2.273725 
-21.440561 -12.271418 2.324141 
-20.389610 -12.249507 2.388776 
-20.577549 -13.218028 2.628967 
-19.812004 -12.705989 3.121045 
-19.513589 -13.067155 2.155199 
-18.118924 -14.674471 2.917014 
-17.222844 -17.339829 1.689300 
-16.471602 -17.236312 2.277369 
-16.730747 -17.878329 3.149254 
-17.682365 -17.685367 3.417322 
-17.687873 -16.702521 3.180733 
-18.592699 -17.033539 2.310142 
-19.459895 -16.416755 2.204539 
-20.148342 -16.943041 2.605434 
-21.593962 -17.229264 2.650886 
-22.037130 -16.529935 2.064720 
-22.531608 -16.409889 1.140425 
-22.478035 -17.518504 0.931551 
-21.481662 -17.142570 0.525297 
-23.585870 -15.914370 0.031611 
-26.742740 -13.783783 0.577335 
-25.277873 -12.949965 0.818110 
-25.569671 -13.654386 0.130785 
-25.913922 -14.074968 -0.735258 
-25.163244 -14.778644 -0.489181 
-24.160260 -14.785076 -0.460812 
-23.678166 -14.898125 -1.454109 
-23.637040 -13.885209 -1.275895 
-23.931422 -13.322380 -0.510060 
-23.186628 -12.529535 -0.278617 
-24.189716 -10.994710 2.077892 
-22.839668 -7.459754 1.172288 
-22.793313 -8.902533 -0.617039 
-24.321469 -11.449781 -2.620756 
-25.266730 -9.975249 -3.808418 
-24.676969 -10.623772 -3.510068 
-24.558142 -9.880802 -2.951013 
-24.378385 -9.560947 -3.905413 
-26.887125 -11.280020 -1.438080 
-25.470610 -13.053564 -1.817918 
-24.654632 -11.745838 -1.008604 
-24.177223 -11.112632 -1.532971 
-24.825450 -10.693451 -2.112028 
-25.275541 -11.750480 -3.004209 
-25.992621 -13.006763 -4.642268 
-27.065859 -12.943319 -4.101691 
-27.237886 -12.457061 -1.962216 
-28.256766 -10.962204 -1.985044 
-28.902458 -11.456306 -2.845498 
-29.505803 -10.962245 -3.228331 
-28.862213 -11.270642 -4.821103 
-29.930387 -12.037081 -6.355637 
-30.684182 -12.811717 -5.177623 
-30.827898 -13.898853 -5.582674 
-30.832308 -14.385694 -6.417911 
-30.002215 -15.300254 -6.623959 
-29.053559 -15.928999 -6.584324 
-28.485247 -15.866199 -7.518880 
-27.876278 -16.237208 -6.657048 
-26.945499 -15.814986 -6.478715 
-25.590112 -16.955577 -6.418528 
-27.315320 -17.545681 -9.144270 
-26.422910 -18.413393 -10.377089 
-25.330025 -18.736939 -8.282652 
-26.393451 -19.474011 -6.912170 
-26.781459 -19.020133 -5.361977 
-27.739039 -17.967488 -5.984879 
-27.113542 -17.161940 -6.600126 
-26.975784 -17.861142 -7.412478 
-27.624487 -16.983324 -7.651679 
-28.671278 -17.037502 -7.483268 
-29.643389 -16.485474 -5.551591 
-28.689455 -14.965841 -5.699896 
-29.418082 -14.556931 -5.129158 
-29.778269 -13.826100 -4.423980 
-29.364722 -14.642612 -3.859905 
-29.293746 -13.525553 -3.513104 
-28.573914 -14.187714 -4.079143 
-28.169230 -14.899987 -4.616547 
-27.751664 -15.734367 -5.083732 
-27.701795 -16.028114 -4.135558 
-26.639981 -16.555046 -3.649953 
-25.614668 -15.624596 -3.314806 
-25.246123 -16.097846 -2.441360 
-24.528768 -16.132686 -3.221808 
-24.829846 -17.001565 -3.696746 
-24.951211 -17.638670 -4.519972 
-26.085566 -17.355794 -5.364497 
-26.937169 -17.840534 -5.321209 
-27.170116 -17.631435 -4.357178 
-27.541124 -18.522958 -4.622161 
-28.404881 -18.963107 -5.050644 
-29.143318 -19.814120 -4.410045 
-29.044709 -20.718589 -3.294905 
-27.769136 -19.978677 -2.917750 
-27.134296 -18.005160 -0.407712 
-22.880998 -18.985710 -0.791600 
-23.662018 -19.619066 1.623287 
-24.130385 -18.812446 1.261573 
-25.072854 -18.603730 0.886854 
-24.834111 -19.447996 0.326579 
-24.482259 -20.020362 1.104857 
-24.241318 -20.822632 0.569556 
-24.586674 -21.763561 0.321324 
-25.635196 -21.570913 0.544964 
-25.947686 -22.534656 0.105569 
-25.300672 -22.063889 -0.713473 
-24.903722 -21.131973 -0.849879 
-25.411736 -20.601637 -0.087709 
-25.859472 -19.856361 0.496255 
-26.388480 -20.044511 1.337005 
-27.360107 -20.355109 1.597134 
-27.603758 -19.529428 1.083916 
-26.952843 -19.321068 1.820763 
-27.271317 -19.646949 2.779241 
-28.247584 -19.496982 2.528229 
-27.989020 -18.236318 2.631476 
-27.111986 -16.427749 3.305525 
-26.690012 -16.489563 2.201940 
-25.908974 -15.248967 1.765467 
-25.833627 -14.301387 1.273513 
-25.617462 -15.012405 2.887800 
-26.457887 -13.394647 2.287053 
-27.346653 -13.166027 1.856050 
-28.124335 -12.612261 1.946402 
-28.785638 -14.258398 3.039185 
