-24.410768 -11.406361 8.545966 
-24.851879 -11.118503 7.638556 
-25.732871 -11.036011 7.225397 
-26.514030 -11.480496 6.693651 
-27.382877 -12.039761 6.230265 
-28.213092 -12.034654 6.781742 
-29.060048 -11.915861 7.347359 
-29.872606 -12.582975 7.534311 
-29.757689 -13.245928 6.785477 
-30.080511 -12.260686 6.605598 
-29.475270 -12.024906 5.809535 
-28.526301 -11.667325 5.615429 
-29.052638 -11.348166 6.455182 
-28.527104 -10.680519 5.862336 
-28.714907 -10.304217 6.717673 
-28.359029 -10.192241 7.705198 
-28.552386 -9.353521 8.174891 
-27.519923 -8.939869 8.255487 
-27.240472 -10.014894 8.298529 
-27.542977 -9.523047 7.310123 
-27.325248 -10.397511 6.908255 
-26.701316 -10.946573 7.458431 
-27.473841 -11.167321 8.118933 
-26.899980 -12.010422 8.030221 
-27.675863 -12.196493 8.647494 
-27.494726 -11.518171 9.575097 
-26.846073 -11.154474 10.206168 
-27.429601 -11.548819 10.889951 
-27.600665 -10.471319 10.681171 
-26.924979 -10.699469 11.445176 
-26.858442 -10.260221 12.479074 
-27.619101 -9.611378 12.624702 
-28.489415 -10.240582 12.528641 
-29.129306 -10.134613 11.785535 
-29.201974 -9.708163 10.950884 
-28.659091 -9.700431 10.108139 
-27.520186 -9.881885 9.945960 
-27.475708 -9.415974 9.098244 
-27.021794 -10.293777 9.261770 
-27.985517 -10.373344 8.955248 
-28.643927 -10.854288 8.333690 
-28.415666 -11.576651 9.262593 
-28.638718 -12.063968 10.111928 
-29.372928 -12.234831 9.358852 
-30.028330 -11.700964 9.892658 
-30.488443 -12.477020 9.692140 
-30.199328 -12.609189 8.664032 
-29.544039 -11.871687 8.349060 
-28.771306 -12.644057 7.954154 
-28.340533 -13.301324 8.498273 
-27.736940 -13.417801 7.709853 
-26.698838 -13.354660 7.584573 
-26.911407 -12.757659 6.884870 
-27.286059 -13.255305 6.091501 
-27.089635 -14.098449 6.690762 
-27.486775 -14.354468 7.572975 
-27.307167 -14.736749 8.576632 
-27.368518 -13.685926 8.605745 
-27.501372 -12.910068 9.312820 
-27.199609 -13.813069 9.768992 
-26.636058 -13.934135 10.702800 
-26.622864 -14.231627 11.647400 
-26.132786 -13.737195 12.362152 
-25.985447 -14.075727 13.232601 
-27.004181 -14.047421 12.832176 
-27.744133 -13.646290 13.292303 
-28.543394 -13.752776 12.594375 
-28.227470 -13.968292 11.689443 
-28.001492 -13.362540 10.890654 
-27.270157 -13.278954 11.523726 
-26.413779 -12.556901 11.790236 
-25.787637 -11.818968 11.621968 
-25.450768 -12.520138 10.955258 
-26.064208 -13.169463 10.486231 
-24.010675 -12.102536 10.645338 
-24.313486 -8.667208 10.393245 
-25.046964 -7.841295 10.076546 
-25.398508 -8.759636 10.452664 
-25.573554 -7.940059 11.116975 
-25.581784 -6.672283 11.816329 
-25.567697 -5.417381 12.178731 
-24.580889 -5.504727 12.341933 
-25.149465 -5.727703 13.131605 
-25.055040 -4.868215 13.567151 
-25.327540 -3.986656 13.213199 
-25.683378 -3.765744 14.178999 
-26.342476 -4.336767 13.756589 
-26.398668 -4.441320 12.768805 
-25.111158 -2.052294 14.438356 
-24.066081 -2.892886 16.124107 
-23.002082 -5.636661 17.410144 
-24.129507 -6.991140 19.185725 
-23.656964 -6.325309 20.025513 
-23.002330 -5.794740 19.559529 
-23.086350 -6.870738 19.383591 
-22.673619 -6.955000 20.302784 
-22.269377 -7.059754 21.338143 
-21.622220 -7.687117 21.918941 
-22.161506 -7.530646 22.668525 
-23.697987 -8.484589 22.286719 
-22.795964 -11.427009 21.876647 
-21.269178 -12.379320 24.215327 
-21.242448 -6.301167 24.233944 
-21.043298 -1.772354 25.547839 
-21.389305 -2.615040 24.967568 
-22.200759 -2.329675 25.554548 
-22.657225 -2.075168 24.807580 
-23.752448 -0.002011 24.483451 
-22.830800 0.206590 23.587726 
-23.167231 -0.643505 22.134559 
-22.877086 -1.429475 21.606170 
-22.172784 -1.253608 20.786422 
-21.156529 -2.416902 20.990747 
-23.141948 -2.959463 21.504344 
-25.318942 -2.162579 21.038153 
-24.341773 -0.467971 22.009612 
-23.317393 1.135035 22.561076 
-24.144852 1.819448 21.764324 
-24.314406 1.134405 20.574936 
-24.003900 1.270765 19.704542 
-23.596417 -0.820714 20.681688 
-22.774344 0.279728 20.881194 
-22.107017 1.568002 20.989783 
-22.423364 2.651142 21.176683 
-22.657667 2.291067 20.434906 
-22.872251 2.594169 19.553066 
-22.381039 1.872831 19.027668 
-22.367720 0.796057 18.623615 
-22.215660 1.264573 17.725107 
-23.628643 1.839642 17.510816 
-26.564273 0.096048 19.112602 
-26.520498 1.219393 20.552544 
-26.337296 2.976768 19.134073 
-25.876354 2.933327 17.888097 
-26.319124 4.512756 17.555976 
-26.462408 4.191833 18.597176 
-27.324256 3.186736 18.969106 
-28.826346 2.556561 18.298145 
-29.832687 2.003843 17.532006 
-30.810878 1.907872 17.489175 
-29.234587 2.375256 15.823149 
-28.944746 1.284469 16.981357 
-27.966150 1.351242 17.271343 
-26.957352 1.446446 17.031363 
-26.906442 1.924445 18.011224 
-27.511531 2.316804 17.155778 
-26.856781 2.786005 16.694019 
-27.464482 2.575052 15.954207 
-27.106040 2.597984 15.257631 
-27.304482 3.598907 14.906754 
-28.870160 3.560896 14.232446 
-30.040520 3.337014 13.326439 
-29.674341 2.715239 12.607371 
-28.886075 3.290517 12.187913 
-28.215296 3.351974 12.932751 
-28.521771 4.514136 12.881763 
-27.492638 4.153078 12.388436 
-28.386617 4.495113 12.042027 
-28.741313 5.433881 12.086730 
-28.653944 6.543177 12.079171 
-27.504961 6.454166 12.100696 
-26.712271 7.077615 11.548277 
-26.671017 6.846577 10.043265 
-28.546087 7.631572 8.938670 
-30.491510 9.577387 8.975109 
-30.252283 12.202653 10.266618 
-30.726590 9.959967 10.988285 
-30.780087 9.688612 12.049504 
-30.601660 10.609824 11.775202 
-29.836763 11.267691 11.897656 
-30.286051 11.967771 12.427126 
-30.741122 12.095764 13.388848 
-30.082880 11.172253 13.710918 
-29.304925 11.156753 14.427613 
-29.780888 10.148401 14.671398 
-29.888206 9.137341 14.602673 
-29.710633 8.960462 13.561735 
-30.501006 9.648891 13.354215 
-29.551971 9.891692 13.270798 
-29.167468 10.145790 12.414710 
-29.053758 11.118007 12.773139 
-28.162724 10.518594 12.468148 
-27.987766 10.563985 13.485696 
-28.049434 9.635893 13.907146 
-28.687906 8.730492 14.147409 
-29.634204 6.814798 13.638198 
-29.876917 6.168714 12.241594 
-30.610385 6.899193 13.075505 
-30.660145 8.318024 12.598873 
-29.822087 8.751637 12.263714 
-28.198818 8.380193 12.839545 
-29.265595 7.083097 15.022846 
-28.643023 7.083432 15.800260 
-28.913179 6.008049 16.051753 
-26.639477 4.252705 14.367621 
