-7.725726 -20.026562 8.617095 
-7.498402 -20.180846 9.586174 
-8.407983 -20.220320 10.017038 
-7.772426 -19.309565 10.359126 
-8.114730 -18.985886 9.466771 
-7.675166 -18.102957 9.130755 
-6.782061 -18.696938 9.004130 
-6.421549 -18.409012 9.999303 
-5.994010 -19.280217 9.689171 
-6.525743 -19.738621 8.791628 
-5.866376 -19.225968 8.213971 
-5.194960 -19.547398 7.562889 
-4.518956 -19.869074 8.221501 
-5.051535 -19.458526 8.939100 
-5.414685 -18.608845 9.173197 
-4.381528 -18.587492 9.330148 
-4.989076 -18.484131 10.287358 
-3.945240 -18.799227 10.233249 
-4.221273 -18.080649 10.991239 
-3.965742 -17.294705 11.354498 
-3.976757 -16.237943 11.078933 
-4.442587 -15.691867 11.808524 
-3.494843 -16.035291 12.055095 
-2.936959 -16.829575 12.122934 
-2.375845 -16.624446 11.301676 
-2.517855 -15.671362 11.767156 
-1.906306 -15.118765 12.268758 
-2.243200 -15.025642 13.251477 
-1.895323 -14.526985 14.238732 
-2.897487 -14.446024 14.599901 
-2.436683 -13.707992 15.058294 
-2.340309 -14.400904 16.041982 
-2.829158 -13.464901 15.921395 
-2.708765 -13.033433 16.879417 
-3.581504 -13.281008 17.095816 
-4.463213 -12.641498 17.075748 
-4.518628 -12.018055 16.199901 
-3.837149 -11.511718 16.821251 
-4.587858 -11.550840 17.538382 
-4.972392 -11.298769 18.413465 
-5.976345 -11.128460 18.476810 
-6.826927 -10.890955 17.881954 
-6.776065 -10.345928 18.814894 
-6.041691 -10.165568 18.163256 
-6.360814 -9.412989 18.872960 
-5.940566 -8.658221 19.374879 
-6.904744 -8.191177 19.515617 
-7.413731 -7.612480 20.109232 
-8.214431 -8.242276 20.195325 
-8.973730 -8.083368 19.625208 
-9.433803 -9.087216 19.485229 
-10.014367 -8.954619 18.663258 
-10.438415 -9.823676 18.243624 
-9.560577 -10.370295 18.520285 
-8.466768 -10.477622 18.781764 
-7.638905 -10.800601 19.348063 
-7.911533 -10.615917 20.299190 
-8.814633 -10.789639 19.712091 
-9.664712 -10.942506 20.495870 
-10.588857 -10.700045 20.640066 
-10.868659 -11.050424 19.680234 
-9.968554 -11.325971 19.242786 
-9.562628 -12.210519 19.624252 
-8.578860 -12.226995 20.090300 
-7.626867 -11.929929 19.875817 
-7.732990 -12.441767 19.032327 
-8.144151 -13.226738 19.703719 
-8.254460 -13.335736 18.712018 
-9.020669 -12.918545 18.057862 
-8.838749 -12.226410 18.727557 
-8.715565 -11.530299 17.989638 
-8.983754 -11.180816 17.088676 
-8.236387 -10.722737 16.594033 
-8.052241 -11.562706 15.880231 
-6.982825 -14.040062 17.061067 
-6.135809 -13.293049 19.778438 
-6.433633 -12.774372 18.909140 
-6.453182 -13.784439 18.454953 
-5.718524 -13.742299 17.749582 
-5.490041 -12.514436 18.021472 
-5.427318 -12.466767 19.381947 
-5.328930 -11.448717 19.750788 
-5.705000 -10.822212 20.430373 
-6.394681 -11.275036 19.514960 
-7.013946 -11.830071 18.636654 
-7.803580 -11.991625 18.099990 
-6.786387 -11.858920 17.622572 
-7.082866 -11.622016 16.635564 
-7.042959 -12.886159 16.674363 
-8.580012 -13.646052 15.288041 
-8.542118 -15.713485 14.969777 
-8.108441 -16.779098 13.555928 
-7.598325 -16.044770 12.894170 
-8.492949 -15.646498 12.661099 
-7.750770 -14.922369 12.737177 
-7.772572 -13.991797 12.547679 
-8.247705 -14.599433 11.741416 
-8.674625 -14.753223 10.775526 
-8.877677 -15.255677 9.963748 
-9.490072 -13.829458 11.799317 
-10.693031 -11.138165 15.837795 
-10.792306 -11.105300 18.312982 
-11.023874 -16.938286 15.425569 
-9.804511 -22.136698 11.619526 
-10.698458 -22.205243 10.799326 
-9.746847 -22.097838 10.378961 
-9.188844 -21.329645 10.144124 
-10.738266 -18.381154 7.436870 
-10.246359 -18.032950 9.942956 
-10.508623 -16.460724 10.417583 
-10.891383 -15.513028 11.237562 
-11.806808 -15.570373 10.853867 
-12.311428 -15.066314 11.566090 
-13.354078 -14.250229 10.330826 
-14.539592 -13.952700 11.603268 
-14.609830 -14.793277 13.026935 
-12.867000 -15.034837 14.306849 
-11.952592 -15.084778 13.048544 
-11.122002 -14.413001 13.009760 
-10.268104 -14.837205 14.483710 
-9.013908 -15.410317 15.881790 
-9.550753 -14.218492 16.207612 
-9.281818 -14.305078 17.400335 
-8.774479 -15.599638 17.845250 
-8.365735 -15.593042 16.785062 
-7.335565 -15.697528 17.293214 
-6.473952 -15.840209 17.762133 
-5.992986 -16.148961 16.943787 
-5.898289 -15.130166 16.969775 
-4.650206 -14.133590 16.275980 
-7.680564 -16.281178 17.459687 
-9.849387 -13.889510 20.214040 
-10.489611 -13.854950 23.197274 
-11.155063 -13.822925 24.195841 
-11.490484 -14.984591 25.090536 
-10.158905 -14.498704 24.792690 
-9.495786 -13.281431 23.712124 
-9.073902 -12.774006 22.137143 
-8.088378 -13.845425 21.275321 
-7.389676 -13.458152 20.452804 
-7.323008 -11.822950 21.009462 
-8.789595 -10.515104 21.824749 
-9.018533 -11.428960 21.333924 
-10.086309 -11.291037 21.861746 
-10.917622 -11.783808 21.514475 
-10.752100 -12.738334 21.841201 
-11.409177 -12.814490 22.657562 
-10.696780 -11.863644 23.698789 
-11.654108 -11.763549 23.864292 
-12.363811 -12.203131 24.495256 
-12.262714 -13.252938 23.418797 
-13.190257 -12.432607 22.996807 
-13.901598 -11.778598 22.405416 
-14.344513 -11.298833 21.694980 
-15.069306 -10.690690 21.260219 
-15.123403 -10.517436 22.095369 
-14.780404 -10.711901 23.055796 
-14.641367 -10.965943 24.053250 
-15.573040 -11.352527 24.010071 
-15.699762 -11.723171 23.000902 
-16.784237 -11.664267 23.073657 
-17.592381 -10.602828 22.331271 
-18.586089 -9.783567 21.583738 
-18.860692 -12.289393 21.069981 
-16.796569 -13.986515 20.411922 
-14.914858 -14.999882 16.469610 
-16.438710 -13.983996 15.041191 
-16.377144 -13.616096 14.092806 
-16.484318 -14.266739 13.354916 
-17.198596 -15.112596 13.180596 
-17.919095 -15.634526 13.813837 
-17.394597 -16.111399 14.605811 
-16.833696 -16.898183 14.098206 
-17.135555 -17.930023 14.449191 
-17.798202 -17.451880 13.745879 
-17.466673 -17.530820 12.825463 
-17.388620 -17.122523 11.908483 
-17.424619 -16.131699 12.396320 
-18.145685 -16.804117 12.813344 
-17.277506 -16.388591 13.340345 
-16.252554 -16.328623 13.373929 
-15.827280 -15.649853 13.973424 
-15.766967 -16.351875 14.753705 
-16.450231 -16.724981 15.335264 
-15.637545 -17.142971 15.466670 
-16.304599 -18.671665 16.731497 
-17.156646 -18.129155 16.434113 
-17.782436 -19.060739 15.597351 
-17.531376 -19.204864 14.141665 
-17.844486 -19.456754 13.324860 
-15.764188 -18.085318 11.956413 
-13.651341 -17.655589 10.714231 
-12.641694 -18.177404 10.529831 
-12.074354 -17.596031 11.282418 
-12.931904 -18.379032 13.563122 
