21.590262 -13.842178 5.896865 
22.629125 -13.692224 6.028531 
23.647552 -13.797442 6.387266 
23.840242 -14.902379 6.193971 
23.125868 -14.456442 5.636213 
22.356041 -14.835619 6.070277 
22.822252 -15.627331 5.516666 
22.618708 -16.014270 6.475184 
21.898073 -15.436121 6.978599 
21.138132 -15.414503 6.244472 
20.128348 -15.098854 6.315277 
19.193122 -15.377803 6.019119 
18.994349 -14.798846 6.796664 
18.221535 -15.379910 6.582110 
17.559595 -14.770347 7.041792 
17.593809 -14.028584 6.236153 
17.415703 -14.652685 5.380316 
17.457684 -15.698230 5.486801 
18.103444 -15.824899 4.725519 
17.959643 -14.862090 4.251596 
18.882970 -14.843592 4.494961 
19.377792 -15.333036 3.803533 
19.373909 -14.423769 3.460513 
20.144819 -13.973520 3.852833 
21.202830 -13.728834 4.134387 
21.514873 -13.369814 3.166106 
21.824271 -13.960470 2.329656 
20.787051 -14.218309 2.576313 
21.012660 -13.313593 1.889046 
21.053412 -13.235842 0.829392 
20.126035 -12.903965 1.185662 
19.348970 -13.092126 1.788149 
18.345215 -12.861417 2.107236 
17.741576 -12.177795 2.430587 
17.932153 -11.556502 3.251369 
18.490055 -12.573329 3.373390 
18.176437 -12.351797 4.357454 
18.857481 -12.813836 5.112801 
18.597603 -13.460631 4.406406 
18.527737 -13.910372 3.567422 
18.773060 -13.909728 2.602530 
18.834363 -14.890039 2.732999 
18.244889 -15.705242 2.733883 
19.011698 -16.040542 2.072250 
18.703797 -17.055198 2.012004 
19.668219 -17.330533 1.870318 
20.419519 -17.614071 1.271864 
19.918411 -17.640962 0.375338 
19.417073 -18.226294 -0.415103 
18.873187 -18.580235 0.445787 
19.305940 -19.179599 -0.165301 
20.227850 -19.465191 0.089246 
20.945271 -18.662432 0.182517 
20.975981 -17.896650 -0.701696 
21.278400 -18.646908 -1.301117 
20.306971 -18.704610 -1.561859 
21.056288 -18.606819 -2.304959 
21.321083 -17.848469 -3.019741 
20.920314 -17.174868 -3.580471 
20.672773 -16.732843 -4.517324 
19.809585 -16.579992 -3.972195 
18.703091 -16.371365 -3.931356 
17.943980 -16.682300 -3.413134 
17.164769 -16.156648 -2.985858 
17.131783 -15.271021 -3.440548 
17.427030 -15.566599 -4.353255 
17.645176 -16.540329 -4.435349 
18.286896 -17.092077 -5.117600 
17.917958 -17.992375 -4.977850 
18.531590 -18.941718 -4.838683 
18.495201 -18.412491 -5.796952 
18.563726 -17.420343 -6.138477 
17.717812 -18.009137 -5.999729 
16.671062 -18.188661 -5.580516 
16.760609 -19.827442 -6.800107 
19.776103 -20.115281 -8.618330 
19.785928 -21.138412 -8.433944 
20.420585 -20.964349 -7.646735 
21.452592 -20.937329 -7.504791 
21.777435 -21.691181 -6.822062 
20.507792 -21.394445 -6.729248 
19.764681 -21.084560 -5.983225 
18.902403 -20.884716 -5.517077 
17.574361 -20.057901 -5.268562 
16.777120 -19.234273 -3.682934 
16.135263 -19.458054 -4.487526 
15.251835 -19.186621 -4.924638 
14.992132 -18.348240 -5.286480 
14.931837 -20.873092 -3.698748 
14.095043 -23.186341 -3.964792 
14.973810 -24.787150 -2.849941 
14.672654 -25.047517 -1.168136 
13.585235 -24.932997 -1.095835 
13.085696 -24.382758 0.104675 
12.265630 -24.453888 -0.192937 
12.595396 -25.348045 -0.804982 
12.297392 -25.926589 -1.540720 
12.696761 -26.971004 -1.536900 
12.176568 -27.805641 -1.196769 
9.806896 -28.713716 -1.493499 
11.257329 -30.205018 3.196783 
13.571852 -30.475652 2.290919 
11.254692 -29.558409 3.702584 
11.839865 -24.745211 2.567094 
11.128626 -25.594063 2.666544 
10.034629 -25.464216 2.940263 
10.290280 -26.373477 2.467166 
9.216791 -27.994964 3.218645 
10.145075 -28.845263 1.079859 
11.348545 -29.778016 -1.092037 
12.226768 -30.171082 -0.970727 
12.956868 -30.610849 -0.516766 
13.212700 -29.670649 0.087526 
12.606064 -27.827416 0.211186 
11.219428 -27.564290 -0.467878 
12.192476 -27.832259 0.811000 
12.747575 -26.031320 0.574435 
14.768930 -25.637176 0.083223 
14.981645 -27.035993 0.463039 
13.994913 -27.093838 0.620825 
14.339889 -26.637128 -0.784084 
14.781916 -27.303872 -1.490416 
15.319582 -27.556190 -2.339618 
15.622105 -26.542019 -2.924376 
14.807402 -26.301883 -3.806784 
14.416057 -25.331260 -3.667569 
14.063569 -25.938797 -4.380231 
15.047504 -25.827940 -4.653046 
15.721932 -25.434826 -4.054037 
16.801621 -24.532403 -4.679723 
17.365549 -25.391764 -2.730586 
18.039831 -22.488264 -5.130499 
18.447206 -22.109851 -7.825917 
19.158514 -20.697009 -7.291145 
18.472177 -19.085135 -6.688892 
17.224277 -20.192554 -7.687431 
16.585481 -20.168084 -9.186044 
17.050382 -19.480123 -10.605504 
17.591178 -19.336666 -12.087227 
17.956605 -20.149439 -11.515941 
18.640658 -21.162851 -10.995631 
17.753442 -21.548404 -11.178908 
17.309051 -22.139407 -10.336805 
16.670545 -22.796467 -10.069349 
16.866311 -21.917725 -9.500344 
17.497567 -22.219671 -8.782355 
17.208637 -23.285325 -9.098428 
16.199007 -23.768512 -9.005422 
16.263000 -23.833733 -10.440028 
17.146349 -24.214574 -10.929602 
16.460421 -25.033286 -11.160283 
15.681671 -25.447836 -11.434033 
14.632054 -25.374484 -11.311509 
14.582699 -26.323851 -11.773435 
13.876970 -27.007017 -11.360308 
15.045756 -27.770357 -11.581899 
16.097253 -27.930658 -12.572515 
17.037544 -27.516198 -12.689865 
17.494793 -27.624427 -13.599467 
16.916265 -27.821648 -14.332937 
16.167499 -27.188666 -14.591393 
15.149329 -26.052596 -15.276777 
13.735292 -25.283059 -16.227037 
14.442846 -25.176670 -16.645587 
15.753425 -25.357184 -13.789218 
17.749023 -21.462929 -12.612023 
19.878505 -20.844184 -14.037620 
19.178223 -21.855353 -14.070335 
18.493508 -22.508401 -14.401330 
18.737613 -21.831319 -15.129409 
18.515412 -21.923570 -16.091443 
19.359511 -21.326257 -16.233939 
19.659530 -20.892374 -15.502882 
18.914028 -20.288017 -15.547313 
18.461395 -19.872280 -14.671936 
19.150058 -19.097004 -14.332002 
19.847412 -19.600943 -13.946254 
20.024683 -20.160588 -13.065306 
20.224690 -20.305766 -12.047296 
19.785325 -21.209298 -11.858848 
20.084376 -20.691033 -10.887291 
20.194164 -19.696329 -11.307066 
19.805137 -18.604771 -11.276095 
19.220055 -19.413396 -11.500803 
19.164829 -19.753259 -10.561728 
16.875920 -20.740666 -10.352376 
14.541355 -21.451998 -10.924864 
14.338119 -22.004846 -11.724080 
13.240949 -22.247223 -11.646588 
13.209378 -22.246631 -12.674395 
14.410527 -22.929731 -13.639112 
15.376998 -24.098160 -13.539681 
15.497676 -25.073949 -13.630044 
14.563428 -24.886471 -12.722036 
16.512321 -27.662707 -9.918224 
