4.271862 -22.921351 10.585620 
4.715589 -22.627576 9.612320 
5.494245 -22.784760 10.357246 
5.745641 -21.873774 10.481236 
5.693439 -21.620801 11.462010 
6.037015 -22.510672 11.948479 
6.934289 -22.406705 12.442214 
7.695022 -23.075344 12.150945 
8.511608 -22.492703 12.294664 
9.070080 -23.290154 12.530514 
8.140226 -23.262124 13.016120 
8.838901 -22.559977 13.442700 
9.813076 -22.510422 12.977539 
10.467119 -23.027824 12.590201 
11.418107 -23.172688 12.933766 
11.177231 -22.153297 13.125021 
11.270038 -22.171802 14.264330 
11.383508 -23.234318 14.197363 
11.860472 -24.120280 13.962245 
12.323052 -23.793818 13.026406 
13.000304 -24.381673 13.451013 
12.466549 -25.210184 14.050397 
13.060062 -25.362314 15.013057 
12.543008 -26.293342 15.329942 
13.148513 -27.293048 15.324590 
13.167722 -27.766032 16.195320 
12.455627 -26.944940 16.281783 
13.322683 -26.311905 16.454045 
13.292245 -26.227578 17.497074 
12.425429 -26.146018 18.096932 
12.050751 -26.329229 17.166984 
11.345669 -26.706414 17.688836 
10.294552 -26.470965 17.919058 
10.050671 -25.575950 17.571440 
9.972378 -24.906331 18.281325 
10.979460 -24.431382 18.601531 
10.297013 -24.322109 19.364483 
11.078876 -24.697828 19.934880 
10.319486 -25.421546 19.569825 
10.528543 -25.480436 20.559622 
9.734804 -24.766347 20.547355 
10.209415 -23.837553 20.255504 
9.649626 -23.191413 20.860752 
9.107960 -23.908564 20.475440 
8.173608 -24.256847 20.499105 
7.386206 -23.569994 20.624472 
7.060573 -23.342427 21.748472 
6.394366 -22.921018 22.419776 
6.506926 -21.977923 22.855976 
6.760282 -22.232069 23.901684 
6.704751 -22.600336 24.819735 
6.122199 -21.772724 24.754060 
5.911697 -20.815985 25.072614 
5.144720 -21.457381 24.699235 
4.608626 -22.312328 24.976447 
4.503264 -23.308499 24.769439 
5.505718 -23.114932 24.634641 
5.055914 -23.080692 23.762233 
4.197374 -22.607876 23.961161 
4.696253 -21.719471 23.731815 
3.572877 -21.820302 23.679797 
3.552241 -21.833046 22.534755 
4.219102 -22.638415 22.442405 
4.913392 -22.015161 22.702501 
5.320122 -22.671917 22.033100 
5.773403 -23.609648 22.048999 
6.120404 -23.638025 23.040843 
6.582099 -24.257869 23.616632 
7.565403 -24.324071 23.886821 
7.349390 -24.605514 22.979514 
6.421076 -25.057956 23.100709 
5.557391 -24.562472 23.202364 
4.978685 -24.050945 22.639971 
5.435327 -24.791055 22.109350 
3.364481 -23.949013 20.220435 
1.636047 -24.944155 18.410422 
1.607248 -25.934791 18.728154 
2.308415 -26.332050 17.944949 
1.609731 -25.604546 17.551014 
1.364164 -26.604180 18.209522 
1.762557 -27.233873 17.668145 
2.911750 -27.311228 17.642776 
3.665835 -28.057815 17.283564 
4.756871 -26.988589 17.186439 
5.963127 -26.162461 16.760897 
6.313853 -26.736785 15.922352 
5.853236 -27.038027 15.117039 
6.180355 -27.623639 14.259367 
5.888036 -28.072326 12.660505 
4.207293 -28.513039 12.177820 
3.855319 -27.828530 13.461740 
3.268090 -27.349704 14.542798 
4.163527 -26.945096 15.049758 
4.646523 -27.337384 15.789462 
4.431648 -26.487935 16.128864 
4.315616 -26.114857 17.064161 
3.440773 -25.440266 17.184606 
4.323638 -25.413808 17.879475 
4.791628 -25.767026 18.703084 
7.875626 -27.100193 19.612513 
8.451689 -27.216294 17.275606 
7.554406 -27.770550 17.377916 
1.849197 -26.456344 20.663687 
-3.643375 -28.117557 20.038579 
-2.921417 -28.850633 20.395579 
-2.392169 -28.155714 19.859918 
-2.456769 -28.974568 19.310267 
-2.004236 -27.715418 17.998265 
-1.975447 -28.975873 16.574800 
-3.949673 -28.516630 16.550109 
-2.842781 -27.778866 16.177428 
-2.783317 -27.347954 15.360583 
-2.876470 -26.215326 16.226270 
-3.855380 -27.471520 17.243065 
-5.187065 -27.464796 18.075476 
-3.066486 -26.131437 18.265957 
-2.066200 -25.993538 20.044087 
-1.414054 -25.541506 20.604147 
-0.852855 -25.424353 19.348452 
-0.484159 -24.132228 19.232547 
0.250087 -23.964272 20.713164 
0.906891 -24.744515 20.372696 
0.524788 -25.278293 19.849075 
0.021668 -26.573287 19.754542 
-0.492754 -27.773805 19.550095 
-0.185991 -28.665339 19.126920 
-0.312918 -27.948362 18.374140 
0.537983 -27.335257 18.695270 
0.919428 -28.167357 18.194367 
1.374733 -27.993909 19.458149 
0.432811 -22.761018 22.183018 
2.343264 -21.678622 23.620590 
3.237974 -23.575529 22.889251 
3.029716 -22.712863 21.142510 
2.936371 -21.295115 20.800864 
2.664570 -21.230836 19.663963 
3.659650 -22.360202 19.672703 
4.066414 -21.388749 21.244960 
4.174256 -22.261997 21.558737 
4.086285 -22.840242 20.697519 
5.987084 -23.347185 20.285300 
6.252842 -22.055655 21.217736 
6.769346 -21.302674 20.805355 
6.040667 -20.691398 21.263380 
5.112837 -21.164420 21.154363 
4.792707 -20.892111 20.113131 
5.477032 -20.266043 20.662535 
6.047079 -21.332800 19.898697 
7.139765 -22.334453 20.043952 
7.633901 -23.169875 19.499648 
7.782435 -22.336050 18.642638 
8.993478 -22.369497 19.030088 
9.291676 -23.214937 19.459493 
8.734191 -23.440355 18.747630 
8.969984 -24.491757 18.388239 
7.693454 -24.226368 19.042679 
6.552621 -23.554471 18.414163 
6.742149 -24.304202 17.708031 
7.761603 -24.257911 18.010127 
7.638805 -24.294445 16.931318 
8.595298 -23.916014 16.866006 
8.675649 -22.659501 17.367389 
7.694592 -22.195441 17.293358 
7.369486 -22.368437 15.572263 
6.259183 -24.691159 10.740598 
5.532866 -26.975934 8.603568 
7.175978 -25.400633 10.110612 
8.172240 -25.162200 9.965856 
7.637432 -24.663685 10.666959 
7.346263 -23.809827 11.165840 
6.742632 -23.515689 12.010499 
7.074046 -23.913559 12.878861 
7.910211 -24.505235 12.628125 
8.294337 -24.911792 11.793219 
9.318740 -24.776530 11.901667 
9.579778 -24.622665 12.846582 
10.673315 -24.370035 12.800858 
10.226210 -23.542561 13.421273 
9.408523 -23.554773 13.870682 
10.078844 -22.899223 14.314763 
9.542113 -23.482555 15.124348 
8.967268 -22.534338 14.985727 
9.153697 -22.914269 15.902518 
9.652008 -22.406236 16.717105 
9.802166 -21.731686 17.563700 
10.265739 -21.548828 19.292921 
9.185692 -21.892822 20.246507 
8.338950 -22.552239 20.725865 
7.684486 -21.648729 20.639282 
8.554310 -21.365241 21.055045 
7.411465 -21.438450 18.862674 
6.716101 -23.730964 16.862474 
5.779932 -23.754141 17.062903 
5.189719 -24.453551 16.628534 
5.903395 -26.230885 18.906991 
