10.108597 -19.957223 22.372054 
9.569980 -20.476739 23.220932 
9.934137 -21.336591 22.851101 
10.544893 -21.018312 23.616111 
11.573209 -20.643390 23.375635 
11.371627 -20.541868 24.317473 
10.428540 -20.006518 24.039938 
11.249439 -19.555419 23.703410 
11.852833 -18.693764 24.130096 
12.293721 -18.060610 23.537764 
11.294692 -18.001233 23.141680 
11.466086 -18.397782 22.197649 
12.407124 -18.345794 22.284737 
13.326846 -18.224996 21.829898 
13.795613 -18.224943 20.939650 
14.662036 -18.038599 20.775635 
15.060508 -18.495288 21.566697 
15.561883 -18.570145 22.362665 
16.403234 -18.555673 21.547206 
16.738084 -17.692273 21.999502 
16.599315 -18.111303 22.907757 
17.141111 -17.437272 23.581376 
16.350553 -17.676846 24.322230 
16.532631 -17.897969 25.289742 
17.097511 -18.751427 24.808550 
17.750654 -17.937413 24.751353 
18.546953 -17.569379 24.276507 
18.639034 -16.651943 24.802640 
18.190567 -16.924056 25.687607 
17.195130 -17.096092 25.875865 
17.261378 -16.489036 26.712707 
17.276112 -15.437003 26.522491 
16.559427 -15.273590 25.760148 
16.039968 -15.480856 26.661534 
15.810607 -16.206310 25.794254 
15.505028 -15.627983 25.016227 
15.696491 -16.170451 24.203478 
15.906082 -17.014083 23.549202 
15.140453 -16.525790 22.945190 
14.748624 -16.463270 23.918057 
14.864699 -17.492911 23.446439 
14.921717 -17.757080 22.451035 
14.168813 -18.310410 22.869740 
14.037682 -17.409662 22.247277 
13.837784 -17.391241 23.215021 
13.754332 -16.469506 22.795362 
12.798988 -16.266148 22.960032 
12.551764 -15.557301 22.214200 
13.557441 -15.466145 22.248360 
14.558607 -15.468729 22.688971 
14.270974 -16.304686 21.937241 
15.282251 -16.808339 21.898963 
15.809892 -17.541671 22.336498 
16.159580 -16.599462 22.562608 
16.328199 -15.989195 23.379697 
16.315048 -15.094570 23.809610 
16.718024 -14.165419 23.471997 
17.108914 -14.168080 24.362235 
17.257252 -15.115527 24.939531 
17.026984 -14.363666 25.398545 
16.326985 -13.578137 25.647303 
15.686117 -14.384393 25.693256 
15.367289 -13.876304 26.618226 
15.682012 -13.257728 27.417358 
15.358712 -12.891190 28.327483 
14.912917 -12.120978 27.867335 
15.169748 -11.451864 27.046449 
16.196510 -11.561271 26.884999 
16.609983 -12.154816 26.274464 
17.550980 -11.847874 26.835388 
17.685823 -11.118530 25.965368 
18.589640 -10.792377 25.499587 
17.823643 -10.764643 24.778300 
18.546158 -10.273043 24.317002 
19.877470 -11.979801 22.665157 
19.943420 -11.237974 20.434207 
19.415772 -11.468612 19.591631 
18.649564 -11.808627 18.921921 
18.227357 -12.515762 19.457200 
16.905643 -12.492905 19.429288 
17.276807 -11.584908 19.474502 
17.644306 -11.250959 18.540372 
17.759688 -10.419208 18.129659 
19.265366 -10.582671 18.438015 
19.412099 -10.396278 17.542137 
19.267024 -11.433431 18.114401 
20.093603 -11.671036 17.431861 
20.905156 -11.080241 17.338432 
20.872119 -10.543127 16.535437 
19.149786 -12.741272 15.628989 
19.926740 -12.447670 14.502395 
19.486737 -12.068638 12.687901 
19.274647 -11.138583 13.046713 
18.536250 -10.372691 13.065700 
19.545509 -10.060006 12.807614 
20.028771 -10.244543 13.700449 
20.407004 -10.030666 14.682719 
19.953623 -9.088431 15.131028 
20.242628 -8.764855 14.209209 
19.643793 -7.785163 15.341613 
21.592649 -9.590166 21.152971 
22.553788 -9.249751 24.712473 
19.326044 -9.405966 20.509625 
19.704874 -11.092667 23.174453 
19.421605 -10.113927 23.154778 
20.253880 -10.138394 23.644415 
20.782432 -10.689340 24.346562 
18.030455 -8.840122 25.276118 
18.357061 -10.308456 27.593559 
19.331576 -9.905099 26.952770 
20.004693 -8.945488 26.406254 
20.512803 -8.330591 25.842564 
21.312335 -7.612604 25.170884 
23.553948 -7.780283 25.335090 
23.560556 -7.887787 24.052214 
24.628551 -8.013300 23.079106 
24.309739 -8.922147 22.301087 
24.041627 -7.935012 21.111949 
25.297469 -7.572623 21.595413 
26.910406 -6.564011 18.916754 
29.378322 -6.692249 17.932077 
29.217426 -5.896380 17.510364 
29.150525 -5.397876 16.350955 
28.343025 -4.991817 15.832194 
27.333409 -5.840818 15.590832 
27.996021 -5.658895 14.757295 
27.733275 -5.357844 13.782671 
26.801311 -5.683817 13.982364 
27.171969 -5.959522 13.088070 
26.804808 -6.736568 14.375687 
24.032953 -6.704272 15.194984 
23.827995 -8.722411 18.289271 
24.962516 -9.510386 19.345348 
25.359494 -8.034195 19.003002 
25.018193 -7.141499 19.101279 
24.801139 -6.469158 20.514681 
25.392678 -4.930158 21.560536 
25.290234 -3.920582 22.226615 
24.304204 -4.516342 21.621853 
24.748178 -5.048814 22.291367 
23.561989 -6.752159 22.265648 
22.199076 -7.768531 23.639585 
21.267883 -7.293125 23.456076 
20.411628 -7.752640 23.926958 
21.001915 -8.365037 23.465526 
20.720295 -7.743522 22.686093 
21.008092 -8.397411 21.914042 
22.186704 -7.881034 21.845177 
22.780158 -8.391777 20.602690 
22.830169 -9.150591 21.145030 
24.554990 -9.259253 21.007889 
26.183756 -9.104173 20.461666 
26.234327 -8.779789 21.427108 
26.605780 -7.965954 20.891864 
27.171008 -8.223095 20.192036 
27.672327 -8.957702 19.986410 
28.181753 -8.857990 18.866449 
28.156500 -9.173937 17.867166 
27.659259 -8.177817 17.924644 
27.678494 -8.380970 16.815079 
27.832187 -8.376432 15.867007 
26.975266 -7.409118 15.962562 
26.209972 -5.845671 15.685567 
25.603036 -5.365293 17.472303 
22.733155 -5.048800 14.336406 
21.895007 -7.275832 14.001137 
21.533858 -6.903257 15.855751 
20.906784 -6.742382 16.643911 
20.543828 -7.685168 16.545042 
21.483442 -8.090863 16.427060 
21.309967 -7.965697 17.411377 
22.360556 -8.015937 17.442998 
22.141019 -7.121167 17.126608 
21.793902 -6.288856 17.584992 
21.015362 -6.698029 18.102193 
21.288749 -5.639375 18.240972 
21.630170 -5.321330 17.223066 
22.162563 -5.016769 18.032522 
22.368007 -5.747750 18.765563 
21.429363 -5.252904 19.118759 
20.406972 -5.565091 18.927602 
20.618281 -5.299469 20.043345 
21.355598 -5.959923 19.794718 
22.252398 -5.629213 20.290094 
23.164011 -5.787673 20.790781 
23.170403 -6.946865 20.360620 
22.732582 -7.081347 18.269625 
21.928000 -7.131411 19.221401 
21.520324 -6.943173 20.431452 
21.263944 -7.885564 20.774608 
18.412233 -7.511201 23.754368 
17.619708 -5.866329 26.105598 
18.364154 -5.968663 25.433123 
18.582628 -5.317320 24.609487 
21.101799 -5.930107 23.835166 
