21.162959 -2.977499 3.138558 
21.844854 -2.715103 3.888350 
22.725541 -3.192427 3.962527 
23.406155 -2.565002 3.570492 
23.511264 -1.553070 3.370348 
22.959109 -1.419157 4.106486 
23.190059 -1.830681 5.051389 
22.197647 -1.525507 4.721398 
21.823983 -1.531013 5.679872 
21.590879 -2.530174 5.697495 
21.102987 -3.471078 5.571798 
21.781227 -3.422533 4.801927 
20.913680 -2.857422 4.625503 
20.171371 -2.508800 3.970262 
19.876892 -3.453715 3.985108 
20.030060 -3.527470 5.032563 
19.720464 -2.716233 5.801247 
18.998695 -2.742589 5.150665 
18.388166 -3.660576 4.844029 
18.931568 -4.573317 4.758465 
18.864979 -4.207641 5.663591 
17.983957 -4.174446 6.333185 
17.185600 -4.491816 6.683820 
17.200681 -5.644897 6.768682 
18.088410 -5.636743 7.380966 
18.110419 -6.252422 6.478338 
18.154468 -6.784980 7.337194 
19.056977 -6.344671 7.316535 
19.321088 -5.370534 7.588273 
19.402077 -5.702787 6.568424 
19.829221 -6.596686 6.024421 
19.182359 -5.922265 5.477555 
18.484212 -6.161738 4.830468 
19.417456 -6.533579 4.449301 
20.429748 -6.006141 4.556229 
19.734851 -5.718410 3.757434 
18.968119 -5.253371 3.438118 
18.772732 -4.391736 2.902969 
19.465608 -4.875175 2.109100 
20.101125 -4.731087 2.813940 
20.414875 -4.468533 1.937627 
20.961436 -5.345014 2.135440 
21.265210 -5.787410 1.275235 
22.019060 -6.476439 0.932477 
21.049075 -6.882329 1.172488 
20.203055 -6.437967 1.470506 
19.910766 -5.746595 0.819798 
19.322439 -5.797344 1.641082 
19.029868 -5.928124 2.664274 
18.500030 -6.168598 1.850241 
17.963009 -6.892147 2.327112 
17.287864 -6.451705 1.741274 
17.511343 -5.722103 2.511263 
16.454858 -5.489742 2.824740 
16.370185 -6.556435 3.117398 
16.793763 -7.070297 4.000238 
16.774546 -6.565636 4.909707 
16.132819 -7.197278 5.294179 
16.429458 -8.146694 5.353876 
15.920739 -8.823328 4.820939 
16.755401 -9.246647 5.255808 
17.195820 -9.884498 4.650797 
17.859664 -10.501903 4.203824 
17.191393 -10.911431 4.955400 
17.322068 -11.226472 5.912845 
17.742253 -10.861755 6.779003 
17.319863 -10.617927 7.782324 
17.121664 -11.282138 8.530411 
16.884071 -11.948343 9.330541 
16.142502 -12.429895 9.815979 
16.686235 -13.396426 9.649156 
16.456747 -14.365963 9.858105 
16.527981 -14.048355 8.791783 
16.964360 -14.983867 8.747528 
15.076620 -14.298590 7.742420 
15.165747 -13.018351 6.295885 
15.013167 -13.662827 5.509476 
15.668921 -12.813539 5.325628 
15.701607 -11.760957 4.806511 
14.799677 -11.570104 5.314709 
15.071010 -10.978041 6.346316 
14.738699 -10.401781 7.025465 
14.501151 -10.313147 7.978006 
13.715863 -10.298824 8.607943 
14.362214 -11.321225 9.811313 
14.207818 -12.291429 9.667899 
15.170430 -12.052821 9.192071 
15.515150 -12.507028 8.306138 
18.093394 -12.184289 7.456893 
19.806438 -11.580124 5.277972 
19.520604 -10.353793 5.088842 
18.372624 -9.989023 6.494313 
18.055804 -9.806464 7.386133 
17.124525 -9.678193 6.967182 
16.495932 -9.308382 7.702323 
15.828662 -10.004508 7.429576 
15.566195 -10.948661 7.691840 
16.188504 -11.025164 6.830237 
16.086344 -11.460033 5.970778 
16.746114 -13.157766 2.478287 
15.582372 -16.386519 -0.433245 
14.441915 -15.303638 -0.577810 
16.371724 -12.558354 -1.936518 
15.309217 -8.976976 -3.823732 
16.216991 -8.991652 -4.374195 
16.203957 -9.890909 -3.985354 
17.025953 -10.472879 -3.844915 
15.544696 -11.903092 0.602836 
15.113900 -15.205031 1.329988 
14.876255 -17.243165 1.630423 
15.160432 -18.127837 2.707879 
15.494222 -19.125327 2.890915 
14.226304 -19.291347 2.898275 
14.010497 -18.297991 1.455942 
15.361511 -18.788212 1.106790 
15.639439 -19.628926 -0.334211 
13.808427 -18.670003 -0.679226 
13.837525 -17.209599 -0.221349 
13.847606 -16.818739 -0.907997 
12.400642 -16.357327 -3.030419 
13.199236 -15.262356 -4.375009 
13.313704 -16.593590 -4.676875 
13.716995 -17.809906 -3.669040 
12.270463 -18.183425 -3.364165 
12.180334 -18.699483 -2.637464 
13.194908 -18.680822 -2.679985 
12.968282 -18.783123 -1.670654 
12.693690 -17.699820 -1.538669 
12.152739 -18.668520 -1.276872 
12.183312 -19.039134 0.542717 
10.977933 -18.438883 5.660460 
10.713177 -19.129092 9.596347 
11.707310 -18.398917 12.045265 
12.589523 -17.894792 10.850434 
14.285309 -18.720423 10.489249 
14.646128 -18.804014 8.920135 
15.367056 -17.472401 8.129159 
13.786263 -17.371075 8.207599 
13.231516 -16.612086 7.919425 
12.926646 -16.915187 6.914638 
11.787109 -15.801256 6.581608 
12.740305 -16.452379 5.602306 
13.006958 -17.523045 5.808953 
13.768030 -17.956414 6.056776 
13.994479 -18.394310 5.115031 
13.130745 -18.843980 5.173225 
13.332206 -19.646207 5.777117 
14.476319 -19.593928 5.951695 
13.934164 -20.364114 6.978287 
13.699386 -20.494365 5.921184 
12.597759 -21.138596 5.924893 
11.753677 -19.832200 5.530832 
11.624417 -18.870627 5.646895 
11.208166 -18.798149 4.757074 
11.085970 -19.739083 4.444437 
10.118714 -19.248517 4.933107 
10.636344 -18.675179 5.790349 
10.618548 -18.925416 6.840550 
10.110997 -19.445045 6.070644 
9.194440 -19.746775 6.060193 
9.959100 -20.450399 6.199039 
11.073413 -19.665620 6.726886 
11.962017 -20.074596 7.143123 
10.528612 -21.169509 5.956773 
11.249369 -23.017564 6.636976 
9.195565 -20.687069 8.577071 
8.273608 -19.211139 7.044653 
8.051519 -19.646587 6.023955 
7.360556 -19.578649 5.186851 
7.761220 -20.545533 5.273255 
8.475088 -21.134288 4.766275 
8.414046 -21.627897 3.684913 
7.461495 -22.074321 3.799930 
7.885580 -22.881088 3.305897 
8.591090 -22.340753 2.821368 
8.536559 -23.092312 2.219711 
8.014418 -22.717775 1.404475 
8.970956 -22.511471 1.249511 
8.988442 -23.074905 0.298992 
9.026397 -24.074604 0.278494 
7.909454 -24.229393 0.017198 
7.584086 -23.349536 0.638993 
6.580117 -23.030969 0.688082 
6.911982 -23.495896 -0.128534 
7.560212 -22.985818 -0.660290 
7.555333 -23.592527 -2.581423 
7.761029 -23.269012 -4.803049 
8.393840 -22.916526 -5.419779 
8.680503 -21.954736 -5.868359 
8.956255 -21.039352 -5.609215 
9.494759 -21.814060 -3.805730 
9.199568 -23.359907 -2.829295 
8.523552 -22.644641 -2.997111 
7.773543 -22.297846 -2.671449 
8.246809 -19.819804 -1.807605 
