-9.138016 -26.566338 16.287910 
-9.790237 -26.737913 15.362347 
-10.537316 -27.349605 15.185056 
-10.744357 -26.581956 14.642858 
-10.399970 -26.444341 13.667348 
-9.524479 -26.258055 14.211087 
-9.639060 -27.237580 14.362568 
-8.735621 -27.025830 14.206004 
-8.017092 -27.692335 14.522524 
-7.326048 -26.851108 14.363942 
-7.674072 -26.333555 13.478680 
-7.011583 -26.610236 12.624067 
-6.419208 -27.167925 12.033266 
-7.285385 -27.793841 12.037339 
-6.823893 -28.473102 11.390000 
-7.504005 -28.109014 10.594908 
-7.803179 -28.426152 9.680566 
-7.380838 -27.585032 9.357217 
-7.272542 -27.029020 10.222493 
-8.222097 -27.391586 10.073302 
-8.734384 -26.944869 10.856641 
-9.110850 -26.010848 11.210343 
-8.553056 -26.759093 11.780156 
-8.808291 -26.034716 12.380874 
-9.879213 -26.218243 12.800491 
-10.109192 -25.297896 12.601949 
-10.879247 -24.809751 12.990502 
-10.866049 -25.388613 13.873004 
-10.281919 -25.293115 14.756657 
-11.220780 -25.042833 14.754408 
-11.958321 -25.134575 14.042788 
-12.745099 -25.843391 13.831323 
-12.712955 -26.765478 13.502837 
-13.632514 -26.614415 14.028712 
-14.560077 -26.308236 14.099053 
-13.882217 -25.828337 14.685813 
-13.679938 -26.699112 15.125094 
-14.779741 -26.733338 15.332454 
-14.960989 -27.110025 16.190293 
-14.873872 -26.091934 16.468560 
-14.492998 -25.606008 17.381780 
-13.639428 -25.339161 17.030772 
-13.579235 -26.356534 16.588762 
-13.677103 -26.634070 17.545107 
-13.084729 -26.357204 18.325999 
-12.020933 -26.650454 18.537912 
-10.899680 -26.799332 18.390842 
-10.830779 -27.802825 18.126251 
-9.942580 -28.264354 18.175823 
-9.649197 -28.842281 17.338443 
-9.797378 -29.873559 17.190161 
-9.059116 -29.551880 16.594305 
-8.458851 -28.837838 16.111652 
-9.491061 -28.596224 16.207835 
-9.714286 -29.485353 15.649619 
-10.615396 -29.025011 15.770331 
-11.135200 -28.633044 16.515255 
-11.865975 -28.632933 15.574972 
-12.682949 -28.991853 14.808355 
-13.341407 -29.284184 14.140678 
-13.297053 -28.218865 13.912480 
-14.106243 -28.422085 13.320406 
-14.916631 -28.961921 12.920187 
-14.979862 -28.110696 12.370960 
-14.546528 -27.218118 12.250261 
-14.046097 -27.165288 13.201596 
-14.781683 -27.379991 14.049950 
-15.438597 -27.890282 14.566802 
-16.180866 -27.749708 15.387864 
-16.904309 -27.190384 14.917702 
-17.099312 -26.391287 14.414922 
-16.261779 -25.953340 13.945530 
-15.691333 -26.711718 13.678823 
-16.730149 -27.121950 13.328173 
-16.664115 -26.193067 10.908807 
-16.374741 -24.379304 9.905513 
-15.796117 -25.391418 9.913866 
-14.926679 -25.825319 9.464405 
-14.890142 -25.685834 10.501723 
-14.835333 -25.896901 11.892827 
-14.118779 -25.320274 12.753691 
-13.608819 -26.189813 12.879031 
-12.848464 -25.430419 12.770797 
-12.899742 -25.069488 11.956885 
-12.010819 -24.351561 12.651646 
-12.446310 -23.604352 13.397097 
-11.538987 -23.058925 13.308972 
-10.993677 -23.178355 14.219827 
-10.024856 -23.936625 16.000533 
-8.681599 -24.909389 18.306733 
-8.435471 -23.746669 18.772104 
-7.500398 -23.961364 18.576051 
-6.784165 -23.284032 18.969379 
-6.937688 -24.245011 19.391493 
-6.551199 -23.661712 20.088254 
-5.778838 -23.405203 20.934680 
-5.548004 -23.251183 21.905902 
-4.879940 -23.220916 22.641928 
-5.312320 -22.463803 23.261157 
-3.663292 -20.018797 22.692868 
-5.137298 -21.944434 19.975845 
-6.209440 -24.408177 17.737524 
-8.923495 -23.901933 13.738232 
-9.125570 -24.944409 10.664844 
-9.861307 -25.205576 11.405944 
-10.849360 -25.128811 11.858676 
-10.711401 -25.475900 10.916822 
-11.218035 -25.903718 6.904160 
-12.616842 -29.710484 5.128963 
-12.291783 -31.333942 4.338098 
-12.148872 -31.676668 3.501683 
-11.309069 -31.353434 3.967783 
-10.734894 -31.230983 2.556883 
-11.125887 -30.085842 0.711863 
-12.125626 -30.017205 -0.442111 
-12.694844 -29.245059 0.795359 
-11.373057 -31.560726 2.010090 
-10.831596 -32.448655 3.001466 
-10.097431 -33.207645 3.201962 
-8.826134 -30.383677 2.791063 
-7.951696 -29.870730 1.359335 
-9.262113 -29.106569 1.342407 
-9.924545 -29.794431 1.517516 
-10.744276 -29.338091 1.937507 
-10.194193 -29.223746 3.049817 
-10.935832 -29.830263 2.960315 
-11.111917 -29.411694 3.803901 
-10.820195 -29.337291 4.834584 
-10.577040 -28.900645 5.637453 
-12.029632 -28.421251 6.395078 
-11.679076 -29.502674 8.208074 
-9.343087 -30.526622 7.054415 
-9.249727 -30.922012 5.791761 
-10.981832 -31.321807 6.516277 
-12.266804 -32.105373 5.548189 
-13.808496 -31.250804 5.725699 
-13.880260 -30.885083 7.056740 
-12.751379 -31.215590 8.057137 
-12.444778 -31.336219 9.566944 
-11.517624 -31.367045 9.842532 
-11.962277 -29.882459 10.713442 
-10.723633 -30.397981 10.789632 
-11.041675 -29.804376 11.661507 
-9.995450 -29.955325 12.002096 
-9.799451 -29.664990 13.035333 
-10.260123 -29.257193 13.829076 
-9.544221 -28.389234 14.028431 
-8.676220 -28.701994 14.367107 
-8.457109 -27.777930 15.511337 
-8.140923 -26.911967 16.078869 
-7.015263 -26.235937 15.300683 
-5.710295 -26.575952 15.846348 
-4.953814 -26.182169 16.286566 
-4.936494 -25.333265 17.042989 
-5.709072 -25.600007 17.659029 
-6.130428 -26.321673 17.726233 
-6.131346 -27.176759 17.774898 
-5.225573 -27.717490 17.322051 
-5.922697 -28.283970 16.873810 
-6.880282 -28.702360 16.731266 
-7.817188 -28.460022 17.268926 
-7.396094 -29.383283 18.351978 
-7.095639 -28.945060 19.978737 
-5.197583 -28.395136 18.229599 
-8.856801 -28.127540 13.764581 
-9.291885 -28.806648 11.051779 
-6.937800 -30.092468 10.770553 
-6.397750 -30.136092 9.996995 
-6.737187 -29.215646 9.868983 
-6.759524 -29.109140 8.796646 
-6.122959 -28.393772 8.673444 
-6.739062 -28.654139 7.779573 
-6.677008 -27.813441 7.170614 
-6.624019 -28.557221 6.548098 
-6.708676 -27.853521 5.831902 
-6.348011 -27.344420 4.966044 
-7.224399 -26.751734 5.216936 
-7.289093 -26.390164 6.214103 
-8.255737 -26.316369 6.689019 
-8.387483 -27.254411 6.864419 
-8.356960 -27.015292 5.817837 
-7.501326 -27.485127 6.098496 
-7.960673 -28.094941 5.550566 
-7.486041 -28.571862 4.745462 
-6.408203 -28.286943 4.789049 
-5.385520 -28.983339 5.791218 
-5.452986 -27.892990 6.614232 
-5.580312 -27.311240 7.758154 
-4.922404 -27.147069 8.596311 
-5.362143 -27.846701 9.221543 
-6.019911 -30.715540 9.019271 
-6.021878 -32.297065 8.876563 
-6.026446 -33.237753 9.257155 
-5.281878 -33.569641 8.696998 
-4.523487 -32.436694 6.884956 
