28.373508 1.875252 3.784252 
28.864409 2.088945 2.833530 
29.183396 2.497835 1.885713 
30.027928 2.031361 2.436223 
30.208070 2.163339 3.392976 
30.711316 1.938648 4.168710 
30.020931 2.556614 4.733923 
30.351788 3.473084 4.481180 
31.236341 2.822925 4.212960 
32.223559 2.292456 4.330061 
32.439136 3.195809 3.990281 
33.383880 2.644853 3.566238 
33.210864 2.767617 2.562744 
32.625921 2.795699 1.682350 
33.082492 3.227849 0.856539 
32.156687 2.822176 0.669362 
31.330276 2.371681 0.233322 
31.486644 2.014020 1.150608 
30.484233 1.803788 1.089489 
29.585293 1.570713 0.695373 
29.765486 0.906221 -0.085203 
30.513178 1.637907 -0.362258 
30.363936 1.887747 -1.299495 
30.727883 1.288857 -2.057065 
30.947202 0.506923 -2.603340 
30.078687 -0.094629 -2.183069 
29.262626 -0.697365 -2.263198 
28.619212 -0.804653 -3.031439 
28.796597 -0.805868 -4.116555 
27.967621 -0.115908 -4.270064 
26.981289 -0.227859 -3.882927 
27.023957 0.801356 -4.242125 
27.152227 1.318371 -5.194065 
26.625568 0.875133 -6.051965 
26.187961 0.231437 -5.463452 
26.734559 -0.583385 -5.357155 
26.773245 -1.126186 -4.541273 
27.001753 -2.157652 -4.846672 
27.083814 -3.018778 -5.398883 
26.098997 -2.954465 -5.819350 
26.321548 -2.175780 -6.410992 
26.569284 -1.166512 -6.161154 
27.404712 -1.526335 -6.032266 
27.661332 -0.685736 -6.443814 
28.462228 -1.213353 -6.128557 
28.871981 -1.120456 -5.195673 
28.720891 -2.088367 -5.116514 
29.676327 -1.847165 -4.541058 
30.123811 -0.983578 -4.946749 
29.557981 -1.221324 -5.925133 
29.585865 -2.138581 -6.329551 
30.615685 -1.929601 -6.618472 
29.943117 -1.534807 -7.131411 
30.117417 -0.530382 -7.404313 
30.448146 -0.620830 -8.327193 
30.952722 -1.500322 -8.304101 
30.385367 -2.066841 -8.988979 
30.520770 -1.094873 -9.275261 
31.433382 -0.746433 -9.619059 
31.638801 -0.053180 -8.764757 
31.563610 0.296069 -9.756789 
32.084808 0.898684 -9.113278 
32.768689 0.255005 -9.441128 
33.691098 -0.327473 -9.634374 
33.549272 0.173898 -10.548339 
33.559718 -0.749182 -11.017646 
33.512328 -1.801062 -10.971021 
32.569574 -1.676284 -10.490714 
33.333340 -1.747340 -9.508556 
32.379816 -1.274069 -9.423909 
31.716626 -2.003462 -9.000986 
32.042678 -1.175616 -8.438096 
31.649717 -0.672330 -7.737383 
31.727959 0.093538 -7.034656 
32.310928 0.657683 -3.341715 
34.651022 1.716154 -0.764312 
34.935917 0.906779 -0.029946 
34.818031 -0.150371 0.069019 
33.995957 -0.664190 0.369155 
34.143760 -1.025801 1.360915 
33.286054 -0.346240 2.322088 
32.937382 0.036568 1.362894 
32.305089 -0.623046 1.517526 
31.578720 -1.206441 0.771205 
30.645245 -0.364946 -0.236763 
30.595277 0.445842 -0.756198 
31.426176 0.939743 -0.365748 
31.979613 0.263236 0.248007 
34.225033 2.780297 0.478985 
34.417310 3.265287 2.035435 
33.873096 3.874608 5.228048 
32.776210 2.601195 5.691054 
31.868967 1.937641 5.777940 
31.721831 3.070260 5.749782 
30.772936 2.946080 5.488172 
29.983846 2.525290 6.041299 
29.365292 3.125359 6.567649 
28.975133 3.720498 7.319172 
28.231737 3.592171 6.663901 
30.514905 2.180581 7.503933 
31.255702 2.488825 11.895453 
31.573368 4.523034 13.390336 
31.374598 2.209839 11.355494 
29.940400 1.249839 8.418194 
28.891884 1.540552 8.615073 
28.270089 0.885337 9.139042 
27.356301 0.522627 9.638654 
29.467020 0.476306 11.213231 
31.226247 1.131849 7.026515 
32.644926 0.638963 6.828086 
33.244400 -0.015054 6.562888 
32.714243 -0.908442 6.856387 
32.863820 -1.230444 7.727052 
34.081334 -0.313772 8.467763 
34.342044 0.176071 6.966213 
33.923429 0.531602 5.399395 
33.612751 -1.698707 5.276687 
33.696726 -3.070239 4.646072 
33.150849 -2.252356 4.078342 
33.332701 0.563279 3.249446 
31.545307 1.390920 3.422337 
31.128155 1.420395 2.549936 
31.344417 0.210521 1.955909 
30.857767 0.386117 1.260634 
30.041554 -0.350933 1.148655 
29.145737 -0.023719 0.724087 
28.580069 -0.884213 0.401655 
27.593637 -1.208107 0.288942 
27.308531 -2.047699 0.714630 
28.118952 -1.943462 2.280290 
31.620469 -1.427496 2.845429 
31.574885 -0.451071 5.977028 
31.007058 -2.683730 6.290967 
30.821115 -1.908253 4.941806 
29.906855 -2.198537 4.036949 
29.817408 -2.076567 5.747548 
29.882174 -0.523965 6.661524 
30.136809 -0.533668 5.163216 
28.481349 -0.355948 4.657892 
27.546616 -0.236627 4.960991 
25.267790 0.887722 4.533171 
23.821389 0.936916 3.116308 
23.306034 0.191649 3.489145 
23.835061 -0.594660 3.751884 
24.551284 -1.316284 4.122048 
25.025849 -0.965645 3.304992 
25.031646 -1.052172 2.270803 
25.020317 -1.811566 1.484615 
25.712701 -1.748479 0.648760 
26.466650 -1.835303 1.345328 
26.410982 -1.875729 2.398037 
26.894853 -1.277439 3.260459 
26.342147 -1.227326 4.063354 
26.532948 -2.350498 4.052852 
26.949794 -2.162218 5.008546 
27.000424 -1.859515 5.840165 
25.989724 -2.685427 6.694552 
26.576304 -2.353541 7.474047 
27.453921 -2.916715 7.612832 
28.132592 -2.133476 7.974306 
27.997506 -1.550141 8.794997 
28.666876 -0.570884 9.269589 
28.579181 -0.076336 7.839331 
26.439162 -0.224270 8.474776 
24.484062 -2.856625 10.729589 
26.209493 -2.682019 11.460807 
27.634668 -3.433106 10.049237 
28.697054 -3.340878 10.023134 
28.162460 -2.964459 9.249408 
27.263437 -3.007579 8.684693 
26.863292 -2.087135 8.655610 
27.192675 -2.207561 9.756430 
26.296613 -1.872444 10.133413 
25.836076 -1.955349 9.226144 
26.066621 -2.966377 9.057321 
25.553730 -2.971677 8.118262 
24.536128 -3.269235 8.320917 
24.425429 -4.320215 8.335464 
23.432542 -4.314346 8.801566 
24.014664 -4.520814 9.773848 
23.184942 -4.192303 10.257841 
23.212165 -3.195797 10.684984 
23.435442 -3.864803 11.532169 
23.328629 -3.091935 12.264638 
23.736284 -2.270800 12.881782 
22.833119 -1.799029 12.678180 
22.912634 -1.035540 11.899460 
22.710898 -0.268023 12.807536 
23.740458 0.397844 12.375186 
24.549600 0.588449 12.942838 
24.629255 -0.649159 12.982531 
22.747340 -1.389458 14.638856 
22.183670 -0.814307 15.359525 
21.602774 -1.349759 14.725043 
20.514745 -3.618036 15.135675 
