4.325432 -33.749810 -5.382549 
4.802646 -33.822394 -4.418635 
5.372873 -33.650364 -3.645610 
4.607557 -33.589492 -2.863339 
5.120594 -33.582641 -2.044851 
5.197423 -32.562131 -2.259704 
5.240581 -31.473348 -2.182493 
6.191366 -31.600920 -2.560439 
5.738247 -30.796952 -3.020021 
5.861542 -29.927646 -2.458074 
5.840482 -29.040796 -2.923513 
6.345175 -29.643608 -3.565170 
5.449589 -30.133923 -3.849824 
6.029542 -30.928078 -4.085207 
6.661740 -30.401541 -4.874660 
7.562145 -30.206694 -4.265943 
8.262701 -29.471900 -3.977299 
7.275111 -29.117373 -3.379172 
7.810926 -28.476377 -3.975444 
8.819056 -28.497868 -3.680323 
9.792155 -28.894047 -3.545240 
10.101468 -28.517657 -2.564003 
9.867117 -27.750864 -3.028515 
9.743784 -26.702575 -2.638977 
9.809048 -26.274737 -1.705000 
9.759867 -26.792814 -0.866001 
9.556877 -27.367477 -1.637491 
9.557038 -28.336587 -1.599880 
9.409578 -29.177063 -2.151804 
9.930538 -30.093340 -2.040163 
9.598273 -29.979192 -2.999498 
9.001989 -30.224679 -3.839813 
10.039473 -29.783426 -3.946933 
10.796639 -29.173840 -3.636495 
11.286020 -28.915619 -2.621274 
11.198584 -29.908717 -2.724039 
11.772267 -30.272512 -1.764385 
11.057585 -30.082578 -1.088186 
10.351226 -29.221959 -1.418381 
9.583847 -29.379861 -0.792374 
8.721389 -29.661459 -1.368913 
8.081867 -30.511846 -1.354303 
8.871908 -30.816378 -1.912216 
7.913319 -30.720709 -2.389763 
7.903087 -29.756342 -2.698192 
7.393280 -29.439478 -1.998064 
7.297347 -29.093003 -1.018810 
6.388531 -28.682248 -0.748707 
6.928329 -29.023561 0.078198 
6.060998 -29.602717 0.204711 
5.651736 -30.547413 0.081684 
4.821053 -29.928875 -0.138564 
4.163936 -30.572139 -0.594377 
3.601797 -29.770117 -0.443750 
3.722566 -28.904651 -0.708918 
4.512292 -28.511340 -1.143778 
5.437602 -28.854812 -1.109030 
4.871747 -29.144467 -1.872737 
4.729764 -29.804509 -1.114696 
3.776025 -29.992318 -1.449142 
4.366397 -30.559671 -2.257273 
3.987808 -29.696684 -2.480796 
4.706059 -29.766089 -3.216687 
4.274474 -30.697919 -3.337525 
4.102928 -31.315937 -4.183991 
4.523634 -30.521922 -4.614085 
4.009057 -29.500820 -4.954251 
3.714547 -29.989573 -4.295180 
3.174810 -29.941112 -5.123356 
3.883352 -30.392361 -5.878049 
4.661579 -30.685710 -6.472257 
5.642362 -30.460057 -6.515313 
5.994106 -29.927678 -5.768525 
5.422489 -29.365323 -6.323227 
6.245077 -27.949390 -6.902471 
5.694737 -25.250677 -10.356945 
4.988261 -25.884869 -10.807288 
5.874752 -25.851862 -11.333662 
5.954900 -24.867827 -11.290599 
6.687507 -24.209442 -12.325947 
6.316440 -23.309199 -13.254949 
5.331059 -23.661127 -13.559658 
5.659899 -23.381139 -14.551722 
6.100355 -23.578159 -15.427270 
6.644880 -22.822259 -15.495525 
5.929484 -22.401813 -14.880710 
6.878851 -22.098246 -14.690879 
7.834688 -22.226431 -14.555196 
8.296425 -24.079101 -13.119205 
6.881204 -23.037430 -11.406593 
8.042940 -25.497715 -12.381836 
6.957767 -26.216768 -13.211705 
7.273937 -25.237586 -13.139520 
6.451938 -24.704079 -13.678103 
5.825646 -24.425651 -12.814080 
5.206720 -24.856524 -13.582531 
4.293641 -24.399066 -13.262421 
3.447507 -24.932150 -12.790371 
2.636315 -24.436627 -12.941283 
2.087765 -23.889765 -16.169494 
1.600159 -26.013993 -17.391048 
-0.232765 -27.587052 -15.100972 
-0.293022 -24.087035 -13.415636 
-0.883813 -21.812728 -14.340923 
-0.072145 -21.519654 -15.045067 
0.270051 -22.362402 -14.435269 
1.315004 -22.561427 -14.273599 
3.513168 -22.947153 -16.853864 
7.807265 -25.326267 -18.523016 
6.984223 -25.881695 -18.487906 
7.153058 -26.226519 -17.351011 
6.479373 -25.546762 -16.974750 
5.219112 -25.851910 -16.641175 
4.743320 -25.648146 -15.383696 
4.140958 -24.447866 -14.508666 
4.029557 -24.072286 -15.331323 
3.324882 -25.752706 -14.612330 
3.166003 -26.346193 -13.792269 
3.008318 -26.375084 -12.961875 
3.966413 -28.846176 -11.297154 
5.059715 -29.709045 -9.055228 
5.234549 -29.136409 -8.314196 
5.648788 -28.290184 -8.757622 
6.846585 -28.463997 -8.413424 
7.493686 -27.127881 -7.897139 
8.366903 -26.682189 -7.448070 
8.391052 -25.778391 -8.062352 
8.849568 -26.291841 -8.944655 
8.969246 -27.278564 -8.685274 
7.513760 -28.284143 -9.386390 
9.911839 -26.708413 -12.888814 
12.841448 -24.968332 -16.678476 
13.313820 -26.327100 -16.943780 
14.136195 -26.399836 -16.000674 
13.681885 -26.240828 -14.311828 
14.392896 -26.800013 -13.432623 
14.409220 -27.782186 -12.510857 
13.758028 -27.084379 -11.738690 
13.764291 -25.653890 -10.501287 
13.609136 -26.419970 -9.794111 
12.110248 -26.580116 -10.115418 
10.646131 -26.448542 -10.682081 
9.853307 -25.750219 -10.473608 
9.443684 -26.676998 -10.423435 
9.498515 -27.709250 -10.545969 
9.340455 -27.415774 -9.584089 
8.434482 -27.703944 -9.874246 
8.293840 -26.235005 -10.048057 
7.340287 -26.271289 -10.209011 
7.230784 -26.855307 -11.075981 
6.371652 -27.169619 -11.922226 
5.829216 -26.083125 -12.309276 
5.651406 -26.146019 -13.300334 
4.778891 -25.755130 -13.004699 
4.734730 -26.814371 -13.367279 
4.645772 -27.114525 -14.564497 
4.279920 -28.362293 -14.124985 
3.788062 -27.450544 -13.979189 
3.374689 -27.001774 -14.877204 
3.719545 -28.071515 -14.942948 
2.891207 -27.865611 -14.159222 
1.996652 -27.104523 -15.347742 
2.622283 -25.982873 -15.782431 
2.966629 -24.890655 -16.871014 
4.122363 -28.801937 -15.794747 
7.045460 -27.550658 -15.441042 
7.220108 -26.840594 -13.804703 
6.862681 -27.750498 -13.707402 
6.620047 -27.308117 -14.733463 
5.801455 -27.295873 -14.156251 
5.775576 -28.211537 -13.529454 
5.279281 -27.770763 -12.724501 
5.196455 -27.403168 -11.727678 
5.378101 -27.213163 -10.805795 
4.296155 -27.154447 -10.295050 
3.397214 -27.627486 -9.989960 
2.531310 -27.539315 -10.622210 
2.961762 -28.034934 -11.283431 
2.886947 -27.713095 -12.285172 
3.139392 -28.786221 -12.428839 
4.184141 -28.702391 -12.674291 
5.141033 -29.265461 -12.674375 
5.140734 -29.517763 -13.706331 
5.258214 -30.472042 -13.644315 
6.298477 -30.540430 -13.132029 
6.077293 -30.454512 -11.624423 
5.441759 -28.998427 -11.600213 
5.176377 -29.053294 -10.207192 
5.387904 -27.913927 -9.882623 
4.609868 -28.281843 -10.382027 
3.014555 -29.090492 -9.120531 
1.278953 -28.817080 -9.388827 
0.969311 -28.025114 -10.122943 
-0.068934 -28.065525 -9.899778 
0.424547 -26.119849 -9.997841 
