-9.182523 -22.750394 18.816523 
-8.649959 -23.367247 19.432317 
-8.951379 -23.214904 20.425775 
-9.593071 -22.372925 20.059220 
-8.738610 -21.727416 19.786577 
-9.690493 -21.427505 19.540385 
-10.626966 -21.543936 19.115586 
-11.006340 -22.552675 19.289966 
-11.774153 -23.107742 18.816348 
-11.094296 -23.731346 19.163524 
-10.505184 -24.242028 19.836426 
-9.915382 -25.007880 20.101662 
-10.411452 -24.999168 21.023313 
-9.872979 -25.779102 20.688932 
-9.507350 -26.476240 21.401248 
-9.203359 -26.602741 20.383641 
-8.234764 -26.952345 20.002770 
-7.720408 -27.565948 19.445453 
-8.528927 -27.974140 18.970438 
-7.786837 -28.539984 18.706674 
-7.630525 -28.062743 17.798486 
-6.631145 -27.806846 17.793954 
-6.039282 -27.047847 17.399561 
-6.723040 -26.262985 16.999857 
-7.579498 -26.532819 17.499012 
-7.636740 -26.110489 16.491396 
-8.515294 -26.003462 16.980955 
-8.319817 -25.716960 17.923363 
-8.541884 -25.021263 18.774429 
-9.323533 -24.585303 19.298023 
-9.117286 -24.237986 20.401521 
-8.398620 -24.458469 20.987501 
-9.178575 -24.342511 21.657145 
-8.680390 -25.183261 22.017491 
-7.741151 -25.280757 22.154831 
-7.556351 -26.257743 22.184071 
-7.896784 -26.770856 21.402639 
-6.982072 -26.767472 20.800793 
-6.842509 -27.275974 19.866579 
-5.932531 -27.762684 19.444500 
-5.899007 -28.648372 19.868179 
-5.136478 -29.184833 19.502139 
-5.639559 -29.490122 18.772556 
-5.852008 -29.667249 17.778303 
-5.791969 -29.980891 16.829586 
-5.004237 -30.715563 16.965956 
-5.389039 -30.566069 15.960586 
-5.761664 -30.303609 15.041613 
-5.729128 -29.540103 15.703289 
-4.843305 -29.681253 15.369671 
-3.836023 -29.800744 15.493069 
-3.105443 -29.997113 14.671706 
-2.340764 -30.605888 15.060852 
-2.421597 -29.904373 15.885251 
-1.820797 -29.749719 15.131042 
-1.438760 -29.357391 14.281062 
-2.336911 -28.860939 14.562391 
-3.328540 -28.923133 14.767182 
-3.099038 -28.443571 15.707783 
-4.042774 -28.423598 15.670709 
-4.237025 -28.404894 14.618947 
-4.207292 -29.453088 14.340076 
-4.297707 -29.752993 13.410850 
-3.399666 -30.243064 12.978206 
-3.272332 -30.833772 13.776731 
-2.620009 -30.084128 13.599559 
-1.768330 -30.430581 13.327293 
-1.267642 -30.674471 14.189760 
-2.200139 -31.141569 14.093069 
-2.680695 -31.839180 14.633159 
-3.471261 -31.186533 14.725984 
-4.272873 -31.931305 14.641213 
-4.930438 -31.362646 13.983645 
-5.513819 -31.659517 13.341631 
-4.964527 -30.158179 11.591006 
-6.945768 -29.607718 13.197511 
-6.642027 -30.036250 14.018971 
-6.778961 -29.062073 14.353130 
-7.293521 -29.799333 14.894624 
-8.285787 -29.893359 15.726519 
-9.593914 -29.378689 16.003858 
-9.191764 -28.541285 16.416459 
-9.516655 -27.654499 17.045404 
-10.313969 -27.195063 17.989356 
-10.177278 -25.819860 18.636497 
-9.187255 -25.750237 18.568837 
-8.869232 -25.790336 19.552735 
-7.992766 -25.699127 20.162758 
-6.459797 -24.491360 20.516188 
-6.243090 -26.044730 19.724089 
-6.260046 -25.541008 17.868250 
-4.460566 -24.886424 18.101871 
-4.373071 -25.312629 17.190627 
-3.436175 -25.739621 17.047183 
-4.034284 -26.559887 17.138222 
-4.000739 -27.049765 18.140126 
-4.474367 -28.039393 18.306443 
-5.069732 -27.338768 18.944012 
-4.500494 -27.549138 19.722127 
-4.601763 -24.303616 18.295788 
-6.562583 -23.783282 18.088511 
-7.161724 -21.368061 19.531006 
-6.067747 -21.989370 16.598627 
-2.748948 -25.997233 16.383144 
-1.848032 -25.457365 16.159787 
-1.926890 -26.085912 15.302188 
-1.110282 -26.727084 15.476444 
-2.053675 -24.089810 15.468574 
-1.515778 -23.755738 12.526345 
-1.009777 -24.004721 14.331913 
-1.290981 -23.480903 15.199408 
-2.309080 -23.017877 15.127091 
-3.271615 -23.260492 15.364120 
-3.175666 -23.985339 14.144003 
-3.637994 -25.820686 13.323225 
-2.793446 -26.561768 11.191257 
-1.133333 -28.963632 10.243053 
0.095172 -28.843360 9.680373 
0.102272 -29.930402 8.842050 
-2.101362 -31.201686 8.855378 
-3.597147 -30.318769 9.342824 
-3.841323 -29.586278 8.667670 
-3.916935 -28.445282 9.565523 
-3.544427 -28.883134 10.196706 
-3.419755 -27.696447 10.841718 
-3.766991 -28.177313 11.674401 
-4.465008 -28.293019 10.820546 
-4.926962 -28.247653 9.978106 
-4.970074 -27.352548 10.641728 
-6.013693 -27.612668 11.789292 
-9.208753 -24.181566 12.872094 
-8.798179 -23.110737 17.541308 
-9.244809 -24.315933 17.866733 
-8.679384 -23.419886 16.480602 
-8.199286 -24.176056 15.328545 
-8.198421 -25.746004 15.666031 
-8.480009 -26.448737 14.676653 
-8.080421 -26.239192 13.652741 
-6.916062 -27.518304 13.105987 
-6.778348 -28.609322 13.357849 
-5.578338 -27.590016 14.022742 
-4.758094 -26.366218 14.231620 
-3.908051 -26.222584 14.809320 
-3.000007 -26.125117 15.365969 
-3.219498 -27.082402 15.467438 
-4.271149 -26.921292 15.769085 
-4.872203 -26.817720 16.607232 
-5.398978 -27.439780 16.183115 
-5.239635 -27.579689 15.370797 
-5.073551 -28.574581 15.605410 
-4.323241 -28.283615 16.742968 
-3.166857 -28.414586 17.156519 
-2.623766 -27.593354 17.257003 
-1.578093 -27.685393 17.260783 
-1.406492 -28.761979 17.508538 
-0.748401 -29.588243 16.409197 
-0.996142 -28.958947 15.651252 
-2.084097 -28.901189 15.601563 
-1.665220 -27.983724 15.875292 
-0.747152 -27.686354 15.531269 
-0.680899 -27.875811 14.545263 
-1.291267 -27.711618 13.594392 
-0.478447 -26.345597 13.456058 
1.012111 -28.263158 13.825892 
1.341924 -28.769199 13.611699 
1.748564 -29.909712 16.605599 
2.931908 -30.954456 14.863444 
3.432109 -31.270673 13.885764 
2.995920 -32.197521 13.556889 
2.297793 -32.663166 12.861063 
2.364601 -32.535402 11.903481 
2.042420 -31.661921 12.302972 
2.367189 -30.730783 12.005975 
2.665441 -29.830382 11.502818 
2.496217 -30.649744 10.936208 
2.161062 -31.197035 10.110670 
2.020468 -32.028080 9.280990 
0.963947 -31.893874 9.663482 
1.495928 -32.261336 10.535552 
1.414058 -33.280617 10.343913 
1.927602 -34.124789 10.512428 
1.856641 -34.703544 9.625224 
1.894839 -34.127725 8.781185 
2.913312 -33.997066 9.146295 
2.558837 -33.355334 9.891631 
3.286036 -31.874737 10.669418 
4.697357 -31.252129 10.895407 
4.340973 -31.261173 12.372463 
4.668579 -30.483716 13.027655 
5.092312 -30.981242 13.959109 
6.282372 -30.588103 13.516178 
5.357274 -29.977612 15.843119 
5.286462 -29.937189 16.817677 
4.804282 -29.154810 17.335701 
3.722770 -28.394467 17.351123 
