15.322174 -18.374587 4.815712 
14.867032 -19.214071 4.656314 
14.078741 -19.911802 4.660191 
13.177037 -19.798792 3.984160 
12.497004 -19.893713 3.245046 
13.041994 -19.977382 2.239337 
13.904781 -20.285115 1.699256 
14.226617 -19.307250 1.654401 
15.398562 -19.374043 1.954936 
16.166214 -19.505251 1.213128 
16.461297 -19.496218 2.157177 
16.149150 -18.598638 2.392751 
16.770667 -17.897710 2.836209 
16.043560 -17.893007 3.513340 
15.652573 -18.930319 3.905136 
14.800384 -19.693712 3.886223 
14.351384 -20.514737 3.922298 
13.789303 -21.393390 3.790392 
13.365742 -20.914311 4.612383 
12.922840 -21.825125 4.749179 
12.222024 -21.081491 5.078227 
12.501376 -21.230907 4.052177 
12.552361 -21.373837 2.979426 
13.164618 -21.001375 2.164600 
13.905913 -21.053951 2.844241 
14.820209 -21.314744 3.231358 
15.152671 -22.245967 2.880537 
14.240870 -22.149970 2.497129 
13.354912 -22.097703 1.892849 
12.824951 -22.958416 1.671779 
12.107351 -22.337657 1.784843 
11.610170 -23.195408 2.234538 
12.043027 -23.742154 2.950974 
12.071185 -23.583038 4.004860 
12.697029 -23.962476 4.682942 
12.836773 -24.697563 3.897407 
13.595098 -24.702842 4.669400 
12.933336 -25.268139 5.147855 
11.876153 -25.359925 5.022938 
11.997179 -26.319105 5.044155 
12.324004 -26.762526 5.900133 
11.396964 -26.348662 6.023712 
11.307950 -25.763284 6.807256 
10.619944 -24.923989 6.845401 
10.727109 -24.409108 7.662856 
10.103997 -23.666796 8.177784 
9.582088 -22.911465 8.122239 
8.887630 -23.620813 8.014619 
8.655200 -24.628786 8.026030 
9.198394 -25.265863 7.429336 
8.468548 -25.696835 8.022548 
8.439062 -26.739052 8.076223 
8.189596 -27.354725 8.750939 
8.001488 -27.126385 9.789947 
8.603476 -27.704472 10.424499 
8.283398 -28.705375 10.596679 
8.978775 -28.549547 11.291414 
8.177471 -27.930608 11.400244 
8.438568 -27.074325 12.117744 
9.284775 -26.361952 11.923956 
9.893159 -27.195873 11.854755 
9.893539 -27.973482 11.120520 
9.685091 -28.545129 10.266240 
9.891474 -28.313746 9.375088 
10.150073 -27.280311 9.806407 
9.308327 -27.009471 10.455617 
9.871195 -26.401547 11.141439 
10.389005 -25.917239 10.225568 
9.972827 -25.248032 10.964205 
10.869981 -25.172885 11.412547 
11.818307 -24.778958 11.230951 
11.906749 -25.721704 11.171561 
11.525046 -25.939231 10.273929 
11.273240 -26.542413 11.158399 
10.248844 -26.061412 12.677101 
7.722225 -23.167573 13.544410 
7.496876 -22.739081 14.499084 
8.461247 -22.880452 14.284635 
7.846296 -23.653737 14.788272 
7.800586 -24.987890 15.144470 
8.417244 -25.801902 15.092939 
7.846407 -26.546230 15.591326 
8.646642 -26.635710 16.126321 
9.636335 -26.873483 14.860587 
10.928026 -27.111423 14.329133 
10.480719 -27.186363 13.477142 
9.633678 -27.733559 13.850565 
10.580540 -28.131087 13.338551 
9.791677 -29.627747 11.921428 
11.005213 -29.387960 12.103264 
11.344161 -29.661112 13.383039 
12.237951 -28.876226 13.851789 
11.338654 -28.740122 14.162918 
10.702965 -29.007931 15.208319 
10.203908 -28.530817 15.796930 
10.295874 -28.121223 16.748568 
9.384666 -27.669597 16.721036 
10.102788 -27.009424 16.291632 
9.600377 -26.161307 16.323381 
7.849933 -28.089318 15.707330 
4.897491 -25.884584 13.532615 
5.039279 -25.204196 15.605506 
7.113935 -25.090936 17.887367 
7.412932 -24.904410 20.289531 
7.519443 -24.147995 19.705600 
7.037003 -23.319252 19.353981 
7.230149 -22.498437 20.103580 
8.293235 -23.538851 22.043642 
8.470321 -24.009855 18.442629 
10.549914 -22.223715 17.113348 
11.231822 -22.212747 14.876235 
12.264796 -22.251910 14.954435 
13.178510 -22.381010 14.515779 
13.754843 -20.723858 14.690261 
14.821465 -19.258698 14.155574 
14.566892 -17.519956 14.073871 
13.400074 -17.908672 15.323282 
14.464483 -17.329618 16.322838 
14.619862 -15.908579 16.633052 
14.942913 -13.842935 17.007437 
14.316297 -14.433728 18.236647 
14.758803 -15.314331 17.818429 
14.735578 -16.329423 17.491628 
13.664836 -17.493062 17.123504 
12.669552 -17.389484 17.620387 
13.237928 -18.012277 18.244876 
13.263877 -19.118901 17.935389 
12.549805 -19.013537 17.160640 
12.319468 -19.519492 16.334755 
11.894643 -19.980202 17.772545 
13.777816 -20.637891 21.139517 
12.797609 -20.960169 19.735400 
8.781328 -20.439953 18.840967 
8.475219 -20.200182 17.944995 
7.296108 -20.130148 17.183416 
7.203628 -21.165921 18.871461 
8.075584 -21.281684 19.984557 
7.259475 -21.521714 20.901855 
8.051375 -20.983619 21.219916 
8.574653 -20.476181 20.547232 
9.538594 -20.722457 19.886620 
9.039577 -21.703692 19.462183 
9.467413 -22.519954 19.410433 
10.311128 -21.967199 19.359016 
11.027971 -22.728973 18.974140 
11.938527 -22.141386 18.699840 
12.968449 -22.250432 18.597130 
14.253871 -22.374426 18.786621 
14.079812 -21.429105 19.385775 
14.295565 -22.237094 20.033554 
14.516773 -23.255957 19.893172 
13.258870 -23.360318 19.479856 
12.407326 -23.848451 19.118476 
12.966637 -23.403640 18.328368 
13.287927 -23.881114 17.470797 
12.309098 -24.727093 18.432694 
10.593823 -24.610471 19.748938 
9.788836 -23.966835 19.742672 
10.855812 -23.719558 19.664529 
10.856155 -22.913932 20.256619 
10.242509 -22.522827 20.927215 
11.000047 -22.024657 22.029372 
11.716867 -21.649408 23.153441 
12.522559 -22.661961 22.616732 
9.776573 -23.784939 21.516609 
9.293056 -21.154177 21.943445 
9.934137 -21.336591 22.851101 
10.544893 -21.018312 23.616111 
11.573209 -20.643390 23.375635 
11.371627 -20.541868 24.317473 
10.428540 -20.006518 24.039938 
11.249439 -19.555419 23.703410 
11.852833 -18.693764 24.130096 
12.293721 -18.060610 23.537764 
11.294692 -18.001233 23.141680 
11.466086 -18.397782 22.197649 
12.407124 -18.345794 22.284737 
13.326846 -18.224996 21.829898 
13.795613 -18.224943 20.939650 
14.662036 -18.038599 20.775635 
15.060508 -18.495288 21.566697 
15.561883 -18.570145 22.362665 
16.403234 -18.555673 21.547206 
16.738084 -17.692273 21.999502 
16.599315 -18.111303 22.907757 
16.974492 -17.940185 24.550650 
18.546953 -17.569379 24.276507 
18.414800 -16.787999 25.245123 
17.195130 -17.096092 25.875865 
17.261378 -16.489036 26.712707 
16.238228 -15.605148 25.950931 
15.696491 -16.170451 24.203478 
15.906082 -17.014083 23.549202 
14.944539 -16.494530 23.431624 
13.905183 -16.758913 22.713644 
