-26.014161 -1.936315 10.609978 
-27.069628 -1.691011 11.019770 
-27.475892 -1.774470 10.092100 
-28.192435 -2.454236 9.788759 
-27.257520 -2.848134 9.267846 
-27.974429 -2.837191 8.543625 
-28.857555 -2.915608 7.981827 
-28.749966 -3.953160 7.998575 
-28.071882 -3.680962 7.306626 
-27.243984 -4.133303 7.118530 
-27.295064 -4.033064 6.077294 
-27.356546 -4.436953 5.084928 
-26.325880 -4.559180 5.143730 
-26.590341 -5.151566 4.340250 
-27.549222 -5.121689 3.873293 
-27.232753 -6.118577 3.894958 
-27.553398 -5.770907 2.918056 
-27.030250 -5.366382 2.081344 
-26.467441 -4.549408 1.616853 
-26.298968 -3.664690 1.514370 
-27.195976 -3.960972 1.437618 
-27.277437 -2.988464 1.304432 
-27.330817 -2.005299 1.243253 
-28.328102 -1.983208 1.119507 
-28.235093 -3.009237 1.092469 
-28.802539 -3.788382 0.716345 
-28.364942 -4.690037 1.039146 
-28.346912 -4.173204 1.870487 
-29.339588 -4.032709 2.046896 
-30.141366 -4.292048 2.565500 
-29.503434 -4.657793 3.301607 
-29.018696 -5.654842 3.242562 
-28.804624 -5.279549 4.211224 
-28.607899 -4.143219 4.430466 
-28.237257 -4.970421 4.961578 
-27.377064 -5.398309 5.357860 
-26.789517 -5.159815 6.206371 
-25.920818 -5.683703 6.686220 
-25.619312 -6.586531 6.393199 
-26.624675 -6.456114 6.117452 
-26.753285 -7.153905 5.416168 
-26.404654 -6.250096 5.027846 
-25.317934 -6.381108 5.351884 
-25.614722 -5.389225 5.508846 
-24.905973 -5.215899 6.193769 
-25.746324 -4.598392 6.177793 
-25.338246 -3.892970 5.249761 
-24.702948 -4.118542 5.998790 
-23.919996 -4.181337 5.275951 
-24.085968 -3.412896 4.583815 
-24.666188 -4.119031 4.235105 
-24.101731 -3.629215 3.479823 
-24.322472 -2.662336 3.470460 
-24.082154 -2.654573 2.550578 
-24.940990 -2.135375 2.844308 
-25.848310 -2.008604 3.333022 
-26.467163 -1.215010 3.193070 
-27.058713 -1.883357 3.684238 
-26.521142 -2.385476 4.203393 
-25.486427 -2.406264 4.398619 
-25.363554 -3.009603 3.601940 
-25.885676 -3.880602 2.908853 
-25.043482 -3.827373 2.309242 
-25.576264 -2.926902 2.401673 
-26.704409 -3.062673 2.411035 
-27.618504 -3.624296 2.300188 
-27.832867 -2.774681 2.866073 
-27.206335 -3.475427 3.354152 
-27.493579 -2.721739 4.144144 
-27.947472 -2.038760 4.575855 
-28.707117 -2.628187 4.402875 
-28.784090 -3.405239 5.138611 
-28.111169 -3.487255 5.837992 
-27.288867 -2.849383 6.019138 
-24.074716 -2.589129 6.776385 
-24.815751 -1.932628 7.438532 
-24.853133 -0.950901 7.188763 
-25.746371 -0.474519 7.017790 
-26.579340 -0.624369 6.409575 
-26.556403 -0.639091 4.811087 
-26.261211 0.352188 4.313707 
-25.463344 0.867041 4.576716 
-25.856330 0.322786 5.412299 
-25.499392 -0.869697 4.814673 
-25.125831 -2.007830 5.512219 
-25.632791 -2.216862 6.336795 
-25.750558 -1.622238 7.289137 
-25.428927 -1.588497 8.213222 
-24.696309 -2.424328 10.846204 
-25.547563 -4.517520 12.736108 
-25.476698 -4.280260 15.897667 
-24.656526 -4.902434 16.275932 
-23.582643 -5.121663 16.715552 
-23.382399 -5.025571 17.729969 
-22.559672 -4.434952 17.923055 
-23.084653 -3.476770 17.862746 
-22.796517 -2.866710 18.677779 
-21.932079 -2.868775 19.126571 
-21.937054 -3.448285 18.334713 
-21.829028 -4.921437 18.661024 
-23.728224 -7.395789 17.557053 
-25.407782 -5.572831 16.615885 
-27.189369 -9.127997 15.687834 
-28.686208 -10.051921 10.879763 
-29.482319 -9.612092 10.577681 
-30.065876 -8.861853 10.257982 
-29.237916 -8.177161 10.025193 
-27.443635 -6.538011 9.876736 
-26.273671 -8.057526 7.862729 
-26.849681 -8.652639 7.970220 
-27.604212 -7.647559 7.327310 
-28.418297 -8.085023 7.722147 
-29.119107 -7.351786 7.558588 
-28.006157 -7.590276 6.074642 
-27.197842 -8.959871 6.394131 
-29.360517 -9.032458 6.928785 
-30.965513 -9.153561 6.296332 
-30.488113 -8.376333 5.935111 
-30.944100 -8.152247 5.227937 
-29.881104 -7.891507 4.186905 
-29.098253 -6.741835 1.463213 
-30.330579 -5.953749 1.542730 
-30.863823 -5.748913 0.833528 
-30.648652 -4.552375 0.372657 
-30.414059 -5.291605 -0.578640 
-29.610048 -5.013952 -1.092736 
-29.939734 -6.044409 -1.048364 
-30.932789 -5.728206 -1.283033 
-31.015680 -6.677896 -0.701141 
-29.772339 -5.773864 -0.073043 
-25.082073 -6.738520 4.611057 
-21.690858 -8.853614 7.318805 
-21.365624 -9.671986 8.190663 
-22.115390 -8.874220 8.654273 
-22.256326 -7.397880 9.160913 
-21.018995 -7.087954 10.313778 
-20.198196 -7.736434 10.882129 
-21.017846 -7.570162 12.273903 
-22.478097 -8.307725 11.571333 
-21.585089 -8.026626 11.266399 
-22.939200 -6.635523 12.427638 
-24.675686 -5.034657 12.590652 
-23.965594 -4.232278 12.283650 
-22.986491 -4.181956 12.419798 
-22.801152 -5.249614 12.243608 
-23.369452 -5.055351 13.151035 
-23.559795 -4.231185 13.691312 
-23.287746 -3.595057 14.458649 
-22.644316 -4.449984 14.692739 
-23.318938 -4.186096 15.465465 
-22.593387 -5.543181 14.963732 
-22.422587 -5.553045 13.136692 
-21.745410 -5.957131 12.547904 
-21.217452 -6.145948 13.331401 
-21.861919 -6.821955 13.732071 
-21.894275 -8.168332 13.987867 
-22.927881 -7.736571 14.080254 
-22.649049 -7.707159 15.227504 
-21.689022 -7.873055 15.363653 
-20.822131 -8.341574 14.976555 
-21.322772 -9.049220 15.514856 
-23.157768 -8.837402 15.977397 
-24.954795 -10.006524 16.128247 
-23.522558 -9.702758 14.003649 
-24.117428 -8.062266 10.360317 
-26.079959 -6.939293 1.868664 
-25.873255 -5.310055 0.029666 
-26.811315 -4.864296 0.327242 
-26.534351 -3.903710 0.166634 
-26.360012 -2.940512 0.022460 
-25.776394 -2.256324 -0.407881 
-24.782003 -2.137936 -0.390815 
-24.879103 -2.334775 0.616594 
-24.620459 -1.369439 0.692657 
-24.639158 -0.894176 -0.269821 
-24.859036 -0.442241 0.612640 
-24.811187 -0.325396 1.718559 
-25.498456 -0.882709 2.302997 
-25.316207 -0.929862 3.294907 
-24.673128 -0.661678 3.939797 
-24.011131 -1.248351 4.514973 
-23.487421 -0.732677 5.218821 
-24.032833 0.200839 5.323268 
-24.410835 0.668906 4.430345 
-24.122795 1.580729 4.492293 
-25.438059 2.368705 2.777490 
-25.554770 1.743615 1.172231 
-26.306995 1.313778 1.726338 
-26.779337 0.284989 1.444092 
-25.944923 -0.214917 1.799455 
-25.882186 -2.560806 -0.117777 
-27.507849 -2.885698 -1.885728 
-27.151201 -3.537653 -1.078817 
-27.397957 -4.412156 -0.773048 
-27.708900 -2.516338 -0.321043 
