9.216225 -7.858148 16.611734 
8.163713 -8.064121 16.981622 
7.224497 -8.148574 16.778844 
7.472280 -7.210964 16.570751 
6.533663 -6.928004 17.118528 
6.157267 -7.650924 16.467840 
5.837678 -8.507834 15.958877 
6.897802 -8.544634 15.639267 
6.387001 -8.122594 14.830186 
5.696253 -7.436024 15.066899 
5.295609 -8.526537 14.961174 
5.542968 -8.172196 13.957878 
5.939484 -7.174577 13.858202 
6.085758 -6.386474 14.545744 
6.652788 -6.450940 13.736279 
7.112462 -5.657684 14.235117 
8.048351 -5.591140 13.736780 
7.183381 -5.642327 13.194650 
6.408509 -5.015523 13.137996 
5.985854 -5.926713 12.753954 
5.393828 -6.460931 13.267097 
4.864414 -6.357453 14.234902 
4.455797 -6.361206 15.165540 
4.933804 -5.538767 15.519452 
5.777521 -6.180919 15.782596 
5.356801 -6.729946 16.479675 
4.359929 -6.616592 16.473753 
4.359648 -7.038737 17.546416 
5.291614 -6.536582 17.582274 
5.986573 -7.100629 18.021386 
6.600085 -6.923057 18.773085 
6.722781 -7.911828 18.998168 
6.900318 -8.141503 19.999713 
6.467297 -7.318402 20.066485 
6.247749 -6.308727 20.178931 
6.687389 -5.408488 20.376046 
5.730128 -4.972591 20.352460 
5.568523 -5.236697 21.296728 
4.670380 -5.606679 21.686829 
4.493592 -6.513939 21.204729 
3.980777 -7.375273 20.820416 
4.093375 -7.886181 19.944209 
3.406857 -8.500066 20.458660 
3.459097 -9.151975 21.161299 
4.249324 -9.798934 20.615836 
4.978284 -9.522449 19.926938 
4.779623 -9.101246 18.839528 
4.409152 -8.237047 18.369280 
4.922599 -8.065599 19.317390 
4.934356 -7.092239 19.703831 
5.417731 -7.296662 20.607301 
4.716665 -7.663565 21.490740 
4.503723 -8.547575 20.933415 
5.488291 -8.590492 21.152151 
4.954033 -9.431925 21.466965 
4.075753 -10.069474 21.685711 
4.094023 -9.055741 22.082060 
3.651681 -8.830454 22.986880 
3.383284 -9.760818 22.686140 
2.768010 -9.950252 23.531022 
2.550531 -8.912569 23.581348 
1.618914 -8.607023 23.531930 
0.774278 -8.154676 23.413274 
0.609557 -7.124748 23.820586 
0.606534 -7.916657 24.510163 
0.203962 -8.475118 25.183276 
0.448289 -8.882607 24.349789 
-0.465146 -9.219437 24.687520 
-0.634388 -9.714017 25.578906 
-1.454524 -9.081791 25.709333 
-0.816818 -8.641459 26.403346 
-1.254404 -8.021800 25.799758 
-0.636108 -7.101176 26.241575 
-0.394866 -6.307351 26.789780 
0.237555 -6.102773 23.502253 
-0.958371 -6.624128 20.458469 
-0.086475 -6.798373 20.069463 
0.803359 -7.065407 20.524016 
1.475202 -7.792298 20.774526 
2.372999 -8.780827 20.267830 
3.281352 -8.380572 19.254116 
3.601962 -9.420530 19.372236 
3.651508 -9.293060 18.350564 
4.654004 -9.690158 17.899721 
5.458624 -10.797467 17.642369 
5.807295 -10.088935 17.055533 
5.709643 -9.674317 16.129039 
5.296619 -10.487497 15.640677 
3.861555 -7.915983 15.349284 
1.477732 -6.914159 16.359084 
2.044464 -8.193327 17.906524 
1.641729 -8.052531 19.609982 
1.741718 -7.132905 19.467185 
2.335663 -6.773013 20.229575 
1.612265 -6.233112 20.799232 
1.443130 -6.426877 21.837612 
1.114482 -7.395119 21.624088 
0.105462 -7.405951 21.497558 
-0.351602 -7.742806 20.658413 
1.041417 -8.941607 18.827612 
2.745504 -10.775000 20.904714 
2.408061 -11.901564 21.059358 
4.110607 -13.066061 18.665307 
8.153172 -9.069373 15.969226 
7.895599 -8.870898 15.101629 
8.661667 -9.237709 14.521438 
9.103360 -8.579947 15.310565 
9.290111 -9.063836 16.771538 
7.781328 -9.739733 20.280927 
7.673175 -10.173603 21.661969 
6.250762 -9.844193 21.386862 
6.490296 -9.041326 20.783442 
5.846233 -10.181368 20.193664 
6.507991 -10.694862 20.369397 
7.266129 -11.685663 20.502229 
5.784097 -12.712500 20.022835 
6.377412 -12.552421 18.901596 
7.439229 -12.238292 18.548793 
8.524191 -12.824685 18.609364 
9.407114 -13.830950 17.274254 
8.245593 -13.442399 16.771762 
7.566154 -12.235264 16.269067 
6.278787 -12.570150 15.844969 
7.230284 -12.319672 14.966607 
7.994267 -11.731197 15.503217 
8.758121 -11.877412 16.209773 
9.239892 -10.862834 16.378885 
8.143911 -10.923705 16.314954 
7.608789 -11.420739 17.138100 
6.612679 -10.412010 17.959753 
4.489710 -9.406748 17.340257 
5.031100 -12.122266 15.542498 
5.843718 -12.336586 14.295936 
6.105282 -10.585434 14.356204 
6.278848 -9.355397 14.342953 
7.524899 -7.945998 14.551091 
8.398446 -7.795382 14.351180 
9.071259 -6.861856 13.591739 
9.634608 -6.413903 12.561686 
8.615079 -6.559952 12.102968 
8.176792 -7.588310 12.815947 
8.910049 -9.072889 12.762828 
8.155383 -9.664148 13.138790 
8.552793 -10.495042 13.649649 
8.787575 -10.872063 14.499102 
9.528687 -11.593638 14.797709 
9.289163 -12.719661 14.722223 
8.601217 -12.016145 13.703249 
8.172708 -12.472203 12.688159 
7.246428 -12.673828 12.274083 
7.427492 -14.169953 12.900853 
7.582561 -13.918636 14.437086 
8.437583 -13.320630 14.753154 
8.060663 -13.299244 13.809718 
6.994746 -13.155700 13.747461 
5.830866 -12.973256 13.074244 
5.007042 -12.781083 12.236840 
4.781076 -11.976264 12.788618 
4.316820 -11.045721 12.809819 
3.490767 -10.632928 12.456869 
3.568931 -9.735049 13.040553 
3.073952 -8.531421 14.236202 
2.543694 -6.761778 13.836337 
1.908921 -7.921404 15.440942 
3.718823 -10.922514 14.713672 
4.976232 -9.891501 9.801515 
4.494952 -8.194105 10.098550 
3.999905 -7.851688 10.832608 
3.903977 -6.826538 10.979474 
4.886838 -7.333641 11.164730 
4.833316 -6.774647 12.117723 
5.821466 -6.936069 12.350008 
5.651919 -6.315321 11.439092 
6.067484 -5.796085 10.746740 
6.883463 -5.892204 11.294150 
6.661029 -6.758705 10.619834 
7.303262 -6.878384 11.466351 
8.153379 -7.488837 11.748419 
7.294867 -7.588997 12.129105 
7.318017 -8.375746 12.832574 
6.344468 -8.544011 12.594921 
6.162503 -9.378979 13.007727 
6.876960 -10.144510 13.419707 
7.246535 -10.368253 12.636213 
6.882310 -9.470567 12.213372 
7.377104 -9.530449 10.739927 
8.156795 -9.468004 11.046280 
9.274172 -10.138452 10.628179 
10.357329 -11.102718 10.880250 
10.738076 -10.195104 10.645869 
11.430834 -10.322830 11.122975 
11.135043 -11.197872 9.882727 
10.764680 -10.868294 8.938685 
11.089271 -10.725218 7.946208 
11.102657 -10.232834 7.375502 
