23.749233 -2.269105 8.242006 
24.769439 -2.453657 7.920964 
24.755020 -3.410777 7.522634 
25.085210 -4.247466 7.896767 
25.263227 -4.025360 6.893285 
26.265218 -4.146180 6.754700 
26.590940 -3.786341 5.853757 
26.217253 -2.901427 5.672036 
25.653081 -3.703297 5.966166 
25.149997 -2.850966 6.143364 
24.996510 -2.944165 5.151260 
24.666709 -1.911837 4.962843 
24.425896 -0.889888 4.975503 
24.173555 -0.630741 4.087929 
23.494544 0.096327 3.695906 
22.854897 -0.032671 2.920065 
22.843427 0.900774 2.428853 
21.836453 0.774548 2.470135 
21.364752 -0.110038 2.565630 
21.376914 0.612817 3.378494 
22.164846 1.330359 3.447032 
21.443191 1.345004 4.160705 
21.332048 2.220213 3.488802 
21.124227 1.855857 2.590211 
20.046351 1.652343 2.260486 
19.868901 0.842532 2.885281 
19.776407 -0.108117 3.170346 
20.319523 -0.548727 3.903849 
19.662410 -0.183395 4.636266 
18.785699 0.136030 4.083436 
18.056865 -0.550658 4.321074 
18.231975 -1.520617 4.771083 
17.426458 -1.574431 4.185592 
17.034875 -1.111045 3.293638 
17.266662 -2.088784 3.182750 
17.860374 -2.796492 2.904645 
18.843007 -2.872799 2.791038 
19.156422 -2.116934 3.524678 
18.404600 -1.440319 3.238964 
18.787145 -1.966546 2.516010 
18.801157 -0.865596 2.303573 
19.732715 -0.986501 1.899557 
20.137154 -1.070278 2.970215 
20.435017 -1.980066 3.675463 
20.021517 -1.924801 2.721008 
20.018488 -2.881827 3.127415 
20.022012 -3.878451 3.695628 
19.966916 -4.302062 2.658435 
19.044332 -4.311565 3.147249 
19.035300 -5.229470 2.711093 
19.590833 -5.632193 3.538391 
19.150387 -5.729237 4.430370 
18.289025 -6.067927 3.890417 
18.427601 -6.243246 2.794883 
18.687970 -7.020268 3.417730 
19.385978 -7.781194 3.654035 
19.522257 -6.983256 4.272354 
20.256272 -6.302117 4.096874 
20.987872 -5.543780 3.661963 
21.992134 -5.233025 3.253453 
22.796357 -5.563486 2.701435 
23.605259 -5.344991 2.155773 
23.316999 -6.161208 1.902938 
22.473156 -6.694616 2.253018 
22.945023 -7.045125 1.476592 
23.361608 -6.956701 0.495567 
24.165648 -7.100630 -0.213321 
24.687127 -6.285060 -0.528342 
23.897349 -5.597380 -0.622358 
23.926509 -4.624173 -0.893992 
24.181335 -4.335785 0.087660 
24.936577 -3.638701 0.411628 
25.483192 -4.493256 0.117310 
25.523041 -4.332988 -0.816708 
28.229608 -6.512173 -2.229331 
30.529921 -8.461901 -2.804761 
31.378054 -8.151025 -3.029536 
31.358360 -8.225691 -4.065655 
31.094833 -7.213093 -3.760510 
32.060366 -7.069217 -2.711119 
32.985819 -7.217246 -1.469461 
32.680580 -6.917742 -0.585701 
32.107573 -6.029268 -0.763564 
31.415197 -4.899650 -0.569134 
30.754448 -4.158281 0.395653 
30.481754 -5.166607 0.163145 
29.718435 -5.413344 0.940772 
29.569007 -4.810405 -0.017612 
28.486957 -3.224955 -0.380925 
28.316314 -0.296661 -1.134777 
30.528582 0.836351 -0.536268 
32.640072 -0.725579 -0.578373 
32.199022 -1.490454 -0.998558 
32.478919 -2.539160 -0.870026 
32.295427 -2.051892 -0.063081 
31.218151 -1.768741 -0.251958 
30.800130 -1.515199 0.780962 
30.687098 -0.443043 1.176576 
30.496283 0.488383 0.986149 
28.330345 -1.783899 0.252092 
25.676905 -1.053361 -1.128504 
25.035448 -0.499592 -4.812159 
29.611636 -2.073517 -3.121907 
31.536194 -4.078733 -2.040462 
31.130947 -3.321195 -1.503253 
30.900387 -2.564026 -0.789991 
30.868332 -3.436358 -0.414052 
28.124613 -0.291748 1.987400 
27.801427 1.754591 1.917567 
28.199810 3.738472 3.229787 
27.845060 4.656744 2.826128 
27.982529 4.001851 2.216525 
28.286172 3.408938 1.470711 
29.335140 1.139638 1.709843 
30.946718 0.367482 2.662381 
31.165116 -0.823819 2.069762 
31.628976 -2.750762 1.710549 
32.578542 -1.806982 1.420580 
33.487922 -2.379879 0.598001 
33.601427 -3.159745 -1.889866 
32.312904 -4.020425 -3.131451 
32.702343 -4.722735 -3.366223 
32.161549 -5.650532 -3.402206 
31.470336 -5.926004 -3.880628 
31.107656 -5.370357 -4.436578 
30.959980 -4.899038 -5.282678 
31.920170 -5.247903 -5.189900 
32.693553 -4.526792 -5.090991 
33.268222 -5.089151 -4.532594 
33.937992 -5.526374 -4.268035 
34.252867 -2.038371 -2.606096 
32.853285 -1.355080 1.756489 
34.460116 -2.652474 2.626569 
34.179443 -3.866088 3.031262 
33.468498 -3.747875 1.587866 
32.616334 -3.716018 0.854211 
32.206869 -3.675932 -1.172160 
32.642153 -5.158517 -1.724357 
31.711679 -6.280807 -1.909005 
32.668593 -6.308602 -1.583960 
33.936614 -5.387978 -0.643795 
33.810294 -5.183176 1.172255 
32.968167 -5.888065 1.456698 
32.528675 -5.983799 2.491431 
32.152262 -5.313762 1.751027 
32.637410 -4.939033 0.872883 
31.930079 -4.344504 1.044679 
31.207344 -3.514696 1.022312 
30.644366 -4.568432 1.983808 
31.538750 -4.716521 2.455052 
32.286839 -3.503234 3.414012 
33.080167 -2.079642 3.701405 
32.121850 -1.631252 3.530009 
31.274256 -2.068690 2.945375 
30.217665 -1.784850 2.837868 
29.147335 -1.288424 2.932425 
29.685663 -0.000349 3.474847 
30.270955 0.789867 3.363031 
30.914448 0.553308 4.075197 
31.724188 0.640461 4.564253 
32.156735 -0.335975 4.643468 
31.792940 -0.429231 5.921077 
30.871394 0.120525 6.610125 
30.521697 1.096949 6.073096 
30.309625 2.455036 2.668198 
33.321293 1.816617 1.499093 
35.183759 2.202961 0.898295 
35.076609 1.225639 0.389439 
34.443446 1.312986 -0.468764 
33.935075 1.152531 0.402765 
33.334571 1.844338 0.066629 
33.709285 2.320907 -0.748439 
33.155052 2.952598 -1.476852 
32.794369 3.948648 -1.701209 
32.037941 4.709507 -1.927004 
31.649273 3.782432 -1.949938 
30.770937 3.655157 -1.344635 
29.812664 3.563713 -1.877226 
29.664447 3.823998 -0.873164 
29.465003 3.611879 0.127700 
29.558909 2.673919 0.538210 
29.866907 1.712370 0.591446 
30.818041 1.578231 0.362778 
31.462710 1.305501 1.039643 
31.575135 1.745944 2.000461 
31.535862 -0.074768 3.441990 
30.230263 -1.239306 4.410995 
29.306214 -0.430335 4.458019 
29.882790 -0.765185 5.371755 
29.081362 -1.461883 5.524407 
27.436161 -2.733761 3.982474 
28.345129 -2.896590 3.118630 
29.187774 -2.959909 2.577794 
29.316011 -2.664342 3.539660 
31.024678 -3.212008 5.055683 
