18.690503 -13.504282 -3.508881 
18.361296 -13.444402 -4.396144 
17.377258 -12.984760 -4.292849 
17.851697 -11.969416 -4.426036 
16.951096 -11.847807 -3.857744 
17.021034 -12.305778 -2.958693 
16.414445 -12.695241 -3.802810 
15.539082 -12.185145 -3.424593 
15.268730 -11.738996 -2.596816 
14.842228 -10.822838 -2.362315 
13.896855 -11.244657 -2.679434 
13.246422 -12.084345 -2.670520 
12.480559 -12.556749 -2.032348 
13.156439 -12.426438 -1.135062 
13.803899 -13.198999 -1.081282 
13.232412 -13.803856 -0.532757 
13.762390 -14.793486 -0.404645 
14.581797 -14.579749 0.149326 
14.519540 -13.652024 -0.256908 
14.971066 -12.814408 -0.013453 
15.763710 -13.536932 -0.348940 
16.286617 -13.365946 -1.191045 
16.695174 -12.690320 -1.894641 
16.590912 -13.655910 -2.249250 
17.071183 -14.606632 -2.008695 
17.345587 -14.251158 -1.073702 
17.771174 -14.762832 -0.347579 
18.556543 -15.154817 0.192154 
19.388050 -14.502453 -0.035037 
20.273555 -13.837514 -0.232167 
21.001692 -14.305732 0.328351 
20.679887 -15.229266 -0.045834 
21.158610 -15.832396 -0.648814 
20.446927 -16.345320 -0.999893 
20.905725 -17.271818 -0.905759 
20.363116 -17.575324 -0.062610 
19.994379 -18.375187 -0.536548 
19.613445 -19.177092 0.135060 
18.968136 -18.418354 0.574995 
18.153439 -18.014094 1.044930 
18.104620 -18.107098 2.008464 
18.261378 -17.440053 2.769105 
17.319256 -17.377844 2.110428 
17.250417 -16.439506 2.579057 
17.833584 -16.011886 3.351571 
18.615950 -15.753424 2.760934 
18.982553 -16.584749 2.421543 
19.886579 -16.086487 2.630989 
20.075935 -16.325411 1.650062 
19.992431 -15.794711 0.750190 
20.644724 -14.985269 1.011501 
21.408257 -14.529966 1.474437 
20.937050 -14.109717 2.174250 
20.095228 -14.835812 2.522574 
20.723497 -14.319363 3.122381 
21.373554 -14.069868 3.907028 
21.927660 -13.872724 3.033490 
22.633463 -13.379952 2.528621 
22.831938 -12.855136 1.689335 
22.027670 -13.468358 1.328053 
21.356736 -12.925078 1.840778 
20.387637 -12.471286 1.840357 
19.683935 -12.176803 2.593511 
19.737602 -11.308831 2.116166 
19.226077 -12.042762 1.537270 
19.736530 -12.501803 0.718521 
20.660856 -11.906352 0.638296 
20.711721 -12.912054 0.348896 
21.472332 -12.663862 0.906019 
22.007358 -11.812457 0.605194 
22.252752 -12.408379 -0.244918 
22.609268 -13.279624 0.186958 
23.050107 -13.482942 -0.641095 
23.105420 -13.890048 -1.577993 
22.092120 -14.751712 -2.172952 
21.665401 -13.553417 -1.385633 
21.694249 -12.490745 -1.724096 
20.670498 -12.103930 -1.383622 
19.738609 -11.693490 -1.498085 
18.865443 -12.085966 -2.308042 
19.340323 -11.007199 -2.834157 
19.165394 -12.073363 -3.372724 
19.112926 -11.585515 -4.315337 
18.951492 -10.980742 -4.928989 
18.727467 -10.051476 -5.313555 
19.266368 -9.481743 -5.864980 
20.218147 -9.101206 -5.885738 
21.066437 -9.576423 -5.367567 
20.543692 -11.782552 -5.400457 
20.948103 -12.730387 -4.094473 
20.818326 -11.617053 -1.646190 
19.356181 -10.895837 -0.694058 
18.537895 -10.290508 -0.957441 
19.015078 -9.441478 -0.754590 
19.803163 -9.908951 -0.079227 
18.923917 -10.159346 0.235152 
18.013773 -9.705256 0.358749 
17.429595 -10.415451 0.303054 
16.837539 -10.730558 1.142329 
17.078408 -11.191059 -1.032816 
17.152394 -8.988025 -1.065309 
14.842546 -10.210702 0.238327 
12.743657 -9.965216 1.590800 
14.839653 -11.574214 0.089627 
15.049922 -11.237128 -0.919609 
15.313069 -10.392317 -0.647419 
14.494528 -10.459794 -1.280585 
12.836239 -10.270750 -2.089199 
12.238391 -9.952169 -4.676448 
12.245227 -8.126214 -4.792155 
11.089736 -8.442092 -4.742042 
10.186447 -8.959075 -4.342462 
10.219159 -9.936362 -3.525380 
10.864722 -8.056213 -2.773339 
10.447247 -6.735771 -1.680686 
11.856243 -7.927615 -2.856473 
14.081702 -9.099490 -3.226205 
14.455959 -9.404267 -4.215502 
13.578403 -10.302094 -4.437061 
14.765647 -10.937019 -4.769326 
16.585921 -10.634040 -3.629192 
17.471170 -10.602075 -3.820396 
18.482021 -10.144951 -3.573862 
19.183943 -9.872238 -2.330985 
20.161969 -10.506831 -1.629935 
20.844718 -9.906784 -1.158471 
21.671979 -9.836685 -1.807948 
22.276578 -9.444118 -2.517075 
22.501569 -9.060501 -3.426004 
21.443482 -8.595289 -4.897202 
18.939986 -6.888802 -4.826322 
15.417523 -5.510066 -3.092061 
15.008912 -6.393168 -4.779504 
16.293704 -7.167759 -4.227203 
16.461063 -8.275333 -4.262186 
17.232746 -8.286649 -5.034839 
18.512908 -8.273578 -5.373698 
18.011192 -7.428816 -4.395852 
17.394279 -6.789467 -5.506252 
17.618446 -5.744913 -5.243386 
18.660763 -4.671571 -3.849299 
17.373746 -4.171399 -3.330012 
17.108197 -4.836891 -4.020953 
17.028381 -4.815310 -5.065377 
17.285801 -3.731315 -4.755093 
17.796366 -3.146299 -5.478582 
18.488216 -3.388123 -6.303207 
18.578872 -4.657687 -6.778979 
17.974054 -5.717128 -7.075297 
17.770724 -5.664775 -8.144642 
17.198896 -7.249281 -8.508488 
17.807769 -7.170850 -7.714027 
17.127843 -6.501802 -7.122442 
16.783663 -6.179883 -6.206495 
17.832250 -6.090547 -6.192895 
18.837196 -6.302345 -6.237986 
19.763067 -5.636639 -6.403893 
19.320942 -4.939204 -5.805676 
19.483889 -4.173582 -6.406173 
19.561421 -3.123084 -6.480924 
19.437244 -3.387628 -5.433179 
20.466907 -4.576946 -5.139690 
20.609332 -6.142698 -5.423419 
20.740944 -6.682897 -4.588853 
23.233705 -5.394066 -3.956275 
20.635697 -3.730912 -1.884077 
18.851779 -3.047208 -2.035627 
18.854490 -3.429787 -3.041049 
18.229377 -3.354450 -3.742703 
17.478586 -2.713705 -4.032205 
18.430836 -2.318321 -3.793567 
18.795262 -2.957228 -4.550161 
19.709856 -2.360310 -4.405650 
19.702559 -3.035753 -3.642510 
20.606768 -2.923268 -4.171655 
20.689769 -3.849743 -3.848551 
20.677633 -3.666162 -2.886423 
20.032069 -2.830276 -2.580026 
20.425182 -2.573657 -1.734944 
21.368749 -2.744989 -1.625932 
21.760439 -3.072090 -0.709019 
20.803381 -2.896479 -0.602567 
19.947779 -2.934108 -0.151905 
20.469221 -3.567498 0.494845 
21.366361 -3.624004 0.903952 
22.357985 -2.436025 1.400868 
23.204890 -2.467795 0.465995 
23.891231 -2.405606 -0.995815 
23.857574 -3.560200 -1.326167 
22.863458 -3.500708 -1.613444 
24.504364 -2.839492 -2.602798 
27.601129 -2.397236 -2.473817 
28.277540 -3.052889 -2.795980 
28.673300 -3.901812 -3.260884 
28.422471 -2.214277 -4.033353 
