-18.152513 24.083940 3.891654 
-17.290762 23.867084 4.422119 
-17.385973 24.911380 4.652643 
-16.572233 25.141468 4.116136 
-15.808619 25.557937 4.847468 
-15.874036 26.345684 5.626602 
-15.978068 26.356601 6.610143 
-15.618415 25.671604 7.229283 
-15.164986 24.844292 7.006909 
-15.348167 25.350306 6.070469 
-16.110102 24.820639 6.426477 
-16.964918 24.645768 7.147287 
-17.651978 25.424160 6.960028 
-18.392858 24.648600 7.364941 
-18.224763 23.843587 6.738888 
-17.868374 22.899528 6.226822 
-17.781286 21.966359 5.756131 
-17.187630 21.203514 6.284563 
-16.849374 20.888458 7.112361 
-17.362173 21.332728 7.831150 
-16.680345 21.803262 8.497183 
-17.156875 22.286480 7.827569 
-17.493357 22.724089 8.712940 
-18.416800 23.254909 8.267549 
-19.434284 23.574270 8.474499 
-19.152094 22.710022 8.965319 
-18.321509 22.116324 8.971033 
-18.359816 21.484596 8.135336 
-19.208470 21.531645 7.637678 
-19.163345 22.674510 7.447398 
-20.004048 22.870137 6.895401 
-19.762938 21.934592 6.776388 
-18.769959 22.021798 6.848335 
-18.024346 21.329342 6.893558 
-18.770056 20.704253 7.264984 
-17.919114 20.273454 7.460503 
-18.816294 19.746804 7.898222 
-18.396481 18.986881 8.554370 
-17.540173 18.850621 8.074213 
-17.861764 19.220913 7.015117 
-18.073962 20.124571 6.444513 
-18.642232 20.826923 5.923500 
-19.440999 20.824066 5.264428 
-19.389571 21.500479 5.963096 
-19.900602 20.899868 6.688240 
-20.506432 20.679207 7.502570 
-20.580320 21.659403 7.532996 
-21.375594 21.095468 8.216568 
-21.790116 20.188155 7.953161 
-21.191934 19.540614 8.531633 
-21.810258 18.573418 8.665387 
-22.557666 18.333313 8.124286 
-23.376663 17.662648 7.845800 
-23.036034 16.990030 7.154999 
-22.394363 16.367196 7.736314 
-23.328130 16.019491 7.389861 
-22.475574 15.423986 7.170487 
-22.890909 14.465795 7.474428 
-23.699873 14.293257 6.689711 
-23.935641 13.391083 6.355094 
-24.193990 12.504610 5.785658 
-24.890932 12.045111 5.106430 
-24.926304 12.001291 4.036854 
-25.667591 11.466160 3.696240 
-26.571712 11.058655 3.989794 
-26.793990 10.069417 3.789140 
-27.544879 10.605046 3.237430 
-27.320922 9.879971 2.584496 
-26.333458 9.881025 2.369004 
-26.380218 9.133252 1.584677 
-26.536025 8.475797 0.791539 
-27.262518 7.839798 1.064888 
-27.988387 7.366050 1.486534 
-27.943950 7.228333 0.526489 
-28.053705 3.725332 1.057936 
-27.370487 2.233624 -0.825979 
-27.270000 3.188597 -0.590333 
-27.344102 3.944564 0.186490 
-28.134320 4.709458 -0.057076 
-27.879358 4.637442 -0.915763 
-28.401581 3.693238 -0.941086 
-29.284291 4.251072 -1.141166 
-30.095722 4.825527 -1.201020 
-30.762386 4.173409 -0.357784 
-30.714469 4.144516 0.622434 
-31.585063 4.604973 0.235624 
-31.980414 3.704374 0.276033 
-31.420280 2.910914 0.608513 
-31.799591 3.415625 -1.834404 
-31.753507 3.429793 -5.537514 
-32.415274 3.733275 -7.567132 
-32.400851 5.602762 -8.681840 
-31.491083 6.122229 -8.870398 
-30.711800 5.841409 -9.691098 
-30.619208 6.844722 -9.584121 
-29.716254 6.494788 -9.904851 
-29.278050 6.402577 -8.888504 
-29.694708 7.361190 -9.297823 
-28.967955 8.144256 -9.180430 
-28.363395 6.359853 -10.168286 
-27.945137 6.642219 -10.578206 
-27.036787 7.244002 -8.117651 
-25.822588 8.592483 -4.960739 
-26.092613 9.170998 -1.996614 
-25.098872 9.085550 -1.956464 
-25.318959 9.136695 -2.940572 
-25.192151 10.164124 -3.437408 
-26.159113 14.221225 -0.884377 
-24.363514 17.214250 -0.542823 
-23.326946 17.662050 0.907906 
-21.752943 17.141746 0.691249 
-22.433295 16.388698 1.238162 
-22.613868 15.543229 2.210928 
-23.084885 13.522994 2.999903 
-23.927205 12.168876 2.244323 
-24.590004 12.075351 0.190373 
-22.982433 10.668309 -1.430254 
-22.965450 9.921901 -0.927901 
-22.747576 9.821734 0.213192 
-22.513190 10.696580 1.946283 
-22.464416 12.789737 3.877795 
-23.072765 12.709971 5.263822 
-22.955296 13.636576 5.241244 
-24.099148 13.485616 4.372790 
-23.209482 13.874219 4.142367 
-24.111160 14.474123 4.140735 
-24.197587 14.891038 5.174300 
-23.511803 15.660018 4.834807 
-23.302035 15.077450 3.964041 
-23.785982 15.185047 2.061085 
-21.811352 14.864378 0.048725 
-20.446325 13.135064 1.611702 
-22.743477 12.451719 1.727909 
-23.634035 11.399819 0.664540 
-24.043185 10.469635 -0.454831 
-25.082904 9.927825 -1.109752 
-26.137841 8.902258 -0.958928 
-26.744282 8.383949 -0.828530 
-26.250149 6.845574 -0.279827 
-26.769355 5.889139 -0.402613 
-26.606308 4.231628 -1.504560 
-27.351610 2.820032 -2.363368 
-28.267306 2.406784 -2.237210 
-28.740243 2.090416 -1.286933 
-28.285222 1.369588 -1.877877 
-29.307568 1.470068 -2.203447 
-30.088912 0.825952 -1.712257 
-30.617694 2.202432 -1.991855 
-31.961786 2.583048 -2.550391 
-32.266559 1.568050 -2.163339 
-31.206937 1.512263 -3.169847 
-31.342658 0.789190 -3.993115 
-32.305304 0.382232 -4.217652 
-32.859996 0.672852 -5.088722 
-32.503585 0.930948 -6.059213 
-31.851968 1.109511 -7.167044 
-32.824654 1.082497 -7.794217 
-32.747444 1.905612 -8.459656 
-33.637848 2.338768 -8.772989 
-33.697373 1.365045 -9.186875 
-33.508723 0.395170 -8.898654 
-32.172234 0.197391 -7.952493 
-30.960615 -0.256900 -8.948726 
-29.866297 -1.504444 -7.552611 
-29.061179 -0.265196 -11.448491 
-30.552203 0.445504 -13.687689 
-32.108861 1.414000 -12.715294 
-32.459087 2.385169 -13.056109 
-32.603379 3.203959 -13.752312 
-31.753263 3.474576 -13.194779 
-31.665876 3.041578 -12.256158 
-31.627723 2.174838 -11.664893 
-32.076721 2.519943 -10.845246 
-31.117699 2.958883 -10.748217 
-30.376771 3.272505 -11.364472 
-29.359047 3.702878 -11.375005 
-29.668436 3.014169 -12.157393 
-29.827804 3.422457 -13.017070 
-30.612620 3.033364 -12.519258 
-30.836765 2.142038 -12.262469 
-30.014814 2.003460 -11.658114 
-29.851528 1.168135 -11.109305 
-29.064496 0.461842 -11.447998 
-29.007016 1.444796 -11.712843 
-28.416357 0.866627 -12.327060 
-30.112490 -0.432904 -11.002280 
-32.026729 -1.874260 -10.128376 
-32.791365 -1.521602 -10.007084 
-33.196217 -2.307411 -8.934272 
-33.234504 -1.911762 -8.036250 
-33.805479 -0.926310 -6.422060 
-33.341212 -0.910946 -4.174004 
-33.000310 -1.945421 -4.536356 
-33.775739 -2.542203 -4.751454 
-32.289039 -2.817038 -7.866938 
