-6.890331 8.729631 -14.207921 
-6.972334 9.055404 -15.071505 
-6.807873 10.026796 -15.113798 
-7.507736 10.458307 -14.623582 
-7.166187 10.951726 -15.444162 
-7.750826 11.519122 -14.944862 
-8.734741 11.764492 -15.069428 
-9.064694 10.714471 -14.837354 
-8.607385 11.226291 -14.108110 
-8.988098 11.983611 -13.520982 
-9.741466 11.688267 -13.068411 
-10.279558 11.243472 -12.404342 
-11.107321 11.832342 -12.262136 
-11.027870 12.740502 -11.864731 
-11.837460 12.287870 -11.409203 
-12.307851 13.034311 -10.981903 
-12.791280 12.636405 -10.083294 
-12.222899 11.979711 -9.434233 
-12.019426 12.598769 -8.600970 
-13.011932 12.526726 -8.651199 
-13.179369 12.443360 -7.613478 
-13.448299 13.294313 -7.036381 
-12.972264 14.031237 -6.463023 
-13.233248 13.262539 -5.815806 
-13.723446 12.425943 -5.609382 
-14.719500 12.239230 -5.308667 
-14.269788 11.574774 -4.573802 
-13.562336 10.823927 -5.007132 
-12.620435 10.764515 -4.546636 
-11.606242 10.660713 -4.935156 
-11.134638 11.168042 -5.665645 
-10.905532 10.892006 -6.810375 
-10.295744 11.370683 -7.465395 
-10.206107 11.056748 -8.502717 
-10.188707 10.232979 -7.821428 
-9.917783 9.295749 -7.914309 
-9.005207 8.777509 -7.816927 
-8.497886 9.413966 -8.515442 
-9.071873 10.167678 -8.097935 
-9.009394 10.087424 -9.134685 
-8.801548 9.743895 -10.083698 
-8.214780 9.650452 -11.084707 
-7.532213 8.827904 -11.336235 
-8.155493 8.115284 -11.391105 
-8.842086 7.535317 -10.862625 
-8.373879 6.828948 -11.515271 
-7.826061 5.788486 -11.622906 
-8.205671 5.210909 -10.813846 
-8.697779 4.330663 -10.840716 
-9.295013 4.623595 -10.009786 
-9.896114 3.957805 -9.581214 
-9.557995 3.874753 -10.520818 
-10.464273 4.252374 -10.960097 
-10.479879 4.969700 -10.186635 
-9.841608 5.747441 -9.982297 
-10.807464 6.244601 -10.195264 
-10.430463 6.786486 -11.165728 
-9.928375 6.899671 -12.123403 
-10.929758 7.383415 -12.323959 
-10.896291 7.994462 -11.528614 
-11.042213 7.401031 -10.729004 
-11.810148 6.676859 -10.849474 
-11.590373 5.867033 -11.510364 
-12.048135 5.128918 -10.961291 
-12.533884 5.343198 -10.102937 
-13.026892 4.687535 -10.840800 
-13.106653 3.695492 -11.005251 
-14.063651 3.418548 -11.085837 
-14.233129 2.374484 -10.920950 
-13.434400 1.886245 -11.504540 
-13.556633 1.857876 -12.567994 
-14.318103 1.597826 -13.176033 
-14.601375 2.328071 -12.440960 
-14.653819 3.333042 -12.516972 
-12.376320 1.544340 -14.424008 
-12.448368 -1.516604 -17.433439 
-13.315528 -1.832662 -17.080348 
-14.090653 -2.585997 -17.125969 
-14.713919 -2.729356 -16.281413 
-15.718521 -3.059791 -15.726403 
-16.000953 -2.951394 -14.733502 
-16.939931 -3.405270 -14.953609 
-16.967796 -2.463828 -14.509792 
-17.307541 -3.106912 -13.716235 
-16.033350 -3.698971 -14.070866 
-15.306071 -3.984815 -14.775685 
-14.453368 -4.219752 -15.393314 
-13.633573 -3.798965 -15.849544 
-11.140264 -3.177924 -15.828829 
-9.912854 -1.558344 -16.022450 
-8.993934 -1.084116 -16.949044 
-8.024853 0.762834 -17.004225 
-7.505036 1.467465 -16.480991 
-8.232814 1.959234 -16.942448 
-7.809210 2.841072 -17.450928 
-7.562984 3.689202 -17.778766 
-7.120047 3.579706 -16.837554 
-7.463778 2.759069 -16.366114 
-6.812566 2.762086 -15.569574 
-7.756018 0.801110 -15.194875 
-9.584945 -2.520694 -20.251754 
-9.318046 -5.315231 -20.916786 
-9.998247 -5.850567 -22.216021 
-6.884518 -6.218325 -22.593217 
-6.610048 -5.286477 -22.125389 
-6.782466 -4.521253 -21.464958 
-7.730699 -4.624079 -21.810617 
-8.186170 -3.098865 -20.702207 
-9.761762 -3.897311 -20.068990 
-11.179998 -5.037025 -21.038936 
-12.165657 -5.855297 -21.783181 
-12.275883 -6.794847 -22.036180 
-11.307077 -7.317602 -22.641063 
-11.154382 -7.751094 -24.042535 
-10.457940 -7.173190 -25.521185 
-11.147202 -5.707454 -26.012740 
-12.156640 -4.747646 -25.358826 
-13.604455 -5.154778 -25.327763 
-13.499304 -5.848753 -24.626421 
-11.598170 -8.002368 -25.649162 
-10.416838 -7.188350 -27.756494 
-11.223010 -7.262124 -28.604561 
-11.823901 -6.773535 -29.635845 
-12.163909 -6.380190 -30.330936 
-12.288250 -6.691620 -31.627042 
-13.143931 -7.398746 -31.403793 
-12.464939 -8.219188 -31.135055 
-11.765196 -8.827085 -30.614950 
-12.469832 -9.258694 -30.021737 
-14.154617 -8.719606 -29.511992 
-10.729105 -10.603169 -29.036392 
-8.424545 -7.903657 -26.249263 
-8.892957 -6.738451 -27.115792 
-10.829172 -6.280380 -27.285559 
-12.149021 -7.102043 -26.352032 
-11.377616 -8.499899 -27.334597 
-10.921238 -10.000190 -27.694961 
-9.540595 -8.495601 -27.715481 
-8.252417 -7.403087 -28.268609 
-9.112440 -6.738016 -28.312334 
-9.116291 -5.604917 -26.720269 
-8.912183 -5.725275 -24.146359 
-9.812207 -5.573072 -23.687925 
-10.481326 -5.629866 -24.628527 
-11.358665 -5.361746 -24.388591 
-11.813930 -6.128502 -23.838545 
-12.560601 -6.445922 -24.543192 
-13.039744 -7.246804 -23.351226 
-13.928541 -6.437473 -22.973176 
-14.197068 -6.600902 -21.943935 
-13.665055 -5.912574 -21.166207 
-12.689624 -6.459162 -19.723284 
-12.644369 -6.704046 -20.675398 
-13.268606 -7.642840 -20.576913 
-13.924232 -7.012626 -19.993956 
-14.804483 -5.949075 -20.229989 
-14.909702 -4.735292 -19.473184 
-14.405881 -5.351285 -18.803289 
-14.245717 -6.280483 -18.945892 
-14.636522 -7.191014 -18.807700 
-15.490507 -7.932961 -18.776505 
-16.384266 -6.752706 -18.592981 
-15.728952 -5.586309 -19.066140 
-15.398806 -6.888996 -17.235017 
-13.501526 -3.707487 -16.043955 
-10.929035 -0.254744 -14.724610 
-9.941816 2.142785 -14.990224 
-10.105902 2.542045 -15.941374 
-9.392621 2.650231 -16.670566 
-9.828921 2.613491 -17.607541 
-8.829612 2.969320 -17.687491 
-8.553089 1.919941 -17.899249 
-9.458510 1.770343 -18.253365 
-9.597488 1.003063 -17.676537 
-10.127354 0.297363 -17.096644 
-10.664336 -0.336316 -17.722732 
-11.654909 -0.798401 -17.281700 
-11.165442 -1.651563 -17.625642 
-11.685047 -2.117062 -18.436011 
-10.799356 -2.520209 -18.732598 
-10.938480 -3.088642 -17.877366 
-11.165361 -4.025120 -18.044194 
-11.610795 -3.605770 -17.282413 
-11.683046 -2.575942 -17.154576 
-12.360336 -3.020257 -17.782649 
-11.924968 -4.051881 -18.854506 
-14.016885 -3.955708 -18.642686 
-15.208558 -4.044884 -18.156249 
-16.194717 -4.797329 -17.517691 
-16.079983 -3.982500 -16.853386 
-15.830227 -2.485069 -17.924882 
-16.684456 -2.930253 -18.233130 
-16.834385 -3.786236 -17.561640 
-17.542631 -4.433727 -17.095339 
-18.807696 -4.074469 -14.629148 
