-16.213574 18.909488 -4.406746 
-16.758290 19.274317 -5.163408 
-15.883289 19.842778 -5.456626 
-16.720781 20.403946 -5.310087 
-17.703724 20.591503 -5.124510 
-17.024721 21.506051 -5.281641 
-17.639101 22.159254 -5.664495 
-18.335852 21.346385 -5.490156 
-19.265558 21.288949 -5.615605 
-18.879255 21.298834 -4.577777 
-19.826432 21.032353 -4.760882 
-20.355601 20.247773 -5.329138 
-19.850034 19.514453 -4.711730 
-19.420948 18.531144 -4.422389 
-18.925761 17.892838 -3.852802 
-18.337864 17.155184 -3.473335 
-18.388531 17.758702 -2.660288 
-19.051820 17.005934 -2.754774 
-19.132214 16.073457 -3.011667 
-18.302953 16.232197 -2.216645 
-17.555432 15.556538 -2.127714 
-17.654118 15.901288 -3.197465 
-17.401294 16.827893 -3.296407 
-17.625639 16.355364 -4.154796 
-16.749806 16.646446 -4.675538 
-16.239111 16.928896 -5.527889 
-17.055985 17.580938 -5.387958 
-17.448932 17.873539 -6.205817 
-17.513998 18.391668 -5.379410 
-18.166247 18.792266 -4.678950 
-18.289379 19.422188 -3.860830 
-18.798162 19.774718 -3.126429 
-19.268093 19.156459 -3.660981 
-19.977096 18.302991 -3.399545 
-20.175230 17.423771 -3.872902 
-20.417709 17.209312 -2.964407 
-20.231929 16.258573 -3.233156 
-20.275088 15.627218 -4.013467 
-21.210840 15.999735 -4.381868 
-22.129487 15.471520 -4.376301 
-23.185961 15.509553 -4.012043 
-23.235198 16.405725 -3.577016 
-23.097226 16.227045 -4.623350 
-24.052617 15.835217 -4.143359 
-23.875639 15.407246 -5.228142 
-23.902340 15.751719 -6.213217 
-24.717383 15.157152 -6.546015 
-24.300739 15.935101 -7.047427 
-23.965233 15.548922 -7.871652 
-23.853572 16.726495 -7.853563 
-23.300247 16.870587 -8.733323 
-23.644224 17.582160 -9.383470 
-23.758730 17.256172 -10.425422 
-23.689905 16.480749 -9.800790 
-24.634814 16.195833 -10.436671 
-24.808289 16.076464 -9.347236 
-23.944894 15.525092 -9.914757 
-23.836247 15.252233 -10.834337 
-22.927433 15.444497 -11.440564 
-23.570878 15.076076 -12.016169 
-22.745610 15.114985 -12.584253 
-22.292509 14.335860 -13.095332 
-22.761179 14.257548 -14.028950 
-22.876631 14.123889 -15.012550 
-22.027096 13.505626 -15.047902 
-21.938892 12.438007 -14.947088 
-21.751681 12.522948 -15.953845 
-22.687210 12.125892 -16.148702 
-23.473368 11.507982 -15.997814 
-23.362713 11.117243 -16.986264 
-22.343861 11.238593 -16.687853 
-21.720427 11.359156 -16.004453 
-22.329011 10.859767 -15.414788 
-22.307966 9.907917 -15.195170 
-22.743809 13.372515 -12.633369 
-20.776827 16.995566 -10.981339 
-21.452730 17.856097 -11.090424 
-21.149936 18.544089 -10.240902 
-21.955352 18.743736 -9.638275 
-22.062465 20.052968 -9.575241 
-21.331652 20.610975 -9.464172 
-20.655924 21.070948 -8.818078 
-19.621207 20.984825 -8.544525 
-18.606346 20.248175 -8.729792 
-17.875420 20.034807 -9.238986 
-17.676116 19.373464 -10.036306 
-18.371345 19.066818 -9.247517 
-18.605216 18.722023 -10.200183 
-20.589935 18.485727 -8.893803 
-21.150264 15.440726 -7.793726 
-19.748209 13.681022 -7.030166 
-17.419635 13.956684 -5.476800 
-16.951596 14.241894 -6.358641 
-15.880702 14.396275 -6.175604 
-15.529193 15.357560 -6.184576 
-16.377853 16.070275 -6.246820 
-17.167110 16.361601 -5.835366 
-18.017876 16.704560 -6.295424 
-19.046622 16.578358 -6.285967 
-21.204709 16.811185 -8.198062 
-22.833785 13.665666 -5.495065 
-24.206963 10.454780 -6.885115 
-21.269520 12.459999 -8.305254 
-23.597187 12.248604 -8.850487 
-23.685853 13.193165 -8.626917 
-22.609481 13.725292 -8.770628 
-22.225198 13.621267 -9.733213 
-23.162207 10.122094 -11.767872 
-23.507419 8.082873 -16.842703 
-22.787253 6.459392 -17.164376 
-22.210815 7.144513 -18.243468 
-22.564809 8.136359 -18.134294 
-21.885829 8.826786 -17.131670 
-23.342588 8.502023 -15.536062 
-24.260855 9.816162 -14.220818 
-24.727681 9.966153 -13.005449 
-22.941464 11.696103 -12.631643 
-22.995794 12.161199 -13.790416 
-23.914375 12.652022 -14.868949 
-22.888680 14.553111 -16.538009 
-21.163161 16.773753 -16.665720 
-21.871847 17.096858 -15.974191 
-21.360889 18.022290 -14.851242 
-20.083532 18.167800 -14.847469 
-19.916028 18.349806 -15.973837 
-18.943744 18.567694 -15.840027 
-18.846011 18.581360 -14.851500 
-19.363579 18.600252 -13.835174 
-19.787979 18.896959 -12.940575 
-19.358810 20.092975 -11.995975 
-18.854208 18.481116 -9.222674 
-18.838105 13.930166 -5.286146 
-18.704424 12.137700 -3.659257 
-18.783394 12.409718 -2.353531 
-17.497031 13.674543 -1.480297 
-18.274444 14.101067 -3.113194 
-18.362738 14.629384 -4.932639 
-17.054526 15.194872 -4.645054 
-16.172679 15.785041 -3.762574 
-15.632352 16.628310 -3.613878 
-15.463536 17.456532 -3.184229 
-17.059028 18.033627 -2.171246 
-17.600674 18.926449 -2.178033 
-17.872460 19.949365 -2.574438 
-17.038287 20.544276 -2.569891 
-16.783319 20.621874 -3.552531 
-16.458417 19.689020 -3.753146 
-15.728006 20.815642 -3.764935 
-14.842329 20.987802 -2.718263 
-15.079431 20.028019 -3.129459 
-14.671506 19.243436 -4.044731 
-14.856310 18.328523 -4.441623 
-15.294759 17.869272 -5.234868 
-15.382734 18.893477 -5.130667 
-16.149738 18.587679 -5.723695 
-16.584295 18.072717 -7.033723 
-17.037011 18.219119 -8.444918 
-17.160328 19.015938 -9.126818 
-16.670486 19.994205 -9.192095 
-15.921787 20.143302 -8.482210 
-15.019242 19.584174 -8.788957 
-13.422353 19.901672 -8.798366 
-13.739753 19.912665 -7.695159 
-14.209030 21.213090 -6.012384 
-16.232505 22.968259 -1.782865 
-16.902034 24.121152 -2.654955 
-17.002703 25.777961 -2.308487 
-17.053522 26.370205 -1.320649 
-16.681302 26.956162 -2.075591 
-16.545488 27.283124 -1.080565 
-16.177871 27.915484 -1.793638 
-15.321081 27.603933 -2.339557 
-15.145224 27.511472 -1.328077 
-15.306251 27.073751 -0.404945 
-14.332176 27.370027 -0.438519 
-13.472930 27.657402 -0.895516 
-14.083893 27.097700 -1.450868 
-14.328549 26.807348 -2.377679 
-13.964616 26.772670 -3.447869 
-13.221389 26.118506 -3.291491 
-13.151010 27.253657 -2.971552 
-13.457159 28.008423 -3.511051 
-13.345010 27.274339 -4.192772 
-13.673470 26.716240 -4.962086 
-14.428596 27.558590 -5.044730 
-14.914622 26.454032 -3.491639 
-14.042522 24.638926 -4.232230 
-14.566361 24.755517 -5.234776 
-13.642599 24.791348 -6.429196 
-13.108431 25.021950 -7.299859 
-12.947059 26.319375 -8.487159 
-13.102259 26.803490 -8.249349 
-14.069735 27.191710 -7.883381 
-14.809107 27.786070 -8.361704 
-13.757046 27.634350 -10.462301 
