-30.756798 12.937786 0.568961 
-30.615365 12.980358 -0.493866 
-29.736509 12.451108 -0.567027 
-29.513848 13.489240 -0.651160 
-29.454707 12.909631 -1.585661 
-28.603295 12.482753 -1.860545 
-28.725552 12.274090 -0.942402 
-29.334446 11.588782 -0.377730 
-28.600260 11.920517 0.218911 
-28.650676 12.786692 0.868148 
-29.457315 12.027838 0.860978 
-29.618686 11.756987 1.766793 
-30.404065 12.304614 1.856592 
-29.627348 12.337269 2.484913 
-29.065893 12.742322 3.419616 
-28.295102 12.552042 4.062478 
-28.650463 11.819483 4.880224 
-29.287264 11.042423 5.009931 
-30.236058 10.628412 5.104308 
-29.614048 9.989341 5.803607 
-29.437779 10.773004 6.433915 
-28.605751 11.227030 5.928511 
-27.935064 10.904983 5.293743 
-28.153788 10.956625 4.150775 
-28.635931 9.914080 3.884756 
-29.619333 9.890346 3.700811 
-30.512336 10.190224 4.170826 
-30.880974 10.726613 3.340803 
-31.534226 9.940219 3.150915 
-31.582512 10.785348 2.584129 
-30.900117 11.212311 1.905899 
-31.812325 11.407985 1.331895 
-32.752316 11.937142 1.413427 
-33.138388 12.893399 1.192506 
-32.212397 13.433916 1.159650 
-32.347668 12.660382 0.450245 
-32.218401 13.458848 -0.326229 
-32.602913 13.742495 -1.252642 
-32.717331 14.522228 -1.859409 
-32.355054 14.747618 -2.813584 
-32.394423 13.744320 -2.947026 
-33.070044 12.958025 -3.361130 
-33.065571 13.575321 -4.220218 
-32.098669 13.347182 -4.269312 
-31.089414 12.842799 -4.392803 
-30.714632 13.286638 -3.654076 
-30.004152 13.847660 -3.324544 
-29.180623 13.536183 -2.827466 
-28.835213 13.808486 -3.719046 
-29.056937 14.879595 -3.904647 
-30.131151 15.040903 -3.542997 
-30.148892 14.707250 -2.604987 
-30.958267 14.059509 -2.653434 
-30.205155 13.805144 -1.914406 
-29.253165 14.309398 -1.584631 
-29.133415 14.432252 -0.606895 
-29.774419 14.540580 0.391428 
-28.761852 14.357859 0.432461 
-28.733726 15.376408 -0.095018 
-29.081146 16.203837 -0.638236 
-29.888905 16.793491 -1.023084 
-29.874774 17.554101 -0.433461 
-29.140131 17.942885 -1.030982 
-28.527959 17.568670 -1.665539 
-28.026709 16.797686 -2.007038 
-28.311486 17.601229 -2.630907 
-29.300512 17.754319 -2.815723 
-29.205195 17.877479 -3.836321 
-29.492023 16.879695 -3.620449 
-28.752164 16.074517 -3.542621 
-27.955146 15.601697 -3.320384 
-28.242234 14.514932 -3.273714 
-27.912563 14.157184 -2.304640 
-27.502101 13.963152 -1.403127 
-27.733669 14.921132 -1.093275 
-31.276135 14.121486 -0.194931 
-31.598500 13.641525 -1.057586 
-31.732043 12.991728 -1.890562 
-30.890006 12.345914 -1.823246 
-30.831766 11.454928 -1.304545 
-31.545580 11.638292 -0.546364 
-31.175455 11.327976 0.383869 
-30.925562 10.577297 0.959405 
-30.198937 10.142231 1.551337 
-31.381663 9.579773 2.235203 
-30.620359 9.060745 2.908631 
-30.757180 8.374169 2.241410 
-31.217194 7.530524 1.877791 
-30.515052 5.192209 1.754713 
-29.868822 3.885925 2.476910 
-30.481478 3.928819 1.019478 
-31.470203 4.077710 1.261199 
-31.909217 3.601332 2.116650 
-31.458003 2.751068 1.814218 
-31.137548 1.894224 1.335254 
-32.132545 2.177734 1.561028 
-32.068591 2.332715 2.620916 
-32.602387 2.984507 3.103170 
-33.463722 2.932191 3.650874 
-33.271475 2.984245 1.525901 
-34.068506 3.836282 -0.642230 
-33.781191 5.828936 0.323346 
-32.134064 9.395933 3.800888 
-29.121806 14.051363 4.290544 
-28.545839 14.775591 4.789387 
-29.074434 15.841376 4.131542 
-29.822801 15.358518 4.559390 
-32.047125 12.550977 3.262729 
-31.632589 9.905343 -0.605222 
-31.762046 9.701455 -1.865129 
-32.368223 8.850478 -2.565583 
-33.390335 9.671650 -3.057518 
-33.349856 8.764963 -3.588993 
-32.192496 9.475271 -3.420185 
-30.863882 9.652980 -3.767562 
-29.493040 9.656207 -4.539796 
-28.875392 8.660090 -3.672478 
-28.835245 7.850800 -4.484619 
-29.080594 6.780288 -4.237557 
-29.819306 6.514621 -4.867546 
-29.541243 5.473957 -5.938857 
-30.529352 5.279967 -5.456434 
-31.504266 5.611231 -5.105226 
-32.210037 5.085962 -5.969604 
-33.533727 4.280292 -6.145364 
-33.934716 5.078641 -6.688612 
-33.943265 5.950061 -6.005757 
-33.333423 6.299156 -5.329696 
-33.241019 7.307533 -5.408765 
-32.774409 8.449529 -5.883541 
-31.047171 7.679226 -2.227098 
-31.192992 4.229532 -2.236323 
-31.499415 2.356743 -1.989034 
-32.451637 2.929097 -0.911786 
-32.034579 2.326598 0.491450 
-31.516931 1.252654 0.231018 
-33.165702 0.552715 1.062138 
-32.770350 -0.208323 2.532602 
-30.486696 -1.347522 3.070988 
-29.762223 -1.002480 3.707399 
-30.082172 -0.132003 2.597843 
-30.889612 0.909100 1.832119 
-31.585895 0.274404 2.102126 
-31.104528 0.699159 2.857415 
-30.979194 1.086518 3.775769 
-30.888734 0.135937 3.640880 
-30.006965 0.659362 3.643708 
-29.591722 0.888840 2.234593 
-29.851315 2.004714 1.154882 
-29.062528 1.882442 0.505267 
-29.285594 1.843075 -0.421888 
-29.704897 2.990358 -0.102280 
-29.671722 2.861941 -1.159812 
-30.718001 2.702900 -1.335346 
-30.426694 3.659828 -1.486119 
-30.075883 3.045577 -2.307117 
-29.372749 3.267589 -2.898308 
-29.879077 2.457450 -3.273973 
-30.449372 1.681151 -3.467560 
-29.420013 1.400958 -3.382808 
-28.882089 2.287390 -3.471014 
-29.749737 1.805702 -4.668539 
-29.618255 1.084479 -5.608421 
-29.669584 3.038269 -5.274978 
-31.914261 3.643273 -4.516283 
-33.684337 6.816960 -1.640372 
-32.395428 8.541778 0.158461 
-31.595651 8.285071 0.867558 
-31.512750 8.242076 -0.166966 
-30.573626 8.474459 0.226914 
-30.826507 7.479448 -0.090368 
-31.405076 7.236704 0.749325 
-32.595858 7.064525 0.325535 
-31.971206 6.439338 0.557260 
-31.770533 6.872656 -0.308887 
-31.390951 6.258589 -1.101382 
-32.368255 5.999845 -1.377788 
-32.713622 5.234485 -0.816405 
-31.859425 5.046130 -1.312971 
-32.307739 4.432380 -2.093789 
-32.768705 3.845581 -2.692941 
-33.784827 3.520172 -2.781836 
-33.457957 2.659666 -2.317484 
-34.220643 1.920601 -2.264182 
-34.845492 1.205472 -2.730759 
-34.526711 2.917468 -4.315218 
-33.525988 2.209364 -5.156310 
-33.705448 1.193158 -4.041430 
-32.947589 0.818146 -3.152981 
-32.905920 1.764961 -2.953139 
-31.572059 1.458583 -4.114929 
-32.106008 2.528801 -7.122506 
-32.177469 3.203668 -6.298632 
-31.447776 3.929818 -6.497162 
-31.131283 1.662947 -7.255428 
