-6.991759 -2.826092 15.364215 
-7.054833 -3.800257 15.114731 
-8.219729 -3.511679 15.159897 
-9.010421 -2.937569 15.322264 
-9.690979 -3.591355 15.172600 
-9.018128 -3.629092 14.404998 
-9.951645 -3.767958 14.179396 
-10.234948 -4.728869 14.205581 
-11.217209 -5.054659 13.909226 
-11.613045 -5.518086 14.833843 
-12.024232 -6.458999 14.798976 
-11.895781 -7.333671 15.420061 
-12.902161 -7.797781 15.184864 
-13.791251 -7.680798 15.599732 
-13.820434 -8.650857 16.031693 
-14.678380 -7.848475 15.899498 
-15.420195 -8.378484 15.541258 
-15.325819 -7.340689 15.193856 
-14.552690 -6.796093 15.659560 
-14.650414 -5.759678 15.330334 
-15.527212 -6.244176 15.042990 
-16.428034 -5.963032 14.549463 
-15.731021 -5.798414 13.687010 
-16.386824 -5.099799 13.890438 
-15.513515 -4.836300 13.546696 
-15.314740 -4.962538 14.582820 
-14.428006 -4.545608 14.859019 
-13.948595 -3.687278 15.240151 
-14.931410 -3.367357 14.891283 
-14.895287 -3.712895 13.765719 
-15.001414 -3.134449 12.950199 
-15.778380 -2.639356 13.629678 
-16.077811 -1.909149 13.030959 
-16.184268 -0.871009 13.420666 
-15.403079 -0.189279 13.736596 
-15.215260 0.804951 13.613595 
-15.361807 0.470975 12.605696 
-15.299097 1.487094 12.576920 
-16.299437 1.033157 12.261951 
-17.248668 0.845146 12.268586 
-17.567498 0.375420 13.016944 
-17.921911 0.056386 12.157226 
-17.725267 -0.956512 11.938443 
-17.216084 -1.084318 11.063266 
-17.469260 -0.520910 10.272769 
-16.855321 0.406972 10.212776 
-17.392484 1.109761 9.741332 
-17.582240 1.632227 10.636872 
-17.109044 1.645587 11.602795 
-16.616855 2.567681 11.559997 
-16.375464 2.177905 10.541724 
-15.949304 3.165008 10.603567 
-15.881066 3.281907 11.664938 
-15.783648 4.179390 12.120282 
-16.132775 5.218810 11.939275 
-15.460369 6.018875 11.482635 
-15.586991 5.812991 10.441206 
-15.484717 5.021685 9.939830 
-16.358822 4.626396 10.252142 
-15.975351 3.857840 9.523296 
-15.081390 3.281537 9.132348 
-14.574005 3.346879 8.230018 
-13.962187 2.976375 7.330220 
-13.759644 2.016275 7.702660 
-13.458671 2.492427 8.467733 
-13.001630 2.946751 9.322530 
-13.227794 2.364387 10.205316 
-12.452539 1.798478 10.789396 
-11.552604 1.291551 10.926836 
-12.079443 0.582461 11.555265 
-11.898833 -0.358739 12.093503 
-12.778987 -0.373125 12.600410 
-13.315736 -1.297843 12.431941 
-14.059221 -2.047172 12.805795 
-14.319976 -4.346508 12.184746 
-12.440345 -7.556566 14.199656 
-11.508088 -7.976512 14.642319 
-10.925357 -8.502244 15.342648 
-10.306654 -7.724777 14.941066 
-9.808397 -8.179100 15.619479 
-9.941615 -7.401322 16.302154 
-10.211744 -7.775676 17.215818 
-10.783254 -7.319130 17.985737 
-11.627416 -7.283967 17.558104 
-11.145525 -8.492710 17.853304 
-11.497542 -7.860695 18.602369 
-11.290228 -7.066099 19.182413 
-10.393671 -7.721248 19.053232 
-9.456529 -8.389387 18.752564 
-10.035431 -9.917475 17.185529 
-10.251292 -12.129802 16.733364 
-11.172276 -14.078128 16.373878 
-11.661548 -14.983407 16.358875 
-11.534012 -15.630831 15.513965 
-12.307692 -16.310005 15.450312 
-13.157399 -15.807073 15.332978 
-13.582620 -14.935661 15.520881 
-13.519227 -14.746905 14.465347 
-12.840672 -14.249233 13.835144 
-11.332981 -12.292422 14.040613 
-13.854011 -11.504834 14.559652 
-14.360388 -11.674499 12.215166 
-13.559440 -15.271666 14.747924 
-15.934936 -17.143236 15.608082 
-16.221898 -18.088417 15.649612 
-16.348383 -18.349256 14.796198 
-15.709404 -18.987431 14.048929 
-13.802278 -19.801736 15.303904 
-9.010960 -18.258723 15.975183 
-8.963703 -19.116411 15.466133 
-10.053387 -19.812265 14.869324 
-11.442409 -19.727248 14.334357 
-11.792645 -18.657728 14.374531 
-12.311394 -19.020908 13.157484 
-12.802780 -17.706614 13.864044 
-13.150686 -17.008395 13.862998 
-14.592154 -15.716102 13.866113 
-15.185293 -13.456584 14.589969 
-16.044270 -13.249012 15.287601 
-17.303058 -11.775754 13.992060 
-18.527464 -10.665106 14.415889 
-19.298168 -9.962400 14.759954 
-18.642741 -9.925564 15.496302 
-18.799131 -9.017325 14.545558 
-19.909211 -9.536450 13.692301 
-19.986944 -10.549204 13.408418 
-20.211092 -10.480951 14.367848 
-20.668522 -11.204308 14.784522 
-21.147763 -12.002670 15.320592 
-23.257915 -12.172182 16.406235 
-22.553470 -9.522913 14.155090 
-24.527439 -8.428337 8.210475 
-28.829491 -10.542084 7.474243 
-29.428121 -9.905911 6.936297 
-29.915746 -8.657658 7.367980 
-30.346605 -7.345057 8.457676 
-29.230353 -6.067917 9.040024 
-27.387931 -7.117302 10.024692 
-27.853031 -7.940505 9.601295 
-27.529718 -8.396745 8.864236 
-28.075085 -7.881142 8.312713 
-27.179714 -7.245017 9.047212 
-27.916801 -6.671190 8.574584 
-28.071408 -5.608100 8.553617 
-28.724821 -6.254058 8.145074 
-29.254007 -5.326070 7.768406 
-28.382899 -5.570627 7.209060 
-28.021894 -4.254310 6.594754 
-27.075177 -4.384439 6.492281 
-26.494215 -4.596822 7.285871 
-25.839637 -4.247958 6.193910 
-25.256539 -3.376311 6.816852 
-25.445352 -4.079540 7.549991 
-25.218470 -3.337493 8.099788 
-24.475804 -3.899098 7.913450 
-24.126611 -3.136056 7.636072 
-23.956983 -2.471783 7.022831 
-23.541511 -1.637647 6.591798 
-22.667250 -1.762557 7.277946 
-23.117906 -1.771626 8.117203 
-22.562500 -2.368220 8.785654 
-22.060319 -3.119534 9.645114 
-22.378487 -4.059217 9.117428 
-22.612279 -5.328980 8.050128 
-26.184062 -4.897265 8.254596 
-27.900252 -3.007136 8.744241 
-27.805321 -1.891049 7.144439 
-27.739785 -1.429660 6.185178 
-27.615083 -0.737462 5.339903 
-27.019509 -0.313302 6.097247 
-26.747438 0.479513 6.853928 
-25.834205 0.005880 6.982883 
-25.100908 0.727558 7.683501 
-24.081761 0.355215 7.391035 
-23.198307 0.305231 7.934896 
-22.636561 -0.565594 7.981497 
-22.201529 -0.711648 8.929420 
-21.977289 -0.470766 9.972996 
-22.930816 -0.567668 10.414037 
-22.253725 -1.386007 10.688100 
-21.342477 -1.662427 11.182068 
-21.680378 -2.553816 11.783734 
-22.478952 -1.837483 11.727160 
-23.136446 -0.948303 11.588155 
-22.831752 -1.014918 12.455767 
-21.678663 -0.044892 11.615133 
-23.269049 1.124341 11.859921 
-23.145128 1.120459 12.926114 
-23.567925 0.789845 14.024543 
-24.243814 1.033194 14.666504 
-24.240087 -0.144195 12.753402 
-24.565700 0.012100 10.587822 
-24.775626 1.050833 10.609444 
-25.495327 0.916575 11.375068 
-26.060947 3.611150 9.418245 
