29.424802 -10.904995 1.424988 
28.515356 -11.568685 1.651886 
27.714650 -12.016458 1.048479 
28.552102 -11.802779 0.505462 
28.984731 -11.240584 -0.137433 
28.011448 -11.266162 -0.427809 
27.326365 -10.573371 -0.593381 
26.394127 -10.703126 -0.092715 
25.703265 -11.442991 0.282589 
25.332474 -11.464579 1.284417 
25.712142 -12.333792 1.698488 
26.171375 -11.320681 1.806472 
25.867955 -11.431084 2.821692 
25.564753 -11.106358 3.752307 
24.926217 -10.344036 3.265287 
24.784181 -9.350920 3.172703 
25.578548 -9.805706 2.501818 
26.559134 -9.679147 2.318817 
26.429860 -8.808145 1.894927 
26.889357 -8.059147 1.231467 
27.343989 -7.428869 0.624077 
26.783007 -7.049045 1.387928 
27.762237 -7.217635 1.817001 
28.502105 -6.891708 1.254169 
29.096909 -7.704217 0.902091 
28.158864 -8.290527 0.935716 
28.856153 -8.566363 0.266081 
28.512431 -9.532916 -0.102756 
28.538670 -8.740085 -0.726139 
27.475071 -8.959584 -0.445799 
27.440154 -8.085782 -0.861077 
26.536749 -8.399251 -0.932855 
25.514876 -8.152357 -0.976293 
24.979090 -8.849360 -0.407622 
24.170347 -9.221592 -0.914251 
23.214411 -8.925555 -0.804638 
23.439815 -9.976706 -0.942988 
24.141579 -9.824534 -1.673449 
24.548584 -10.846469 -1.209135 
25.520783 -10.686188 -1.476065 
25.966222 -10.303900 -2.329580 
25.691004 -11.166119 -2.841721 
26.083115 -10.476161 -3.776021 
26.379156 -9.491494 -3.861339 
25.906883 -9.480677 -4.805583 
26.886756 -9.289997 -5.242549 
27.949437 -9.253025 -5.276432 
27.407045 -8.406278 -5.162489 
26.340990 -8.399552 -5.048842 
26.296771 -7.572468 -4.331331 
26.937354 -7.197168 -3.640129 
26.130515 -6.495636 -3.622741 
26.122529 -5.872229 -2.652195 
27.015168 -5.985028 -3.054158 
26.967162 -6.191217 -2.108840 
27.006700 -7.221537 -2.262766 
26.682411 -7.369338 -1.322400 
26.634895 -7.439332 -0.355728 
26.020089 -7.623643 0.363593 
25.572296 -8.316644 1.024846 
26.385962 -8.677244 0.533765 
26.184863 -9.590732 0.798653 
25.736153 -10.459935 1.354754 
24.809550 -9.910856 1.674902 
24.398344 -10.625347 1.059941 
23.400597 -10.302847 1.585926 
22.716562 -10.995530 1.830416 
22.495224 -11.072458 0.850464 
21.746758 -10.520918 0.913255 
21.002665 -10.998004 0.395691 
20.799415 -11.902462 0.939160 
20.856269 -12.267546 1.804056 
21.746904 -12.500623 1.324934 
22.577897 -13.063845 1.265247 
21.299106 -15.712103 0.146872 
21.999976 -13.427560 -2.285801 
22.357086 -13.192097 -1.362266 
23.254502 -13.400570 -0.947888 
23.216730 -12.993498 -0.103891 
23.020622 -12.156830 0.200841 
24.220319 -12.110708 1.134050 
23.198370 -12.298516 1.354262 
23.506276 -13.072229 1.999785 
23.766737 -14.000084 2.838631 
23.130357 -13.518826 4.083830 
22.210500 -13.922189 4.160254 
22.387661 -14.643828 4.773631 
21.305299 -14.555697 5.033782 
20.120668 -14.413940 7.652361 
21.561417 -13.337575 10.471763 
22.187551 -12.769516 11.485754 
21.894529 -10.863709 12.037477 
21.177279 -11.219103 12.723630 
20.286950 -10.686417 12.215853 
20.814272 -9.197996 12.019672 
21.675129 -8.694925 11.618811 
22.121035 -7.911984 12.139995 
22.726782 -7.333896 12.858797 
23.592609 -6.885515 12.629179 
21.970710 -9.899662 10.479577 
22.247719 -14.293239 6.331336 
22.618708 -16.014270 6.475184 
19.438598 -14.759711 4.993836 
21.012660 -13.313593 1.889046 
21.053412 -13.235842 0.829392 
20.126035 -12.903965 1.185662 
19.348970 -13.092126 1.788149 
18.564592 -14.045497 3.045046 
19.918334 -17.827109 0.410700 
20.267772 -18.738502 -0.241761 
20.306971 -18.704610 -1.561859 
21.056288 -18.606819 -2.304959 
21.321083 -17.848469 -3.019741 
20.467557 -16.829234 -4.023330 
18.703091 -16.371365 -3.931356 
17.416891 -15.919142 -3.548199 
18.095405 -17.641625 -4.842371 
18.495201 -18.412491 -5.796952 
18.140769 -17.714740 -6.069103 
16.523956 -18.378582 -6.075540 
15.335875 -19.440497 -6.315884 
15.276254 -20.541538 -6.244611 
16.282366 -20.407605 -6.120069 
17.363884 -20.925408 -7.400371 
18.828560 -20.133781 -8.522052 
19.776103 -20.115281 -8.618330 
19.785928 -21.138412 -8.433944 
20.420585 -20.964349 -7.646735 
21.452592 -20.937329 -7.504791 
21.354221 -21.592269 -6.791124 
15.992889 -20.373741 -4.351318 
14.251461 -24.426731 -2.138397 
12.265630 -24.453888 -0.192937 
12.291347 -26.803967 -1.438571 
11.128266 -27.152745 -2.093248 
9.789065 -27.189497 -2.294888 
8.778500 -28.414523 -2.194183 
8.955138 -29.392349 -3.018318 
9.987742 -28.926426 -2.703175 
10.257678 -29.216117 -1.792046 
10.045202 -28.856852 -0.577711 
9.647218 -29.073299 0.150840 
9.645422 -30.162337 0.357664 
8.845389 -30.631246 0.445454 
9.579465 -31.331531 0.924312 
9.840443 -30.511973 1.456922 
10.609766 -30.773262 2.155128 
10.504547 -30.057042 3.120328 
10.481389 -30.237528 4.144724 
11.209039 -29.420840 4.257179 
11.690769 -30.038310 3.777823 
12.595256 -30.271022 2.861688 
13.446767 -30.644848 3.295884 
13.571852 -30.475652 2.290919 
14.432728 -30.802443 2.726478 
13.227863 -32.211706 2.573156 
11.912495 -31.263407 2.713093 
11.209552 -31.678067 3.377425 
10.405040 -30.973771 3.314436 
9.726135 -31.179351 3.996154 
8.763208 -31.066230 3.769538 
9.405543 -29.558087 4.451595 
10.671040 -28.046416 4.370811 
10.901845 -26.635168 4.592714 
10.464938 -26.461732 3.128719 
8.440794 -28.861035 3.047177 
9.354259 -29.272447 1.402462 
10.258321 -28.876317 1.290853 
10.822646 -28.387024 0.546261 
10.752098 -29.315399 -0.068145 
10.579629 -30.362238 -0.335381 
11.199571 -30.281421 -1.156628 
11.177062 -29.284606 -1.180850 
12.006034 -29.269438 -1.786613 
12.376874 -30.154993 -2.024602 
12.226768 -30.171082 -0.970727 
12.956868 -30.610849 -0.516766 
13.212700 -29.670649 0.087526 
13.164279 -28.669056 0.457977 
12.660268 -27.894796 0.143427 
11.993646 -26.918397 0.032153 
11.219428 -27.564290 -0.467878 
11.935392 -28.339770 -0.250676 
11.619525 -27.859169 0.689286 
12.397743 -28.086810 1.320175 
12.761508 -26.233713 0.756591 
14.768930 -25.637176 0.083223 
14.981645 -27.035993 0.463039 
14.994214 -26.981342 1.676313 
14.006312 -27.209796 1.510221 
14.019169 -27.043810 -0.471382 
15.319582 -27.556190 -2.339618 
15.693239 -27.252824 -3.270077 
16.091376 -26.357966 -2.833465 
15.712075 -25.406045 -4.113537 
