-10.358552 -0.191210 26.707456 
-9.746319 0.412819 27.334712 
-10.095884 1.412788 27.118871 
-9.225453 1.958658 27.590070 
-8.814227 2.848485 27.606125 
-9.716972 3.271826 27.105762 
-9.594170 4.221282 27.495809 
-10.074131 4.991931 27.778143 
-9.984724 5.690290 27.046031 
-10.010088 6.740895 27.262410 
-10.244455 6.734983 26.264318 
-11.049456 6.339181 26.795598 
-11.494980 6.946470 26.082853 
-11.051228 7.438767 27.007320 
-11.910936 6.722819 27.348647 
-13.027263 6.443829 27.387086 
-12.891633 5.593158 26.745612 
-12.622433 4.679759 26.663087 
-12.083994 3.968176 27.137183 
-12.162435 3.547716 28.083667 
-13.191049 3.890804 28.196693 
-12.919024 2.875755 28.058971 
-12.718164 2.362350 27.187616 
-12.826114 1.842404 26.315912 
-12.623686 2.138137 25.342885 
-12.901757 3.035741 25.955206 
-13.766331 3.565703 26.285148 
-14.492598 3.119642 25.782181 
-14.967605 3.798771 26.549211 
-15.339489 3.256953 27.452631 
-14.338564 3.582371 27.400445 
-14.167033 3.474437 28.499742 
-13.815729 3.793999 29.351267 
-12.842016 3.963205 29.136107 
-12.834380 3.376665 29.961203 
-11.869217 3.483594 29.621233 
-10.903842 3.492337 29.454821 
-10.440016 3.907536 30.288028 
-9.809769 3.196177 30.506850 
-9.904672 3.416804 29.464129 
-8.918325 3.314885 29.186418 
-7.800051 3.316540 29.155945 
-8.138926 3.621577 30.097536 
-7.794667 4.551396 29.896053 
-7.114071 5.396369 29.944570 
-7.127248 5.317748 28.823867 
-6.781253 6.262637 29.036177 
-5.922781 6.488644 28.420288 
-5.967308 7.349701 27.937975 
-6.739255 8.076424 28.059853 
-5.801772 8.327235 28.371945 
-5.796932 9.148007 29.174284 
-6.701981 8.830145 28.736596 
-7.586060 9.124268 28.221315 
-7.524894 9.365722 29.209941 
-7.735608 10.256259 29.835702 
-7.866476 9.529311 30.470977 
-8.383655 8.683618 30.908390 
-8.699590 8.123592 30.002541 
-8.461992 7.124637 30.258579 
-8.810872 7.599380 31.051485 
-7.809801 7.829597 30.629864 
-7.421290 8.467723 29.982425 
-7.902722 7.978966 29.155745 
-8.788660 8.056428 28.627248 
-9.640590 8.187856 29.273191 
-10.465793 7.587409 29.558661 
-11.203842 7.046652 29.954438 
-11.250796 8.042026 29.621039 
-11.846915 8.770734 29.454752 
-12.284153 9.255188 28.650854 
-11.828183 10.125475 29.018821 
-11.139713 9.369150 28.711048 
-11.324136 8.224483 28.612317 
-9.474076 9.439386 30.382931 
-7.642639 8.420870 32.150444 
-7.845837 7.367233 32.269860 
-8.476987 6.587234 32.380949 
-7.666197 6.562907 31.633315 
-7.631122 5.853619 30.709777 
-8.262831 5.035003 31.053655 
-7.960554 4.085608 31.014624 
-7.348339 4.868272 31.493013 
-6.353098 5.677079 32.057029 
-6.138730 5.281237 33.167893 
-6.231237 5.771028 34.072810 
-5.185885 5.516465 34.438681 
-5.041176 4.663625 34.992772 
-5.484531 3.769665 32.311132 
-5.076236 2.689504 31.013495 
-6.666878 2.576098 32.039267 
-6.117614 4.000416 32.952939 
-6.196009 3.423470 33.843688 
-6.350600 2.430781 33.585497 
-5.242391 2.372673 33.647546 
-4.515352 2.187858 32.980603 
-4.616540 1.143804 33.205154 
-5.053128 1.443096 32.300104 
-4.583394 0.512079 32.242720 
-2.121931 2.021765 32.116804 
-1.049441 6.855491 33.448841 
-2.601510 9.340082 32.917526 
-6.834582 12.610530 29.825465 
-8.017336 17.153866 26.589796 
-8.614544 18.019228 26.129742 
-9.488034 18.045457 25.730009 
-10.620809 17.590127 25.729102 
-11.628665 17.153746 24.207820 
-11.189149 18.683616 27.068095 
-10.949571 17.707377 28.327006 
-9.227219 17.644700 28.276666 
-8.978036 16.948708 27.780141 
-9.694952 17.065593 27.088004 
-9.906047 14.939996 27.287705 
-9.989319 13.007733 27.724867 
-8.777372 13.976166 27.783076 
-8.268337 12.577479 29.063236 
-9.358165 11.386564 28.730753 
-9.213132 12.039170 29.417885 
-10.036755 11.110862 29.926628 
-11.481949 10.543785 30.730728 
-12.652032 10.439343 30.807643 
-12.078485 9.758902 30.202014 
-11.353105 8.784061 30.488574 
-11.150643 7.961551 31.696337 
-12.147205 8.261507 31.587977 
-12.590385 7.611406 31.115471 
-11.714746 7.071595 31.039707 
-10.809058 6.864637 31.403991 
-9.917492 6.554866 31.519448 
-9.653039 5.144792 31.611330 
-13.922094 7.018583 27.300921 
-15.932642 8.448303 26.140706 
-17.836907 8.522445 26.527268 
-18.528513 8.273503 26.033291 
-18.509618 10.132379 25.451792 
-18.384461 11.595944 26.062669 
-18.631357 13.558039 25.217454 
-19.358036 15.653535 23.893942 
-19.565489 16.566399 23.461006 
-18.892813 16.485729 24.872063 
-18.061508 16.150397 24.282697 
-18.441218 15.117635 23.830623 
-18.609596 14.037557 23.555817 
-19.467782 14.367217 23.211721 
-20.208937 13.916775 23.957258 
-20.336487 12.897336 23.647666 
-20.983094 12.665513 22.364353 
-21.735007 12.404483 22.580315 
-21.825382 11.780661 21.784710 
-22.655382 11.646096 22.103628 
-22.998674 11.165683 22.843121 
-22.345261 11.733457 23.305228 
-23.287334 12.094739 23.145681 
-23.182482 12.889323 23.829454 
-23.841630 12.304306 24.387101 
-24.227987 11.116536 24.757391 
-24.281703 10.086386 24.718654 
-24.015858 9.193085 24.113964 
-23.241180 8.901311 24.559372 
-22.434169 8.321483 25.153445 
-21.657229 7.593536 25.117603 
-20.688510 7.193282 25.384921 
-19.757937 6.007278 25.507632 
-21.584298 6.680205 24.152122 
-24.045663 6.345716 23.249199 
-25.384543 7.230264 22.008419 
-25.421725 7.989770 21.296471 
-26.303641 7.470496 21.223141 
-25.858347 7.224271 20.335847 
-25.306682 6.999540 19.506053 
-24.714566 7.802436 18.904783 
-24.329555 6.480638 19.822371 
-24.179677 5.222797 20.708770 
-23.185145 4.820793 20.589784 
-23.171616 4.800733 21.704572 
-22.892597 4.353143 22.648910 
-23.074489 3.490013 23.097095 
-23.168299 3.758124 24.122791 
-22.399708 3.087587 24.230935 
-23.295311 3.001670 24.724949 
-23.139462 2.324338 23.878097 
-22.908152 1.383206 23.489620 
-23.916114 1.077909 23.176240 
-23.288838 0.357910 22.606043 
-22.600174 0.846333 24.899382 
-20.939795 1.623703 26.327239 
-20.403336 0.221470 26.376835 
-20.666774 -0.485567 27.013595 
-21.021685 -0.510640 27.939963 
-19.209228 1.127022 28.837354 
-17.523591 2.090715 30.378841 
-16.834771 2.299840 29.666376 
-17.573848 1.641718 29.425385 
-14.865943 1.325612 28.221776 
