25.945452 -21.846093 2.301068 
25.874500 -21.395136 3.216838 
25.523869 -21.902338 4.083153 
24.498501 -21.684982 4.250819 
24.598458 -21.958978 5.163215 
25.347245 -22.495711 4.865840 
26.012057 -23.135869 4.431533 
26.605616 -23.198529 5.169763 
26.913488 -22.259476 5.573833 
26.060898 -22.183770 6.138645 
25.306791 -22.480358 6.640166 
25.121387 -23.493834 6.433145 
25.529366 -24.243781 6.922645 
24.572228 -24.518206 6.738750 
23.703837 -24.242827 7.167947 
23.294968 -24.657604 8.085421 
23.674312 -24.241191 9.035821 
22.837953 -24.563988 9.470864 
23.344171 -24.737171 10.283983 
23.102950 -24.868570 11.272293 
23.439728 -23.891376 11.165151 
23.371045 -22.986569 11.604626 
22.758709 -22.581136 10.904487 
22.310463 -21.640495 10.835876 
22.818446 -21.961046 10.016861 
22.971938 -22.721343 9.209200 
23.749831 -22.826796 9.957357 
24.765121 -23.270847 9.727285 
24.918755 -23.847785 8.794841 
24.373449 -22.940997 8.842763 
23.829443 -22.020542 8.672412 
23.745159 -21.245787 9.403059 
24.327141 -20.406677 9.274605 
25.409186 -20.579756 9.157854 
25.509727 -20.414677 10.141282 
24.770467 -19.719682 10.068543 
25.541894 -19.515400 9.412500 
25.752433 -18.598217 9.099957 
25.091258 -18.588014 8.374216 
25.957774 -18.832231 7.857319 
25.647837 -19.043753 6.877465 
25.243833 -18.904170 5.902474 
26.215932 -19.009858 5.449896 
25.734008 -19.525526 4.771728 
25.221827 -18.887661 4.187105 
24.289057 -19.227808 3.935121 
24.064287 -19.774826 3.169034 
24.565560 -20.532670 3.648147 
25.540778 -20.172610 3.512226 
25.605367 -20.513123 4.479509 
24.721259 -20.063823 4.653338 
24.491572 -20.348940 5.656970 
25.398691 -20.291032 6.105555 
25.112518 -20.684406 6.902799 
25.286860 -19.793351 7.431443 
24.644375 -19.016616 7.192806 
23.928735 -18.316486 7.287240 
24.525122 -18.148845 6.584639 
24.234792 -18.193631 5.556271 
24.436421 -17.210956 5.717950 
23.972740 -16.638622 6.594472 
24.104326 -17.233214 7.377574 
24.962330 -17.094804 6.737783 
25.583925 -16.720966 7.390843 
26.505128 -17.384008 7.347102 
25.871732 -17.760096 6.560154 
25.790870 -18.043412 5.470827 
26.665590 -18.060884 4.970205 
26.889890 -17.636867 4.091455 
26.106074 -17.022696 4.312951 
25.215949 -17.055196 4.796429 
25.143999 -16.658007 3.798326 
25.316588 -15.728946 4.282952 
24.533607 -15.922446 4.769168 
24.803216 -15.066695 8.238753 
23.443577 -13.822470 8.151865 
24.475079 -13.804050 8.143584 
24.372425 -14.718809 7.629831 
23.793925 -15.718596 7.495814 
24.579641 -15.537392 6.829199 
25.470469 -15.892985 6.460127 
26.207220 -16.632320 6.393134 
27.278548 -16.508943 6.421711 
26.752106 -17.264791 5.752617 
25.880345 -16.198613 4.972689 
26.378854 -15.214815 4.724166 
26.346141 -14.225609 4.657262 
27.207605 -13.825174 4.206953 
25.574217 -14.503662 2.723361 
25.202768 -17.461287 0.416046 
25.088670 -17.640742 -1.467347 
24.777204 -19.127021 -1.473480 
24.348590 -19.214508 -0.533064 
24.011687 -18.112352 -0.697799 
23.960427 -17.102714 -1.095277 
23.372254 -17.250500 -0.249545 
24.338186 -17.072360 0.058139 
25.278041 -16.497213 0.272867 
26.198541 -16.705491 -0.008469 
28.330169 -13.247338 -0.545734 
30.191068 -8.760846 -1.965773 
29.454797 -7.089151 -3.622384 
29.526654 -11.992200 -5.766580 
29.225257 -13.407148 -6.927669 
28.265075 -13.408786 -6.528734 
27.452092 -13.625127 -6.889694 
26.446450 -13.758879 -7.557966 
24.431923 -16.872622 -7.554115 
25.044787 -16.003519 -7.607117 
25.734738 -16.845979 -8.162085 
26.637550 -17.690351 -6.893960 
27.620491 -18.757712 -6.596012 
26.942225 -19.471267 -6.439104 
26.112342 -18.812046 -6.334301 
25.574058 -20.083458 -6.418286 
26.941789 -21.124922 -7.174055 
27.978159 -20.106306 -8.668868 
27.407509 -18.362775 -10.110353 
27.892273 -17.881674 -10.942543 
27.469680 -16.744255 -11.553333 
28.488937 -16.297410 -12.872376 
27.883411 -15.436467 -12.981560 
27.767067 -14.527131 -13.099110 
27.819956 -13.337811 -12.500265 
27.152504 -14.119061 -12.001915 
26.255404 -14.199206 -11.626168 
26.672273 -15.001110 -11.189004 
25.976477 -15.860572 -11.340307 
25.927149 -16.756203 -11.656396 
25.335095 -17.382175 -10.412640 
25.280095 -12.926753 -8.181438 
27.409575 -6.136687 -10.455390 
25.077893 -5.845848 -9.918886 
25.870543 -6.764869 -8.345868 
27.065892 -7.975936 -6.885028 
26.910842 -9.285089 -5.744752 
26.608136 -10.312748 -5.286401 
25.933586 -8.386559 -4.598205 
26.463117 -6.776704 -4.916065 
27.262229 -6.636523 -4.509255 
28.201243 -7.138367 -4.159358 
28.501829 -6.211481 -4.862650 
28.455895 -6.007512 -5.940029 
28.281037 -6.948804 -5.565372 
28.504742 -7.865701 -5.435367 
28.658404 -8.865669 -5.790354 
28.107544 -8.838437 -6.643610 
28.343864 -8.652864 -7.453958 
28.937209 -7.800254 -7.039919 
28.649175 -7.013287 -6.517248 
28.441217 -6.327318 -7.780209 
28.647001 -6.309723 -9.361680 
28.778945 -5.506540 -10.126310 
27.811764 -5.561245 -9.507788 
27.521303 -6.429007 -9.134701 
27.023379 -7.759102 -8.850240 
26.810550 -7.718512 -9.889591 
27.492864 -8.625233 -9.795187 
26.736321 -8.413952 -10.589679 
26.733886 -8.660257 -11.708472 
26.275555 -9.496990 -12.215224 
25.146359 -10.038889 -12.331955 
25.414125 -9.626110 -11.317609 
25.584448 -11.370959 -9.495647 
25.336775 -13.538148 -10.039760 
25.956023 -11.322687 -9.799034 
25.368643 -10.084320 -8.787116 
25.010518 -9.174728 -8.428839 
25.544588 -9.237842 -7.537677 
25.043784 -8.450435 -7.049703 
25.546976 -9.023303 -6.486806 
26.097465 -8.222020 -6.426462 
26.411045 -6.874395 -6.902503 
27.369662 -5.970813 -7.093410 
27.496045 -6.855516 -6.638069 
26.894181 -6.699427 -5.864542 
25.932814 -6.912156 -5.777256 
25.229776 -7.381613 -6.485168 
24.177793 -7.757847 -6.722045 
24.637782 -7.615012 -5.783914 
24.236446 -6.789406 -5.006940 
25.054403 -6.520531 -4.391438 
24.368689 -6.455723 -3.658266 
24.749918 -5.916684 -2.915872 
24.611926 -5.085130 -3.312157 
26.393149 -4.696110 -2.965533 
27.719549 -3.189009 -2.394388 
28.219034 -2.749225 -3.734985 
28.268120 -1.416383 -4.398829 
27.974243 -1.226162 -5.370413 
29.649552 0.086525 -6.306525 
30.801858 1.656486 -7.039260 
30.293525 2.006852 -6.219693 
29.519938 2.563404 -6.633252 
30.192650 3.489267 -4.597516 
