30.749186 4.178507 -6.450300 
30.838579 4.666991 -7.492962 
29.863667 4.846644 -7.788706 
28.938226 4.706910 -7.974962 
29.065623 5.137641 -8.899177 
29.760773 5.533653 -9.667928 
29.858126 6.196787 -10.470873 
30.291391 6.595921 -11.429698 
30.895540 5.721047 -11.227043 
31.325340 5.427353 -10.345024 
32.145194 4.822342 -10.525905 
31.817050 3.857838 -10.346102 
32.266488 3.656140 -11.216187 
32.259886 4.023711 -12.197608 
33.093537 3.687222 -12.787301 
32.498062 2.816090 -12.621173 
31.785422 2.006034 -12.695210 
31.168872 1.531651 -12.164150 
30.831275 1.541232 -13.145489 
30.578899 2.374386 -12.497932 
30.239766 3.258596 -12.844179 
29.753041 2.344471 -13.201516 
29.353801 1.394963 -13.129738 
29.452108 0.967030 -12.229067 
28.655789 1.055113 -11.448418 
29.474296 1.270931 -10.903601 
28.610062 0.958060 -10.507318 
27.712020 1.054355 -10.973011 
26.943577 1.389142 -11.701775 
26.527774 0.978718 -12.466930 
25.554041 0.718631 -12.273478 
26.070969 0.160344 -11.586297 
27.137438 -0.123767 -11.506160 
27.721727 -0.737999 -10.938951 
26.977850 -0.637561 -10.199650 
26.657172 0.308043 -10.323037 
27.647714 0.135036 -10.218807 
27.232268 0.888628 -9.520036 
28.090547 0.567315 -9.033358 
27.664294 0.746655 -8.154241 
28.278302 1.399164 -7.653923 
29.194555 1.468469 -7.835147 
28.489020 2.109711 -8.349532 
29.212606 2.855258 -8.137391 
29.516067 3.176081 -9.099419 
30.494932 3.631723 -9.291689 
30.345013 4.416852 -9.930665 
29.900026 4.419276 -8.826947 
30.398898 5.306393 -8.579976 
30.145508 6.013472 -7.949787 
30.824586 6.908483 -7.753645 
31.666961 6.617055 -8.349939 
30.832589 6.757404 -8.923871 
29.782745 6.798534 -8.679627 
29.838763 7.441644 -9.635175 
30.082389 7.984973 -8.667036 
29.486301 8.755362 -8.518996 
29.124368 8.330904 -7.575585 
29.198072 7.613575 -8.330571 
28.942997 7.966605 -9.371249 
28.942153 7.274459 -10.152583 
28.137374 7.369024 -9.539643 
27.962183 6.551835 -10.087989 
28.141401 5.870921 -9.274070 
27.308090 5.907966 -8.838029 
27.036068 6.049672 -9.861889 
27.477584 5.121522 -9.741066 
27.890532 4.161554 -10.001890 
26.908397 3.685350 -10.118718 
26.695884 3.541169 -8.980224 
27.759303 3.225146 -8.977350 
28.019192 2.210235 -9.373401 
27.076423 1.979439 -9.449825 
27.379421 2.085580 -8.350393 
29.118638 0.789629 -4.785367 
28.122910 -0.082306 -2.945867 
28.885831 -0.327629 -3.611667 
28.024904 -0.077820 -4.033119 
28.303544 0.900166 -3.738022 
27.546144 1.392199 -4.151014 
27.937953 0.675311 -4.964503 
27.632605 -0.352695 -5.017042 
27.286129 0.121402 -5.904259 
26.017191 -0.412858 -5.968205 
25.197051 -1.896950 -5.449133 
25.011392 -2.831451 -5.121074 
25.924206 -3.221639 -5.369293 
25.843091 -3.535310 -4.472940 
26.932780 -1.481748 -2.429494 
27.080025 0.321185 -2.432421 
26.846140 1.110980 -3.378357 
27.203097 2.446186 -4.489013 
27.170387 2.214738 -5.539166 
26.427925 2.184189 -6.284678 
26.189704 1.260152 -5.671896 
25.696611 1.543936 -6.423120 
26.318583 0.858322 -6.762943 
26.714810 0.107686 -7.423415 
27.263377 -0.245946 -8.362440 
25.668493 0.700553 -9.080515 
26.600832 -1.870332 -6.104972 
25.848770 -4.114887 -7.017228 
25.744786 -2.402763 -10.176165 
25.925386 -0.668442 -13.217805 
26.392676 -0.387446 -12.290688 
27.481293 -0.333446 -12.294207 
28.380257 0.670654 -12.784034 
28.001888 -0.327445 -13.249997 
27.548141 -2.477127 -9.661943 
27.496046 -2.686747 -11.106099 
27.207876 -3.554688 -12.167110 
25.927723 -3.178145 -12.285598 
24.963172 -3.457953 -12.945083 
25.321727 -4.751500 -12.225889 
24.434926 -4.817712 -11.047860 
24.173980 -4.160638 -12.002450 
23.197460 -6.462232 -13.056808 
21.663655 -8.429568 -12.132554 
20.930379 -8.124142 -12.760758 
21.393373 -9.802549 -12.362322 
22.240500 -10.356547 -13.317628 
21.193382 -10.435735 -13.556863 
21.770811 -11.433556 -13.425185 
22.584693 -12.549385 -13.798572 
23.635158 -12.486554 -12.986025 
24.715574 -12.344976 -13.096189 
24.063453 -11.669204 -13.467641 
23.508520 -11.490246 -12.657507 
24.145686 -10.713327 -12.694703 
24.029674 -9.940805 -11.501050 
23.491544 -8.503064 -10.811913 
20.016287 -12.956853 -13.445768 
21.582691 -14.803223 -14.030312 
21.788613 -13.869975 -15.112985 
21.265787 -13.958709 -14.907158 
20.681370 -12.424746 -14.898799 
20.601807 -11.460071 -13.737072 
19.653544 -10.453743 -15.533551 
19.565562 -11.153005 -16.778267 
18.670096 -10.645099 -17.269139 
18.625597 -10.081177 -18.203600 
18.242083 -11.294706 -18.098129 
17.344356 -11.752808 -18.338744 
17.635750 -12.744569 -18.674450 
17.358058 -12.100198 -19.571617 
17.264860 -12.834576 -20.301041 
16.678271 -11.972350 -20.732896 
17.125956 -11.203280 -20.305575 
16.978205 -10.497579 -19.363898 
17.989989 -10.626576 -19.336834 
17.896641 -9.774669 -19.819952 
17.488208 -8.811851 -18.672705 
18.013325 -8.080280 -17.997622 
18.673468 -7.279233 -18.242362 
19.216370 -6.628546 -18.726942 
19.811394 -6.869918 -17.957365 
19.672516 -7.427167 -17.114800 
19.897284 -8.339540 -16.668197 
20.705854 -7.543561 -16.765186 
21.418024 -6.809079 -16.477029 
21.618012 -7.840572 -16.700029 
22.220489 -7.908520 -15.586035 
21.341962 -8.037397 -15.803208 
20.692912 -7.551378 -13.923807 
22.712065 -6.968638 -13.925579 
23.789724 -9.395793 -14.805831 
23.009786 -10.653446 -14.558079 
22.684743 -10.968603 -15.462916 
22.068194 -10.091981 -15.529335 
21.576869 -9.313180 -15.091403 
21.049144 -9.885501 -15.785841 
21.580405 -10.734699 -16.330695 
21.639549 -12.164241 -16.393851 
22.508732 -11.976553 -15.829140 
23.522732 -11.760775 -15.449906 
24.496955 -11.911646 -15.781410 
23.827124 -12.770677 -15.895967 
23.316986 -12.660634 -15.048648 
24.086962 -12.229946 -14.583703 
23.983946 -13.167023 -13.972778 
23.370682 -13.819475 -13.474826 
22.870443 -14.299452 -12.719374 
22.570366 -14.058068 -11.735634 
21.891103 -14.907258 -12.038275 
21.502489 -15.429469 -11.269134 
20.909887 -15.299098 -10.479693 
21.146077 -17.935197 -11.224493 
22.155567 -17.969223 -11.342246 
23.246550 -17.902351 -11.298470 
23.924577 -17.837825 -10.544282 
22.241607 -17.884391 -9.321968 
22.423262 -15.994340 -10.681037 
23.278758 -15.592590 -10.205340 
24.258305 -15.380671 -10.321520 
22.781488 -16.541015 -12.299846 
