24.097987 -21.162657 -12.528323 
24.196914 -20.873011 -11.516459 
23.703769 -20.317779 -10.839406 
23.617872 -20.117054 -9.843978 
23.734280 -20.992856 -9.199715 
24.291763 -21.564304 -9.932837 
24.986230 -22.363843 -9.995615 
26.074619 -21.964414 -10.159021 
26.828331 -21.159359 -10.444285 
25.886735 -21.036452 -10.630847 
25.674119 -20.102843 -10.289695 
25.020398 -19.978198 -11.088529 
24.361719 -19.288156 -10.891767 
24.693144 -18.651046 -10.209566 
25.503596 -18.225356 -9.597249 
25.420676 -18.345874 -8.540541 
25.010479 -19.245537 -8.665635 
25.738131 -19.378168 -7.981104 
25.912199 -19.662406 -9.021364 
25.728323 -20.629594 -8.667718 
24.921623 -20.681174 -9.557143 
24.558422 -20.294395 -8.674751 
24.311328 -20.126497 -7.678547 
23.521924 -20.807353 -7.833344 
22.779820 -20.769379 -7.045881 
22.618435 -21.888801 -6.537106 
22.856165 -22.728619 -6.102133 
23.809461 -22.672220 -6.553829 
23.834772 -23.742379 -6.739427 
22.953680 -23.851175 -6.340359 
22.074781 -23.851016 -6.762496 
21.288877 -23.093370 -6.490162 
20.353271 -23.142720 -6.098051 
19.282800 -23.393173 -6.271563 
18.428374 -23.160379 -5.554987 
18.470473 -22.597508 -4.725076 
18.203247 -23.444189 -4.103304 
18.169138 -24.385233 -3.925545 
18.137052 -24.386285 -2.891949 
19.026784 -24.073068 -3.236822 
19.991458 -24.231809 -3.712983 
20.026990 -24.195339 -4.666879 
20.486468 -24.748867 -5.446629 
20.060596 -24.250206 -6.278614 
19.163029 -24.924785 -6.359306 
18.446611 -24.301467 -6.885044 
18.412220 -24.392187 -8.000248 
19.338379 -23.896393 -7.798996 
20.117204 -23.556488 -7.160366 
19.428339 -22.825559 -7.604262 
18.456795 -23.142951 -7.802605 
17.523286 -22.945137 -7.517160 
17.701317 -22.216685 -8.228550 
17.842221 -21.307865 -7.764550 
17.597178 -21.206333 -6.770941 
17.399602 -22.221230 -6.736308 
17.461199 -22.532480 -5.694763 
17.290043 -21.524768 -5.570668 
17.386734 -21.346173 -4.502595 
16.758258 -20.624448 -4.113172 
17.724204 -20.220978 -4.506001 
17.659050 -19.502112 -5.222614 
17.203080 -18.596777 -5.187641 
16.386787 -18.109776 -4.629123 
16.184174 -19.148677 -4.613347 
16.098397 -18.730406 -3.701575 
16.624910 -19.317973 -2.950991 
17.636614 -19.500068 -3.376365 
17.599663 -18.879881 -4.112508 
17.998716 -18.016449 -4.484034 
17.221291 -17.532282 -4.829577 
17.395199 -16.772216 -4.188125 
17.660768 -17.536159 -3.592508 
18.612651 -16.981234 -3.551934 
18.853488 -17.936906 0.314490 
18.945693 -16.444096 2.924330 
19.113593 -17.278464 2.204464 
19.069108 -17.452919 1.038323 
18.543045 -16.769003 0.482318 
18.046528 -17.576292 0.415261 
17.384049 -18.306593 0.105889 
18.342762 -18.532517 -0.393273 
17.851554 -18.953985 -1.217541 
17.538136 -19.644561 -1.889283 
16.934358 -20.572005 -1.780226 
17.839429 -20.976665 -1.365450 
18.476547 -20.239668 -1.084619 
18.789966 -20.315533 -0.202092 
20.973444 -19.430505 -2.696147 
22.503413 -17.085975 -4.238464 
22.999263 -15.917953 -5.107674 
21.829008 -15.809457 -5.144900 
21.154809 -16.488341 -5.398920 
21.664962 -17.286083 -5.915664 
21.385760 -17.862190 -5.114853 
21.819268 -18.550401 -4.540429 
22.772481 -19.036236 -4.491172 
22.709703 -19.621290 -5.194096 
22.524542 -19.890458 -6.245479 
21.495706 -19.263710 -7.273779 
21.908781 -20.921020 -8.396292 
21.839208 -21.143541 -5.483456 
25.124081 -21.448495 -1.344726 
25.123609 -20.370759 -0.964224 
25.032817 -19.984339 -2.079314 
24.652400 -20.396104 -3.169269 
23.983138 -19.412997 -3.850246 
23.774820 -21.610760 -4.283105 
24.306344 -25.170165 -2.777551 
24.181110 -24.160849 -3.223240 
24.141004 -24.659897 -4.516033 
24.294046 -23.873656 -5.069605 
24.471402 -22.799501 -5.415154 
25.245096 -22.670171 -6.743923 
26.215172 -22.839439 -8.100751 
25.265600 -22.321794 -8.440855 
23.900451 -24.140526 -7.591432 
23.485402 -25.127635 -6.001686 
23.333897 -25.557898 -5.019969 
22.178918 -26.168502 -5.163177 
20.539947 -26.162303 -5.250426 
20.497831 -26.944317 -5.829734 
20.994547 -27.140668 -5.038246 
19.688205 -27.393787 -4.751155 
19.358295 -28.230263 -3.992396 
19.056928 -28.081307 -3.050257 
19.638202 -28.075619 -2.244085 
19.279558 -27.265142 -1.776736 
19.281772 -27.684174 -0.854179 
19.092392 -28.236903 0.778423 
19.239317 -26.347347 0.862739 
21.321904 -24.442001 4.510938 
23.400930 -23.655028 3.537603 
24.497521 -22.621042 2.218793 
26.237490 -22.955740 0.984411 
26.124035 -23.544527 2.720115 
24.621585 -23.761325 3.648060 
23.699027 -23.454083 4.880862 
22.736942 -24.568524 6.047309 
22.613924 -25.227699 5.341782 
23.167065 -26.088615 5.212503 
22.751518 -26.952157 4.552275 
21.860002 -26.855483 4.770319 
22.099961 -27.048352 3.586022 
22.260621 -26.302954 2.885768 
22.510405 -25.344808 2.541955 
21.846288 -25.469757 1.869784 
21.078015 -25.359274 0.812666 
21.407562 -25.238703 -0.107750 
22.290656 -24.756550 -0.152814 
22.672206 -25.637436 0.092230 
21.986332 -26.062987 -0.427865 
22.118822 -25.737869 -1.476165 
22.903847 -25.167306 -1.295794 
22.993500 -25.875089 -2.025502 
22.530279 -26.829131 -1.753828 
21.603458 -26.283875 -2.376267 
20.747496 -26.531514 -1.943646 
20.602223 -27.234820 -2.775117 
21.259188 -28.046377 -2.872036 
21.888933 -27.433471 -2.479381 
21.134430 -28.310901 -1.765712 
20.480098 -27.640145 -1.246447 
18.540920 -28.295111 -1.659907 
16.317691 -30.115866 -4.200504 
13.228288 -31.305270 -5.692838 
13.659591 -28.878315 -4.799552 
13.232089 -29.757231 -4.430913 
12.483543 -29.339267 -3.722210 
11.918294 -30.142260 -3.329300 
12.906184 -30.412707 -3.024077 
12.748074 -31.167637 -3.656708 
11.336362 -31.343641 -3.301391 
10.616638 -32.501474 -2.877198 
9.712326 -32.417285 -2.220390 
9.000928 -33.016129 -1.834952 
9.959761 -33.023557 -1.358305 
10.258651 -33.776883 -0.765577 
10.982045 -33.095465 -0.929079 
11.324182 -32.680169 -1.856053 
10.531931 -32.180360 -1.537481 
11.181900 -31.663323 -0.914566 
11.382375 -32.130918 0.044036 
11.086779 -32.411863 1.001704 
11.989421 -32.681608 1.523034 
13.024537 -31.532049 0.422243 
14.566004 -30.722491 1.808975 
15.281115 -30.144229 1.334361 
15.814954 -30.090766 2.632567 
14.927036 -29.633714 2.303966 
14.846698 -30.305828 4.535485 
13.592506 -31.115294 5.503416 
14.104397 -31.970505 5.391595 
14.127603 -31.519626 4.484113 
11.805467 -31.666278 3.918020 
