11.037326 -22.475224 -6.883855 
11.570726 -21.844223 -7.623753 
12.435173 -21.993928 -8.243553 
12.249415 -22.516301 -7.328928 
11.863188 -22.930423 -8.162676 
12.582778 -23.548859 -8.252022 
12.690917 -23.863987 -9.231390 
13.718714 -23.949302 -9.172207 
14.200872 -23.967571 -8.254823 
13.273987 -24.317870 -8.119261 
13.060775 -23.818912 -7.295830 
13.290612 -24.624884 -6.748323 
14.138243 -24.127221 -6.603042 
13.581750 -23.215834 -6.508678 
14.434075 -23.183197 -6.994684 
15.301572 -23.617878 -7.394489 
15.580853 -23.934027 -6.430073 
15.138148 -24.619492 -7.120002 
14.806660 -24.819927 -6.116820 
15.263180 -25.538151 -5.588411 
16.009573 -24.900506 -5.618945 
16.852914 -25.441246 -5.442157 
16.536651 -25.292944 -6.419111 
17.440880 -24.708919 -6.521527 
16.769636 -24.386768 -7.148782 
16.872136 -23.445662 -6.804283 
16.503647 -23.239318 -7.817564 
16.460436 -22.880245 -8.713579 
17.260740 -22.993556 -9.255698 
17.380054 -23.858572 -9.866740 
17.545877 -22.964095 -10.366790 
16.551269 -22.922373 -10.285203 
15.681628 -22.624554 -10.920042 
14.813698 -22.253158 -11.466636 
14.621128 -22.648696 -10.302409 
14.673455 -23.604948 -10.322950 
15.400613 -24.233658 -10.871907 
16.098703 -24.921230 -10.536898 
16.855554 -24.305726 -10.629368 
16.417843 -24.534767 -11.541647 
16.135456 -23.544479 -11.685657 
16.695888 -24.141638 -12.398135 
17.408164 -24.755981 -11.869432 
17.855114 -25.421951 -11.144602 
17.852817 -26.100841 -10.393143 
17.352753 -26.371380 -11.295021 
17.911498 -26.056058 -12.011338 
18.084466 -26.943736 -11.477290 
17.794338 -27.302721 -12.444265 
17.019944 -27.978054 -12.517552 
17.264151 -27.817268 -13.469768 
16.774354 -27.063927 -14.001704 
16.733102 -26.870825 -14.992446 
17.043891 -26.308228 -15.798296 
16.086753 -25.870108 -15.710338 
17.012579 -25.291776 -15.679656 
16.340369 -25.323280 -14.791968 
16.449117 -24.304197 -14.387577 
17.470115 -24.316401 -14.220791 
17.216740 -23.469696 -13.808685 
18.032446 -23.022303 -14.182390 
19.021475 -23.318345 -14.178340 
19.364326 -23.376695 -13.225074 
18.364114 -23.478401 -13.056670 
18.439870 -24.492343 -13.269081 
18.749324 -24.441403 -14.350090 
19.126648 -25.155606 -13.596674 
19.647966 -25.213202 -12.757961 
20.614948 -24.962980 -13.265682 
20.576457 -23.995977 -12.689835 
20.217329 -23.113628 -12.123183 
20.425980 -23.713167 -11.391134 
21.276867 -24.220363 -10.862447 
21.188543 -24.905633 -10.195224 
21.319777 -24.401312 -9.855700 
19.558901 -20.140518 -9.239542 
19.201985 -19.322415 -8.776070 
19.226936 -19.482010 -7.853221 
20.195429 -19.814243 -7.554802 
20.764009 -20.578086 -7.827078 
20.700118 -21.615123 -7.598146 
21.172089 -22.499457 -7.692946 
21.292686 -22.473505 -8.716147 
20.635998 -23.367654 -9.786596 
19.536742 -23.603038 -10.152547 
18.654914 -23.885511 -9.807255 
18.611235 -23.674128 -8.851280 
19.524502 -23.337755 -9.043916 
18.881479 -24.763127 -8.719347 
17.547382 -25.056232 -9.521404 
15.418874 -25.129649 -9.234876 
15.106924 -26.829994 -9.799628 
14.391566 -27.676375 -9.781358 
14.478993 -27.368288 -8.831704 
14.313941 -27.782615 -7.911177 
15.322050 -27.979749 -7.709719 
15.640882 -28.868758 -7.770601 
16.557337 -28.551895 -8.136856 
16.562179 -27.638092 -7.524880 
17.755491 -25.997336 -5.742373 
21.069740 -23.301854 -4.051228 
21.909692 -23.485641 -2.535189 
18.977298 -22.641340 -2.143592 
17.426749 -24.850572 -1.098656 
18.298548 -24.782561 -1.612031 
18.749654 -24.317791 -0.929970 
19.370519 -24.599358 -1.930893 
22.277384 -23.191824 -0.754359 
25.034298 -23.860068 1.259716 
24.113449 -25.363071 2.108423 
23.441544 -24.163046 1.817967 
23.364761 -23.415289 0.484601 
23.208512 -22.727594 1.207520 
22.483422 -23.137066 0.469291 
22.085646 -23.261134 1.497966 
21.700726 -24.045454 2.484198 
19.952581 -25.786197 1.805083 
19.233121 -26.557032 2.804304 
18.599900 -27.401305 2.717507 
17.532229 -28.912286 3.468075 
16.820959 -30.047052 5.195284 
15.946500 -29.532123 5.105504 
15.905262 -28.553639 4.761213 
16.112881 -27.862424 5.390042 
17.134882 -27.962436 5.300665 
18.047524 -27.419914 5.341637 
18.584497 -27.591393 6.162216 
17.893581 -27.084742 6.700173 
18.734724 -26.977176 7.171941 
19.381488 -25.864829 5.167646 
20.255963 -26.283345 7.185706 
22.671601 -22.825031 7.535344 
19.870321 -25.133800 7.756551 
18.575965 -24.312955 6.503129 
20.098574 -24.011236 5.865520 
21.040923 -24.749795 6.493384 
20.905758 -23.392733 6.439908 
19.081992 -23.065591 7.103614 
17.244492 -21.789826 7.847910 
17.233201 -21.016044 7.203767 
18.431690 -21.097114 8.001618 
18.068434 -21.832862 8.599448 
17.603560 -22.788697 8.834706 
18.123786 -23.248032 9.688980 
17.411468 -23.638336 10.515284 
17.034243 -22.670873 10.336722 
16.355488 -22.274287 9.620621 
15.564496 -22.834221 10.925085 
15.830859 -23.591532 12.136441 
16.823545 -23.396690 11.815741 
16.776021 -22.633721 12.618409 
17.765981 -22.626008 12.885708 
18.142018 -21.585926 12.817530 
18.827042 -21.856745 13.557480 
19.858442 -21.844324 13.339537 
19.755876 -21.397029 14.079386 
19.763350 -19.998813 14.315229 
20.097995 -20.745258 14.890836 
20.816422 -21.057705 14.299802 
21.210232 -22.087382 14.158334 
21.618566 -22.255058 13.184373 
22.018039 -22.400537 12.287061 
20.999073 -21.393040 12.164167 
22.780366 -20.885591 12.119031 
21.251043 -22.449646 13.942057 
17.650201 -24.638408 14.117155 
16.227153 -25.892240 15.031957 
16.462204 -26.274965 14.018325 
16.856872 -26.956408 14.814005 
17.976441 -27.163235 14.638049 
18.888809 -27.046578 14.709982 
19.139837 -27.049823 15.684362 
18.466739 -26.180356 15.621593 
17.149973 -25.864456 16.061165 
17.367985 -25.087749 15.483279 
18.327910 -25.271686 15.130384 
17.995874 -25.635650 14.189733 
18.156079 -25.672985 13.316323 
18.366435 -24.759760 13.542475 
18.012003 -23.617403 13.422657 
17.350129 -24.282028 13.092046 
17.886932 -24.140246 12.191636 
18.264757 -25.095754 11.704133 
18.065866 -24.188775 11.142481 
19.030130 -24.183547 11.670510 
20.455095 -22.639080 10.947241 
21.456750 -23.372239 10.678885 
21.387246 -24.591710 10.596621 
21.487362 -25.441819 11.033275 
22.158710 -25.127489 11.840924 
20.011103 -25.442096 12.074580 
18.865359 -25.254241 10.129415 
19.248086 -25.300236 11.056101 
18.549422 -26.068553 11.129994 
16.589374 -26.711447 11.529832 
