-21.700789 8.501202 -15.961385 
-21.523748 9.575140 -16.160310 
-22.493610 9.747068 -16.394336 
-22.682877 8.983059 -15.776877 
-23.114312 9.467979 -15.035425 
-23.047946 8.509171 -14.997505 
-23.008235 7.984368 -15.967889 
-23.193150 7.378750 -14.976588 
-22.785531 6.686582 -14.328343 
-22.062324 6.936152 -14.919564 
-21.407698 7.697498 -15.219237 
-21.928804 7.918736 -14.372151 
-22.202316 7.903651 -13.366265 
-21.696725 7.097985 -13.716730 
-20.721763 7.527844 -14.067189 
-20.460625 8.182388 -14.814228 
-20.095222 7.778454 -15.667111 
-20.215907 7.052828 -16.307177 
-19.681346 6.389742 -16.946936 
-20.205270 6.666092 -17.862663 
-20.809144 5.802446 -18.097388 
-20.997432 6.561867 -18.681599 
-20.343769 7.242473 -18.976137 
-19.410194 7.669653 -19.230372 
-19.353543 7.371244 -18.169152 
-19.039493 8.391944 -17.869499 
-18.680049 9.144620 -17.389190 
-18.864875 10.144869 -17.580973 
-19.772377 10.412938 -17.840158 
-20.749640 10.587306 -17.390329 
-20.962160 11.347424 -17.991207 
-21.964134 11.012407 -18.270865 
-22.032550 10.380103 -17.424072 
-22.916759 10.978018 -17.704825 
-23.313904 10.105903 -17.476014 
-23.712883 9.664808 -18.335101 
-22.868035 9.290559 -18.304218 
-22.505714 9.342415 -19.230226 
-21.612889 9.319668 -18.839881 
-21.097808 10.023982 -18.348355 
-20.384662 9.520360 -18.685004 
-19.683331 9.026787 -18.133415 
-20.243943 9.188114 -17.218046 
-20.511222 8.446020 -18.158900 
-21.045891 8.061066 -18.854801 
-22.181384 8.235314 -18.660913 
-22.328132 7.350025 -19.257274 
-22.879849 7.409224 -18.337570 
-23.066553 8.301531 -17.712505 
-24.034624 8.749168 -17.658534 
-23.379239 9.052555 -16.872772 
-23.853253 9.018834 -15.944278 
-24.251356 9.872784 -15.579886 
-24.009180 10.694618 -16.166652 
-22.978267 10.697869 -15.907791 
-22.214120 10.929427 -16.406627 
-21.634965 10.573730 -15.758835 
-20.595626 10.313176 -16.000054 
-20.929998 11.252354 -16.223740 
-21.289499 11.393756 -15.290030 
-20.705814 11.930998 -14.716508 
-20.903814 12.911320 -14.337583 
-21.149488 11.968346 -13.800967 
-22.104546 12.086580 -13.305026 
-22.977746 12.579657 -12.921961 
-23.607947 13.405358 -13.182767 
-24.104316 13.693478 -12.380415 
-23.777739 13.046692 -11.617465 
-24.351504 12.330926 -12.195939 
-25.414032 12.081329 -12.162111 
-24.905403 12.916097 -12.748657 
-25.833777 12.948986 -13.147670 
-25.889987 13.676167 -13.908276 
-24.934621 14.005742 -14.066568 
-24.515290 14.412915 -12.705475 
-23.513729 13.558305 -9.562046 
-22.744672 12.910475 -9.572448 
-22.266016 13.905726 -9.532740 
-22.713037 14.733105 -9.872171 
-22.517803 14.246173 -10.720576 
-22.304752 15.178743 -10.824955 
-23.096820 15.551590 -11.195448 
-22.721145 15.091400 -11.914236 
-21.491369 14.435491 -12.418423 
-21.481880 14.408591 -13.847282 
-21.073867 15.309870 -14.194164 
-20.763660 15.102594 -13.217766 
-20.314604 14.433087 -13.964642 
-18.927839 13.165594 -14.768254 
-18.513964 11.630599 -16.796640 
-17.476180 12.074991 -15.722174 
-16.304776 11.866046 -17.026650 
-16.514979 11.616895 -18.081965 
-16.657880 12.640084 -18.286609 
-17.714202 12.663978 -17.925626 
-17.558390 12.100360 -18.823917 
-18.192944 11.457469 -18.219467 
-19.130026 11.117767 -18.560118 
-19.755186 11.306593 -19.462238 
-18.318515 12.308528 -21.127110 
-19.641884 15.816958 -22.348037 
-17.321457 15.810177 -22.300488 
-17.693052 16.296710 -19.551455 
-15.318411 16.655308 -19.628635 
-16.111440 17.169519 -19.277188 
-15.404078 17.571652 -18.265628 
-14.232476 18.242999 -18.681746 
-14.234469 15.943751 -20.293091 
-17.260413 14.003225 -20.410649 
-17.351226 14.169768 -18.975312 
-16.504203 14.808196 -18.192411 
-17.367480 15.879914 -18.145142 
-17.008824 16.800353 -18.417432 
-16.715110 18.229558 -19.311374 
-15.473226 17.999323 -20.388441 
-15.209376 16.082355 -20.824533 
-15.563481 13.869646 -21.583406 
-13.779077 14.102595 -21.414865 
-13.741285 13.059156 -21.599946 
-13.178971 13.201036 -22.438891 
-14.157718 14.353940 -23.104820 
-14.628105 13.985032 -22.214417 
-15.075329 14.868952 -22.443223 
-15.496564 16.044709 -22.674752 
-15.923367 16.078231 -21.782964 
-16.203433 16.912065 -21.105213 
-16.130016 17.940467 -21.443728 
-16.795453 17.809106 -20.649259 
-17.274010 18.289860 -21.518628 
-16.741311 19.752603 -20.650231 
-18.768536 21.006766 -18.111133 
-17.469210 20.205851 -18.026100 
-17.969573 20.733962 -20.715394 
-16.197348 21.631577 -21.689722 
-15.572972 19.747046 -21.906998 
-15.472642 18.956055 -21.713740 
-16.179760 19.221542 -23.424132 
-15.647609 19.933938 -23.123767 
-17.334553 19.393642 -23.594903 
-16.989096 18.492279 -23.561932 
-18.250720 17.750274 -23.151666 
-19.000117 17.914683 -22.002928 
-18.146706 17.418388 -21.715862 
-17.914660 16.695158 -20.843896 
-18.133224 17.731595 -20.707900 
-18.173280 18.627987 -20.234249 
-18.685394 19.225065 -19.528826 
-19.390106 18.556350 -20.355347 
-20.504970 19.030009 -20.360579 
-21.565529 19.218435 -20.220603 
-20.796678 18.729927 -19.345098 
-19.652775 19.169483 -18.730904 
-20.022091 19.692406 -17.811648 
-20.386792 20.253733 -16.934332 
-20.547603 21.219214 -17.348583 
-21.579402 21.701609 -16.567416 
-22.600639 21.926109 -15.602506 
-22.841894 20.929707 -15.840347 
-22.056188 20.293243 -16.109784 
-21.594786 19.387529 -15.756256 
-20.783580 19.881281 -15.391486 
-20.421424 20.775953 -15.754635 
-19.126338 20.166955 -15.787428 
-20.098541 19.140312 -13.690654 
-22.758511 16.031860 -14.375402 
-22.009415 12.560133 -15.735889 
-20.588154 12.537086 -18.067664 
-21.325685 12.216883 -18.821889 
-22.269682 12.254415 -18.364008 
-23.009049 12.784415 -18.661194 
-23.610776 12.925678 -17.801225 
-23.043517 13.697933 -17.744994 
-22.956751 14.199791 -18.443699 
-23.439477 14.578365 -19.540175 
-23.285231 14.417666 -20.512439 
-22.506919 14.014063 -20.104139 
-21.972249 14.764279 -19.376497 
-21.056132 14.425131 -19.044401 
-20.634396 13.474311 -18.518282 
-21.443213 13.627683 -18.101332 
-20.632198 14.211429 -17.652004 
-19.805268 14.890498 -17.183987 
-20.333316 15.268248 -16.437112 
-19.910031 16.239413 -16.587598 
-20.025263 15.874578 -17.602280 
-19.455844 13.926000 -18.523939 
-18.766052 12.496870 -19.094608 
-18.667940 12.533348 -20.084336 
-19.541144 12.945184 -20.117812 
-20.141184 13.385688 -20.909378 
-22.027084 12.224778 -19.952009 
-21.312637 10.268737 -19.565520 
-21.749469 9.565279 -20.098762 
-21.679858 10.491981 -20.550061 
-23.963488 10.978024 -19.560348 
