-10.522974 -26.282118 17.764504 
-9.927719 -25.825615 16.961296 
-9.095108 -25.845330 16.252156 
-9.338887 -26.776487 16.265154 
-9.202445 -27.755482 15.710788 
-8.952696 -28.464887 16.404064 
-8.815198 -28.671312 15.319087 
-8.390395 -29.603609 15.519928 
-9.287123 -29.443982 15.955811 
-9.609131 -29.706912 15.096145 
-9.044141 -29.403271 14.227854 
-9.322648 -28.970133 13.284827 
-10.115259 -28.535104 12.700165 
-9.379817 -28.496193 11.851066 
-8.860060 -29.095266 11.273943 
-8.609683 -29.659224 11.971793 
-8.014411 -30.395248 11.785481 
-8.715101 -30.503958 12.450114 
-9.696553 -30.731617 12.616855 
-9.778848 -29.704329 12.416461 
-10.211256 -30.120810 13.171834 
-11.051275 -30.260331 12.546714 
-10.363254 -30.303213 11.733807 
-10.661493 -30.923563 11.017845 
-11.226737 -31.345300 10.206080 
-10.888704 -32.138832 9.468737 
-11.275547 -32.143655 8.510841 
-10.298841 -32.502529 8.402305 
-10.532524 -31.879699 7.637469 
-9.647696 -31.335185 7.369937 
-9.300009 -30.500129 7.796369 
-8.633488 -30.192430 6.921079 
-9.339529 -30.874185 6.502127 
-9.898848 -31.754583 6.205175 
-9.701930 -32.538346 5.538793 
-9.171234 -33.036161 4.791615 
-10.113688 -32.980867 4.411354 
-11.024270 -33.440543 4.764248 
-11.506113 -32.591112 5.167559 
-11.818962 -31.825255 5.774071 
-11.030842 -31.573198 5.087354 
-10.917600 -31.660936 4.026715 
-10.484867 -32.109302 3.213661 
-9.599140 -32.580015 3.300614 
-9.303516 -31.685871 2.963870 
-9.952646 -31.038481 3.636225 
-9.753108 -31.353398 4.563426 
-10.083795 -30.595617 5.202527 
-10.544222 -30.610775 6.104499 
-11.281220 -30.220012 6.609375 
-10.723105 -31.050184 7.097363 
-11.654577 -31.265465 7.557145 
-11.746695 -30.362058 8.033710 
-11.095103 -30.485277 8.908991 
-10.756450 -30.017037 8.108636 
-10.668245 -29.604887 9.066839 
-10.088286 -29.947159 9.818533 
-9.946752 -29.939864 10.880485 
-9.548571 -30.863523 10.539028 
-9.027202 -30.542563 9.767737 
-8.434080 -31.110012 10.487504 
-7.582003 -30.686994 10.451700 
-7.352466 -30.974650 9.438531 
-7.026436 -31.766090 8.955498 
-6.655171 -31.651303 7.944481 
-6.136463 -32.641009 8.025351 
-5.781166 -32.479492 9.019690 
-5.010964 -32.166290 9.756811 
-4.282875 -32.843006 9.467563 
-4.730483 -32.899491 8.515599 
-4.349048 -33.487472 7.824451 
-3.509019 -33.832635 8.523924 
-2.532464 -33.426567 8.976271 
-1.490589 -33.652927 8.856197 
-0.818153 -33.992475 5.411347 
0.775450 -31.880673 6.339076 
1.638413 -31.283494 6.671942 
2.590735 -31.501292 6.299333 
3.166411 -30.660701 6.608290 
4.142287 -30.417850 7.044152 
4.455289 -31.294773 7.429517 
3.449441 -31.765372 7.574353 
2.485124 -31.585063 7.539901 
1.194284 -31.711875 8.037661 
0.054737 -31.779238 9.057121 
-0.540026 -32.196037 9.896763 
-0.920769 -31.950686 8.929651 
-1.155465 -31.168582 9.648342 
-2.424742 -29.830398 12.735147 
-2.989948 -30.260032 16.116476 
-1.215861 -31.073989 16.157189 
-0.843493 -32.858526 15.006423 
-0.863980 -32.590058 14.013106 
-0.474219 -31.893981 13.339247 
0.280322 -31.217959 13.013055 
-0.022645 -30.260887 12.804667 
0.785387 -30.328565 12.183772 
-0.099374 -30.488033 11.690276 
-0.070139 -30.366400 10.720236 
-2.596423 -29.315099 9.295764 
-5.040433 -32.608997 6.454239 
-5.415290 -33.082051 5.241682 
-6.703898 -32.903004 4.421362 
-3.194543 -31.978778 6.422693 
-2.696537 -32.623183 7.171769 
-1.941908 -33.587892 7.845252 
-0.698508 -33.376975 7.020621 
-0.453255 -32.113614 7.600608 
-1.706448 -32.281363 11.846466 
-1.478655 -31.297140 12.034913 
-1.738700 -30.148822 12.493263 
-2.484246 -30.466037 12.754640 
-2.796404 -31.461547 12.868901 
-4.545379 -31.240211 13.584470 
-6.429359 -30.976777 13.385034 
-6.756652 -31.331300 12.293909 
-7.246539 -32.751283 10.054971 
-8.480889 -32.266235 8.278811 
-8.761982 -31.248232 8.240022 
-8.252591 -29.927773 8.633984 
-7.479409 -29.147853 9.823252 
-7.890444 -28.147496 9.777048 
-7.622314 -28.324647 10.675209 
-6.787908 -28.592081 11.650598 
-6.788806 -28.607129 12.845691 
-6.905297 -29.581221 12.648400 
-7.828968 -29.501346 12.946729 
-7.806482 -30.157446 13.747286 
-8.226873 -30.785741 14.476945 
-7.832698 -30.514657 15.884318 
-10.150418 -28.029327 16.814884 
-11.280385 -28.296103 13.318627 
-13.188397 -29.787098 10.780946 
-13.133236 -30.301243 8.617155 
-14.262458 -30.562628 7.728729 
-14.095776 -29.013885 6.655506 
-14.656956 -29.275841 5.104896 
-14.512682 -29.134554 3.059767 
-15.703422 -29.714037 3.390014 
-16.262760 -28.917923 3.954011 
-16.976041 -30.008083 4.470405 
-18.272246 -30.715513 4.392305 
-18.191227 -30.195141 3.553215 
-17.862922 -29.292310 3.642280 
-18.694352 -29.416397 4.042800 
-19.155509 -29.393281 3.170027 
-19.045412 -29.746554 2.175268 
-18.680569 -29.871752 1.320353 
-17.572617 -29.914942 2.261541 
-17.021720 -30.777822 2.291739 
-16.052717 -30.991206 2.331330 
-15.883503 -30.873724 3.852546 
-15.149090 -31.227904 4.517513 
-15.626052 -30.380232 5.019785 
-15.583491 -30.682738 5.972231 
-16.162651 -29.774994 6.649551 
-16.712934 -29.820814 7.428967 
-16.301431 -29.449700 8.453066 
-15.283935 -29.926779 8.491923 
-15.398288 -29.723707 9.573540 
-14.603175 -29.198369 9.279655 
-15.185099 -28.658120 10.264743 
-15.088380 -28.122784 11.083193 
-15.617043 -26.833383 11.978576 
-15.847705 -26.464370 12.719234 
-11.619551 -25.514744 13.920210 
-10.550958 -24.767575 15.096016 
-9.951329 -25.398527 15.657394 
-10.585602 -25.248645 16.449191 
-11.382472 -25.189757 16.822172 
-12.184728 -25.417608 16.068163 
-12.509910 -24.518236 16.097685 
-11.690200 -24.395841 15.376725 
-12.789491 -24.515389 14.945398 
-12.906654 -25.563635 14.925716 
-13.591975 -25.643874 14.417934 
-13.924577 -24.766756 14.724080 
-14.888600 -24.584389 14.880884 
-15.825818 -25.136297 14.937411 
-16.694430 -25.643001 14.873220 
-16.689810 -24.653032 14.636455 
-16.941530 -24.113832 15.481578 
-17.235513 -23.124162 15.378774 
-18.002870 -23.443387 14.725048 
-17.399637 -23.797044 13.966350 
-18.679841 -25.113517 12.722548 
-18.781591 -23.759096 12.016655 
-17.929608 -22.537437 11.705410 
-16.504308 -22.031524 11.736433 
-15.561079 -21.969186 12.190645 
-14.808210 -20.825571 12.206217 
-16.460334 -20.961425 13.049607 
-17.106367 -20.399595 13.457194 
-17.929748 -20.495888 13.984793 
-21.038795 -21.975977 13.160496 
