6.511707 -30.424765 -2.449666 
7.699684 -30.273367 -2.418342 
7.801819 -31.092775 -1.791537 
8.766540 -30.666650 -1.718263 
8.588186 -29.676813 -1.389798 
8.462782 -30.079525 -0.474381 
9.418104 -30.004418 -0.438445 
10.085625 -30.231865 0.418451 
10.291945 -30.551670 -0.606460 
9.884430 -30.787726 -1.525924 
10.346399 -31.192903 -2.411743 
9.917956 -30.566257 -3.026211 
10.105617 -29.570055 -2.552777 
9.886175 -29.702447 -1.608069 
10.475170 -29.023910 -1.784249 
11.359387 -28.905208 -1.461664 
11.654440 -28.214020 -2.119361 
11.223725 -27.209217 -2.370597 
10.603530 -27.956381 -2.050783 
9.790418 -27.810367 -2.452490 
9.042322 -27.224118 -2.320097 
8.448549 -27.544786 -3.077493 
7.549530 -27.628431 -3.480649 
7.655662 -26.879959 -2.746880 
8.380943 -26.352002 -2.321081 
9.000685 -26.422063 -1.600047 
8.174931 -27.023697 -1.557741 
8.115736 -27.959311 -2.071848 
7.113193 -28.186893 -2.441034 
6.157959 -28.502178 -2.178199 
5.794544 -29.335377 -2.188478 
6.860745 -29.321950 -2.353853 
7.219677 -29.376170 -3.284143 
6.495793 -28.989971 -3.897929 
5.767177 -28.738290 -3.217868 
5.961118 -29.681244 -3.274247 
5.269723 -29.367424 -3.843322 
5.831705 -29.093655 -4.626537 
5.371491 -28.232431 -4.266122 
6.016123 -27.444199 -3.780389 
5.457362 -27.201549 -2.941579 
6.208188 -27.484193 -2.226903 
6.530868 -26.770552 -3.024161 
5.804251 -26.631086 -2.258365 
6.410821 -26.318015 -1.470039 
7.435906 -26.299875 -1.668897 
6.964729 -25.670614 -1.020293 
7.908841 -25.839596 -0.849332 
8.956066 -25.770456 -0.699599 
8.922188 -25.314783 -1.684458 
8.374685 -24.494180 -1.309852 
7.722889 -25.189372 -1.754205 
7.031725 -25.816216 -2.350435 
7.149294 -24.880341 -2.990710 
6.123598 -24.914654 -3.327760 
5.536936 -25.572750 -2.623186 
5.367780 -24.691704 -1.956634 
5.806554 -24.788550 -1.010910 
6.505792 -24.641145 -1.658525 
7.331068 -24.577583 -1.064983 
6.884501 -24.816754 -0.210051 
7.511776 -24.940174 0.629397 
7.323068 -25.943704 0.553496 
6.588184 -25.864731 -0.102161 
5.779260 -26.369082 -0.009393 
6.411442 -27.237685 0.442856 
5.400378 -27.381721 0.707547 
6.022857 -26.954807 1.416083 
6.737555 -27.717996 1.520854 
7.346701 -26.936450 1.740613 
7.902004 -27.833492 1.879400 
7.549590 -27.927443 0.996335 
7.887920 -28.709767 1.445398 
7.656817 -29.372278 2.309481 
6.956426 -27.577732 4.203016 
6.392278 -25.916662 5.270713 
6.821731 -25.135649 4.705063 
6.699559 -24.058210 4.673423 
5.966876 -24.278145 4.085436 
6.119380 -23.891461 3.077934 
6.845574 -24.389709 3.588972 
6.627978 -24.765958 2.693266 
6.665447 -25.699921 2.168138 
5.598376 -24.763563 2.070296 
5.104856 -24.620675 0.873065 
5.563060 -25.107652 -0.025159 
6.215991 -25.339568 0.826249 
6.110549 -24.335307 0.450057 
6.104166 -23.466845 0.529721 
4.509958 -26.131866 -1.890574 
4.614764 -26.244535 -3.803024 
4.046107 -27.205602 -2.791445 
3.562224 -26.469999 -2.171283 
3.063944 -27.350423 -2.192789 
2.393633 -28.278613 -2.224032 
1.332762 -28.515352 -2.306906 
0.900821 -29.105216 -1.529206 
1.339586 -28.918489 -0.464155 
1.107152 -29.737364 -0.250966 
2.929354 -29.482152 -2.939390 
2.958613 -26.203231 -2.846778 
4.216565 -26.724014 -0.284793 
4.422553 -26.885820 3.031377 
5.752822 -27.321040 5.638888 
5.131268 -26.541995 5.956643 
5.384273 -26.131500 4.549125 
5.102751 -26.756632 3.446393 
4.394576 -23.871956 2.613579 
4.441784 -23.668587 -2.627625 
5.072809 -23.637486 -3.708562 
6.258191 -24.017178 -4.494873 
7.367186 -24.643728 -4.089655 
8.192912 -25.110686 -3.891485 
9.603770 -24.618722 -4.277637 
9.782639 -24.618352 -5.058716 
9.484203 -26.534858 -5.045887 
10.656179 -27.481840 -4.514401 
12.580773 -28.160411 -4.213060 
13.526729 -27.882224 -4.314829 
14.144317 -26.816734 -5.769756 
13.472856 -26.806751 -6.884994 
13.039113 -26.896192 -5.937162 
12.785285 -26.141778 -5.354450 
12.354957 -25.113464 -4.341020 
13.120745 -24.344313 -3.631171 
13.340466 -25.288002 -3.682127 
12.465555 -25.470675 -3.195008 
11.508663 -25.778469 -3.220220 
11.812565 -25.402026 -2.249826 
11.291633 -25.015151 -1.089287 
15.081499 -21.132608 2.627452 
17.692253 -19.326893 5.459334 
17.655604 -17.968125 4.911838 
18.676009 -17.174818 4.380490 
20.012066 -15.764221 3.734795 
20.405833 -16.574659 5.413268 
19.517005 -17.171205 5.847097 
17.817505 -16.183611 6.412595 
16.351707 -16.711583 7.715344 
16.357289 -17.545305 8.449336 
15.156775 -17.175239 9.325094 
13.772633 -17.353323 9.132893 
13.346700 -18.290892 8.906198 
12.410011 -18.340810 9.130366 
11.691822 -18.840928 8.579240 
11.548014 -19.780631 8.372766 
11.591351 -19.371320 7.437374 
11.255035 -20.799674 7.954758 
11.094761 -20.604522 9.129932 
11.582275 -19.724578 9.453187 
11.026161 -19.762944 10.213192 
12.079946 -20.133465 10.519131 
12.465814 -20.874209 10.995637 
12.411101 -21.384859 10.108613 
12.367289 -20.915888 9.189014 
13.542755 -21.214709 9.255990 
14.447404 -21.502111 8.960628 
15.297697 -22.091991 9.202571 
15.287321 -22.015871 8.196497 
15.696952 -21.160755 7.956551 
16.472215 -21.812391 8.432384 
16.592437 -20.715492 9.239456 
17.859504 -20.701898 10.273033 
17.830111 -22.665200 10.908872 
15.383682 -24.591158 12.606983 
13.240492 -26.313607 10.819133 
11.510953 -25.511977 9.539930 
10.415336 -26.097528 9.608339 
10.453158 -26.391754 8.651897 
11.255224 -25.847683 8.375981 
11.056653 -25.937388 7.463312 
11.595140 -26.344020 6.597550 
11.675318 -25.933625 5.580211 
12.169942 -24.528453 5.333866 
13.026825 -24.768704 4.711180 
12.819925 -23.772248 4.907722 
12.303579 -22.892609 4.937464 
11.500158 -22.824713 5.600985 
10.738494 -23.575858 5.465753 
10.254978 -22.854220 5.880135 
10.791173 -22.290674 6.609909 
10.794002 -23.000081 7.248981 
11.345804 -22.428463 7.819682 
10.788963 -22.919225 8.529003 
11.738218 -23.320962 9.050051 
13.445762 -23.078734 8.554679 
14.195594 -25.289406 8.043216 
13.474543 -25.167708 8.733963 
13.177386 -24.902402 7.610672 
12.959792 -24.241803 6.708746 
12.279136 -23.349779 6.966877 
12.593606 -21.038905 7.426042 
13.500595 -21.167367 6.914269 
14.203373 -21.407418 7.509509 
17.377726 -23.067757 7.009032 
