-3.665222 -24.882060 21.205327 
-3.305411 -23.891847 20.891620 
-3.494108 -23.897370 19.872859 
-3.365340 -24.784338 20.280602 
-3.001601 -25.611916 20.770726 
-2.905719 -25.858926 19.819049 
-3.308554 -25.741990 18.805596 
-2.334409 -26.095153 18.228553 
-1.468494 -26.268613 17.770274 
-0.980122 -26.216268 16.898241 
-1.618028 -26.954597 16.728408 
-0.828321 -27.561660 16.365898 
-0.061366 -26.896698 16.387907 
0.556047 -26.732822 17.091138 
0.970873 -26.758836 16.145425 
1.344450 -27.681881 16.500974 
1.654656 -27.464779 17.426717 
2.564427 -27.354229 16.843274 
2.990260 -26.606317 17.196429 
3.141335 -26.039487 16.250894 
2.191365 -26.379851 16.142279 
1.391233 -25.741813 16.180423 
1.052433 -25.167408 17.009194 
0.571304 -24.272758 17.248871 
1.592350 -24.270988 17.487284 
1.199653 -23.552702 16.668041 
1.094683 -22.798209 16.034168 
0.772706 -22.573453 15.108741 
0.355069 -23.369260 15.535162 
0.715842 -23.518975 14.582060 
1.627523 -24.059027 14.812658 
2.394808 -24.562285 14.619054 
1.486073 -25.010399 14.441382 
2.173027 -25.468358 13.724365 
2.266187 -25.930645 14.560414 
1.976845 -26.844982 14.769260 
1.233648 -26.151727 15.186077 
0.348439 -26.804243 15.112124 
-0.271238 -26.030583 15.087231 
-0.225658 -25.401205 15.902631 
0.236048 -25.708189 16.744732 
-0.199949 -25.957293 17.649846 
0.471149 -26.410187 18.471692 
1.471310 -26.471198 18.949987 
1.506137 -26.402628 17.920877 
2.015691 -25.639401 17.513887 
2.298833 -25.171935 16.660814 
2.075387 -25.103507 15.650275 
1.259974 -24.714045 16.020346 
0.816441 -24.596378 15.134151 
-0.196201 -24.553669 15.053668 
-1.105289 -24.363142 15.697777 
-0.128567 -24.388705 16.058482 
-0.536900 -24.907260 16.842886 
-1.198033 -24.293575 17.213692 
-2.088057 -24.925225 17.130917 
-2.292389 -24.244935 17.942209 
-2.521186 -23.894073 18.877798 
-2.324453 -23.914532 19.948904 
-2.610593 -22.903362 19.860502 
-3.590707 -22.721273 20.049673 
-4.437148 -22.426946 20.492955 
-5.338330 -22.199932 20.057012 
-5.703487 -23.076245 20.383089 
-5.287447 -22.837424 21.275530 
-6.118965 -23.027915 21.882083 
-7.082856 -23.205837 21.507407 
-7.636397 -24.117924 21.482948 
-8.055407 -23.922791 22.471326 
-7.030759 -24.228846 22.655071 
-6.916800 -23.211687 22.580168 
-7.473030 -22.467807 22.773352 
-7.993733 -21.745000 22.400199 
-7.708733 -21.887551 21.446216 
-9.411783 -22.874461 21.364224 
-12.572114 -23.708213 20.488518 
-13.494229 -23.036813 20.374795 
-13.038826 -22.231563 20.478670 
-13.020159 -22.312221 19.516661 
-12.293913 -22.721486 20.301339 
-11.849097 -23.291602 21.244805 
-12.743148 -22.960960 21.717845 
-12.919753 -22.083083 22.117346 
-12.866611 -21.140674 21.861884 
-12.166486 -21.864706 21.511670 
-12.201498 -20.940171 21.019080 
-11.480181 -21.570604 20.593604 
-10.677839 -21.600953 21.375158 
-10.419826 -20.325497 20.603938 
-11.445010 -19.062978 22.258503 
-10.081064 -18.831022 21.574295 
-9.821444 -19.316228 19.658793 
-10.362147 -18.723786 19.026173 
-11.593373 -18.550563 19.604917 
-11.218890 -17.720220 18.976485 
-11.114802 -17.898657 17.916398 
-10.103877 -17.580063 18.106008 
-10.400169 -18.093397 17.213459 
-9.358319 -18.070732 17.403476 
-6.394600 -20.267423 17.050838 
-2.369696 -19.955292 14.758004 
-3.496945 -21.518334 13.983580 
-1.387885 -25.301225 12.085545 
-2.013558 -26.785720 12.426469 
-2.372463 -25.883898 12.715014 
-2.096731 -24.981724 13.193914 
-1.878750 -25.097661 12.237617 
1.485574 -26.149251 12.486771 
4.673858 -29.132143 12.585680 
7.572982 -27.926513 11.569392 
7.822593 -27.513388 10.482888 
8.434199 -27.343816 9.745669 
9.376126 -27.886321 9.849879 
7.863181 -28.808799 10.418248 
6.985134 -30.100831 11.411979 
8.054492 -29.581851 11.801712 
9.827314 -30.310613 10.667377 
9.498184 -30.599359 11.145673 
8.711959 -30.815317 10.448753 
8.846887 -30.603228 7.881131 
7.052707 -31.313199 7.099703 
6.674341 -31.847203 7.840623 
7.109700 -30.921015 8.064210 
6.987781 -30.056072 8.742163 
6.250045 -30.936166 8.679593 
5.765528 -31.786224 9.201462 
6.111837 -31.478742 10.168042 
5.324258 -32.094387 10.501360 
6.104700 -32.140361 11.013733 
5.966384 -31.152115 11.590420 
3.226092 -28.004133 10.345951 
3.362740 -24.907518 8.380910 
4.356966 -26.818681 8.712115 
6.197399 -26.700385 8.771239 
6.974759 -24.443358 7.807353 
7.625517 -26.386728 8.773512 
6.539097 -27.761170 9.924395 
5.942607 -27.246353 10.527363 
5.033596 -27.372295 10.822948 
4.732430 -27.195030 11.742010 
5.171966 -28.514178 11.052181 
5.774280 -29.829330 10.633588 
5.549744 -30.352264 9.751677 
5.566617 -29.315723 9.721366 
6.028877 -28.581613 9.216631 
5.529092 -29.069326 8.419588 
6.080119 -28.650759 7.777873 
7.367665 -28.534094 7.753953 
8.631328 -28.328834 7.134975 
9.021308 -27.461732 6.722501 
8.229443 -26.972673 7.348108 
6.826802 -27.083476 7.438922 
7.000034 -26.189976 6.865667 
6.148788 -25.614655 7.036323 
5.640980 -26.051224 7.768071 
4.515672 -27.825217 7.682956 
3.288600 -27.826058 6.471594 
2.310856 -28.171475 6.576713 
2.401453 -29.228994 6.302278 
1.511754 -29.475941 6.082165 
1.789384 -29.378112 7.109784 
0.345437 -28.303299 7.351378 
-0.832777 -28.020701 8.121269 
-2.941168 -27.682052 8.958887 
-2.184529 -24.497895 8.310787 
-2.489647 -24.496265 11.131325 
-1.170115 -26.006938 9.504187 
-0.552416 -26.898172 9.616974 
-0.826327 -26.759154 8.627925 
0.189617 -27.062331 8.777006 
0.568905 -26.819266 7.808562 
0.895378 -27.223951 6.882563 
1.610076 -26.828390 7.569590 
2.178988 -25.992096 7.739609 
2.540829 -26.495928 6.965597 
3.066967 -25.758828 6.565728 
3.899981 -26.263254 6.557705 
4.360078 -27.204121 6.676116 
4.727249 -27.111290 5.606956 
5.344787 -26.987626 4.801599 
5.041190 -25.994869 4.868259 
4.035458 -25.519860 4.914018 
4.699522 -25.243269 5.565906 
5.136827 -24.879537 6.432814 
5.152986 -25.881513 6.324555 
5.897082 -27.165993 6.060325 
6.009388 -28.252082 4.508985 
5.754775 -29.341622 4.728064 
6.059177 -30.518362 5.032924 
6.821546 -30.643286 5.727465 
6.587354 -29.476042 6.219172 
5.235230 -28.712392 6.782112 
5.408286 -29.555415 7.406804 
4.313158 -29.898882 8.164286 
2.448504 -28.355370 8.327458 
