15.587368 -14.845471 3.858885 
16.624801 -14.641140 4.244714 
16.425335 -14.404708 5.281591 
16.638670 -13.452490 5.382736 
17.110929 -13.741939 4.388071 
17.804929 -13.644623 5.158798 
17.960633 -12.812752 5.740201 
18.244025 -11.872493 5.400938 
18.338483 -10.739679 5.076236 
17.851051 -10.033487 5.570061 
18.275333 -9.319843 5.009181 
19.220507 -8.678271 5.280977 
20.262683 -8.752564 5.541717 
21.207265 -8.395181 5.404812 
21.826201 -9.193175 5.580571 
22.684745 -8.603295 5.802403 
23.674765 -8.266264 5.874707 
24.348840 -7.463592 6.025187 
24.433206 -6.531516 5.325783 
24.450779 -5.955553 4.517459 
23.702679 -6.331421 3.747375 
23.053920 -6.614864 2.915707 
23.457748 -7.489354 3.400552 
22.643041 -7.683013 4.237928 
22.137487 -7.954735 5.084675 
23.069206 -7.636708 5.407316 
22.988527 -6.829088 4.804341 
21.983974 -6.993742 4.429410 
22.037301 -6.710900 3.486198 
21.372482 -6.049558 4.035791 
20.950795 -6.008603 3.155418 
20.910757 -6.968937 2.913589 
21.587736 -6.611696 2.218096 
21.931835 -7.444803 1.471596 
21.806074 -8.431559 1.231716 
22.131927 -9.409860 1.671988 
21.179817 -9.186221 2.164997 
20.385542 -8.552194 1.767020 
20.324518 -8.851497 2.819806 
19.445026 -9.391782 2.290852 
18.417385 -9.253298 2.326141 
18.396941 -8.260654 1.766205 
18.028852 -7.575265 1.236352 
17.985423 -7.196646 0.262276 
17.753640 -7.486088 -0.715791 
18.491466 -8.202316 -0.943443 
18.165363 -8.733395 -0.154862 
17.302023 -8.802827 -0.815282 
16.505740 -8.935622 -0.151074 
15.806544 -8.249523 0.259083 
14.923668 -7.905592 0.921413 
15.005188 -8.494655 1.702863 
15.401266 -9.180115 1.023752 
16.291182 -8.734743 1.420347 
17.284387 -8.982022 1.075268 
16.684677 -9.729904 1.146114 
17.497103 -10.061349 0.414748 
17.718617 -10.325444 -0.603446 
18.290989 -10.002420 -1.314666 
18.093461 -11.006322 -1.547025 
18.826602 -10.444016 -2.101442 
18.632702 -9.427062 -2.022055 
19.539715 -9.629902 -1.564327 
19.065097 -10.178814 -0.829358 
18.926871 -10.176789 0.140511 
19.837486 -9.748296 0.030166 
20.351151 -10.244228 -0.646452 
20.940785 -9.935428 0.255727 
20.119933 -10.126388 0.926772 
19.668071 -11.002201 0.542918 
19.001537 -11.457041 -0.179075 
19.339886 -12.475796 -0.077226 
18.516326 -13.073334 -0.357442 
17.618543 -13.444142 -0.256003 
17.390369 -10.592180 2.011404 
16.178192 -8.795636 2.657886 
17.041564 -8.615209 3.061939 
17.335314 -8.059342 3.920725 
17.764506 -7.560243 3.203040 
18.524511 -8.404898 3.443314 
18.889373 -9.156570 4.017125 
19.519390 -8.280840 4.102937 
19.490388 -8.290142 3.011354 
20.741259 -7.796443 3.585551 
20.478615 -7.397072 4.563699 
20.735819 -6.780308 5.426369 
21.171706 -7.512390 6.014942 
21.276644 -6.639493 6.710921 
20.259512 -5.874699 7.338900 
17.210070 -6.541187 8.560511 
17.288474 -7.934280 6.791569 
17.899319 -8.044659 7.883546 
18.479852 -8.971488 8.149049 
19.093321 -9.368642 7.345124 
19.514824 -9.513943 6.501294 
20.290943 -10.010131 6.852473 
19.676102 -10.770887 7.457697 
20.220047 -10.412574 8.352549 
20.909500 -10.502535 9.077305 
18.774896 -11.980705 10.700147 
16.846572 -10.819049 11.343939 
17.051886 -8.944413 13.478659 
17.737098 -9.800843 15.003511 
14.095893 -11.132380 12.939822 
13.265940 -11.582688 13.111314 
13.069914 -12.664403 13.429182 
13.215691 -13.740032 13.207235 
14.905112 -14.017803 13.899434 
13.197975 -15.172394 17.817382 
11.756035 -15.397370 17.267199 
10.678234 -16.224738 16.779515 
10.922797 -16.779701 16.007882 
11.097375 -17.570700 16.511168 
9.674665 -18.657552 16.948849 
9.294438 -18.954722 16.230874 
8.889361 -20.115388 15.924245 
8.617088 -21.040808 14.893813 
10.003299 -22.589815 14.484334 
10.225834 -22.086655 13.524508 
9.190737 -21.182156 12.916266 
9.294372 -21.641655 11.520126 
9.342413 -22.598421 11.202717 
9.565904 -22.553677 12.234930 
9.338609 -23.139840 13.414334 
8.909534 -24.257945 13.855418 
8.729470 -25.165416 14.297360 
9.317708 -24.396846 14.812677 
9.875579 -25.104054 14.506135 
10.238093 -24.656622 15.408240 
9.723809 -23.448598 16.432863 
11.220450 -18.390144 17.299566 
11.853584 -17.763780 19.948182 
12.994947 -19.324615 20.891095 
12.096984 -19.536863 21.142771 
11.844367 -20.481782 22.281954 
10.673694 -20.566467 21.278377 
8.958031 -19.485581 21.111602 
7.838346 -18.777400 19.957244 
8.353192 -18.321876 18.524327 
7.287257 -18.793586 18.398864 
6.447335 -19.903146 17.689357 
5.599661 -21.040997 16.951979 
4.832000 -21.752642 16.993551 
4.908587 -22.622696 17.578239 
5.444138 -22.622434 16.639030 
5.563590 -23.027900 15.731873 
5.710361 -22.613781 14.763716 
6.649420 -22.016566 15.991872 
6.918348 -20.896376 16.126575 
6.630767 -19.979833 15.744081 
6.208507 -18.940340 16.269264 
7.514341 -18.648862 15.762239 
8.098899 -18.646461 14.940978 
9.041741 -19.114702 14.892246 
9.063049 -19.890105 14.084005 
8.859125 -19.360791 12.628766 
9.636837 -19.580145 11.927203 
10.389809 -18.939757 12.203725 
10.603195 -19.544237 11.432805 
10.025961 -19.008796 10.783949 
9.769844 -17.974359 10.789885 
10.735898 -17.525838 10.125350 
11.096719 -17.702503 9.301645 
12.933687 -19.370407 9.343379 
13.677813 -19.132288 12.225852 
11.403710 -19.130003 14.056525 
10.373021 -20.867908 15.081237 
10.490168 -21.001531 16.085513 
10.000409 -21.726157 16.504936 
9.403580 -22.422753 16.940740 
8.671992 -21.977700 17.520474 
7.829934 -22.048385 18.151061 
7.328515 -21.583831 17.268014 
6.706985 -21.942798 18.244643 
5.644170 -21.554221 18.118966 
5.648677 -22.279782 18.760197 
5.060517 -22.902549 19.249000 
4.377935 -23.209049 18.565589 
3.912547 -23.061671 19.459565 
3.229452 -23.492978 18.994336 
3.207191 -23.643853 20.077363 
3.021246 -23.600083 21.161803 
2.637884 -24.489253 21.050687 
3.661201 -25.008790 21.241068 
3.811047 -24.410913 20.389347 
5.096570 -24.535606 18.903131 
5.950615 -23.472614 19.948094 
6.317372 -23.851686 20.796798 
7.071304 -23.468806 21.167713 
6.830308 -23.896349 22.041332 
6.577294 -25.216102 22.943908 
4.398524 -25.570513 22.546338 
4.094430 -24.663856 22.268165 
4.933661 -24.513669 21.741827 
6.050107 -22.959699 24.085006 
