-28.568354 -4.184087 -5.161857 
-29.088377 -3.408741 -4.792901 
-29.919863 -2.917730 -4.845623 
-29.485803 -2.052454 -4.432785 
-29.367111 -1.046309 -4.510278 
-28.456411 -1.261864 -4.356609 
-27.779783 -1.212572 -5.076744 
-28.070075 -0.262901 -4.894056 
-28.578663 0.266667 -4.311496 
-29.313055 0.915096 -4.627226 
-29.902303 0.898475 -5.582103 
-29.091735 0.030981 -5.645010 
-29.900185 0.137569 -5.001934 
-30.318381 -0.117880 -4.088906 
-31.225866 -0.660784 -4.005630 
-31.495285 -1.015677 -3.038064 
-31.522896 -1.803474 -3.704142 
-32.468108 -2.005343 -3.307097 
-32.647028 -2.977229 -3.101648 
-33.508010 -3.455958 -2.797543 
-34.029435 -3.204264 -3.636555 
-33.472031 -2.181460 -3.544476 
-33.439748 -2.052509 -4.524868 
-32.713264 -2.694914 -4.395650 
-33.040277 -2.360783 -5.447243 
-32.350989 -1.609005 -5.615042 
-32.314010 -2.188408 -6.462888 
-31.338116 -1.979152 -6.646869 
-31.622093 -1.869578 -7.646247 
-30.693499 -1.648120 -7.716636 
-30.333680 -2.652107 -7.692464 
-29.695050 -3.320478 -7.681770 
-29.200025 -2.412132 -7.755195 
-28.830505 -1.579198 -7.099782 
-27.864589 -1.357766 -6.798963 
-28.437369 -0.788403 -5.957975 
-29.331207 -1.110806 -5.771110 
-29.993402 -1.702947 -5.234738 
-30.518113 -1.350387 -4.489501 
-31.207766 -1.876427 -5.150442 
-31.305941 -2.811005 -5.656641 
-30.694517 -3.700005 -5.441304 
-31.311405 -3.451883 -4.597330 
-31.463613 -4.069482 -3.880954 
-31.298614 -5.032617 -4.547701 
-31.138390 -5.547250 -5.430012 
-31.707406 -5.984658 -6.096418 
-32.287265 -6.932165 -5.909947 
-32.774663 -6.802787 -6.895279 
-32.884952 -6.414565 -7.928704 
-32.991633 -5.697165 -8.725954 
-34.017592 -5.612350 -8.426257 
-33.517511 -4.929623 -7.576299 
-32.736795 -5.478614 -7.110909 
-33.375427 -5.421737 -6.167634 
-33.344222 -4.510430 -6.633350 
-33.809336 -3.801937 -7.162409 
-34.277144 -3.745451 -8.071116 
-33.869136 -3.893363 -8.985520 
-33.072067 -4.173216 -8.304062 
-32.982381 -4.485018 -9.274152 
-32.141857 -4.921510 -9.114963 
-31.898731 -4.684889 -8.203429 
-32.529019 -4.609765 -7.385122 
-32.206905 -4.841565 -6.380103 
-32.149508 -4.405836 -5.465858 
-32.322990 -3.465351 -5.682765 
-31.786033 -3.435701 -6.483687 
-31.194955 -3.261859 -7.422608 
-30.836851 -4.162207 -7.894122 
-30.908785 -4.209505 -6.802157 
-30.170795 -4.781840 -7.127079 
-29.331440 -4.369577 -7.061744 
-29.028408 -5.078668 -7.803088 
-28.759457 -4.456957 -9.820530 
-28.578545 -4.903645 -12.431272 
-27.596949 -5.187484 -12.648331 
-27.477238 -6.210584 -12.298320 
-27.759797 -6.784203 -11.592117 
-28.598970 -6.522028 -12.153754 
-29.292900 -7.291282 -11.540728 
-30.147807 -7.073654 -12.051846 
-30.117530 -7.259983 -10.973702 
-31.529454 -7.167739 -10.113879 
-32.268954 -7.290402 -8.857318 
-32.241874 -8.151065 -9.437497 
-31.544128 -8.093178 -8.576336 
-30.946667 -7.437789 -9.311642 
-31.153236 -5.648034 -9.825880 
-30.894711 -5.836866 -12.289348 
-28.690559 -5.828421 -13.275709 
-29.250988 -5.912186 -14.447177 
-28.767789 -5.785348 -15.336235 
-28.220549 -6.527623 -15.875421 
-27.652501 -6.979680 -15.116955 
-26.983843 -7.423080 -15.856168 
-27.826349 -7.464665 -16.384343 
-27.102334 -7.687511 -16.971125 
-28.017165 -8.112620 -17.550651 
-29.118786 -7.306196 -16.285627 
-26.737730 -5.631678 -16.031449 
-26.962704 -5.285240 -14.719708 
-26.869899 -10.024158 -13.058117 
-27.947373 -8.624441 -9.827902 
-27.681450 -8.000730 -9.035521 
-28.613407 -6.833988 -9.333711 
-29.720874 -7.142775 -9.509995 
-31.162084 -1.324209 -11.480891 
-28.239739 0.000598 -12.824500 
-28.591698 0.951210 -13.550110 
-27.890878 -0.003948 -14.765290 
-27.136020 0.407655 -15.474340 
-27.908260 1.091354 -15.830844 
-27.673734 0.790936 -16.602206 
-28.712690 0.017426 -16.331015 
-28.684012 -1.309266 -16.412964 
-29.239434 -1.657124 -17.056264 
-29.842560 -2.835217 -16.182400 
-30.938065 -3.278290 -16.276667 
-30.970461 -2.973018 -14.067137 
-31.317963 -3.663329 -13.709868 
-30.434972 -4.060271 -13.485496 
-31.047018 -4.921607 -13.286841 
-30.252049 -4.925084 -14.583367 
-30.893816 -5.494245 -14.843716 
-30.610358 -5.157432 -15.777166 
-30.342122 -4.223873 -16.156845 
-29.555103 -3.990672 -16.708230 
-28.837136 -3.542333 -17.165280 
-27.608221 -2.865873 -18.468779 
-26.847321 -0.148675 -20.212608 
-26.995470 -2.258887 -21.505447 
-27.443321 -3.561313 -20.311565 
-28.695069 -4.497350 -19.115475 
-27.897484 -5.211148 -17.802016 
-25.713806 -5.092886 -18.201979 
-25.547210 -4.335813 -18.965039 
-26.577098 -5.272298 -19.426390 
-26.022285 -5.775838 -21.028078 
-25.622685 -4.886085 -20.671313 
-25.490011 -4.915984 -21.954456 
-25.506653 -4.852056 -23.313165 
-24.796071 -4.772828 -22.530583 
-24.259071 -4.303610 -23.258085 
-23.572265 -4.836341 -22.836016 
-23.003594 -4.971841 -23.768656 
-22.256860 -5.011312 -22.972243 
-22.379451 -4.487680 -21.787886 
-22.817736 -3.634018 -21.757453 
-22.718190 -3.604112 -20.727481 
-23.649757 -3.081363 -20.296367 
-23.006897 -3.780360 -19.804350 
-22.824047 -4.727123 -20.055870 
-23.740748 -4.414405 -20.025771 
-24.559095 -4.811422 -20.468897 
-24.737877 -5.865701 -20.149023 
-24.823172 -5.904418 -21.247921 
-24.309410 -6.762997 -20.879600 
-24.692363 -7.652502 -21.327877 
-24.785597 -7.022981 -22.070527 
-24.523679 -5.953535 -22.335499 
-23.787895 -6.173466 -23.174022 
-22.620655 -5.778961 -23.513194 
-22.416755 -5.954398 -24.372290 
-20.565544 -6.399393 -24.646010 
-20.189754 -8.355280 -25.129715 
-22.342211 -8.126597 -26.079204 
-21.508868 -8.393236 -26.580633 
-21.763578 -9.178655 -25.952788 
-22.555778 -8.967257 -25.433484 
-22.296899 -9.510740 -24.541314 
-21.351172 -9.109521 -24.187922 
-21.671463 -8.546347 -23.262775 
-20.895054 -7.309987 -22.694742 
-21.846652 -7.459958 -22.759848 
-22.755965 -7.074380 -22.559092 
-21.923853 -6.322491 -22.511703 
-21.386422 -6.135047 -21.613641 
-21.580021 -7.008454 -21.096147 
-21.263208 -6.667143 -20.165200 
-20.402240 -6.121199 -20.128688 
-19.809241 -5.552837 -19.592520 
-19.039134 -6.145977 -19.918395 
-19.630522 -6.519174 -20.752236 
-20.544584 -7.064061 -20.840937 
-19.549081 -6.364594 -23.229677 
-18.474728 -7.213645 -25.075549 
-17.686258 -7.012905 -25.837297 
-17.115201 -6.389294 -24.779988 
-17.268848 -7.375147 -24.758371 
-19.309777 -5.129200 -24.011143 
-21.646962 -3.980123 -23.748020 
-22.215345 -3.033556 -23.411600 
-21.635683 -2.058090 -23.197050 
-21.663335 -1.870441 -20.613057 
