-8.657831 -25.687457 -15.399133 
-8.179900 -25.522805 -14.441357 
-7.353246 -25.280234 -15.042427 
-7.055920 -25.486931 -14.036385 
-7.151668 -26.452077 -13.768444 
-7.633136 -26.150608 -12.933092 
-8.267684 -26.201799 -12.214406 
-8.216180 -26.755311 -11.316396 
-8.017788 -27.717239 -11.646726 
-7.571294 -27.705594 -10.667548 
-8.128034 -27.187244 -9.929338 
-7.732032 -26.616737 -9.081359 
-7.405899 -26.105317 -8.263638 
-6.926900 -25.430047 -7.550676 
-6.020909 -24.996635 -7.604453 
-5.764394 -24.744447 -6.615723 
-5.937968 -25.776942 -6.795435 
-5.119283 -25.954268 -6.229345 
-4.810494 -25.145852 -5.913717 
-5.781973 -25.221236 -5.669891 
-5.406253 -24.438820 -5.287889 
-5.407009 -23.533246 -5.766603 
-6.320645 -23.469256 -6.161415 
-7.318907 -23.737981 -5.742103 
-8.265556 -24.196067 -5.707848 
-8.246327 -23.199214 -5.675386 
-8.326094 -22.155963 -5.596182 
-9.126182 -22.304765 -6.076699 
-8.725444 -21.937182 -6.940116 
-7.702573 -22.047587 -6.555233 
-8.144407 -22.883873 -7.023665 
-8.601333 -23.386320 -7.809068 
-9.408652 -22.539656 -8.163416 
-8.486817 -21.806380 -8.443771 
-8.679930 -20.817373 -8.484246 
-9.569334 -21.165269 -8.081498 
-10.275339 -20.972672 -7.460035 
-10.087709 -20.676523 -6.530990 
-10.976678 -21.311502 -6.887253 
-10.570327 -22.218177 -6.945137 
-10.573216 -23.088212 -6.466198 
-11.245945 -23.335493 -7.231091 
-11.924264 -23.851446 -6.693279 
-12.508832 -23.762907 -5.896078 
-12.698811 -24.821010 -5.570016 
-11.846249 -24.236928 -5.242027 
-11.987244 -24.071986 -4.194959 
-12.839093 -23.547408 -3.880054 
-12.559961 -24.223328 -3.060780 
-12.826143 -23.688825 -2.097128 
-13.693505 -23.804584 -2.580087 
-13.638196 -24.788174 -2.938742 
-13.894018 -24.453646 -3.819281 
-14.360292 -23.503530 -4.048575 
-14.331372 -24.076593 -4.986366 
-13.697531 -24.345360 -5.686036 
-13.209528 -24.530747 -4.617807 
-13.088766 -25.296777 -3.889665 
-13.461145 -26.055256 -4.631520 
-13.323177 -25.727311 -5.583925 
-13.432340 -25.982097 -6.524892 
-12.411583 -26.341134 -6.669726 
-11.485169 -26.074181 -6.234496 
-11.583316 -25.632154 -7.253050 
-11.135539 -24.829431 -7.746462 
-10.777722 -24.128620 -8.265571 
-11.783051 -24.081518 -7.887767 
-12.680156 -24.639508 -7.729171 
-12.975376 -24.610083 -6.630462 
-13.641179 -24.016365 -7.048906 
-14.440153 -23.600232 -6.741836 
-14.151896 -23.258758 -5.781338 
-14.715253 -23.027326 -5.105426 
-13.691962 -23.286063 -4.899714 
-14.419980 -21.769561 -2.786770 
-14.886631 -20.462479 -0.936106 
-15.925361 -20.197403 -0.799689 
-16.050919 -20.445703 -1.768933 
-16.975910 -20.673680 -1.612251 
-17.743317 -21.181846 -2.052959 
-17.047633 -20.459622 -2.594788 
-17.324251 -19.682556 -1.977101 
-16.654799 -19.116787 -2.528137 
-16.384875 -19.814484 -3.891770 
-17.075826 -19.242091 -4.227849 
-17.856620 -19.465751 -4.868744 
-17.070013 -19.370832 -5.612374 
-16.904917 -18.401198 -5.495172 
-14.676776 -18.583990 -8.085620 
-13.058816 -21.677307 -8.042462 
-15.407476 -22.404098 -7.098005 
-16.913197 -21.246519 -6.936162 
-16.911319 -20.637960 -6.190726 
-16.420462 -19.732899 -6.426170 
-15.727868 -18.981359 -6.608396 
-14.979473 -19.416529 -7.166673 
-15.104752 -18.780383 -7.877867 
-14.991707 -19.336731 -8.960740 
-14.449759 -19.657426 -8.159635 
-14.214962 -22.128697 -12.065453 
-12.196526 -24.002553 -14.435033 
-11.657671 -27.736830 -14.834362 
-9.591904 -28.870585 -11.605685 
-10.737600 -28.381796 -13.752732 
-11.544265 -28.994342 -13.438066 
-11.778180 -28.249040 -12.148084 
-12.370496 -27.353038 -11.579568 
-13.318474 -26.193477 -9.724746 
-15.219074 -25.638247 -7.112020 
-15.685161 -24.287358 -7.628104 
-15.319842 -23.277077 -8.959723 
-16.055699 -22.614037 -9.683589 
-15.627566 -22.214784 -8.920807 
-16.103015 -20.388753 -9.157205 
-16.012330 -18.759966 -8.774091 
-15.888661 -20.181190 -7.736982 
-13.938080 -21.911584 -9.020625 
-13.868546 -21.128904 -9.894153 
-14.420093 -21.861640 -9.483827 
-14.452582 -23.377968 -10.237051 
-14.504529 -25.262624 -11.454823 
-15.213818 -25.451550 -10.602150 
-15.693467 -25.929644 -9.935705 
-16.842146 -26.601280 -10.191180 
-17.242360 -28.028639 -10.278228 
-16.444659 -28.055853 -11.096256 
-15.608557 -27.788927 -10.533700 
-14.813044 -27.307474 -10.151008 
-14.766261 -28.129474 -9.388617 
-15.671656 -26.866270 -8.955050 
-17.331689 -21.169905 -12.222537 
-16.512578 -20.550451 -12.960852 
-14.389054 -22.889172 -11.275851 
-13.696840 -23.927509 -11.662349 
-12.605908 -24.632553 -11.661495 
-12.430779 -25.549277 -10.467781 
-11.892065 -25.053621 -9.795834 
-10.394150 -26.736975 -8.361502 
-10.696431 -27.637788 -7.037765 
-11.379906 -27.002409 -6.955165 
-11.248943 -26.917572 -5.634346 
-12.046994 -25.768477 -5.290485 
-12.564054 -26.558790 -5.675829 
-13.243758 -27.133437 -6.105385 
-13.572950 -26.938838 -7.124095 
-12.849541 -27.738905 -7.081273 
-13.758954 -28.207451 -7.314822 
-13.210140 -28.170105 -5.900360 
-12.297020 -28.172528 -4.626898 
-13.305862 -28.216067 -4.305607 
-14.590469 -27.338884 -4.424800 
-13.905692 -26.803514 -5.159226 
-13.407224 -27.098844 -4.249300 
-13.422972 -27.293977 -3.132337 
-13.065255 -26.454776 -2.554598 
-11.990266 -26.580509 -2.077863 
-11.994215 -27.207436 -0.683225 
-12.048307 -26.991552 0.352747 
-11.308903 -27.697056 0.019296 
-10.575266 -27.855220 -0.561783 
-11.461751 -27.802921 -1.281058 
-11.911412 -28.525145 -1.341300 
-10.927952 -28.838011 -0.409811 
-11.750264 -28.304031 1.013972 
-11.089111 -25.797973 0.479947 
-14.201478 -26.014861 -1.543986 
-14.587456 -26.860260 -2.879284 
-15.459168 -26.453470 -3.158725 
-15.851405 -27.405007 -3.329661 
-16.861553 -27.591110 -3.088968 
-17.200218 -27.932879 -2.337250 
-17.618622 -28.403975 -1.459708 
-17.330123 -27.318285 -1.090256 
-16.616334 -26.912037 -2.194569 
-16.611102 -26.208695 -2.920365 
-17.505003 -25.902122 -3.098397 
-18.009114 -25.965822 -4.051501 
-17.894134 -25.794915 -5.039620 
-17.169167 -25.155736 -4.973372 
-16.235134 -25.213618 -5.546836 
-17.174046 -25.052482 -6.023574 
-17.241794 -25.764460 -6.693764 
-16.445841 -25.673133 -7.206167 
-16.945299 -24.974089 -7.905864 
-16.983508 -25.266816 -8.978837 
-18.000703 -23.650497 -8.824700 
-19.396980 -22.457266 -6.976456 
-18.833453 -22.184306 -7.976423 
-18.490576 -21.362523 -8.123189 
-18.410414 -20.924136 -9.081532 
-19.689501 -20.140039 -11.316541 
-21.407197 -19.665804 -10.075082 
-21.474046 -19.077389 -9.162143 
-22.119930 -19.846783 -9.111521 
-21.209870 -19.101401 -6.875069 
