-14.267742 -7.383957 -2.231303 
-14.662331 -7.456946 -1.241116 
-14.573748 -7.417971 -0.142911 
-14.942185 -6.561038 -0.593383 
-15.683932 -7.160249 -0.951679 
-16.038314 -7.263438 -0.011281 
-16.682778 -6.610260 -0.350908 
-17.387984 -6.112361 0.275525 
-17.960022 -5.306321 0.483395 
-18.235793 -4.921644 1.350398 
-18.713224 -4.904005 2.239200 
-18.343072 -4.970865 3.273836 
-17.610256 -5.084864 2.571251 
-17.259229 -5.397576 3.436553 
-16.627493 -5.027028 4.202816 
-16.600962 -5.313411 5.124240 
-17.640332 -5.507330 4.951844 
-16.941609 -6.298818 4.542848 
-15.984527 -6.015262 4.573761 
-15.030938 -5.386144 4.681695 
-14.439890 -4.575016 4.376415 
-14.664678 -4.155506 5.438605 
-14.998774 -3.867054 6.394738 
-15.253647 -4.889505 6.136544 
-16.174802 -4.881505 6.484019 
-16.366929 -4.298182 7.254357 
-16.535152 -3.706898 8.035004 
-16.107598 -4.274539 8.746137 
-15.938373 -5.176053 8.245654 
-16.726781 -5.362946 8.860518 
-17.516051 -5.593170 8.308181 
-18.286339 -5.084728 8.045071 
-19.309629 -4.807072 7.896358 
-18.958574 -4.853557 8.853653 
-18.571219 -3.853704 8.757779 
-18.584859 -4.348003 9.715572 
-17.684770 -4.580304 9.616978 
-17.226021 -4.237383 8.691432 
-17.339779 -3.293348 8.564225 
-17.860578 -3.353417 9.471776 
-18.156953 -2.735164 10.156586 
-18.716796 -1.976700 10.072009 
-18.699468 -2.011479 9.014586 
-18.870252 -1.096722 8.639928 
-18.564146 -0.670748 7.859813 
-17.928204 -1.169044 7.155242 
-17.463964 -0.407107 6.717986 
-16.591609 -0.993802 6.843201 
-16.797062 -0.540832 7.746814 
-17.424311 -0.926985 8.406070 
-17.032797 -1.206210 9.359888 
-17.571638 -2.087970 9.389508 
-17.702550 -1.903323 8.449483 
-18.165537 -2.264210 7.673496 
-18.079344 -3.206101 7.213418 
-17.422728 -4.121143 7.060990 
-18.103398 -4.118506 6.219435 
-18.478681 -4.778712 5.508964 
-17.985508 -4.151887 4.811512 
-17.386959 -4.292896 3.991432 
-16.755137 -4.361365 3.264159 
-16.401943 -5.219314 2.732064 
-15.457672 -5.236786 2.144112 
-15.812579 -5.382787 1.185530 
-16.138008 -5.733226 0.289491 
-16.719495 -5.840323 1.215879 
-16.752840 -6.737922 1.689320 
-16.817691 -7.384925 0.869639 
-17.645326 -7.995078 0.969110 
-18.596220 -7.853707 1.404657 
-18.293934 -7.666128 2.417582 
-18.247243 -6.871275 3.001361 
-17.740770 -6.257217 3.526417 
-17.012824 -6.622100 2.956352 
-17.748876 -7.225592 3.879458 
-19.484316 -4.352325 4.120557 
-20.383905 -3.900256 3.865062 
-20.097347 -3.422555 4.715143 
-19.537577 -2.577477 4.677387 
-18.708138 -3.025971 5.204725 
-18.928249 -3.033678 4.131697 
-20.091672 -2.871132 3.929755 
-20.099743 -3.317238 2.905848 
-19.342716 -3.156840 1.636072 
-20.314353 -2.773058 1.432946 
-20.636057 -2.658927 0.506571 
-20.914002 -3.685917 0.816773 
-21.328015 -4.481777 0.355057 
-18.591782 -3.036580 -0.536504 
-17.714068 -4.607118 -1.855967 
-18.541755 -6.052112 -2.294231 
-19.327832 -4.148132 -2.676210 
-19.888058 -3.336245 -2.016510 
-19.622946 -2.914370 -3.038024 
-18.650743 -2.584042 -2.631176 
-17.877982 -3.239407 -2.966546 
-17.546011 -4.011317 -3.676632 
-17.295107 -3.593500 -4.557605 
-17.863915 -2.748407 -4.512044 
-18.200973 -2.881568 -6.210485 
-17.337768 -3.488370 -7.360496 
-15.720948 -3.293624 -7.463195 
-15.240502 -4.130487 -6.280116 
-15.146639 -5.228887 -6.862760 
-14.448406 -5.942064 -6.874070 
-15.109372 -6.381145 -5.938821 
-15.763098 -7.066926 -5.324575 
-16.751812 -8.398011 -7.398153 
-18.704605 -8.595595 -10.740565 
-18.005380 -10.073091 -11.316966 
-17.382410 -8.779564 -11.195028 
-16.775375 -7.496884 -11.744482 
-16.477537 -6.799899 -11.082743 
-16.583533 -5.592645 -12.127806 
-15.354788 -4.563408 -12.817219 
-15.781624 -5.682913 -13.031978 
-14.788341 -5.980058 -14.200139 
-13.728687 -5.340524 -12.353330 
-14.271905 -5.894390 -12.975388 
-15.015049 -7.261351 -13.529796 
-14.151997 -8.162878 -14.815206 
-14.453435 -8.195287 -15.769608 
-15.121464 -8.426452 -16.470980 
-13.988613 -9.149675 -17.180227 
-13.653204 -10.069408 -18.299973 
-14.510404 -9.483768 -18.246519 
-13.767649 -8.866397 -18.025003 
-14.126215 -7.932120 -17.680965 
-14.965955 -7.357802 -17.845887 
-15.865813 -8.688936 -18.943161 
-14.658402 -6.176565 -21.766198 
-13.766254 -8.488098 -20.381374 
-12.326677 -10.226036 -22.014808 
-13.026709 -9.058594 -22.120667 
-12.447705 -7.395750 -23.268594 
-11.470478 -7.955906 -24.712341 
-10.010327 -6.554190 -25.613714 
-12.258907 -6.154287 -25.183978 
-14.326212 -5.707174 -24.926394 
-14.744576 -6.514632 -24.334817 
-15.732712 -7.420698 -24.215919 
-15.324871 -6.814196 -23.486773 
-16.108790 -6.834268 -22.829810 
-16.409869 -7.618729 -22.289248 
-17.122731 -7.750181 -21.498168 
-18.030326 -7.916850 -21.822964 
-17.807827 -7.176526 -21.160958 
-17.737593 -7.350587 -19.735132 
-18.011465 -6.435697 -19.922159 
-18.089670 -5.482394 -19.563385 
-18.643812 -4.523268 -19.791027 
-20.020572 -4.249917 -20.103603 
-19.354231 -3.637793 -19.335262 
-20.345403 -3.547534 -18.841459 
-20.096375 -4.022525 -17.849710 
-19.468209 -4.521864 -17.118016 
-19.901114 -5.140821 -15.841804 
-20.009261 -5.897522 -15.018443 
-19.763152 -5.295112 -14.266018 
-20.359968 -6.032234 -13.988982 
-20.683763 -7.008236 -14.120663 
-21.494987 -7.135491 -13.736258 
-20.751609 -8.104753 -13.681115 
-20.331887 -7.480569 -12.794527 
-19.304804 -8.781499 -13.199002 
-20.083364 -7.626315 -16.181859 
-18.709622 -8.041433 -18.066431 
-18.237891 -8.366250 -19.042322 
-17.468577 -8.294200 -18.293834 
-17.951158 -9.084888 -17.778553 
-17.739614 -8.215244 -17.175952 
-17.724732 -7.348298 -17.605512 
-18.600583 -6.709803 -16.811200 
-18.801768 -5.618359 -17.501367 
-17.892063 -5.298660 -17.783187 
-17.455711 -4.877358 -18.811554 
-16.770432 -5.392903 -19.175672 
-15.984984 -5.462069 -19.814440 
-16.065602 -4.481953 -19.599569 
-15.151216 -4.675029 -19.232192 
-14.680507 -5.641220 -19.355085 
-15.057921 -6.325381 -18.614750 
-14.315636 -5.991171 -18.042345 
-14.731859 -5.051171 -18.227116 
-15.462598 -5.523073 -17.745146 
-16.962632 -7.656056 -16.905195 
-17.911535 -9.530882 -16.705259 
-19.446255 -9.316429 -16.134380 
-20.465742 -8.809384 -15.344404 
-21.246388 -9.186759 -14.675296 
-22.265741 -9.024927 -12.605448 
-22.015300 -10.764354 -11.550177 
-22.436551 -11.345035 -10.789325 
-23.120042 -11.436481 -9.938750 
-25.107753 -11.802020 -10.809565 
