-12.346988 -27.473209 14.822975 
-13.409426 -27.692551 14.553775 
-14.085707 -28.424394 14.402318 
-14.801834 -28.036447 13.762275 
-15.657136 -27.690194 13.370710 
-16.019702 -26.771166 13.059743 
-16.507985 -26.689215 12.218594 
-16.251053 -27.698849 12.082965 
-15.139599 -27.635272 12.072497 
-15.055718 -28.073358 11.166427 
-14.356076 -28.637259 11.841497 
-13.688424 -28.748664 11.128400 
-14.192822 -28.580439 10.229641 
-14.967676 -27.881060 10.104708 
-15.890178 -27.677302 10.635123 
-15.944870 -27.367599 9.598950 
-16.330445 -27.792354 8.809546 
-17.180058 -27.208641 9.016711 
-17.457412 -28.278350 9.471372 
-16.517114 -28.601151 9.509816 
-16.065554 -29.507505 9.458507 
-15.362180 -28.949263 9.041442 
-14.871172 -29.873656 9.327774 
-14.211437 -30.179841 8.636388 
-13.330126 -30.079265 8.167851 
-13.610430 -31.070608 8.631184 
-14.500383 -30.985148 9.276905 
-13.761413 -30.673343 9.951049 
-13.787932 -30.836258 10.961460 
-12.919661 -31.059477 10.359280 
-12.915975 -30.370601 9.583231 
-13.080169 -29.888658 10.462470 
-13.474723 -29.323314 9.689655 
-13.509121 -29.084182 8.664893 
-12.497756 -29.113484 9.120016 
-11.521920 -29.242985 9.159255 
-11.038769 -28.498423 8.613590 
-10.111968 -28.799523 8.870027 
-10.618854 -28.642672 9.730140 
-9.963700 -28.372572 10.541819 
-10.326479 -29.386779 10.504229 
-11.110668 -29.908595 10.822333 
-11.453829 -29.757880 11.751489 
-11.313539 -28.844637 12.327021 
-12.278791 -28.880498 12.485719 
-13.327191 -29.021074 12.443618 
-13.004528 -28.341578 13.089848 
-12.496640 -28.854086 13.880258 
-11.608553 -28.468954 13.553252 
-10.615278 -28.325639 13.570425 
-10.553200 -27.324129 13.818596 
-10.292225 -27.085885 13.008428 
-11.106198 -27.700914 12.757179 
-11.140109 -26.695284 12.407185 
-11.899252 -26.986367 12.961185 
-12.306197 -26.778344 13.917416 
-11.671281 -27.583646 14.022028 
-11.156442 -28.040813 14.835721 
-10.315922 -27.532368 15.040893 
-11.023096 -26.866254 15.348749 
-11.709379 -27.435396 15.893088 
-11.954367 -28.313558 15.667297 
-11.823986 -29.070929 16.329861 
-11.482515 -28.711308 17.252959 
-11.480465 -28.771202 18.268757 
-10.602911 -28.440332 18.658036 
-11.579491 -27.709443 18.509282 
-11.552039 -27.280688 17.590256 
-11.292969 -26.519169 16.937247 
-10.640121 -27.325981 16.518663 
-10.351267 -28.313092 16.272758 
-10.637313 -28.948022 15.407372 
-10.953820 -29.528194 14.617000 
-10.409647 -29.993725 13.822254 
-10.930851 -31.054272 10.311652 
-9.277573 -30.723994 9.348857 
-9.239995 -30.003183 9.975499 
-8.572408 -29.991575 9.134630 
-8.730210 -30.766273 8.439673 
-9.214897 -30.784911 7.568951 
-9.210833 -30.471582 6.700522 
-9.933116 -30.791673 6.120030 
-9.848819 -31.687350 5.777512 
-9.272994 -32.864525 5.432845 
-8.361549 -33.279408 5.557982 
-7.525147 -33.556448 5.065665 
-7.629227 -34.324887 5.703585 
-7.431960 -33.970307 6.655948 
-4.100625 -33.048441 9.298206 
-2.271449 -30.410702 10.546904 
-2.853273 -31.544943 12.436202 
-4.491403 -32.514495 12.162107 
-4.976018 -33.203009 11.500458 
-5.943469 -33.407696 10.589614 
-5.611966 -32.448459 10.364879 
-4.607366 -32.005547 10.046912 
-4.118254 -31.128129 9.587991 
-4.404911 -31.765311 8.804436 
-5.359387 -31.465577 8.979973 
-5.855773 -30.419649 6.476216 
-2.955287 -32.459132 7.647743 
-2.426934 -34.606632 8.878911 
2.525199 -32.965207 7.329597 
4.425744 -31.739352 7.837276 
3.493057 -32.274750 8.038915 
2.657372 -32.403060 7.485183 
2.110467 -32.805514 8.148721 
0.733359 -31.037987 10.236927 
-0.593932 -30.826578 12.435497 
-1.266326 -32.517432 12.908408 
-1.062679 -32.348895 11.377919 
-1.128851 -31.710258 10.534847 
-1.070209 -30.595825 10.544874 
-1.537534 -29.345624 11.837250 
-2.421025 -29.226114 13.174219 
-3.428932 -27.888941 13.352129 
-4.838281 -26.405597 13.004986 
-4.760243 -24.898161 14.132436 
-4.982066 -25.321464 15.495047 
-5.973054 -24.643304 14.679106 
-6.441127 -23.895656 14.883994 
-7.114665 -24.550732 14.867658 
-7.524536 -25.461731 14.729441 
-9.165405 -24.780086 15.415236 
-9.489132 -25.790590 15.540755 
-9.398191 -26.296954 16.478144 
-9.799682 -25.805620 17.328151 
-10.643423 -25.497938 16.827023 
-10.359697 -26.268912 15.967175 
-10.994206 -24.916311 15.945488 
-11.301360 -22.015473 17.025226 
-13.440420 -19.288428 17.621191 
-14.494637 -22.015034 16.117506 
-15.737509 -22.223835 15.212977 
-17.032488 -22.063643 15.793642 
-19.013396 -22.343008 16.018093 
-19.735299 -22.560718 15.727714 
-19.807293 -23.330771 14.401084 
-20.255323 -24.199074 14.787635 
-19.190894 -24.154455 14.695321 
-18.219406 -24.518252 15.798731 
-17.054119 -25.319810 15.753898 
-16.274972 -25.122013 15.237746 
-15.547976 -25.260375 14.684185 
-14.518724 -25.522093 14.753449 
-13.539608 -25.856943 14.848657 
-13.462454 -25.568991 13.870252 
-13.700862 -26.696351 13.387538 
-13.922980 -26.447505 14.245509 
-14.862217 -26.218916 14.017442 
-15.440643 -26.796140 14.762104 
-15.227719 -27.195019 16.121789 
-14.612075 -26.412384 16.791842 
-14.970255 -26.028232 15.946751 
-14.098163 -25.578960 15.720503 
-14.368227 -24.583980 15.864893 
-14.100199 -23.438091 15.602390 
-13.436015 -22.560916 15.585534 
-13.250060 -23.485695 15.961551 
-12.981410 -23.047165 16.941947 
-13.486459 -22.206743 17.013118 
-13.400339 -21.963775 18.061061 
-14.067597 -22.743815 17.614873 
-15.367017 -23.010193 17.072328 
-17.519943 -21.619661 18.092529 
-17.013097 -20.166330 20.442221 
-17.719261 -21.049983 21.050328 
-17.953766 -20.958053 19.981280 
-18.961550 -21.544518 20.202721 
-19.073382 -20.554124 20.497967 
-19.758406 -19.760939 20.447944 
-20.001373 -18.918408 19.728781 
-19.213171 -18.579616 19.096887 
-19.848517 -19.144564 18.519518 
-19.803373 -19.841417 19.178199 
-20.789337 -19.656343 19.530366 
-21.244560 -20.327178 18.817032 
-20.784995 -21.374831 18.835857 
-21.062310 -21.903950 17.988999 
-20.454688 -21.184574 17.369950 
-19.690251 -21.819382 17.859852 
-18.704661 -21.981576 18.488871 
-18.019197 -22.077568 19.354420 
-17.189832 -21.484377 19.572616 
-16.771685 -22.220264 19.038957 
-15.063207 -23.037113 19.574085 
-14.217188 -24.604379 20.212145 
-13.738139 -24.369615 19.195410 
-12.914208 -23.119087 18.739697 
-12.391471 -24.048821 18.332376 
-12.799776 -25.356935 18.692744 
-14.937902 -25.548882 18.362290 
-14.880045 -24.624426 18.099181 
-13.884436 -24.132444 17.863141 
-11.013822 -24.572763 17.980312 
