-22.250993 -12.533305 -0.478859 
-21.717075 -12.231521 -1.295423 
-21.047258 -13.077693 -1.416657 
-20.538959 -13.755061 -0.753066 
-20.017467 -14.147353 -1.521849 
-20.271897 -13.411732 -2.287669 
-20.566585 -12.376064 -2.654085 
-21.442770 -12.033355 -2.968505 
-22.386460 -11.998672 -2.545016 
-22.724819 -12.619108 -3.339037 
-22.455678 -12.018824 -4.046065 
-22.585540 -11.840795 -5.077417 
-21.782128 -11.040382 -5.000289 
-21.908811 -10.636480 -5.968710 
-21.698388 -10.960978 -6.889767 
-21.175040 -11.762063 -7.426087 
-21.523477 -11.048303 -8.166869 
-20.439314 -10.729109 -8.185347 
-19.772044 -9.916650 -7.987186 
-19.425235 -10.775319 -8.273810 
-19.742727 -11.857520 -8.637248 
-20.726144 -11.710953 -8.951924 
-21.533641 -11.487158 -9.606699 
-21.100770 -10.605078 -9.811751 
-20.399485 -10.249813 -10.332047 
-19.509774 -9.882451 -10.058465 
-19.065085 -9.651266 -9.120653 
-18.662378 -10.378395 -9.828402 
-18.987511 -10.632279 -10.793470 
-18.031203 -11.106574 -10.498957 
-17.964167 -11.263408 -11.591142 
-17.025379 -11.268303 -12.246089 
-16.611555 -11.290190 -13.183995 
-15.844212 -11.804768 -13.415663 
-15.672572 -12.515716 -14.024539 
-15.270695 -12.140884 -14.977297 
-14.702581 -11.232472 -14.903639 
-15.217292 -10.530341 -15.475751 
-15.798934 -9.957377 -14.931777 
-15.290468 -8.989285 -15.281468 
-15.438968 -8.157842 -14.652019 
-16.408609 -7.932315 -14.793229 
-16.573654 -8.638091 -14.193819 
-15.705252 -9.201674 -14.191314 
-14.636434 -9.433478 -14.133772 
-14.775397 -9.809090 -13.123363 
-14.950180 -9.734473 -12.033359 
-15.331306 -8.819858 -11.748535 
-16.181217 -8.698822 -12.326679 
-16.304525 -9.485729 -11.606594 
-16.144187 -10.279483 -10.964581 
-15.973915 -10.514512 -11.973419 
-16.064892 -11.541585 -11.651259 
-16.682330 -12.132847 -10.936653 
-17.392584 -12.584681 -10.503940 
-17.592103 -13.620517 -10.634997 
-16.650810 -14.167778 -10.997567 
-16.197649 -14.689726 -10.273738 
-15.651836 -14.704045 -9.531668 
-15.005208 -14.942933 -8.776949 
-15.275342 -15.731617 -9.333846 
-14.764481 -15.054086 -9.810051 
-15.309452 -15.006651 -10.771103 
-16.033021 -15.219862 -11.308253 
-15.613175 -14.297997 -11.331966 
-16.055596 -13.518217 -11.763543 
-15.201889 -12.984718 -11.608328 
-15.393499 -13.186729 -10.681935 
-14.593720 -12.538639 -10.624030 
-14.441673 -11.639308 -10.291554 
-15.339783 -11.463893 -9.866828 
-15.804203 -11.212212 -10.675416 
-14.949401 -11.281364 -11.340302 
-13.968011 -11.555996 -11.190883 
-13.917439 -9.613920 -13.121513 
-14.694982 -7.971132 -11.482553 
-15.348446 -8.270954 -10.682619 
-15.386386 -9.008350 -10.004150 
-16.401796 -8.879708 -9.627730 
-17.440962 -8.687518 -9.739086 
-18.101217 -8.907982 -8.916331 
-18.133443 -9.722629 -8.296451 
-17.050741 -9.467488 -8.449384 
-17.217837 -8.672643 -7.125682 
-17.525735 -8.658183 -5.855182 
-17.888638 -9.644882 -6.117998 
-16.965134 -9.459173 -5.765807 
-16.503834 -10.068406 -5.201628 
-17.757867 -10.323790 -3.302025 
-16.572092 -9.949061 -0.272477 
-17.031286 -9.057493 -1.095887 
-16.390583 -10.218052 -1.995364 
-15.802419 -10.970432 -1.617320 
-15.341033 -10.816665 -0.649297 
-14.779450 -11.601524 -1.084362 
-15.051801 -12.242085 -1.770504 
-14.230942 -12.616124 -1.286743 
-14.136409 -11.772091 -1.945603 
-14.245666 -11.043036 -2.691593 
-15.647524 -11.859188 -5.135292 
-14.833422 -12.144941 -9.012865 
-16.145946 -14.031164 -8.301268 
-13.711133 -11.334340 -6.824645 
-14.870338 -7.287277 -4.108608 
-15.318241 -8.205043 -3.769837 
-16.232400 -8.747297 -3.929005 
-15.203132 -9.116887 -4.366427 
-14.085865 -9.461314 -2.143070 
-13.741609 -9.549779 2.364955 
-13.964667 -10.021222 0.600048 
-12.456201 -10.771542 0.834604 
-11.689113 -10.340812 2.040591 
-12.117735 -11.307708 2.230619 
-13.597180 -11.381111 1.490396 
-14.415301 -11.058363 1.778274 
-14.917099 -12.146854 2.608762 
-15.650257 -14.116309 2.841906 
-14.884943 -15.340673 1.986372 
-14.673829 -16.343797 2.037562 
-14.442732 -16.124944 3.351053 
-12.732947 -15.742575 2.492010 
-12.923595 -15.972657 1.594120 
-12.166378 -15.459693 1.003580 
-11.565637 -15.998037 1.828507 
-11.418001 -16.287088 2.774154 
-12.185272 -16.878333 2.533884 
-11.293213 -17.324414 2.548691 
-12.039067 -17.858731 2.046524 
-11.163279 -18.299542 1.782173 
-11.643747 -20.025393 1.297077 
-14.380760 -17.777107 1.786688 
-13.883363 -14.953810 -4.833692 
-12.759178 -15.035001 -7.220974 
-14.465315 -15.926057 -8.063826 
-14.011239 -15.283153 -8.719980 
-13.669557 -14.156848 -7.543214 
-13.302972 -13.090418 -7.627246 
-12.745613 -13.554458 -8.621181 
-11.142742 -14.679152 -8.291673 
-10.730153 -15.496620 -7.951701 
-10.925803 -14.148138 -7.359713 
-10.476217 -13.449326 -6.823067 
-10.961011 -12.609293 -6.330198 
-11.643355 -12.774638 -5.620462 
-11.017502 -13.579918 -5.197926 
-11.608167 -13.046487 -4.491127 
-11.798445 -13.268202 -3.460691 
-12.109932 -14.130955 -3.742563 
-12.367466 -15.071406 -3.600695 
-11.821579 -15.535445 -4.291930 
-11.661568 -16.683971 -5.079873 
-10.914036 -16.156550 -4.864797 
-10.154912 -16.146443 -5.536030 
-9.952078 -17.088159 -5.209558 
-10.262045 -18.023900 -5.570549 
-10.235988 -18.420858 -4.447364 
-9.632854 -19.342760 -4.158764 
-8.785308 -19.797846 -4.507755 
-9.489680 -20.308607 -3.888364 
-9.128961 -20.362096 -2.843325 
-10.092654 -20.169446 -2.820681 
-9.580393 -19.229131 -2.449695 
-9.212201 -19.267912 -0.977316 
-10.849422 -18.006192 0.162104 
-14.077823 -16.752603 3.889974 
-15.897909 -15.041335 9.684926 
-16.684288 -14.421053 12.744488 
-17.697957 -14.945156 12.611073 
-16.987966 -15.022221 13.513591 
-18.042657 -14.683417 13.534889 
-17.703882 -13.795928 13.604664 
-18.123205 -13.061316 14.111645 
-18.368272 -11.757832 14.273459 
-18.963781 -12.158878 15.340149 
-19.504100 -12.397849 14.575000 
-19.207414 -11.747529 13.797632 
-19.371864 -10.840567 13.409802 
-18.718215 -10.529324 14.150324 
-19.588926 -10.067376 14.480480 
-19.188109 -9.651613 15.289045 
-20.134701 -9.501250 15.488235 
-20.757020 -9.686242 16.429187 
-21.738358 -9.724690 16.774374 
-21.210349 -10.680794 16.999813 
-21.266704 -10.661854 15.930519 
-20.805418 -11.714274 14.907690 
-22.503160 -12.010778 14.406004 
-21.939903 -11.655368 15.120800 
-22.400329 -10.831479 14.068898 
-22.047699 -9.964996 14.373998 
-19.619298 -10.364414 12.466960 
-17.728353 -10.832488 10.357564 
-16.738921 -11.010731 10.329377 
-16.485241 -10.937116 9.358869 
-17.991133 -13.110583 9.761652 
