15.526592 -17.943754 6.647016 
16.572393 -18.151267 6.621671 
16.787758 -18.462571 7.626615 
16.422460 -18.698323 8.653689 
15.704594 -19.393747 8.689129 
14.821039 -19.805797 8.888017 
13.903643 -20.416599 8.379190 
13.280917 -20.876569 7.683466 
13.267488 -19.817320 7.628253 
14.218670 -19.406266 7.876010 
13.537073 -18.688818 7.632003 
13.587303 -18.361121 8.550724 
13.997275 -17.570003 8.145859 
13.133099 -17.702899 7.518447 
12.424121 -17.436942 6.706436 
13.140234 -17.775865 6.152447 
13.994614 -17.570264 5.578115 
14.210637 -18.006268 6.545469 
14.759546 -17.132274 6.337769 
14.703362 -16.114584 6.602081 
15.350480 -16.735752 7.090545 
16.284513 -16.733124 6.926331 
16.741543 -17.401086 7.552991 
15.915881 -17.804146 8.114421 
16.535532 -17.135784 8.650865 
15.664154 -16.831508 8.180469 
15.037259 -16.092494 8.006939 
15.787072 -15.281745 8.280832 
15.077375 -14.701282 7.669426 
15.580343 -14.380001 6.813339 
16.238016 -15.086470 7.129020 
16.917904 -15.881258 7.047084 
17.437673 -16.780869 7.165850 
18.189176 -17.175241 7.748069 
18.550525 -16.280892 8.027259 
19.415281 -15.863033 8.428648 
19.487311 -14.917845 8.270636 
19.562023 -15.321986 7.369445 
18.819989 -15.643850 6.676870 
18.136186 -15.359873 5.973515 
18.556917 -16.195618 5.623716 
17.575767 -15.934673 5.208740 
17.361475 -16.662664 5.930695 
17.720506 -17.486470 6.486989 
18.271080 -17.540485 5.634563 
18.385268 -18.595108 5.772348 
17.336055 -18.470818 5.874883 
17.759239 -19.189610 6.463707 
17.796431 -19.447488 5.475934 
17.568818 -19.886895 4.460333 
17.732318 -19.959695 3.478080 
16.732940 -20.206768 3.607989 
16.257954 -20.906835 2.962743 
15.598613 -21.197240 3.585961 
15.937864 -22.090151 3.167737 
15.619817 -23.075121 2.745252 
15.556987 -23.744858 3.488690 
15.102686 -22.968257 3.985804 
16.104216 -23.021891 4.361843 
17.114573 -22.863065 4.773078 
16.978446 -23.236106 5.690325 
17.747222 -23.636721 6.199252 
18.599273 -23.158590 6.656715 
18.267577 -24.070483 6.956363 
17.358340 -23.584016 7.059287 
16.371578 -23.758840 7.387092 
16.790977 -22.718157 7.554540 
17.508320 -22.507900 6.738817 
17.288631 -22.203085 5.806729 
18.308507 -22.549803 5.772792 
18.141208 -22.309080 4.774924 
17.681183 -22.593936 3.924873 
17.946903 -23.441932 4.544599 
18.807459 -24.077859 4.643040 
18.708014 -22.623555 7.676110 
19.274368 -19.916531 8.410526 
19.035025 -19.005000 8.869446 
19.546830 -19.029517 8.015515 
19.013103 -19.651707 7.180326 
18.150340 -20.217044 7.605058 
18.802312 -20.576258 6.848692 
19.316198 -21.384709 6.425157 
20.335942 -21.770855 6.026548 
21.377831 -21.859865 6.155941 
21.190455 -22.601406 5.413574 
20.520555 -23.402369 5.159148 
19.636218 -22.804210 5.030772 
20.040984 -22.998979 4.105141 
21.270678 -20.586180 2.201592 
20.827428 -18.501184 3.512025 
20.557046 -19.546343 1.396521 
20.913528 -20.799973 0.205736 
21.651837 -21.221399 -0.348006 
22.492803 -21.592484 -0.719815 
23.149922 -22.214525 -0.109206 
23.680531 -21.721894 0.759718 
24.612895 -21.909844 0.597165 
24.884237 -22.307158 -0.426285 
25.603392 -23.102684 -0.712288 
24.412347 -22.186867 -0.301604 
27.386382 -21.214768 -2.833743 
28.301691 -18.983137 -3.142695 
26.905942 -17.742778 0.110288 
22.976056 -17.203321 3.502016 
23.079486 -18.065789 2.992953 
23.736343 -18.314140 4.001502 
23.367930 -19.364442 5.158871 
22.917599 -20.590691 4.824721 
20.813543 -17.055395 6.291370 
21.627262 -17.346733 7.261130 
22.746318 -16.496410 7.739181 
23.348693 -16.124602 8.890101 
22.863180 -16.231855 9.744113 
22.225097 -15.475482 10.216272 
22.609430 -14.604230 11.632475 
21.944136 -13.152340 11.632356 
23.555009 -11.859617 10.901087 
22.975574 -10.895195 9.041064 
23.227543 -10.908330 8.152270 
24.369649 -11.395416 7.003063 
24.953007 -11.346273 7.633202 
25.139799 -12.314462 7.704813 
24.306064 -12.383080 8.428375 
23.516188 -13.192346 7.456848 
22.363392 -14.112578 6.769015 
22.753301 -13.776584 5.748650 
23.331359 -14.657978 6.041069 
23.898483 -13.880755 6.403918 
24.448373 -14.782184 6.728701 
24.428850 -16.063012 7.556167 
22.448237 -16.786251 14.393906 
16.549824 -19.607110 20.429328 
13.766698 -20.149887 18.724408 
14.029746 -18.682818 18.354334 
13.874124 -17.199849 17.771254 
15.212551 -18.076119 16.837252 
16.552367 -18.567045 16.428917 
17.681283 -18.522506 16.452390 
18.765256 -18.192285 15.114714 
19.069956 -17.191098 15.456377 
19.908251 -17.825382 16.363053 
19.752674 -18.702677 16.895985 
19.693383 -19.061214 15.969876 
19.479687 -19.064143 15.002049 
18.911264 -19.611104 15.681477 
19.432359 -20.317735 16.360337 
18.660885 -20.290325 17.109903 
18.996367 -19.245439 18.116380 
18.314282 -19.066656 18.865863 
17.623668 -19.161984 19.547032 
16.946905 -18.184877 19.014330 
16.482404 -17.115837 18.214375 
15.845090 -17.801194 17.877692 
15.338609 -18.684997 17.845942 
15.910619 -19.531686 17.600961 
16.205306 -19.217692 18.453133 
15.308915 -19.061760 19.639418 
15.157727 -18.640937 20.575071 
14.796948 -19.186532 21.404972 
15.564481 -19.739293 21.099574 
16.156118 -20.449127 21.669094 
14.779574 -21.027418 21.976799 
14.328070 -20.919406 23.276856 
14.566322 -18.712688 22.399226 
18.484100 -15.517700 19.459484 
19.761853 -13.779460 17.267948 
18.118914 -13.191404 16.355549 
18.755395 -13.932102 15.991268 
18.750815 -13.468075 15.075002 
19.391585 -14.032879 14.644966 
19.078518 -14.986713 14.432009 
19.713127 -14.545893 13.770225 
19.173436 -15.127469 12.853413 
18.934330 -16.050649 12.828917 
19.876699 -16.179945 13.105156 
20.450639 -15.299933 13.392791 
20.935063 -15.857343 14.018688 
20.218477 -16.423184 14.569922 
20.035887 -15.400328 14.774018 
19.232198 -15.151572 15.589518 
18.810796 -16.108991 15.374224 
19.659389 -16.446680 15.809235 
19.091732 -16.463498 16.633871 
18.172272 -16.520545 17.018703 
18.071813 -16.206922 17.951919 
18.119964 -17.506173 18.052995 
17.009809 -16.262382 18.174779 
17.328035 -17.256902 19.346004 
17.723580 -18.214335 20.341119 
17.743285 -18.126245 21.370016 
15.861954 -17.531283 20.360895 
14.167983 -17.538111 20.576342 
13.956575 -18.546385 20.617285 
13.357186 -17.924366 21.214667 
12.976629 -16.127691 21.973659 
