23.179002 -13.918305 8.622769 
23.085794 -13.247123 9.351839 
22.388100 -12.549710 9.972131 
22.788804 -11.972954 10.699836 
22.316351 -11.096218 10.929373 
22.652856 -10.553825 11.799769 
22.342658 -11.571667 12.192615 
22.902740 -11.232043 12.923069 
23.952922 -11.353587 12.990795 
24.286440 -12.066604 12.382855 
24.793536 -12.972733 12.448168 
24.283987 -13.800073 12.240690 
23.313352 -13.944353 11.872961 
23.282089 -13.884446 10.776837 
23.274497 -12.829109 10.498560 
23.813552 -13.076337 11.277396 
24.475155 -12.557251 10.524182 
24.228722 -13.510467 10.341950 
23.933628 -13.863241 9.362263 
24.541025 -13.584221 8.359259 
24.469034 -13.748796 7.257380 
24.853546 -13.187201 6.501266 
25.584078 -12.446205 6.454148 
26.342447 -12.277369 6.940558 
26.897515 -12.730520 6.213367 
27.675749 -13.037731 5.484572 
27.035253 -12.938884 4.740999 
26.547698 -13.873808 4.614923 
27.149850 -14.412132 5.254820 
27.179546 -15.254944 4.711266 
26.869311 -16.255478 4.409327 
27.864530 -16.243454 4.627331 
27.632669 -17.320497 4.533566 
28.167057 -17.514823 5.364773 
27.603308 -17.778844 6.211298 
27.038766 -18.655850 6.187079 
26.077565 -18.773836 6.570455 
25.218039 -18.228845 6.759690 
25.193663 -17.339247 6.195010 
24.360269 -17.049214 6.810348 
24.989727 -17.218402 7.625188 
25.707035 -16.756396 6.990682 
25.943632 -16.429580 6.017655 
26.664567 -16.981998 6.544674 
26.907234 -15.937908 6.305622 
27.918642 -16.251880 6.177124 
28.035518 -15.759524 5.432607 
29.027521 -15.831812 5.139882 
28.534238 -15.054101 4.533190 
28.946054 -15.213397 3.688341 
29.153658 -16.000491 3.027225 
28.558445 -16.972400 2.705320 
27.869469 -16.974108 3.406529 
27.583237 -17.078488 2.486167 
27.661828 -16.115090 2.697610 
27.274054 -16.007391 1.743231 
26.848529 -16.676437 1.088872 
26.013723 -16.912389 0.323924 
25.755330 -16.261362 -0.443479 
25.367446 -15.686643 0.322418 
24.688081 -16.552367 0.117156 
24.524144 -17.590859 0.604509 
24.171904 -17.142470 1.405047 
23.197344 -17.576541 1.552965 
23.157248 -18.599542 1.262984 
23.481271 -18.529068 2.227328 
24.149118 -19.348730 2.284675 
25.055437 -19.442855 1.800311 
26.171767 -19.250625 2.021001 
26.451025 -18.284974 2.038690 
26.703953 -17.742063 2.850710 
27.616260 -18.060149 2.629706 
27.272662 -18.764982 3.398828 
26.409970 -18.856644 4.014335 
25.806665 -17.056635 4.241116 
27.970201 -15.674657 3.598261 
28.811292 -16.101061 4.114682 
29.535725 -16.661992 4.313473 
30.066721 -17.269521 3.661834 
29.257993 -17.933483 3.596504 
28.240162 -18.272426 3.400826 
28.253152 -18.962629 2.681257 
27.514096 -19.608599 2.589101 
27.079377 -19.674459 3.694861 
27.308514 -18.732532 4.783267 
26.602117 -19.366566 5.078671 
26.411810 -19.892278 5.995476 
25.643273 -20.177781 5.362369 
23.252619 -21.169968 4.997258 
21.117842 -21.250134 4.441958 
20.167073 -20.192251 3.873213 
19.684215 -22.053405 3.860453 
18.855430 -21.722305 3.488824 
18.449741 -21.233891 4.205682 
18.526612 -20.657667 3.255425 
18.208259 -21.501871 2.750884 
18.934573 -21.822202 2.004924 
19.530017 -20.985581 2.447685 
19.977672 -21.989155 2.264686 
22.667257 -19.762032 1.550114 
23.545656 -19.728690 -1.760323 
23.854312 -20.462661 -2.764706 
22.414201 -17.351407 0.105785 
21.997403 -16.073149 3.484728 
21.264358 -16.518946 4.131258 
21.048443 -16.929393 2.766813 
21.654180 -16.287622 2.614821 
19.678010 -18.140039 2.725971 
19.262996 -20.884187 5.418102 
20.886002 -20.863117 6.091978 
21.166637 -20.860072 7.491623 
20.481331 -22.080639 7.752602 
19.508758 -22.162386 8.342213 
19.530628 -21.299329 9.069854 
19.019537 -22.187438 10.534414 
18.210178 -22.782695 10.424117 
17.932625 -21.454851 11.472233 
18.000702 -20.081183 9.930582 
17.121844 -19.462596 10.156987 
16.383197 -19.264297 10.385272 
15.597672 -20.486463 11.781628 
14.560480 -20.261137 12.044119 
14.252132 -20.947506 11.390166 
13.754680 -21.666871 11.710516 
13.318212 -21.982815 12.895432 
12.512849 -21.909118 13.636780 
12.272287 -22.825912 13.573968 
11.841137 -23.119023 12.518851 
12.158513 -22.088250 12.563412 
12.793667 -21.113300 11.848248 
14.489293 -20.603510 15.165729 
19.260963 -18.718162 10.005133 
21.214414 -16.067532 7.171210 
21.571407 -14.894444 7.554307 
22.064304 -15.501029 6.856243 
21.533940 -14.841679 5.456205 
20.541676 -14.584674 4.615715 
19.985131 -15.042729 3.797484 
20.569050 -15.870718 4.723531 
21.617069 -15.797907 4.718264 
22.036625 -14.956209 3.959751 
23.009585 -15.843208 3.809731 
22.485558 -16.562236 4.543540 
22.570579 -16.313233 5.383818 
22.483340 -16.495923 6.498352 
23.172797 -17.297144 6.555405 
23.311590 -18.225304 6.777867 
22.219697 -18.297120 5.905485 
21.047214 -18.784863 6.467443 
21.038194 -19.776342 6.162774 
20.316564 -19.646048 7.418516 
21.216147 -19.243053 7.659463 
21.049074 -18.185110 7.898717 
21.701894 -17.726904 8.517931 
22.294834 -16.899375 8.827633 
21.352927 -16.660706 8.884153 
20.540499 -16.209355 9.085868 
21.319780 -15.504279 8.998465 
21.204860 -14.774618 9.642492 
20.492116 -14.931163 10.383738 
20.758886 -15.151493 11.330019 
21.053306 -15.699296 11.873987 
22.024219 -16.579141 11.803091 
21.879292 -17.624378 12.289019 
17.185988 -17.634382 14.654394 
12.803543 -19.123641 18.556984 
12.889077 -19.961225 21.121185 
13.365455 -18.932139 21.323255 
13.515515 -19.739952 21.898563 
13.602092 -20.537729 22.644694 
12.980259 -20.722925 21.839904 
12.073986 -20.900650 21.274734 
12.612666 -21.144775 20.469998 
13.481449 -21.995512 19.911149 
13.609111 -21.402904 18.994774 
13.890831 -21.087720 18.055798 
14.863678 -20.755542 17.999867 
14.605360 -21.099333 18.873274 
15.549231 -20.635382 18.807670 
15.867596 -20.807993 17.811001 
15.417886 -21.548518 17.353539 
16.248479 -21.952584 17.811456 
16.858871 -21.002374 17.728232 
16.758774 -20.876084 18.814089 
16.887422 -19.901375 19.145624 
17.548658 -21.572237 18.104133 
16.009752 -22.768119 19.370166 
15.665222 -21.810855 19.515158 
14.966454 -22.704549 19.128800 
14.177350 -22.868741 19.715336 
13.803664 -22.827287 19.905193 
14.974718 -23.285560 21.600783 
15.298701 -23.219342 22.578983 
15.536518 -22.412700 23.161521 
17.031527 -22.036808 20.491232 
