24.880140 1.930594 19.159051 
24.446453 1.754136 18.241388 
23.971859 1.603299 17.214576 
24.234135 0.757480 16.529191 
24.638459 -0.147200 16.426811 
23.578795 -0.026755 15.976113 
23.164329 0.977375 15.969718 
23.364165 2.029782 16.097359 
22.612875 2.291295 15.463349 
22.177316 3.180067 15.547306 
21.194780 2.917400 15.243529 
21.408820 3.639604 16.007858 
21.678138 4.501839 15.638932 
22.669891 4.475130 15.444197 
22.544999 3.835496 16.256051 
22.267032 3.530413 17.243787 
23.487615 3.580188 17.516262 
24.104692 3.246960 16.640670 
23.797695 3.562487 15.728798 
24.308038 4.342021 16.151601 
24.992210 5.049046 16.562075 
25.696481 4.615252 15.755408 
26.057272 3.996052 16.441301 
26.775856 4.499588 17.098123 
26.034473 5.004446 16.617435 
26.896110 4.752065 16.029890 
27.171360 4.943675 15.067270 
28.141855 4.775695 15.190240 
27.810179 4.249286 14.332153 
28.290213 3.557065 13.620675 
28.107279 4.594638 13.329176 
27.967329 4.512027 12.344177 
28.887618 5.165930 12.718382 
29.515158 4.863613 11.972857 
29.362005 4.363356 12.904270 
29.067397 3.849054 12.120633 
29.048773 3.424179 11.162474 
28.623043 4.168410 10.439563 
28.796458 3.388090 9.819232 
28.416249 2.631866 9.357698 
27.457466 2.669164 9.051148 
28.071145 2.209510 8.421313 
28.407522 3.077509 7.915463 
28.307318 2.004030 7.457096 
28.530825 2.005992 6.478212 
27.843567 2.638279 6.536813 
27.188844 1.995629 6.053007 
26.830185 2.839141 6.530348 
27.161383 3.538662 7.206399 
26.292783 3.516476 7.755585 
26.662924 3.842998 8.684670 
27.461110 4.197513 9.120420 
27.846901 3.523623 9.907444 
26.824141 3.767656 9.896476 
26.918556 4.488685 10.730975 
27.046348 5.520422 10.668862 
27.082518 5.633191 11.667029 
26.254394 6.171969 11.817636 
26.189608 5.277183 11.233476 
25.540633 4.534120 11.531998 
25.605729 5.089445 12.487398 
25.500531 4.896269 13.511904 
26.480485 4.844450 12.937578 
26.790427 4.606901 12.033430 
26.499564 3.855534 12.631055 
27.130492 4.089695 13.404404 
27.449132 3.242135 12.835975 
28.228222 2.680277 12.838490 
27.471237 2.151623 12.544100 
28.076727 1.137435 12.377085 
27.174173 1.373513 12.921859 
27.811806 1.822656 13.692679 
27.511394 1.326949 14.568884 
28.312127 1.916806 15.078068 
25.288304 2.652639 15.214357 
20.907983 3.500813 13.595787 
21.414136 4.219726 12.919211 
20.695375 4.822115 12.353904 
21.165280 5.141175 11.369315 
20.986027 6.059948 11.479148 
19.944907 6.068608 11.746129 
18.982489 5.510340 11.571041 
18.071274 4.979343 11.310663 
17.442511 5.283746 12.136198 
16.978463 5.352045 13.247885 
16.849277 5.057395 14.213645 
17.269828 5.896558 14.518572 
17.885707 6.638521 14.656528 
19.060769 4.798945 13.463673 
19.840306 3.457853 15.644712 
18.987208 2.035534 16.399137 
18.254923 1.395729 15.276675 
17.481040 2.051137 15.007485 
18.073758 3.062897 14.914342 
16.964902 3.355174 14.935846 
17.405816 4.199167 14.550630 
17.899216 4.302310 13.587175 
18.976047 4.218576 13.650970 
19.655444 4.220532 12.783835 
18.222538 5.927294 13.313321 
16.318859 5.889801 14.915746 
18.033746 7.157907 16.855564 
21.518428 7.038970 14.226687 
20.641643 9.742793 10.910346 
20.491012 8.702825 10.791626 
21.219859 8.469833 11.318430 
21.865131 8.371403 12.350654 
23.213852 7.622282 10.571997 
25.027707 7.130595 6.835533 
24.535125 5.624253 6.446522 
23.464936 6.447375 6.349730 
22.413586 7.613485 6.899485 
22.450878 7.251767 6.006841 
21.993059 8.469594 5.306970 
21.208931 8.919118 3.835830 
20.287072 9.379955 4.488507 
19.085017 9.866627 7.821114 
18.558701 11.273278 10.240959 
18.414304 10.268512 10.387200 
17.783356 9.404511 8.796737 
16.504018 10.017203 7.690464 
16.736709 9.043015 7.321848 
16.508175 8.099013 7.775307 
16.693041 7.687571 6.593412 
16.297784 8.557346 5.508137 
16.097279 9.009900 4.635070 
15.611682 8.268189 4.129600 
16.631021 7.837738 4.053196 
15.929569 7.068623 4.125529 
15.929496 7.037073 5.199120 
20.832837 10.006700 4.640034 
15.860264 10.090026 6.390532 
14.324310 12.249669 7.531520 
14.567835 13.466570 5.364577 
14.905908 15.519686 4.469173 
13.741967 14.923272 4.046623 
14.173144 14.645530 2.980259 
16.082784 14.612011 3.525007 
17.640168 14.110604 2.920439 
17.347946 13.136071 2.854749 
17.573499 12.577744 2.234513 
18.346991 11.779576 3.233209 
19.028512 11.062153 3.186008 
19.371566 11.530616 4.015117 
18.833418 11.802717 4.979720 
19.728043 11.561378 5.399619 
20.415784 11.065058 6.017371 
19.990254 10.581001 6.456921 
18.707890 10.153610 5.837811 
18.577685 9.206675 6.195558 
18.132472 7.843420 6.707451 
19.038745 7.762698 6.508237 
20.012878 8.058841 6.692218 
20.446091 8.721604 7.425152 
21.102261 8.450214 8.152800 
21.719517 8.636648 7.096704 
22.255534 9.886459 6.249879 
22.508040 10.759569 6.406200 
22.956234 11.261176 5.559234 
23.342561 12.189579 5.076498 
22.414415 12.044768 4.954170 
22.086597 13.241912 4.558568 
21.491860 13.180913 5.317493 
20.432254 12.676202 4.366598 
16.481950 13.002232 5.463502 
17.339947 12.570717 7.668790 
17.837813 13.316780 7.660845 
17.815176 13.609554 6.744846 
18.287824 14.357737 7.233257 
18.866931 13.494330 7.402147 
19.875794 13.169176 7.328872 
19.447669 12.558952 6.649728 
20.961817 12.036778 6.561603 
22.141330 11.712124 6.965540 
23.112671 11.242285 7.286327 
23.217846 11.809821 8.272678 
22.390908 12.268146 7.993118 
22.820044 12.664298 7.232732 
22.511619 12.674940 6.330645 
22.371038 13.599025 5.887854 
21.389134 13.957776 6.197718 
20.730834 14.291729 5.326932 
21.038435 14.534893 4.382464 
20.566390 14.946057 3.554899 
19.946038 14.285568 3.119005 
19.344833 14.423063 0.878660 
20.798727 15.261921 0.256396 
20.610979 15.500958 1.136481 
21.260920 16.209000 1.937155 
21.631770 15.219943 1.785872 
20.032875 15.868083 2.996643 
18.112517 14.716471 3.744196 
18.392173 15.019654 4.699361 
19.350445 14.931641 4.581058 
18.787992 12.498079 5.682908 
