-19.505757 14.579677 -12.477990 
-18.984643 14.906869 -13.253873 
-19.472562 15.432137 -14.118376 
-18.901524 15.760987 -15.002116 
-19.087938 16.425662 -15.733250 
-19.432753 15.347799 -15.963518 
-18.863070 15.110748 -16.768364 
-19.666907 14.769023 -17.259162 
-19.938292 14.337302 -18.219694 
-19.322281 13.574722 -18.494745 
-18.834282 13.466528 -19.344857 
-19.178726 12.581567 -19.016055 
-18.797472 11.888869 -19.673389 
-17.862297 11.711655 -19.722062 
-17.506104 11.968340 -20.598622 
-16.576321 11.716534 -20.034800 
-17.244907 12.524821 -19.910942 
-17.871287 12.849025 -19.167887 
-17.466824 12.362057 -18.362693 
-18.336685 12.784701 -18.245172 
-18.389153 13.740285 -17.955340 
-17.461759 13.889894 -17.621405 
-18.061562 14.705741 -17.700153 
-17.927806 15.469723 -18.293787 
-17.977167 15.742294 -17.156292 
-17.448592 15.405582 -16.266409 
-17.688712 14.485896 -16.502204 
-17.069954 13.887105 -16.229144 
-16.904488 13.871609 -15.224545 
-16.007290 14.215513 -15.318695 
-15.510074 13.363015 -15.153532 
-15.686456 12.468698 -15.709151 
-16.609754 12.801574 -15.469082 
-17.662053 12.758374 -15.606237 
-17.448499 12.037253 -15.028924 
-16.963138 11.212370 -14.823725 
-16.387575 11.831513 -15.319121 
-16.881184 12.139612 -16.202037 
-16.167408 11.446521 -16.397348 
-17.069033 11.199525 -15.932321 
-17.886034 11.645165 -15.892583 
-18.425543 12.423715 -16.406896 
-19.236613 12.767027 -15.937848 
-19.280174 12.651355 -16.945689 
-18.942377 11.616011 -16.842159 
-19.581235 11.842594 -16.158962 
-20.379470 12.272223 -16.716292 
-20.697727 11.299254 -16.827123 
-19.770608 11.170180 -17.117823 
-20.355166 11.483931 -17.876660 
-20.797500 10.593294 -17.749837 
-19.994901 10.012801 -17.329795 
-20.630236 10.095721 -16.461964 
-21.275013 9.648173 -17.133149 
-22.019513 10.225586 -16.634107 
-22.750818 10.323637 -17.315387 
-23.554111 10.094811 -17.859275 
-23.224337 9.155823 -17.751768 
-22.838280 8.548886 -17.154002 
-22.092880 7.862561 -17.202432 
-21.536898 7.980750 -18.091554 
-21.464775 8.335909 -19.026270 
-20.869109 7.571688 -19.268398 
-20.321392 8.607901 -19.222353 
-20.909933 9.199649 -18.672931 
-20.316119 10.149898 -18.689386 
-19.681705 9.341801 -18.772802 
-18.706745 9.071728 -19.072837 
-18.631803 8.912009 -20.080985 
-19.461231 8.344426 -20.416442 
-19.397817 7.813949 -21.419975 
-20.365324 7.309953 -21.683016 
-20.177426 6.335278 -22.053597 
-20.975072 5.927347 -22.467260 
-19.803879 8.560595 -21.578719 
-21.210983 9.726104 -20.203488 
-21.858554 10.452097 -19.898969 
-22.592082 9.701487 -19.964822 
-23.119715 9.773333 -20.795301 
-23.349072 8.862142 -21.192357 
-23.457494 8.627869 -22.268239 
-22.639123 8.156367 -21.686611 
-21.464009 8.210862 -21.695049 
-20.158134 8.524763 -21.921667 
-18.958978 8.629882 -22.839222 
-18.961794 9.646078 -22.842184 
-18.217209 9.432974 -23.560974 
-17.642290 10.052359 -22.922351 
-14.886627 12.656144 -23.475156 
-12.817298 11.620131 -25.010127 
-12.710619 13.070798 -25.467947 
-11.501428 14.525030 -25.368435 
-10.930322 14.340486 -24.506299 
-10.419926 14.853124 -25.186452 
-10.812094 14.779079 -26.139908 
-10.844540 15.329650 -27.069306 
-10.703612 14.352636 -27.106207 
-10.775224 13.471955 -27.610370 
-10.880194 12.532601 -27.773879 
-14.312933 11.240949 -24.672081 
-17.144040 7.607862 -20.624072 
-19.259499 6.428969 -19.908007 
-20.641424 6.942235 -17.285966 
-19.084787 9.482519 -17.432719 
-19.012422 10.308891 -16.780635 
-18.346843 10.490440 -17.815606 
-19.426191 10.764501 -18.321271 
-20.808569 12.722859 -15.017402 
-20.509866 13.369653 -15.258250 
-19.672783 13.794836 -16.101675 
-18.482335 14.622326 -15.391210 
-18.121178 14.638758 -14.272613 
-19.071278 14.099800 -14.163224 
-20.151509 13.607751 -12.925023 
-19.832444 13.887260 -11.480782 
-18.904972 13.442768 -10.605507 
-18.347151 15.071498 -9.297559 
-17.134468 15.384951 -9.303584 
-17.240097 14.506339 -8.689537 
-16.117044 15.771033 -8.800484 
-17.308260 17.672663 -9.200158 
-16.877661 17.967328 -10.102811 
-16.251367 18.558854 -10.684972 
-15.823370 18.767634 -11.942225 
-14.928365 19.399785 -12.891165 
-14.685574 19.148899 -13.758925 
-14.474892 19.570220 -14.699765 
-13.522758 18.990614 -14.364827 
-13.074678 19.893116 -14.976980 
-12.739478 21.090690 -15.853327 
-15.183419 14.330983 -18.774119 
-18.263459 6.816172 -18.670999 
-20.678577 5.424511 -21.124623 
-22.302869 4.487590 -21.561237 
-22.984330 5.653435 -23.084582 
-22.669863 5.631594 -24.863445 
-22.534990 3.983116 -26.338811 
-23.080974 3.393230 -25.086224 
-23.254343 4.631789 -23.672198 
-24.102979 3.950386 -23.809298 
-24.550220 4.700397 -23.831087 
-24.874150 3.740571 -23.063871 
-24.018590 3.594151 -22.431643 
-24.669994 2.614716 -22.599139 
-24.726693 1.957150 -23.368842 
-23.784116 1.872975 -22.785425 
-23.853873 2.151768 -21.753104 
-23.696233 2.780365 -20.749346 
-23.589301 1.831678 -19.586784 
-22.621216 2.109176 -20.125440 
-22.187079 2.835295 -21.587499 
-22.615184 3.640400 -22.594959 
-21.706231 3.932921 -22.316136 
-21.340265 3.791304 -23.324671 
-22.122829 3.933643 -24.043657 
-21.364905 4.705203 -24.488312 
-20.532460 5.624473 -23.765838 
-20.185780 6.440101 -23.146209 
-19.900969 7.308560 -22.672801 
-19.562422 7.971877 -23.478472 
-19.421334 8.793837 -24.125899 
-18.410177 9.317717 -24.658678 
-17.389559 8.542581 -25.391191 
-18.104115 9.335013 -26.385029 
-15.674338 12.411258 -27.142723 
-11.403032 13.404551 -26.924250 
-10.289930 12.874600 -26.620889 
-9.581826 12.223248 -26.931516 
-10.276153 11.442216 -26.989292 
-10.863281 11.540199 -27.803533 
-11.390710 11.681287 -28.802939 
-12.386027 11.365921 -28.984046 
-13.349075 12.071489 -29.161271 
-14.707052 11.716703 -28.361701 
-14.929400 10.841834 -28.019103 
-14.701049 9.837511 -27.697577 
-14.958016 9.751936 -26.629802 
-14.689793 8.800941 -26.767121 
-14.959998 7.955323 -26.375607 
-15.323170 7.883719 -25.574650 
-15.834614 8.771950 -25.285283 
-16.016201 8.921107 -24.292511 
-16.389043 9.194886 -23.293025 
-15.845092 9.468954 -22.387269 
-16.462020 10.138785 -22.663225 
-16.679690 10.036655 -24.940927 
-17.340166 9.796017 -27.192099 
-16.545098 9.549305 -27.881667 
-15.427266 9.112625 -28.061260 
-15.105868 9.393923 -28.947944 
-13.786543 9.950258 -29.931943 
-13.291963 10.000459 -28.328961 
-13.585448 9.002216 -28.210890 
-13.335652 9.395921 -27.327104 
-15.796755 5.615771 -25.953583 
