-24.053987 -2.698162 -15.111357 
-23.828901 -3.356013 -15.899334 
-23.748917 -2.476036 -16.401090 
-23.968204 -3.232482 -17.030011 
-24.278530 -2.541365 -17.685995 
-25.174445 -2.601789 -17.280092 
-25.780466 -2.732407 -16.416482 
-26.049403 -3.611445 -17.117379 
-26.727242 -2.735847 -16.732725 
-26.910232 -2.281941 -15.842947 
-27.082267 -1.295356 -15.515393 
-27.534313 -0.493286 -15.851123 
-26.653690 -0.277558 -15.323714 
-26.702705 -0.844569 -14.437511 
-26.923780 0.192400 -14.382349 
-26.429393 0.114813 -13.543924 
-26.162910 -0.903158 -13.411813 
-26.742319 -1.162847 -12.678288 
-25.929820 -0.552092 -12.545077 
-25.830625 -0.993358 -11.504668 
-26.713425 -1.126697 -10.853257 
-26.805644 -0.199227 -10.429224 
-25.918245 -0.152288 -10.876204 
-25.066357 -0.526149 -10.425080 
-24.579559 0.400137 -10.239198 
-24.426919 0.867865 -11.179514 
-23.777979 0.379039 -11.860178 
-23.610418 -0.667427 -12.054135 
-23.012377 -1.095675 -11.499743 
-22.461436 -1.163678 -12.409046 
-21.866402 -0.351529 -12.154660 
-21.617908 -0.430514 -13.148753 
-20.893568 -1.230230 -13.198322 
-20.500767 -0.329350 -13.631760 
-19.945999 0.362525 -14.174782 
-19.563075 1.303229 -14.420272 
-19.128125 2.110448 -13.948215 
-19.469239 3.022753 -13.873258 
-19.980410 2.392100 -13.363749 
-20.649836 3.131546 -12.962933 
-20.964893 2.899163 -13.809842 
-21.757912 2.889699 -14.348354 
-21.206486 2.162305 -14.654210 
-21.549903 1.296172 -15.199817 
-21.521461 1.040675 -16.179428 
-22.187469 0.352280 -15.585751 
-22.739000 -0.436321 -16.082703 
-22.197712 -1.110225 -16.485777 
-21.688278 -1.848382 -16.083714 
-21.859116 -2.625311 -15.371381 
-21.538724 -1.812500 -14.805662 
-20.710929 -1.379784 -14.276045 
-21.709557 -1.215729 -13.970080 
-21.842150 -0.157235 -14.236848 
-21.914393 0.878473 -14.158484 
-22.634900 1.094805 -14.912025 
-23.297963 0.317554 -14.820625 
-24.079488 0.798434 -14.242988 
-24.791449 0.761493 -15.008123 
-25.047140 -0.312196 -15.088619 
-24.971737 -1.347332 -15.425804 
-24.927464 -2.326020 -15.754175 
-25.051357 -3.445798 -15.729487 
-25.984850 -3.671526 -15.710676 
-25.861331 -4.413380 -14.954557 
-26.730271 -4.352509 -15.372054 
-26.288369 -4.708901 -16.243414 
-25.437287 -5.313156 -16.413596 
-25.005167 -5.360790 -17.384221 
-24.580909 -5.105205 -18.388863 
-23.963194 -5.923722 -18.353403 
-23.831109 -5.275773 -17.540875 
-24.518564 -6.200609 -17.486449 
-24.778035 -7.019560 -18.118916 
-25.580986 -8.357904 -20.628547 
-25.274822 -10.398190 -20.280026 
-24.514027 -10.217450 -19.786793 
-25.406041 -10.300852 -19.314375 
-24.671468 -10.960606 -19.138094 
-25.266092 -11.883847 -19.037615 
-26.194231 -11.759789 -19.049059 
-26.804450 -12.442092 -18.683719 
-27.334917 -12.687250 -19.785847 
-26.935086 -11.493114 -19.751399 
-27.830146 -10.789101 -18.821248 
-27.474263 -9.876758 -19.105570 
-27.845475 -8.887297 -19.315461 
-27.835236 -8.305161 -18.468097 
-28.038926 -9.224118 -16.178799 
-28.103233 -10.524271 -13.150986 
-28.112736 -10.949878 -10.669432 
-29.188688 -11.095448 -10.478719 
-30.102158 -10.817296 -10.149824 
-30.845930 -10.393314 -10.115696 
-31.400798 -10.118498 -9.341461 
-31.171399 -9.333092 -8.730355 
-31.038291 -8.384538 -8.308446 
-31.668738 -8.321999 -9.106030 
-31.860624 -8.248491 -10.060198 
-29.978554 -9.962813 -11.639382 
-28.717712 -5.880283 -7.813871 
-27.265083 -3.304007 -6.341980 
-26.471082 -3.129951 -3.926776 
-29.231466 -5.394558 -2.442081 
-29.957081 -5.057545 -1.798778 
-31.264240 -5.434322 -2.079356 
-31.266052 -6.225593 -3.072336 
-32.675281 -8.408396 -1.454334 
-32.649334 -10.845337 0.046061 
-33.649760 -9.982114 -1.106745 
-33.084847 -8.385212 -1.693503 
-31.925978 -8.006026 -2.213952 
-32.104487 -8.524653 -3.059661 
-32.471315 -8.717085 -3.928469 
-33.001304 -7.492710 -4.756362 
-33.306047 -9.160773 -5.097139 
-31.885116 -8.327623 -6.887044 
-30.672633 -7.272817 -6.601295 
-29.751804 -7.191745 -6.971661 
-29.435235 -5.751462 -8.125824 
-28.755914 -3.934110 -8.790572 
-28.421777 -4.779115 -8.471477 
-27.936131 -4.383034 -9.304561 
-27.039490 -4.442106 -10.530284 
-27.342269 -4.412984 -11.951619 
-27.269160 -4.547066 -13.071759 
-26.285984 -4.241240 -12.580759 
-25.321036 -4.378528 -12.450711 
-25.570487 -3.424277 -12.714289 
-25.407798 -2.556227 -12.746359 
-25.607417 -0.127653 -10.682605 
-24.490450 -3.576934 -10.583664 
-24.322112 -4.261209 -13.020687 
-22.794111 -3.206443 -12.817114 
-21.502654 -4.328821 -11.933567 
-20.218389 -3.794907 -12.590721 
-20.070711 -3.874831 -13.460095 
-20.832090 -5.619681 -14.723563 
-22.156303 -7.460695 -15.071324 
-22.121368 -6.673893 -14.383950 
-23.018262 -5.726148 -14.555369 
-24.162993 -5.414331 -14.860362 
-24.310156 -4.481360 -15.195171 
-23.403626 -4.172103 -15.007192 
-23.484663 -3.411626 -14.164749 
-22.411336 -3.188824 -14.234832 
-22.698394 -2.155573 -14.142623 
-22.541364 -1.311629 -14.925828 
-21.406266 -0.536602 -14.944904 
-20.379149 -0.366470 -14.878185 
-19.918366 -0.714357 -16.196991 
-19.307610 -2.115811 -16.713617 
-19.002371 -2.453009 -15.765379 
-18.115563 -1.846741 -15.619192 
-17.935669 -0.960415 -15.068573 
-18.792103 -0.170857 -15.093792 
-19.152842 0.496437 -15.605447 
-18.920722 0.621050 -16.711750 
-19.103640 -0.114889 -17.366064 
-19.581915 -0.757883 -18.051576 
-19.041628 -1.484881 -18.111454 
-19.736559 -2.537846 -18.257004 
-19.821138 -3.156912 -17.709363 
-21.013608 -4.765738 -16.609478 
-23.286884 -3.606217 -13.035095 
-21.827106 -4.111399 -13.442825 
-22.882726 -4.631139 -16.085128 
-23.268254 -5.365762 -16.638090 
-23.720454 -5.976532 -15.968796 
-23.969165 -6.687772 -15.323140 
-22.948054 -6.817162 -15.118326 
-22.605500 -6.646116 -16.161514 
-22.968124 -7.436551 -16.454792 
-23.785423 -7.686709 -15.515899 
-24.733151 -7.688205 -15.548322 
-24.588975 -8.696867 -15.434128 
-25.000681 -8.427723 -16.401102 
-24.464002 -8.010137 -17.275913 
-25.086756 -7.334075 -16.804498 
-25.778999 -7.409846 -17.455569 
-26.194649 -8.294314 -17.742719 
-26.738707 -8.920491 -18.382594 
-25.874452 -8.715270 -18.749840 
-25.136244 -8.262755 -18.218882 
-25.108846 -9.123683 -17.590589 
-24.419903 -9.564045 -18.198912 
-23.739913 -8.929699 -20.271470 
-23.035950 -8.689958 -21.527346 
-22.703699 -7.903818 -20.989095 
-21.832377 -8.004788 -20.567131 
-21.127138 -9.284309 -21.798837 
-22.532330 -9.434577 -22.352150 
-22.630008 -10.330218 -22.839914 
-22.447031 -9.395724 -23.449954 
-20.316928 -9.040984 -25.585348 
