-22.564809 8.136359 -18.134294 
-21.947251 8.811703 -17.669926 
-21.824407 8.841869 -16.593415 
-22.314214 8.007494 -16.252557 
-22.911465 7.964154 -15.505955 
-23.810374 8.609443 -15.256568 
-24.334297 9.427000 -15.129169 
-24.260855 9.816162 -14.220818 
-25.286655 9.574425 -13.955192 
-25.888930 9.372210 -13.069789 
-24.871024 9.681340 -13.064237 
-24.125804 10.322716 -12.718917 
-23.465991 10.880072 -12.219110 
-23.080415 11.793766 -12.134053 
-22.802513 11.598439 -13.129233 
-22.995794 12.161199 -13.790416 
-23.725491 12.286323 -14.552758 
-24.103260 13.017722 -15.185141 
-23.909818 13.844829 -15.789218 
-23.221987 13.373497 -16.364737 
-23.762463 14.021963 -16.860941 
-22.748221 14.252179 -16.846505 
-23.055281 15.207544 -17.064099 
-22.852221 14.961639 -15.963524 
-22.087866 14.971078 -16.761166 
-21.471582 15.792155 -16.653884 
-21.163161 16.773753 -16.665720 
-22.108946 16.989975 -16.417101 
-21.634748 17.203741 -15.531281 
-21.360889 18.022290 -14.851242 
-20.345256 17.743813 -14.803084 
-19.821808 18.591787 -14.891854 
-19.916028 18.349806 -15.973837 
-18.943744 18.567694 -15.840027 
-18.846011 18.581360 -14.851500 
-19.363579 18.600252 -13.835174 
-19.787979 18.896959 -12.940575 
-20.160322 19.758575 -12.436355 
-19.180464 19.860967 -12.000711 
-18.735645 20.659384 -11.550858 
-18.168576 20.240508 -10.801883 
-18.237912 19.226887 -11.271306 
-17.197410 19.080203 -11.063658 
-17.259547 18.397292 -11.884725 
-18.419656 18.195767 -11.620397 
-19.303689 18.684120 -11.298257 
-19.601358 19.721556 -11.089944 
-19.374944 20.091944 -10.190939 
-19.809404 19.564638 -9.370612 
-19.870510 19.466263 -8.310189 
-20.270192 18.629972 -7.689093 
-19.597744 17.983187 -8.165912 
-19.482775 18.577072 -8.937935 
-18.902231 18.660996 -8.023309 
-18.480034 18.069565 -7.297746 
-18.640675 17.567025 -6.322037 
-19.033348 17.287758 -7.343494 
-18.575425 16.270536 -7.314519 
-18.004528 15.425921 -7.234849 
-17.872582 14.928378 -6.296127 
-18.618410 15.171834 -5.766146 
-19.316139 14.492546 -5.683216 
-19.960753 13.741421 -5.509163 
-19.108678 13.485719 -4.950473 
-18.655080 12.569281 -4.799901 
-18.335092 13.121985 -3.997995 
-18.704424 12.137700 -3.659257 
-19.387630 11.872161 -2.996446 
-18.924227 12.516297 -2.201568 
-18.038326 12.840697 -1.862578 
-17.497031 13.674543 -1.480297 
-18.275061 13.889666 -2.144212 
-18.608733 14.110701 -3.190441 
-17.939537 14.302833 -4.004928 
-16.512942 16.915675 -3.506365 
-17.038287 20.544276 -2.569891 
-16.783319 20.621874 -3.552531 
-16.458417 19.689020 -3.753146 
-15.914787 20.455874 -4.080380 
-15.541224 21.175410 -3.449490 
-14.842329 20.987802 -2.718263 
-15.079431 20.028019 -3.129459 
-15.022163 19.840794 -4.183576 
-14.496177 18.944757 -3.975308 
-14.856310 18.328523 -4.441623 
-15.294759 17.869272 -5.234868 
-15.382734 18.893477 -5.130667 
-16.149738 18.587679 -5.723695 
-15.524450 19.280719 -8.449754 
-13.314259 20.412996 -7.220788 
-14.762789 21.488055 -5.526775 
-16.012692 21.798547 -5.247669 
-16.177565 21.726802 -4.121060 
-15.406167 22.304165 -3.733267 
-15.772014 22.136654 -2.811364 
-16.498881 21.904877 -2.209691 
-16.520430 21.927157 -1.307020 
-16.511612 21.723114 -0.311293 
-15.763892 22.353410 -0.579745 
-16.682704 23.837270 -1.757800 
-16.243581 26.601577 -1.900755 
-14.819214 27.221889 -0.421732 
-13.909699 26.287964 -4.287711 
-12.083088 26.856285 -8.780056 
-12.629599 27.710430 -8.355866 
-12.856455 26.806193 -9.229389 
-13.943475 26.392800 -8.640031 
-13.719870 27.167737 -10.066720 
-12.557794 24.975538 -12.541266 
-12.675486 23.970905 -13.067285 
-11.817327 25.495528 -13.601965 
-11.235908 26.737894 -12.867407 
-10.197768 26.259659 -12.672707 
-9.658265 25.368337 -12.221530 
-9.660459 24.112843 -13.148879 
-10.271919 22.572424 -12.568578 
-12.236472 21.572804 -13.370124 
-12.107919 23.051636 -14.196760 
-11.250363 22.521973 -14.275081 
-11.698608 20.968298 -13.921787 
-12.305841 19.163919 -14.393572 
-11.818541 20.041538 -14.701929 
-11.438957 19.679709 -15.569935 
-12.318630 19.536124 -16.037119 
-12.660614 19.171173 -17.148859 
-13.471158 18.864539 -16.730862 
-13.748298 17.869255 -16.185944 
-13.389334 17.906098 -17.224489 
-12.541944 18.211538 -17.682064 
-10.866484 19.133092 -17.246009 
-11.548066 23.530775 -13.197666 
-14.109384 20.686563 -10.731865 
-14.302753 17.112174 -10.307374 
-13.847005 15.313851 -9.717815 
-15.380617 15.481009 -7.945251 
-17.000194 16.402253 -7.565330 
-17.720935 16.854371 -8.617755 
-17.087695 16.812411 -9.623895 
-16.071095 18.652902 -9.107567 
-16.049497 18.920529 -8.048168 
-17.413304 18.979081 -7.942852 
-18.064830 18.200544 -8.914002 
-18.489355 17.607470 -9.648487 
-19.246863 17.300455 -10.390309 
-19.489759 16.300709 -10.486306 
-18.685534 15.676180 -10.848558 
-19.376875 15.095710 -10.470330 
-20.455486 14.559805 -9.667143 
-19.971306 15.251496 -9.080239 
-20.757228 15.872893 -9.349726 
-22.053036 16.238050 -9.946288 
-22.852109 15.723872 -9.844418 
-22.034215 15.282177 -10.531745 
-22.777358 14.582539 -10.634390 
-23.130714 13.661091 -10.306474 
-22.817918 12.696131 -9.294113 
-21.706595 12.100850 -8.522820 
-21.116199 11.145593 -8.720056 
-21.522264 10.104314 -8.709098 
-20.885691 9.793070 -7.912360 
-19.954243 10.272270 -8.390405 
-20.726871 9.861497 -9.676178 
-20.487333 10.680731 -10.273392 
-20.674409 12.978728 -11.550009 
-19.229708 14.475530 -16.563491 
-17.635037 12.616368 -19.068769 
-18.061562 14.705741 -17.700153 
-17.927806 15.469723 -18.293787 
-17.977167 15.742294 -17.156292 
-17.448592 15.405582 -16.266409 
-17.688712 14.485896 -16.502204 
-17.069954 13.887105 -16.229144 
-16.455889 14.043561 -15.271620 
-15.510074 13.363015 -15.153532 
-15.686456 12.468698 -15.709151 
-16.609754 12.801574 -15.469082 
-17.662053 12.758374 -15.606237 
-17.448499 12.037253 -15.028924 
-16.963138 11.212370 -14.823725 
-16.387575 11.831513 -15.319121 
-16.881184 12.139612 -16.202037 
-16.167408 11.446521 -16.397348 
-17.069033 11.199525 -15.932321 
-17.886034 11.645165 -15.892583 
-18.425543 12.423715 -16.406896 
-19.686266 12.074744 -16.571345 
-19.770608 11.170180 -17.117823 
-20.576333 11.038612 -17.813249 
-19.994901 10.012801 -17.329795 
-20.630236 10.095721 -16.461964 
-22.536422 9.408497 -17.292874 
-21.536898 7.980750 -18.091554 
-21.464775 8.335909 -19.026270 
-20.869109 7.571688 -19.268398 
-19.904052 8.273994 -20.231962 
