-26.566688 16.042907 2.911101 
-26.678034 16.997951 3.453461 
-26.305493 16.521982 4.266924 
-25.625700 16.076393 3.646048 
-24.888518 15.374294 3.515841 
-25.270757 15.826622 2.683442 
-25.565874 16.609015 1.972366 
-26.640708 16.899171 1.853514 
-27.327066 16.405536 2.310221 
-28.056536 17.035081 2.688831 
-28.941878 16.683061 2.208564 
-29.077681 17.223106 1.330912 
-29.657853 16.545307 0.839605 
-30.142611 15.652330 0.578831 
-29.122407 15.321930 0.839540 
-28.482425 16.143070 0.610176 
-28.067318 15.545900 1.444007 
-27.408621 14.938474 1.324546 
-26.835282 14.797433 0.496761 
-26.645955 13.837610 0.281584 
-25.978299 14.179565 -0.548187 
-25.231954 13.866904 -1.236290 
-24.879681 13.005092 -1.331476 
-23.966255 13.332749 -1.024856 
-23.622122 14.137854 -0.471680 
-22.895967 13.869316 -1.311464 
-22.577209 14.410876 -2.113545 
-23.594582 14.680675 -2.024813 
-23.897995 15.516377 -1.593202 
-24.681100 14.707244 -1.601460 
-25.397514 15.175714 -0.990978 
-25.124578 14.683474 -0.100693 
-25.205371 13.750196 0.236669 
-24.424244 14.258596 0.455057 
-24.633798 15.276489 0.707135 
-24.812566 15.977179 1.412044 
-24.512375 16.503101 0.475281 
-24.253709 16.885973 1.459622 
-23.389052 16.953405 1.840783 
-22.682115 16.821141 2.731968 
-23.344025 17.676957 2.906113 
-23.455552 18.660103 2.825857 
-23.234722 18.793376 1.825593 
-22.464982 19.064335 2.378600 
-22.599448 19.017124 3.425875 
-22.110770 19.765294 3.947871 
-21.288976 19.669307 3.201883 
-21.494808 20.625694 3.570777 
-22.474489 21.002482 3.291639 
-22.138026 21.999818 3.362871 
-21.665885 22.082424 4.236218 
-21.320060 23.027441 4.255044 
-20.973836 23.415458 5.145629 
-20.086648 23.714887 5.618242 
-19.885843 22.694223 5.762278 
-19.024931 22.820893 5.346996 
-18.741688 23.716194 5.511382 
-19.510897 24.336694 5.198157 
-19.003745 23.886698 4.344549 
-19.796150 23.345937 4.634768 
-19.902820 23.422284 3.515208 
-19.861104 22.398196 3.608788 
-19.046859 22.891165 3.775945 
-18.173892 23.224716 4.391469 
-18.152513 24.083940 3.891654 
-17.290762 23.867084 4.422119 
-17.385973 24.911380 4.652643 
-16.572233 25.141468 4.116136 
-15.808619 25.557937 4.847468 
-15.874036 26.345684 5.626602 
-15.978068 26.356601 6.610143 
-15.618415 25.671604 7.229283 
-15.164986 24.844292 7.006909 
-15.348167 25.350306 6.070469 
-17.438631 22.981577 7.225278 
-19.434284 23.574270 8.474499 
-19.152094 22.710022 8.965319 
-18.321509 22.116324 8.971033 
-18.359816 21.484596 8.135336 
-19.208470 21.531645 7.637678 
-19.163345 22.674510 7.447398 
-20.004048 22.870137 6.895401 
-19.762938 21.934592 6.776388 
-18.397153 21.675570 6.870946 
-18.770056 20.704253 7.264984 
-17.919114 20.273454 7.460503 
-18.816294 19.746804 7.898222 
-18.396481 18.986881 8.554370 
-19.331165 20.568152 6.862524 
-21.597436 19.434062 8.383394 
-22.841182 17.338297 7.715350 
-23.328130 16.019491 7.389861 
-22.475574 15.423986 7.170487 
-22.890909 14.465795 7.474428 
-23.699873 14.293257 6.689711 
-23.935641 13.391083 6.355094 
-24.193990 12.504610 5.785658 
-24.890932 12.045111 5.106430 
-24.926304 12.001291 4.036854 
-27.040680 8.368826 1.885350 
-28.401433 3.149114 1.376473 
-27.621455 1.758677 -0.781575 
-30.359566 3.860179 -0.873814 
-31.698316 4.330864 -4.930453 
-31.075702 3.700337 -5.393547 
-32.120005 2.843985 -5.913028 
-32.819563 2.345122 -7.033116 
-30.094123 6.444863 -9.072096 
-28.178325 5.761266 -9.745783 
-28.580408 4.548279 -9.984832 
-28.372476 4.722018 -11.301693 
-28.904220 5.742621 -11.726976 
-28.689540 6.447199 -12.336048 
-28.940883 7.210116 -11.694816 
-29.049848 6.988399 -10.949670 
-27.586448 6.193754 -10.543938 
-26.782207 6.964863 -8.598554 
-26.078255 7.716867 -7.783790 
-26.603080 8.509568 -7.409540 
-26.127615 9.448402 -7.424401 
-25.867497 8.018997 -6.696111 
-26.255584 7.509929 -5.858932 
-25.944254 8.472479 -5.787293 
-26.615609 9.494764 -5.416624 
-25.877588 10.012674 -5.779349 
-24.845695 9.977045 -5.815279 
-24.092746 9.892846 -5.055627 
-25.038275 9.525303 -4.744334 
-24.296363 9.389698 -4.093427 
-24.902430 8.618975 -3.327270 
-26.194841 10.592039 -2.023521 
-24.861436 16.672965 -0.101648 
-21.752943 17.141746 0.691249 
-22.592248 15.224851 2.374258 
-23.051781 12.911416 2.664377 
-24.175842 12.473014 1.745537 
-25.046118 11.808903 0.729657 
-23.609121 10.926930 -1.036012 
-22.751455 10.280980 0.005888 
-22.743697 9.362487 0.420496 
-22.294596 9.545279 1.246503 
-21.424893 10.199231 1.374010 
-21.972495 11.114111 1.777119 
-22.892394 10.870275 1.509760 
-23.667155 10.724821 2.217629 
-23.259840 11.601061 2.920586 
-22.299551 11.972581 3.278152 
-22.795235 12.709316 4.298491 
-23.019476 12.791048 5.808457 
-22.955296 13.636576 5.241244 
-24.099148 13.485616 4.372790 
-23.209482 13.874219 4.142367 
-24.111160 14.474123 4.140735 
-24.197587 14.891038 5.174300 
-23.511803 15.660018 4.834807 
-23.532756 15.258361 3.507536 
-23.918353 14.953964 2.073080 
-23.676116 15.161905 1.059145 
-23.309237 16.056350 0.742189 
-22.945482 16.383335 -0.217896 
-22.540390 15.664012 0.338955 
-21.448650 16.087187 -0.428763 
-20.920950 15.348542 -1.427651 
-21.889761 13.683841 -0.505357 
-20.921211 14.251991 0.868105 
-23.466120 11.399883 0.610391 
-25.244466 9.352259 -0.685045 
-26.137841 8.902258 -0.958928 
-27.051080 9.093529 -1.325518 
-26.962252 8.134187 -0.911003 
-26.219514 7.924130 -0.249068 
-26.250149 6.845574 -0.279827 
-26.595881 5.417827 -0.351486 
-26.467727 4.503679 -1.289772 
-25.985367 4.230274 -2.062283 
-26.633267 3.580405 -1.735273 
-27.522772 3.897270 -2.135112 
-27.351610 2.820032 -2.363368 
-28.267306 2.406784 -2.237210 
-28.740243 2.090416 -1.286933 
-28.285222 1.369588 -1.877877 
-29.307568 1.470068 -2.203447 
-30.088912 0.825952 -1.712257 
-30.303976 1.837101 -1.815672 
-30.931412 2.567762 -2.168038 
-31.531969 1.579513 -3.036064 
-32.305304 0.382232 -4.217652 
-32.681791 0.801900 -5.573968 
-31.772104 0.761622 -6.782275 
-31.931833 1.457401 -7.551813 
-33.080463 1.035337 -8.388196 
-31.369501 0.431903 -8.252499 
-30.960615 -0.256900 -8.948726 
-31.101071 -0.641954 -8.039602 
-28.792171 -1.205608 -8.371563 
