20.493174 -5.562788 21.979183 
21.120834 -4.712642 22.129359 
21.137382 -4.631284 23.261360 
21.971848 -4.244366 23.491343 
22.194201 -3.373188 23.912627 
21.883231 -2.355170 23.917419 
21.206342 -1.646285 23.946622 
20.970144 -1.837966 24.896083 
20.529216 -1.865935 25.750172 
20.355136 -2.189207 26.660003 
19.447258 -1.620500 26.799720 
19.637679 -2.399404 27.412218 
20.248325 -1.662386 27.920610 
20.200923 -0.970226 27.106589 
20.816043 -0.112918 27.334497 
20.599918 0.889891 27.591375 
20.494243 0.484247 28.566976 
20.269685 0.854027 29.412152 
19.955439 1.878218 29.079937 
19.222881 2.462291 28.633235 
19.127667 1.631054 28.145771 
18.710263 1.910129 27.237490 
17.953931 1.400726 27.519326 
17.252968 1.751378 28.153362 
17.251466 0.799205 28.623782 
16.817520 0.203437 29.245332 
17.086125 -0.246015 30.121071 
17.054538 -1.314195 29.614089 
16.346986 -1.864864 29.983228 
15.956948 -2.736717 30.248094 
16.570052 -3.326866 30.890287 
15.534946 -3.789538 30.812438 
15.302640 -4.647264 30.340084 
15.959907 -4.721996 31.016449 
16.083660 -5.514743 30.266058 
15.151351 -5.841460 30.705096 
15.321209 -6.406817 29.780509 
14.564308 -6.415107 29.088172 
14.615499 -7.293397 28.637854 
13.922730 -7.972104 29.081184 
13.620548 -6.895299 29.239923 
12.936124 -6.562362 29.882880 
13.618805 -5.814798 30.287588 
14.364846 -5.553070 29.746543 
13.713455 -5.207114 29.024106 
13.545636 -5.609565 28.002373 
14.120127 -6.481260 27.928659 
14.136705 -5.878240 27.051788 
15.148178 -6.191374 27.223774 
15.970167 -6.802473 27.595925 
15.209397 -6.474136 28.237507 
15.931520 -5.816199 28.249272 
15.202127 -5.566101 28.874489 
15.754356 -4.969026 29.417113 
16.053852 -4.629599 28.429993 
16.467945 -3.707259 27.990052 
16.638183 -3.018882 28.738953 
17.303955 -3.451310 29.534338 
17.908484 -3.778357 28.767628 
16.952863 -4.412356 28.951481 
16.611265 -5.461319 29.219438 
17.135181 -6.115090 29.845077 
17.851407 -6.891059 29.581932 
18.217222 -5.960104 30.085721 
18.516784 -5.073607 29.799977 
18.805276 -4.008001 29.595749 
19.299263 -3.964765 28.654238 
19.443398 -4.238558 27.786317 
20.053467 -5.072429 27.976426 
19.723856 -6.029716 27.935179 
20.301852 -6.904945 28.125855 
19.569148 -7.487657 28.529251 
18.806663 -8.074399 28.799275 
18.366969 -9.002494 28.893979 
16.495182 -10.402918 27.043387 
16.326486 -11.696461 27.072897 
16.540673 -11.478336 28.172289 
17.399830 -11.149393 27.455249 
18.407911 -10.999678 27.457357 
18.119301 -10.601610 26.380387 
17.496353 -10.011407 25.664268 
18.259232 -9.302260 25.252891 
18.307376 -10.008026 24.430022 
19.651164 -10.009620 25.025356 
20.399192 -9.900125 26.434266 
21.038292 -9.599696 25.774724 
20.138964 -9.053803 25.681844 
20.332974 -8.242807 26.294989 
18.493989 -7.276956 27.032264 
17.064602 -7.006927 25.892399 
15.819619 -5.975520 26.459725 
16.962734 -4.724716 27.527103 
17.965005 -5.245132 27.464994 
17.553862 -5.924696 26.579747 
17.180840 -4.897687 26.556426 
17.877683 -4.217837 26.646993 
18.443946 -4.958043 26.192735 
19.075557 -4.234046 26.443115 
19.336271 -4.957238 25.635724 
20.446995 -6.812783 24.460346 
22.067283 -11.492348 23.155847 
22.384393 -13.702850 22.815860 
19.857131 -10.906411 21.844518 
21.190247 -10.018727 20.981861 
20.136658 -10.221610 21.242272 
19.983643 -9.661148 22.116436 
19.650489 -8.725313 22.384984 
22.970220 -8.107096 23.066928 
24.822823 -6.134567 22.558112 
23.415064 -5.650107 22.089197 
21.752005 -5.808140 22.874713 
20.711277 -6.060645 22.929392 
21.058322 -6.739676 23.592940 
21.372330 -7.311801 23.160270 
22.574908 -6.073804 23.538138 
22.684098 -4.325689 24.551276 
22.587833 -5.343969 25.978942 
20.767297 -5.609086 25.875672 
20.299299 -6.003118 24.472552 
19.922731 -4.032031 23.329981 
20.813881 -4.250157 24.278127 
21.096135 -3.482221 24.738629 
20.564024 -3.282166 25.780341 
20.670673 -3.968292 27.246417 
21.682892 -2.731426 27.375792 
22.591293 -3.149591 27.593221 
23.300729 -2.762056 27.001519 
24.016768 -2.143586 26.487634 
24.025724 -1.705576 25.542212 
24.277880 -0.304130 25.449132 
26.683644 1.583144 21.907514 
26.330698 2.446846 18.989490 
25.782582 0.656902 19.367304 
25.557335 -0.107236 21.236634 
24.774739 -1.521597 22.669805 
25.355220 -2.868018 21.874898 
24.346655 -4.206169 22.425130 
23.590418 -3.310288 22.539388 
22.694580 -3.863307 22.608741 
23.453667 -4.219249 23.376060 
24.400360 -3.802277 24.215794 
25.180324 -2.835620 24.153291 
25.835107 -2.032356 24.096452 
25.567302 -2.605721 23.206564 
26.504976 -2.965237 23.028592 
26.987139 -2.180445 22.633468 
26.822823 -1.208253 22.599136 
27.341532 -1.249897 21.438490 
28.280560 -1.148320 21.179994 
28.187760 -1.702936 20.325158 
27.478562 -1.769049 19.752581 
27.430292 -2.108899 18.486329 
27.009552 -3.104097 18.529529 
26.118501 -2.971402 19.047933 
25.797710 -2.275821 18.321795 
25.121758 -3.816288 17.152845 
24.083663 -5.152979 17.475165 
23.426751 -5.853439 17.849141 
23.377002 -6.866696 18.204477 
24.356591 -7.098023 18.386696 
25.126761 -7.607275 18.838058 
24.078797 -6.619993 19.767026 
23.486660 -5.711287 20.360936 
25.150514 -5.084686 20.801510 
25.189929 -1.962033 19.859031 
23.687818 0.466811 20.241737 
23.728161 0.878404 21.083509 
24.403423 0.809528 21.949320 
24.068757 1.119846 22.907066 
23.568759 1.747434 22.124295 
23.155090 2.636777 22.392709 
22.846658 2.032407 23.237430 
22.705059 1.320721 23.977840 
22.742522 0.539779 23.188165 
22.650302 -0.364817 23.243779 
21.754701 -0.030795 22.975316 
20.875557 -0.497796 23.167513 
19.953610 -0.645206 23.453907 
19.583766 0.302355 23.139835 
19.791714 0.408062 24.342651 
18.841492 0.899277 23.995671 
18.419983 1.451066 24.680358 
18.551318 0.703315 25.385485 
18.492566 -0.048567 24.714012 
18.319620 -1.095023 24.569641 
17.300417 -0.717252 23.636883 
16.734915 0.904930 23.819425 
16.305051 0.624217 23.013572 
17.503229 -0.199555 22.972425 
17.947063 -0.196996 22.097100 
17.694563 1.282924 22.700059 
18.290011 2.629629 23.924871 
17.623894 2.850828 24.789252 
18.072627 2.642657 25.856619 
19.448936 2.970030 25.639531 
