-11.006098 0.246095 -27.359328 
-10.193132 0.664696 -28.045301 
-9.457862 0.267494 -28.570622 
-8.555232 0.213621 -28.266496 
-7.784317 0.709105 -27.865993 
-7.643125 1.351940 -27.146606 
-7.099291 1.642687 -26.294615 
-6.289846 2.042549 -26.719334 
-6.931621 2.651115 -27.339396 
-7.138251 3.710716 -27.381766 
-7.680077 4.464002 -27.804056 
-7.812424 4.356042 -26.731407 
-7.252440 5.309388 -27.075885 
-7.288394 5.948084 -26.352071 
-7.168437 6.977401 -26.383621 
-6.820973 8.136492 -26.142516 
-7.449820 8.645432 -25.571268 
-7.319310 9.505606 -26.171119 
-7.298538 9.169964 -27.057841 
-8.295193 9.543208 -26.951407 
-8.743413 10.313326 -26.341508 
-9.338791 11.213198 -26.418179 
-8.856132 11.291632 -27.321380 
-7.980060 11.706316 -27.222724 
-7.413880 12.171588 -27.985495 
-6.682048 11.610062 -28.393160 
-7.079210 11.969226 -29.442766 
-8.035790 11.720547 -29.212822 
-8.133391 10.924997 -29.809310 
-7.320752 10.600572 -29.759525 
-6.721017 10.211419 -28.989695 
-5.923517 10.830582 -28.624305 
-6.175327 11.537174 -29.466564 
-5.406420 10.937958 -29.709635 
-4.935809 11.576612 -29.216715 
-5.465911 11.944722 -30.012252 
-6.276518 11.969895 -30.588137 
-6.558375 12.941361 -30.639683 
-5.430397 12.948965 -30.435186 
-5.082451 12.180226 -31.112363 
-4.917935 11.341447 -30.624262 
-4.358005 11.697080 -29.915395 
-3.921879 10.983825 -30.636225 
-3.668849 10.697219 -31.577026 
-4.009077 10.809858 -32.599847 
-3.539892 9.977453 -32.769130 
-2.779079 10.663358 -32.947094 
-2.107241 10.000960 -33.393677 
-1.939752 11.083052 -33.293105 
-2.403369 11.750361 -32.826465 
-3.191180 12.374564 -32.655410 
-3.230138 11.743639 -31.852741 
-4.264826 11.747191 -32.088530 
-5.156184 11.379012 -32.625336 
-5.413593 10.501693 -32.156321 
-5.736846 10.560335 -31.231403 
-6.381628 10.111598 -31.729893 
-5.568456 9.571341 -31.701519 
-6.063907 9.564034 -30.878856 
-6.401227 10.255920 -30.273457 
-6.787230 10.996300 -30.771954 
-7.602792 10.431810 -30.912084 
-8.143715 11.303789 -30.794514 
-9.047749 11.554497 -31.073754 
-9.753003 12.035484 -31.650386 
-10.588562 12.167773 -31.037574 
-10.824007 12.502007 -30.155731 
-11.392307 13.098065 -29.519443 
-11.220492 14.136236 -29.537751 
-10.670423 13.865414 -28.695312 
-10.439380 14.713614 -29.192846 
-10.321048 15.604463 -28.582598 
-9.511680 15.953478 -28.134097 
-8.865421 15.046793 -28.037098 
-7.918200 17.710412 -25.221498 
-6.674785 21.302985 -26.205739 
-6.613025 22.203376 -26.899488 
-5.886461 21.580180 -27.379604 
-5.376094 21.153458 -28.181512 
-5.734002 20.271662 -27.719528 
-6.228666 19.953605 -26.877897 
-7.148630 19.601897 -27.197676 
-7.826094 19.702356 -26.349563 
-8.553731 20.051595 -25.716575 
-9.258813 19.399060 -25.860149 
-9.780233 19.788990 -26.689340 
-8.939850 19.576947 -27.411242 
-8.034365 19.782658 -27.947863 
-6.446403 17.097849 -28.361841 
-4.685176 15.274186 -28.840529 
-4.275153 12.645283 -27.900678 
-3.494472 10.770000 -28.104554 
-4.494970 10.170225 -28.179333 
-4.929947 10.318715 -29.083232 
-4.696268 10.017044 -30.068474 
-5.347086 9.205254 -30.126895 
-5.458563 8.690983 -30.954777 
-6.108933 8.496988 -31.688185 
-5.349780 7.640497 -31.909658 
-8.269087 5.928967 -31.159567 
-8.453546 3.091730 -28.353606 
-9.319864 0.889077 -26.890854 
-10.246663 -2.130774 -27.476171 
-8.191163 -0.388792 -29.142209 
-7.598678 0.284873 -28.865625 
-7.898364 0.381841 -30.327075 
-9.057035 0.943733 -30.627636 
-7.176474 3.458918 -30.547558 
-6.848029 6.846556 -27.993580 
-6.118455 7.721661 -27.300601 
-5.928691 9.042242 -27.468795 
-4.781562 9.769698 -27.249513 
-5.268156 9.329394 -26.553299 
-5.029476 8.093370 -25.682160 
-4.918802 6.496835 -25.137288 
-5.581883 5.723176 -26.054591 
-5.313427 6.908136 -28.145760 
-5.781542 8.877612 -28.919774 
-6.299273 9.755235 -28.320494 
-5.987662 10.383945 -26.344575 
-5.955858 10.076905 -24.267471 
-5.242787 9.306506 -23.877010 
-5.815783 8.592452 -23.358641 
-6.161707 8.449538 -24.694147 
-6.965897 7.548686 -25.247941 
-6.055177 7.094317 -25.480263 
-5.299001 6.733649 -26.167499 
-4.368639 6.613868 -26.621015 
-3.394587 6.556424 -26.453673 
-3.771353 4.941327 -26.990973 
-7.602004 5.837010 -23.856624 
-6.687275 10.290250 -19.944295 
-7.398737 12.480351 -21.742853 
-7.444377 12.262631 -23.712630 
-8.881831 11.518460 -24.265661 
-7.746077 10.239185 -24.960989 
-5.989953 9.543308 -25.293121 
-4.240532 10.259951 -24.741114 
-4.163425 10.518310 -22.990415 
-4.809007 10.643829 -23.850598 
-4.386902 11.580828 -23.178325 
-5.195553 12.403333 -22.515238 
-5.566007 11.897227 -23.394928 
-5.830015 12.065430 -24.233279 
-6.320768 13.037239 -24.193865 
-6.228978 13.813467 -23.297375 
-7.053788 13.911882 -23.919665 
-5.753956 14.400678 -24.248504 
-4.582401 14.546390 -25.271817 
-5.681049 14.549349 -25.100230 
-6.251859 13.739797 -25.517171 
-6.756438 12.605625 -25.142779 
-6.152705 11.731766 -25.366542 
-5.093816 11.803476 -25.416095 
-5.368004 12.068267 -26.286556 
-6.116865 11.725087 -27.214242 
-5.973922 12.616710 -28.612045 
-6.017787 13.444323 -29.272241 
-5.681349 14.066033 -28.490295 
-6.536219 14.602990 -29.002643 
-7.213231 14.819243 -29.781152 
-7.655678 15.600211 -29.436954 
-8.047893 15.677760 -28.405996 
-7.207497 16.221134 -26.907107 
-5.084191 19.586150 -25.630441 
-5.770034 21.706653 -22.641499 
-7.103204 22.719481 -24.891915 
-7.873688 22.311515 -24.485879 
-8.480168 22.110631 -23.626010 
-9.062140 21.298957 -23.846326 
-8.067531 20.935381 -23.585223 
-8.489987 20.572481 -22.684063 
-8.248368 21.709319 -21.731561 
-9.335836 21.707738 -20.872211 
-9.047857 21.991272 -19.857115 
-9.428600 20.981908 -19.720568 
-10.042301 21.318185 -18.926997 
-10.718294 22.205591 -18.738881 
-9.954768 22.994413 -18.383924 
-9.966489 22.359711 -17.455923 
-9.253714 22.743658 -16.853070 
-9.059388 22.396297 -15.732733 
-9.923727 21.656675 -15.825608 
-9.807195 21.368882 -14.808583 
-9.424364 21.881641 -14.076507 
-10.780585 20.223786 -12.048533 
-13.175156 19.106735 -10.685458 
-12.850065 20.460335 -10.048250 
-12.370703 21.724742 -9.486571 
-12.190195 22.224461 -10.274470 
-12.806591 23.819677 -9.176993 
-12.722327 25.945261 -10.274713 
-12.605142 26.988929 -10.476001 
-11.710927 26.438706 -10.451463 
-9.447749 26.556696 -11.358643 
