5.068266 -21.037778 16.987102 
5.125084 -20.853980 17.977909 
5.836160 -21.114208 18.684352 
5.728189 -20.152024 18.342847 
6.663595 -19.757916 18.040420 
7.117554 -18.790253 18.000260 
6.157813 -18.856035 17.979693 
6.580064 -19.192448 17.079766 
7.533528 -19.401286 17.068504 
8.567641 -19.289611 17.456328 
8.675984 -18.300940 17.164116 
8.273285 -17.512835 17.590798 
7.279642 -17.802978 17.927192 
7.547540 -16.705868 17.959929 
8.115636 -16.562345 18.748171 
8.757167 -17.152383 19.260717 
9.731690 -17.482478 19.435889 
10.735652 -17.231117 19.524389 
10.224015 -16.611170 20.231072 
9.540531 -15.833846 19.956425 
9.831071 -15.341517 19.023558 
9.489443 -14.350556 19.417359 
9.763646 -13.350069 19.776029 
9.927620 -14.112063 20.514237 
10.429456 -14.967797 20.020697 
11.326298 -15.291230 19.574016 
11.211042 -14.405881 20.251734 
12.003785 -14.259340 20.917382 
12.435180 -13.180175 21.062401 
12.604032 -12.469839 20.407270 
13.469381 -12.091681 21.047647 
14.316096 -11.683467 20.953728 
14.647785 -12.207619 21.768112 
13.755076 -12.497468 21.960620 
13.015141 -13.179476 22.261373 
12.146832 -13.902502 22.221705 
11.887904 -14.269751 23.124504 
11.844637 -15.200725 22.492129 
12.464235 -16.038362 22.610366 
12.004631 -16.361272 23.454560 
11.797065 -15.981253 24.492876 
11.209452 -16.604962 25.024079 
11.231674 -16.243292 26.057819 
10.664455 -15.585595 26.386314 
10.927352 -15.442243 27.452363 
10.274069 -16.165294 27.167040 
10.755538 -16.959706 27.485663 
10.953411 -17.391579 26.558720 
11.228342 -17.689579 25.599394 
10.905228 -18.622672 25.719106 
10.189265 -18.990729 26.227732 
9.690500 -18.781669 25.339858 
10.310616 -18.533232 24.398706 
9.854860 -18.902294 23.499076 
9.148089 -18.496795 24.238611 
9.640511 -17.716742 24.651896 
10.179638 -16.936994 25.058738 
9.632952 -16.031989 25.388882 
9.725133 -15.507108 26.292489 
10.307805 -14.549658 26.528585 
11.041523 -14.150133 27.128932 
11.483551 -14.848784 26.565025 
11.065995 -14.098448 25.871937 
10.249671 -13.853946 25.406785 
9.613279 -13.072245 25.272690 
10.239330 -13.351403 24.557115 
10.603312 -14.138960 23.997727 
11.261917 -14.841286 24.643840 
12.280936 -14.801899 24.567543 
12.700753 -13.982452 23.994765 
12.474034 -13.594317 24.871425 
11.826551 -13.017282 25.360631 
12.217687 -12.219465 25.867167 
12.252342 -11.209376 26.019236 
10.636900 -13.118088 22.848955 
10.316681 -14.268152 21.969346 
10.838155 -13.726423 21.224890 
11.310800 -13.202222 20.540352 
11.308580 -12.512890 19.659241 
10.423064 -12.410724 19.023644 
11.149991 -11.578583 18.845383 
11.370363 -10.875939 18.188418 
10.576216 -10.273688 18.385555 
9.598271 -10.022083 18.489996 
10.583393 -9.595460 19.071033 
10.447736 -10.279985 19.761947 
9.981669 -9.341593 20.245976 
8.938248 -9.260555 20.122806 
9.030111 -10.853393 21.326660 
7.733593 -11.402513 24.020601 
8.034945 -11.225474 26.370079 
7.955860 -12.128762 27.025947 
8.532337 -12.859131 26.809809 
8.845038 -12.486247 25.963093 
8.439592 -13.378157 25.736636 
7.992281 -14.211449 25.804792 
7.880765 -14.082756 24.682965 
7.681714 -15.018589 25.027371 
8.691765 -14.882600 25.176887 
8.106383 -18.245407 22.116782 
6.402830 -17.348491 21.380826 
6.221267 -17.583262 22.694521 
8.460257 -16.084077 25.275242 
11.374148 -12.354451 26.517773 
10.240098 -12.329913 26.087016 
10.340773 -12.366729 25.069051 
9.670243 -12.523677 24.210812 
10.127815 -11.420572 24.965594 
11.557738 -9.623564 28.295418 
12.148503 -9.570263 29.348224 
13.025676 -10.260791 29.960897 
13.597666 -9.928799 29.140573 
14.233949 -9.066021 28.921945 
15.219519 -9.459742 29.933480 
14.250361 -10.443079 30.366548 
14.184469 -11.653071 28.596154 
13.622767 -13.635638 27.724544 
13.059758 -13.357713 28.976555 
12.060671 -13.332470 28.261725 
13.028012 -13.185498 26.502637 
14.372945 -12.509735 25.370625 
15.232749 -12.480702 25.049981 
15.306733 -11.742624 24.303010 
15.717291 -12.494991 23.652216 
16.080836 -11.801296 22.925059 
16.727027 -12.343664 23.518381 
17.009391 -11.710506 24.177911 
17.209211 -11.487136 23.133218 
17.688120 -12.213446 22.483860 
16.138533 -12.796552 20.844819 
14.240194 -16.010507 21.480704 
13.389750 -19.100362 24.108964 
12.148666 -17.778136 23.637390 
10.528488 -17.419606 23.292019 
10.025150 -16.591272 22.459205 
9.002350 -15.412417 21.055858 
7.036167 -15.708685 19.969682 
7.776152 -15.718050 19.350482 
7.637278 -13.961188 19.239724 
8.529790 -14.374425 18.952732 
7.472202 -13.613053 17.898290 
7.002454 -13.489530 16.333478 
6.850514 -14.378440 16.864073 
5.997286 -14.121413 16.217253 
5.977101 -14.863177 15.519420 
5.376236 -15.407620 16.256601 
6.207288 -16.018940 16.086155 
7.489690 -16.350804 17.033815 
7.917833 -15.601481 17.996762 
8.955997 -15.553596 18.460919 
9.276929 -14.153153 17.140497 
10.400754 -12.016274 16.152239 
10.367511 -12.226818 15.208819 
9.284939 -12.111084 15.312948 
8.206968 -11.858385 15.490633 
7.704334 -12.873587 15.283735 
7.607079 -13.978397 14.906329 
7.745179 -13.947245 15.954259 
8.400692 -14.546622 15.398578 
8.634774 -14.845866 14.521779 
8.759678 -15.558364 15.388540 
9.134560 -16.836067 16.297546 
9.565506 -17.673031 15.251446 
8.461098 -19.002630 15.490190 
9.418518 -20.063977 19.244217 
12.303303 -20.608033 20.415361 
13.423022 -19.702404 19.916521 
13.868142 -18.865547 19.631008 
14.520622 -19.000667 18.725946 
13.532304 -19.295931 18.482194 
12.560272 -18.992899 18.471680 
12.208520 -18.056367 18.488625 
11.873790 -18.702158 19.880305 
11.202892 -19.209435 19.527959 
11.128253 -18.215768 19.354142 
11.652316 -17.690669 20.085902 
12.593536 -17.909733 20.103552 
13.379006 -18.199220 20.654492 
12.866940 -19.009948 21.003568 
12.594055 -18.475327 21.853251 
13.512768 -18.043835 21.717234 
13.863894 -17.026714 21.782369 
13.885858 -17.198407 22.773342 
14.989761 -17.412471 22.844942 
15.270104 -17.861779 23.670943 
16.321408 -16.501074 22.412530 
17.361302 -14.474328 23.571873 
15.782746 -14.105239 23.046394 
15.145600 -15.517183 23.206530 
15.951352 -15.589354 23.888457 
15.424326 -15.956844 26.036299 
14.089824 -17.029783 25.645514 
14.923485 -17.380515 26.140628 
14.416408 -18.286930 26.288300 
15.015153 -17.550322 24.571330 
