28.782033 18.441187 4.564513 
29.502949 18.487023 5.290996 
29.031905 18.724991 6.138758 
28.394219 18.240301 6.678670 
29.139931 17.439204 6.806281 
29.458492 18.309692 7.179687 
29.917552 17.932772 8.094187 
30.786478 17.260984 8.142040 
29.903431 16.677576 7.979248 
29.208273 16.247528 7.353364 
29.243978 15.497576 8.116563 
30.030478 15.631069 8.662786 
30.795445 14.941798 8.901761 
29.740249 14.779832 9.223602 
29.357923 14.512117 8.177031 
28.963214 13.991168 7.427072 
29.105732 13.406557 8.201519 
29.738764 13.197929 7.454602 
30.319637 14.149930 7.525315 
30.836631 13.163402 7.646878 
30.620375 13.098593 8.587381 
30.942791 12.163093 8.212160 
29.947512 11.978466 8.162922 
30.614125 11.820575 7.402851 
30.776845 11.132551 8.079356 
31.584279 10.420850 8.316459 
32.290593 10.241706 7.546196 
32.807037 9.724872 6.955744 
32.717184 8.703286 6.634681 
32.253568 9.229331 5.822341 
32.110360 9.050325 4.724171 
31.711261 8.376257 3.979423 
30.938257 8.151287 4.577758 
31.686430 8.172749 5.290617 
31.158200 7.622442 5.940910 
31.629390 7.890948 6.867787 
31.648209 8.911137 6.795977 
31.406244 9.578089 7.461633 
32.266327 8.944133 7.620660 
32.088016 9.654543 8.529423 
32.519322 9.353571 9.370372 
32.177820 10.283774 9.526092 
31.486812 9.943197 10.229248 
31.569120 10.029781 11.377130 
31.311960 8.992136 11.379589 
30.965597 8.850787 12.311575 
31.305677 7.857952 12.082499 
30.629566 7.018136 12.223648 
30.209993 7.468302 11.356797 
30.482124 8.395717 11.623757 
30.130035 9.258088 11.003259 
30.521747 9.701569 11.961881 
30.922595 10.392948 12.509150 
30.256001 11.104567 12.755403 
30.110057 11.602237 13.632868 
30.458802 12.191984 14.495040 
29.682272 12.853203 14.203904 
28.921919 13.305889 13.992822 
28.722357 12.596487 13.371481 
28.238096 12.030539 14.171584 
27.846386 11.265284 13.623592 
27.216588 12.027584 13.783244 
27.151322 12.147047 12.773732 
27.501720 11.258718 12.318072 
28.171515 11.263218 11.455562 
27.563126 10.362221 11.608237 
27.781739 10.609902 10.587477 
27.824485 9.985071 9.655335 
28.490943 9.815478 8.968695 
28.596766 9.868645 7.943764 
29.241020 10.548739 8.271845 
28.564814 11.202458 8.690981 
28.843315 11.951339 9.352081 
29.661838 11.482863 9.142065 
29.127352 12.351722 11.575679 
27.171874 14.137264 14.696899 
26.968170 14.919209 15.537894 
27.461840 14.079144 15.913533 
26.844823 13.135097 15.718964 
26.249030 12.384360 16.021023 
26.569823 11.941524 15.154904 
26.457432 10.911957 15.477313 
26.597683 11.338570 16.356498 
27.127673 10.854284 16.826519 
26.343653 9.921974 16.047529 
25.906392 9.004110 16.234920 
26.394581 8.331331 15.556045 
27.268891 8.934938 15.503033 
28.242056 10.101184 15.535360 
29.174200 9.543730 13.938217 
28.178669 9.664149 11.558191 
26.625651 8.821775 12.329991 
26.828983 7.732865 11.957419 
27.318256 7.288244 11.128260 
27.867707 7.292637 11.968851 
28.395389 7.222075 11.025885 
29.047235 7.946616 11.460635 
29.421196 7.686666 12.476685 
29.025676 8.669423 12.351573 
25.419946 12.882582 14.011324 
24.672220 12.589382 15.432310 
25.621324 10.374277 14.588376 
26.886737 7.857639 15.030521 
27.872216 4.952244 18.244364 
27.324504 5.442706 18.895870 
26.929976 4.903231 19.641307 
26.731535 5.844785 20.165507 
25.208038 8.672315 18.417816 
25.544178 9.310064 18.422591 
26.637595 9.384600 17.745226 
28.019231 9.307650 17.795544 
27.916752 9.753131 18.782805 
27.000693 9.529587 19.345808 
25.882753 8.688296 20.261295 
24.280895 8.716268 20.009604 
25.108598 7.513770 20.786822 
25.278516 9.261307 22.430342 
24.165268 10.522919 22.557241 
23.358424 11.474932 22.895999 
22.953576 9.966863 23.398366 
22.543591 9.401982 23.752225 
21.823051 9.614906 24.347550 
20.886558 9.045342 23.995402 
20.295294 8.590163 24.807378 
19.270002 8.736996 25.152212 
18.865296 9.538984 25.583363 
18.594753 9.729665 26.633422 
17.812722 9.286051 27.248991 
18.698657 8.830548 27.253783 
20.355039 8.994152 27.320022 
19.555875 6.475399 23.390782 
21.464990 7.715797 25.071461 
20.664036 6.102781 24.390590 
20.765542 4.585256 23.937843 
21.989641 3.590722 25.710433 
20.205416 3.936395 26.153383 
20.032477 5.679014 27.044253 
21.391676 5.037290 26.125541 
21.520953 5.564493 24.524986 
22.512218 5.158723 24.590105 
23.536021 5.053278 23.927886 
24.965072 5.083707 23.643480 
24.483348 5.017018 22.675975 
24.896383 4.830961 21.739547 
25.702815 4.215296 21.420321 
25.638679 5.137554 20.911338 
25.277737 5.835570 20.166289 
26.103946 5.963559 18.517687 
26.563855 4.759302 18.290446 
26.053170 4.651637 19.272268 
24.502552 3.949962 20.167912 
25.155651 2.542579 21.464041 
25.385659 3.147274 22.237710 
24.283668 2.961078 22.370644 
23.706329 2.973437 23.296489 
24.228634 3.920841 22.816738 
23.475943 4.844515 22.285791 
23.564183 5.014166 21.263652 
24.409017 5.577572 21.335415 
23.626311 6.052833 21.932942 
23.754000 5.671579 22.897723 
22.714001 7.216997 23.110390 
23.386843 7.960329 22.264358 
23.700183 7.146013 20.924288 
23.681727 7.475173 17.343992 
25.344355 6.620230 16.128591 
24.274827 8.585252 15.071094 
25.019881 9.131864 15.618656 
25.249202 10.045129 16.231131 
24.384152 10.257642 16.756415 
24.789924 11.108745 16.335512 
24.699261 10.987461 15.345594 
24.003531 10.403745 15.081906 
24.756425 10.746505 13.965894 
23.689874 10.845489 13.845145 
23.189623 10.588290 12.972420 
22.485962 11.341305 12.948578 
22.879979 11.865535 12.343859 
23.458184 12.037630 13.100549 
24.309227 11.505907 13.365312 
24.243839 10.675910 12.787114 
24.313584 9.648375 12.628787 
23.399564 9.584400 13.066627 
22.388181 9.329900 12.651540 
21.897501 10.208751 13.030101 
21.599285 9.736462 15.182300 
22.370094 8.058205 17.886792 
22.509499 7.034998 18.339677 
22.262020 7.265784 19.757699 
21.852577 6.715857 20.492166 
20.656519 6.148593 20.982708 
19.417400 6.674935 20.228935 
18.820972 6.443237 19.411306 
19.325481 5.504840 19.417628 
19.156455 3.595698 21.215152 
