22.731713 10.624327 3.559495 
23.743706 10.834279 3.143115 
23.467820 11.103537 4.236411 
23.948131 11.858813 4.469043 
24.748790 11.151612 4.533036 
25.263980 11.804959 5.168749 
25.092740 11.106375 5.986932 
24.752721 10.514189 6.660761 
25.008755 10.005701 7.572038 
25.988119 10.011371 7.201494 
25.877064 11.183121 7.187827 
25.635729 10.792648 8.084699 
25.608194 11.386263 8.964578 
25.648980 11.854741 7.927935 
26.483784 12.351445 8.190417 
25.854846 12.908222 7.531037 
25.629471 13.902581 7.172208 
26.231333 14.507002 6.822450 
25.798706 14.749682 7.691225 
26.395985 13.988583 8.085240 
25.625063 14.097789 8.595669 
26.340552 14.712052 8.910364 
27.177805 14.901389 9.584333 
26.724336 15.427038 10.261641 
27.232161 16.250134 9.764926 
26.766865 16.721582 10.450296 
26.865166 17.398788 9.601835 
27.823477 17.208257 9.514985 
28.657213 17.268919 9.021250 
28.458680 16.557277 9.778922 
28.284588 15.544062 10.102976 
28.444414 15.040104 9.175541 
28.111227 14.429608 8.333765 
27.655794 15.132142 7.838368 
26.717640 15.525042 7.858364 
26.104842 15.672155 7.108646 
25.886190 16.729368 7.020138 
26.090208 17.281907 6.235797 
26.890494 17.601357 6.757082 
26.230451 18.293621 6.341878 
25.606361 18.843205 5.697600 
25.471846 18.539709 4.637819 
25.106507 19.388815 5.075375 
25.393088 19.866447 4.326673 
25.103036 19.660691 3.358545 
24.327947 19.355621 4.314674 
24.347764 18.883628 3.399724 
24.146919 18.992188 2.348563 
23.225137 19.016285 2.686512 
22.215273 19.420017 2.892200 
22.152778 18.471442 2.435877 
23.093765 18.361015 2.052967 
23.159602 19.287784 1.751920 
23.426400 18.607204 0.875134 
22.626207 19.161549 0.770435 
21.975000 19.592644 -0.005304 
20.969375 19.236602 0.173326 
20.142329 18.700348 0.528549 
21.082821 17.982451 0.765863 
21.991800 17.807927 0.468704 
22.190915 17.214339 1.312599 
21.460717 17.826835 1.792546 
20.751752 17.286066 1.357004 
20.538721 17.303086 2.433306 
20.653554 16.318757 2.784723 
20.809096 16.972829 3.592678 
19.947332 17.589884 3.222256 
20.469705 18.355800 3.700948 
19.390664 18.673360 3.541759 
20.055103 19.239846 4.033001 
21.010557 19.523409 3.694637 
20.242064 19.489667 3.033468 
21.076609 18.900105 2.934323 
21.685433 18.070226 3.199242 
23.950378 17.123245 5.313727 
24.969313 14.161699 5.680710 
25.700585 13.568996 5.667375 
26.436617 13.024847 6.155750 
25.756678 12.223194 5.892437 
24.820385 12.322640 6.434113 
24.692332 12.907486 7.278916 
24.276311 13.607745 6.681967 
23.851075 12.915552 6.157489 
22.969774 11.933056 6.488970 
22.215253 12.205326 6.095200 
22.032165 13.101385 6.553315 
22.527868 14.002715 6.292825 
22.910938 14.801506 5.965836 
24.081735 14.665985 4.522992 
22.145384 15.660559 2.831087 
22.088471 16.503005 3.255777 
21.175679 14.860850 2.329789 
20.409992 14.738249 3.026724 
20.856201 15.110865 3.907179 
19.869814 14.996095 4.034231 
19.498154 14.324549 3.355549 
18.595393 13.920799 3.189675 
19.193640 13.111235 2.944500 
19.269343 13.208300 2.002299 
21.572274 10.479174 1.574148 
20.177031 10.106252 -0.016548 
20.775469 10.528319 -2.443214 
20.529938 12.644295 -6.426206 
19.174303 12.246250 -9.187496 
18.477146 12.463099 -8.279105 
18.137169 12.339240 -7.339058 
17.530766 13.105256 -7.901076 
18.713900 11.798097 -9.004096 
21.488756 13.355849 -7.176499 
21.424202 13.731037 -6.085608 
21.290422 15.263853 -6.301039 
21.877620 15.777106 -6.969147 
22.676280 15.210824 -6.675265 
23.333183 13.677185 -7.362134 
24.616225 12.978172 -8.922845 
24.722457 12.726277 -11.023802 
25.146448 13.976781 -11.564572 
24.140407 14.123984 -10.602330 
23.032311 13.651938 -9.877477 
23.071397 12.064083 -8.726559 
22.679025 9.433599 -9.288897 
22.285381 8.425447 -9.427671 
22.614341 7.507893 -9.904056 
22.393973 7.165011 -8.910402 
23.451566 7.292178 -8.929264 
24.232670 6.720107 -9.197615 
24.837778 6.889778 -8.459420 
25.717520 6.852367 -9.112149 
24.859179 7.492803 -9.401810 
25.024282 6.513209 -10.267316 
20.923823 8.658078 -12.498911 
20.379413 13.047980 -13.159288 
21.513706 14.776789 -14.199904 
21.919986 12.688176 -15.019797 
22.634503 11.106207 -14.387749 
22.171458 10.949122 -13.544178 
24.252713 11.621562 -13.512320 
25.103460 12.238016 -13.278857 
25.608288 12.352700 -14.886748 
25.260775 11.387395 -14.973614 
25.098972 11.311307 -16.133232 
24.783839 12.933041 -17.263477 
24.796036 13.760280 -16.933569 
25.177386 13.337092 -16.078034 
25.836514 12.564333 -16.370067 
26.750796 12.709598 -16.039438 
27.553268 13.502870 -15.822314 
27.512031 14.248111 -14.506723 
26.648982 15.339571 -14.042637 
25.854160 15.747256 -13.542418 
25.813279 15.079685 -14.402671 
24.866497 13.453903 -14.598700 
24.245870 12.763176 -14.508456 
24.488821 11.970653 -15.265162 
23.485627 12.261509 -15.245865 
23.709760 11.275830 -14.513278 
23.910988 9.906720 -15.076456 
23.697288 9.126315 -14.604610 
24.427835 8.673273 -15.079199 
24.329214 8.357311 -16.111696 
24.532380 7.296651 -15.608257 
24.523550 7.595595 -14.276992 
25.144145 6.072432 -14.273113 
24.645561 5.408795 -15.860815 
22.971989 6.070150 -16.727904 
24.203697 3.101976 -19.474516 
24.495131 2.211934 -20.519554 
25.147634 2.889755 -20.544443 
25.723323 2.637266 -19.808660 
25.371863 2.719914 -18.784424 
24.770356 3.099101 -17.950063 
23.757809 3.147011 -17.660372 
23.214011 4.044308 -18.216910 
22.557715 4.401700 -16.943559 
22.410672 3.447196 -16.448157 
22.422396 4.150972 -15.697755 
22.734918 3.214248 -15.145622 
21.877681 3.521407 -14.555951 
21.542706 4.365682 -14.184061 
21.646857 5.369088 -14.080278 
21.058051 6.324913 -14.010362 
20.685912 6.476686 -12.943049 
21.167345 5.540256 -12.789457 
21.011678 4.682770 -13.183019 
21.136963 3.633159 -13.064627 
20.308245 2.784239 -13.832479 
19.423224 2.768673 -15.012051 
18.847565 3.623379 -14.079050 
19.716637 4.469133 -14.411671 
19.376347 5.386545 -14.410860 
19.819689 5.190751 -11.716833 
19.114914 6.404177 -10.903874 
19.839972 7.190351 -11.304568 
18.885789 7.469368 -11.274822 
18.592545 7.720701 -13.495086 
