25.126900 -5.404412 22.192834 
24.637712 -6.205475 21.788756 
23.860637 -6.609016 21.383748 
23.524085 -6.119052 22.139487 
23.306281 -5.301931 22.716987 
22.897934 -4.531778 21.980858 
22.263736 -5.133392 22.525345 
21.752005 -5.808140 22.874713 
20.711277 -6.060645 22.929392 
21.058322 -6.739676 23.592940 
20.479995 -7.370676 22.946059 
21.523135 -7.608436 23.014734 
22.113860 -6.956291 23.520016 
22.574908 -6.073804 23.538138 
22.566429 -5.085814 23.944684 
22.082887 -4.284786 24.516380 
22.853289 -3.537634 24.586411 
23.233787 -4.394521 25.157629 
22.413525 -4.971148 25.562540 
23.467277 -4.800367 26.036106 
22.727941 -5.614901 26.172226 
21.742590 -5.989461 26.144895 
20.767297 -5.609086 25.875672 
20.427744 -6.004190 24.969677 
20.170854 -6.002046 23.975428 
20.161843 -4.845305 23.720072 
19.348205 -4.491886 23.235255 
19.480445 -3.718003 22.639376 
20.470214 -3.594269 23.042403 
20.152950 -3.510691 24.012797 
20.813881 -4.250157 24.278127 
21.096135 -3.482221 24.738629 
20.564024 -3.282166 25.780341 
19.906971 -3.626761 26.598681 
20.458822 -4.386138 27.054515 
21.287813 -4.404476 27.776936 
21.029088 -3.455792 27.555535 
21.682892 -2.731426 27.375792 
22.591293 -3.149591 27.593221 
23.300729 -2.762056 27.001519 
24.016768 -2.143586 26.487634 
24.025724 -1.705576 25.542212 
24.180690 -1.125387 24.775020 
24.358550 -0.359081 25.607228 
24.294399 0.572077 25.965147 
24.315036 0.859022 24.869964 
24.966871 0.798945 23.963675 
25.335874 1.734022 24.372293 
26.339559 1.954619 24.539003 
26.760150 2.115023 23.630782 
26.987995 2.296049 22.591244 
25.907649 2.153060 22.463454 
25.711718 1.670715 21.581296 
26.497094 1.168377 21.050133 
26.609808 0.257683 21.389869 
27.485066 -0.168086 20.989283 
27.689916 0.069634 19.984822 
27.313195 0.913712 20.358368 
28.182883 1.492339 20.258649 
28.380272 2.141267 21.022296 
27.624873 1.804060 21.577371 
27.390901 2.723925 21.103613 
27.177970 2.782398 20.078719 
26.312405 3.312978 20.417940 
27.167231 3.836203 19.871854 
26.987221 3.686585 18.862833 
27.444186 2.751485 19.011849 
27.132394 1.875033 18.611622 
26.269110 1.433326 18.355465 
25.753606 2.371855 18.169512 
26.276397 2.550021 19.161661 
25.198801 2.599301 19.310059 
25.256098 1.680509 18.859948 
25.821935 1.684145 19.680100 
24.840038 -1.986391 21.825536 
24.383675 -4.264602 23.843645 
24.417044 -3.339952 24.587943 
25.180324 -2.835620 24.153291 
25.835107 -2.032356 24.096452 
25.567302 -2.605721 23.206564 
26.504976 -2.965237 23.028592 
26.987139 -2.180445 22.633468 
26.822823 -1.208253 22.599136 
27.341532 -1.249897 21.438490 
28.280560 -1.148320 21.179994 
28.187760 -1.702936 20.325158 
27.199027 -1.389443 20.009486 
27.758097 -2.148656 19.495677 
25.435350 -3.673179 17.832127 
23.866796 -6.982360 18.295586 
24.242977 -6.076207 19.954620 
25.181568 -4.924627 21.122693 
25.952249 -5.297342 20.416149 
25.767726 -5.846558 21.286437 
26.322373 -4.921421 21.434638 
26.104849 -4.140386 20.851538 
26.669519 -3.388345 20.968122 
26.369915 -3.394012 20.014848 
26.791352 -2.418340 19.538550 
23.775195 0.412304 20.820599 
20.768275 -0.138033 23.387167 
18.841492 0.899277 23.995671 
17.555458 0.294524 23.471068 
18.290011 2.629629 23.924871 
17.623894 2.850828 24.789252 
17.646498 2.996510 25.871661 
18.498756 2.288803 25.841577 
18.812355 1.343083 26.699827 
16.672052 -0.518153 28.455798 
15.897678 0.243571 28.138743 
15.689353 -0.576518 27.887941 
15.706499 0.040240 26.983177 
16.449563 -0.760452 26.829500 
16.549217 -0.934607 25.206333 
17.269863 -1.948927 23.931781 
16.102376 -2.483831 22.972266 
14.047743 -3.233884 22.461827 
12.886577 -1.700009 22.103179 
12.578591 -2.071074 23.206471 
13.977796 -1.142645 23.244661 
15.054816 -1.072323 22.726094 
15.254925 -1.256456 23.675233 
15.236870 -1.339419 24.735854 
15.164016 -2.372427 24.264109 
16.187178 -2.376242 24.037904 
15.771506 -3.068369 24.734059 
15.613666 -3.377680 25.765361 
14.646318 -3.021601 25.353487 
13.668463 -3.327380 25.742846 
14.216046 -4.073988 24.844224 
12.027432 -2.398256 27.186395 
12.929457 -0.241505 26.444445 
11.752114 -0.044713 23.602522 
11.370094 -0.816360 24.660196 
12.888499 -2.268884 24.588148 
14.091191 -1.053481 25.123696 
14.676392 -0.207410 25.852882 
15.748960 -0.226623 25.685659 
15.991916 1.439940 24.725155 
15.417163 1.367501 23.908883 
13.872952 1.126017 24.556248 
13.668539 1.530862 25.725028 
13.991631 0.635942 25.871187 
14.634248 1.112629 25.239223 
14.986105 0.859261 26.199176 
14.587655 1.793629 26.316037 
15.513909 2.195344 26.297037 
17.327803 2.640816 26.900667 
18.546242 3.727583 27.087210 
19.155745 3.404103 27.768449 
17.782198 2.364112 29.231139 
16.138185 1.988881 30.251230 
15.428299 1.564030 30.837970 
15.013270 2.201136 31.674826 
15.266251 1.380582 32.330855 
14.515234 0.505794 31.715109 
14.240005 0.049619 30.567195 
13.364823 -0.538506 30.665838 
12.989944 -1.497777 30.317124 
12.928003 -2.337338 29.803629 
12.765770 -1.446058 29.292095 
11.908294 0.289865 28.710277 
12.164570 1.514461 28.513162 
12.844374 1.515154 29.233600 
15.403000 1.717612 28.395998 
15.835973 2.547632 24.572662 
15.166826 3.243480 25.513853 
14.498824 3.688040 24.687852 
14.225814 3.807166 23.715568 
15.006874 3.449799 23.162129 
14.367799 2.701162 23.496846 
14.880883 1.861736 23.127996 
16.223570 2.591976 22.688009 
16.134785 3.218551 22.066386 
16.152322 3.027208 21.067022 
16.649600 3.352085 20.355345 
17.111392 3.573483 21.273816 
17.114767 2.467078 21.329434 
18.087175 2.600571 21.375336 
18.840721 2.161989 20.927559 
18.775441 1.219210 21.447191 
18.668477 0.626060 20.563845 
18.403963 0.016963 19.815265 
18.034214 -0.732276 20.376543 
17.553807 -0.404559 21.243944 
14.821012 0.840160 21.298952 
13.025602 1.908212 22.859607 
11.656227 2.513567 23.362801 
11.654982 2.493678 24.658767 
12.628240 2.772338 24.358001 
11.406269 0.139951 23.170129 
10.380426 -1.339230 22.367127 
10.512261 -2.394030 22.679069 
11.511443 -2.462275 23.063150 
11.439290 -5.951473 24.434881 
