-16.159704 -9.644253 24.741030 
-15.747716 -10.564064 25.040934 
-14.896563 -10.771464 25.668351 
-14.733211 -11.155449 26.556006 
-14.160935 -11.991670 26.795804 
-14.460640 -11.393034 27.593100 
-14.543885 -11.880691 28.390499 
-15.247410 -12.540390 28.118728 
-15.185141 -13.133380 27.356209 
-16.044071 -13.551202 27.732774 
-16.202502 -13.108951 26.761331 
-16.312717 -12.057371 26.387292 
-17.263318 -11.649785 26.484061 
-17.231326 -12.527573 26.873806 
-18.098439 -12.070833 27.166259 
-18.245519 -11.991781 26.142632 
-19.211487 -12.288855 25.735027 
-19.705665 -12.851492 25.036809 
-20.308667 -12.119007 25.485885 
-20.375321 -12.168326 26.441432 
-20.234946 -11.177431 26.169066 
-19.880050 -10.733669 25.184500 
-20.719117 -10.214744 25.555765 
-21.036282 -11.268735 25.177180 
-21.575860 -11.574274 24.297337 
-21.519331 -12.511275 24.570873 
-21.979966 -13.377428 24.411021 
-21.080053 -13.764230 24.345854 
-21.132795 -14.105981 23.357257 
-21.155703 -13.133592 22.781169 
-21.917956 -12.607470 22.423049 
-22.912835 -12.581597 22.065262 
-22.620059 -11.633295 21.856120 
-21.588966 -11.731838 21.686247 
-21.170784 -11.974016 22.672525 
-21.316955 -11.060832 22.817483 
-21.635971 -10.329530 22.121008 
-20.704029 -9.919866 22.508867 
-20.494002 -8.915305 22.138973 
-21.494801 -8.669876 22.013840 
-20.949437 -7.918539 21.503399 
-20.696929 -7.023838 21.717782 
-20.934045 -5.964138 21.594639 
-20.519131 -5.821645 20.697014 
-20.008363 -6.366900 21.528718 
-20.007866 -5.317150 21.513865 
-21.047555 -4.971720 21.435630 
-20.227173 -4.476763 21.032675 
-20.572556 -4.768939 20.083380 
-20.403346 -3.684128 20.104204 
-21.360017 -3.144085 20.377879 
-20.828228 -3.014653 21.226454 
-20.149330 -2.312053 21.662743 
-20.578959 -1.504172 21.921971 
-19.813532 -1.321350 21.209977 
-18.884662 -0.838411 21.298936 
-19.590373 -0.440766 21.975288 
-19.458912 -1.464855 22.504673 
-18.813220 -0.608274 22.692787 
-18.102616 -1.186436 23.314715 
-18.703676 -0.821473 24.050274 
-19.234674 -1.590333 23.541284 
-18.827886 -2.216891 22.950891 
-19.100539 -2.405682 21.959538 
-18.613053 -3.299084 22.298303 
-19.548315 -3.322700 22.878007 
-20.143060 -3.657908 23.778180 
-19.316811 -4.327534 23.543566 
-18.700089 -4.392700 24.394265 
-18.617683 -5.392297 24.281184 
-18.807163 -6.215189 24.921892 
-19.212202 -6.995432 24.455286 
-19.168981 -7.469568 25.441142 
-18.853894 -8.307790 24.779106 
-18.519552 -8.114059 23.614779 
-15.000606 -4.969546 23.283345 
-13.951231 -5.310995 23.403457 
-13.964325 -4.265094 23.343941 
-13.194373 -4.351519 24.145629 
-12.598861 -3.778514 24.727476 
-12.097477 -3.632309 25.549793 
-12.022585 -2.665842 25.400277 
-11.634304 -1.772277 25.946905 
-11.367406 -0.753602 25.411286 
-12.143806 -0.359570 26.163437 
-13.099965 -0.819003 26.066793 
-13.028128 -0.370253 27.047207 
-13.381938 -0.534671 27.997079 
-12.956594 -1.888677 25.805786 
-13.836388 -2.790094 22.211056 
-13.368406 -0.703828 21.837487 
-12.393097 1.676623 22.690501 
-11.911088 2.371161 23.289825 
-11.048982 2.799989 22.945199 
-11.012648 3.861827 22.586009 
-10.259160 3.789171 23.377385 
-9.853240 4.513468 22.664362 
-9.594395 4.860648 23.583008 
-9.458370 4.968589 24.633841 
-8.832208 8.087024 25.134786 
-10.444837 6.324305 25.409092 
-11.790350 6.104036 25.508793 
-12.680412 5.681110 24.585422 
-13.338388 8.257405 24.086023 
-12.332763 8.270904 24.119822 
-12.199929 9.271459 24.441081 
-12.306159 10.271491 23.900771 
-10.775905 14.455298 25.586500 
-10.019250 13.524433 25.750212 
-9.959439 12.306300 26.337710 
-9.578631 13.070889 26.720330 
-10.577846 12.827276 26.917967 
-10.619588 12.224853 27.794110 
-10.724538 11.235467 28.614488 
-12.245558 12.186623 28.096737 
-12.320241 13.523523 28.466378 
-11.024276 13.658891 29.438267 
-10.098765 14.730889 29.626165 
-9.658238 15.625367 28.715863 
-11.402533 15.980252 27.602692 
-11.642095 18.020158 26.392090 
-12.216816 18.810154 25.819378 
-12.935474 18.028952 25.774838 
-12.973719 17.304945 26.486088 
-13.692026 18.028003 26.500809 
-14.220744 17.093727 26.010124 
-13.782979 16.316502 25.613186 
-13.154407 16.187276 26.381432 
-13.910807 15.715776 26.818029 
-13.315396 14.409888 25.572299 
-16.011299 12.536506 24.859622 
-13.439616 11.482742 26.052010 
-11.566373 11.881603 23.955330 
-11.908979 12.211193 22.276884 
-12.294606 14.051634 21.043712 
-13.846229 12.552584 22.133786 
-15.253335 12.239509 22.595888 
-16.079783 13.560179 22.474667 
-17.623494 13.947309 21.410630 
-18.463742 13.760194 21.983831 
-18.425420 12.915820 22.509233 
-18.142045 11.760057 21.947411 
-18.819228 11.250038 22.547867 
-18.716073 10.364530 23.061562 
-18.142685 10.041687 22.404955 
-18.457541 10.751344 21.666644 
-17.995888 11.326708 20.824740 
-17.533049 11.242994 20.187679 
-18.038673 10.274275 20.854588 
-19.034545 9.924957 20.864445 
-20.076977 7.711686 20.231627 
-19.804563 6.248937 21.363719 
-19.681602 5.779760 20.390234 
-20.169888 4.978107 20.189296 
-19.687614 4.572752 21.002029 
-18.842210 4.243068 20.966361 
-19.504884 3.484333 20.411769 
-18.968897 3.138298 21.138644 
-18.773604 2.368474 21.738745 
-19.643021 2.462158 22.251482 
-19.182003 1.915775 22.886949 
-18.276406 1.380600 23.657255 
-17.196396 0.364570 24.472007 
-15.854175 1.107237 23.305822 
-15.671020 5.425240 23.114351 
-17.364585 12.481171 21.271043 
-18.073672 14.027956 19.195504 
-18.021293 15.099504 19.355652 
-17.897053 15.117166 20.375872 
-17.986402 16.079650 20.224079 
-17.491335 15.998743 21.259566 
-17.504474 15.286338 21.969164 
-17.157122 15.266274 22.807750 
-18.047132 16.231865 22.888740 
-17.987747 17.172611 22.532488 
-18.044610 17.860028 23.325669 
-18.791120 18.102092 23.967616 
-19.198096 18.619242 23.218596 
-19.670924 19.313854 22.569397 
-19.474903 18.381327 22.207526 
-18.565782 18.869484 21.963238 
-18.619853 17.914778 21.502747 
-17.584690 17.631988 21.640817 
-17.457024 16.964093 20.755769 
-16.629323 16.607478 20.164372 
-16.045605 13.952670 21.016095 
-15.381916 11.036384 21.430621 
-15.266866 9.923908 22.655139 
-15.087097 8.215521 22.916523 
-16.024364 8.690794 22.782632 
-14.834050 6.849902 22.865255 
-14.257968 4.533934 23.890965 
-15.199952 4.268329 23.666685 
-16.008986 3.530800 23.740916 
-14.826236 0.829915 24.353319 
