-26.831471 7.486229 -0.441737 
-27.637885 6.934498 -0.661282 
-28.109224 7.714311 -1.158240 
-28.494325 6.712566 -1.161921 
-28.918789 5.809588 -0.965422 
-29.793631 5.268966 -0.735189 
-30.118323 5.859835 -1.561237 
-29.704789 4.962340 -1.709306 
-29.553003 4.324085 -2.474626 
-29.512771 4.546097 -3.410130 
-28.928247 3.682495 -3.634747 
-28.398476 4.525538 -3.278259 
-28.296578 4.278769 -2.341991 
-27.495035 5.020754 -2.406900 
-27.681808 5.385099 -1.386914 
-27.237967 5.663823 -0.505907 
-26.559219 5.930217 0.228345 
-26.136425 6.236016 -0.583115 
-25.747207 6.243689 -1.465416 
-25.526585 7.035734 -0.972746 
-25.816543 7.255766 0.032527 
-25.736409 8.191050 -0.536626 
-25.902143 9.173413 -0.081168 
-25.454671 8.646491 0.618373 
-24.956710 8.369303 1.446398 
-24.989288 9.482233 1.253140 
-24.022696 9.404563 1.534660 
-24.232736 9.411824 2.579387 
-25.257388 9.436968 2.748477 
-24.757323 10.034536 3.554534 
-25.596619 10.636414 3.530814 
-24.529833 11.140244 3.577318 
-24.979331 11.775229 3.003943 
-25.963347 12.017692 2.673766 
-25.668803 12.981830 2.974581 
-26.557033 13.760739 2.925434 
-26.416711 13.518732 1.928689 
-26.952982 14.092607 1.489548 
-27.543597 14.833683 2.192161 
-27.560314 15.672131 2.713036 
-27.482580 16.120058 1.879044 
-28.261867 16.681633 2.516426 
-28.419197 16.338999 1.481629 
-29.224325 16.311429 2.213523 
-29.811228 15.717980 1.560196 
-30.481768 16.347336 1.944811 
-30.977433 15.471130 2.258791 
-31.249254 14.450145 2.392067 
-30.811242 13.534224 2.521398 
-30.751521 13.421942 3.484139 
-30.762262 14.529259 3.302122 
-30.167951 14.310282 2.496999 
-29.827644 13.980990 1.543395 
-28.925367 13.742859 2.078179 
-28.145035 13.346186 1.782065 
-27.847081 13.031374 2.824514 
-28.599894 12.581164 2.216513 
-28.692805 11.590075 2.728598 
-28.577835 10.898680 2.048724 
-28.469013 10.004966 1.634848 
-28.199586 9.528157 0.751864 
-27.494861 9.992262 1.426758 
-27.787687 9.540246 2.218415 
-27.478798 8.548775 2.447420 
-27.089556 7.587687 2.128675 
-27.008910 6.517959 2.315697 
-27.204158 5.599149 2.019631 
-27.801165 5.823367 1.245081 
-27.402814 4.852887 0.977851 
-27.679500 4.748541 -0.061903 
-28.157097 4.173344 0.653464 
-27.695353 3.203482 0.443009 
-28.363477 3.069344 -0.402120 
-28.135125 2.594784 -1.221622 
-27.464101 2.936321 -1.492843 
-29.280934 6.681389 -3.172752 
-28.596070 7.305949 -2.874676 
-28.625414 8.204671 -2.264599 
-29.053393 9.174755 -2.310310 
-29.787803 9.786120 -2.610788 
-30.112360 9.881383 -1.680997 
-30.998625 10.333950 -1.295839 
-30.298385 10.664795 -0.675742 
-28.799543 10.787475 -1.103360 
-27.484149 11.582293 -1.559139 
-26.433949 11.933028 -1.430895 
-26.409141 10.972320 -1.320107 
-26.791404 10.106887 -1.394024 
-27.804771 8.953234 -0.155116 
-28.398051 7.993154 1.408490 
-29.415219 7.293405 2.478760 
-28.031632 9.031878 3.652589 
-28.753828 9.454498 3.051400 
-28.767370 9.080358 2.007565 
-29.590316 8.892923 1.518138 
-29.221859 9.335613 0.573251 
-30.030802 9.745052 0.324734 
-29.226240 10.466374 0.095955 
-29.871889 11.143312 0.441547 
-29.459699 12.079076 1.703367 
-28.910367 10.513881 4.521570 
-30.880974 10.726613 3.340803 
-32.032134 12.860202 -1.012227 
-29.180623 13.536183 -2.827466 
-28.835213 13.808486 -3.719046 
-29.056937 14.879595 -3.904647 
-30.131151 15.040903 -3.542997 
-29.226252 16.011900 -1.760011 
-28.242234 14.514932 -3.273714 
-27.707332 14.060168 -1.853884 
-28.465958 13.551581 -1.467620 
-28.464742 13.758633 -0.364700 
-28.016029 14.526372 -0.855085 
-26.171625 14.989096 -1.047971 
-26.873216 15.646851 -1.245166 
-29.118660 15.293386 -1.226684 
-31.535559 13.584913 -1.047693 
-30.890006 12.345914 -1.823246 
-31.188673 11.546610 -0.925455 
-30.776111 10.353902 1.336230 
-30.620359 9.060745 2.908631 
-30.757180 8.374169 2.241410 
-31.217194 7.530524 1.877791 
-32.151640 6.937474 2.030700 
-31.774072 6.098689 1.867813 
-31.086956 5.408543 2.167251 
-31.963607 4.932930 1.908523 
-31.556889 5.262993 1.045978 
-30.546391 5.662189 1.094298 
-29.017740 4.404818 1.858141 
-31.763613 3.279182 2.024835 
-33.435239 2.450623 1.693948 
-32.257767 4.848385 0.198408 
-32.808427 3.902967 -0.808373 
-34.767462 3.357948 -1.329495 
-34.281073 3.956830 -0.154020 
-34.256299 5.806817 0.565467 
-33.110239 6.081249 1.077190 
-34.041673 6.446168 2.264549 
-33.618641 7.405850 2.407721 
-32.702109 6.875771 3.457063 
-32.204154 8.218972 2.859627 
-32.654236 9.087342 2.320442 
-32.530157 9.683413 3.199157 
-32.213760 9.067646 3.982187 
-32.503675 9.924267 4.402604 
-32.936804 10.415389 5.242308 
-31.731677 9.656043 5.754668 
-31.571373 10.740804 5.396733 
-31.425118 11.143253 4.370623 
-29.931911 13.569374 4.244663 
-28.749944 15.726119 4.578854 
-29.398925 15.956634 3.684230 
-29.822801 15.358518 4.559390 
-30.609808 15.821472 5.155294 
-31.512961 16.408884 4.313765 
-31.454666 15.605341 3.748433 
-31.228217 14.814298 4.361538 
-31.518516 13.956602 3.899301 
-32.143033 13.237762 3.999861 
-31.352813 12.920503 4.678587 
-32.578175 11.576119 4.022225 
-33.505960 10.839519 3.031058 
-32.689891 10.296217 1.577589 
-31.515684 9.515635 -2.647895 
-28.803971 7.959978 -3.897080 
-30.058537 7.090634 -4.312210 
-30.360349 6.404040 -4.931390 
-29.406573 6.746736 -5.273378 
-29.451764 5.817072 -4.953206 
-29.541243 5.473957 -5.938857 
-30.529352 5.279967 -5.456434 
-31.642686 5.491542 -5.552298 
-32.638967 4.800071 -5.939839 
-33.533727 4.280292 -6.145364 
-33.934716 5.078641 -6.688612 
-33.943265 5.950061 -6.005757 
-33.333423 6.299156 -5.329696 
-33.241019 7.307533 -5.408765 
-34.016753 7.900494 -6.057066 
-33.108751 8.213084 -6.440708 
-32.387548 8.545609 -5.760225 
-31.584585 9.138929 -5.276167 
-31.596066 9.523877 -4.346577 
-32.043744 8.656733 -3.952628 
-32.152186 7.928019 -2.513036 
-30.464347 8.351334 -2.721024 
-31.051588 7.143294 -3.523879 
-30.270389 7.298802 -3.214347 
-29.818663 7.306777 -2.264483 
-30.149343 6.755470 -0.493111 
-30.900912 5.088284 -1.244094 
-31.267540 4.240613 -1.523177 
-30.505925 4.462266 -2.285079 
-31.888540 3.322907 -2.323814 
