-34.103874 4.795837 -5.351574 
-34.514487 4.662452 -6.381710 
-33.609868 5.079988 -6.368661 
-32.773834 5.420482 -6.148676 
-32.807186 6.273765 -5.561983 
-32.120081 6.305125 -6.482633 
-32.649957 5.808258 -7.246704 
-31.601689 5.599292 -6.985962 
-31.207084 4.696392 -7.122651 
-32.055347 5.017556 -7.627651 
-32.195357 4.726869 -6.609668 
-31.338101 5.050226 -6.135189 
-30.840780 4.070938 -6.333534 
-29.892765 3.824863 -6.639900 
-29.477934 2.943800 -6.219606 
-29.653580 2.862009 -5.167177 
-29.319132 1.955991 -5.535294 
-29.483542 1.926154 -4.581089 
-28.641792 2.368247 -4.128201 
-28.453431 1.754183 -5.182026 
-27.770016 2.647327 -5.149938 
-27.883753 2.054761 -6.018281 
-27.297858 2.646492 -6.610664 
-26.267749 2.750345 -6.783220 
-26.550357 1.809308 -6.534517 
-27.200354 0.924055 -6.303854 
-26.612701 0.104737 -6.729750 
-27.095861 0.425824 -7.588340 
-28.092333 0.802130 -7.258080 
-27.917817 -0.223364 -7.274896 
-28.766926 0.056424 -6.848126 
-29.600498 -0.571280 -6.967593 
-30.422556 -0.150303 -7.259220 
-30.156201 0.038380 -6.282000 
-30.735344 -0.761204 -6.285344 
-31.746031 -0.389759 -6.436419 
-31.939280 -0.654083 -5.442571 
-32.377925 -1.187952 -4.681710 
-32.300642 -0.076362 -4.661209 
-32.111787 0.083283 -3.706327 
-33.167535 -0.018060 -4.165020 
-32.692772 0.927354 -4.149746 
-32.045050 1.093624 -3.403912 
-31.283175 1.428798 -3.975881 
-30.383237 1.766886 -3.839881 
-30.313944 2.701459 -3.569582 
-29.428913 3.179753 -3.186718 
-28.625196 3.036418 -2.434360 
-27.651017 3.341271 -2.558472 
-26.877606 3.926884 -2.975293 
-26.985690 4.415909 -3.988776 
-26.450861 5.237219 -4.400438 
-27.252737 5.912875 -4.436987 
-27.510576 5.695119 -5.529909 
-27.357313 4.665970 -5.589165 
-27.756702 3.677450 -5.470679 
-28.401420 4.061666 -4.822335 
-29.055596 3.957469 -4.072172 
-30.015082 3.499323 -4.063707 
-30.789836 2.930675 -4.553771 
-30.648939 2.306936 -5.357321 
-31.650222 2.011604 -5.198904 
-31.975948 1.516951 -5.921254 
-31.633037 0.491435 -5.558012 
-31.186091 1.047994 -6.278250 
-31.332979 1.316920 -7.206595 
-31.948707 0.541525 -7.523417 
-31.287847 -0.103396 -7.861098 
-32.006589 -0.729433 -7.885253 
-32.701582 -0.116545 -7.373213 
-33.702904 -0.396275 -7.177803 
-33.971066 -1.349238 -7.493181 
-33.517884 -1.319115 -6.508588 
-34.128949 -2.067382 -5.980285 
-32.029296 -4.701258 -3.620130 
-30.063924 -3.492902 -3.526087 
-29.620949 -3.177514 -2.580992 
-28.756515 -3.547499 -2.292818 
-28.762615 -3.950625 -3.262177 
-27.893685 -4.431161 -3.055179 
-27.725718 -3.775236 -4.342479 
-28.031585 -2.698073 -4.469532 
-26.988230 -2.577364 -4.470384 
-27.054848 -3.583781 -5.274629 
-27.780087 -4.854295 -5.745751 
-28.474449 -4.301035 -6.132677 
-28.568354 -4.184087 -5.161857 
-29.088377 -3.408741 -4.792901 
-28.996480 -0.664261 -4.828193 
-30.109283 0.009844 -4.545420 
-31.678039 -1.371320 -3.513733 
-32.647028 -2.977229 -3.101648 
-33.508010 -3.455958 -2.797543 
-33.750733 -2.692862 -3.590515 
-33.439748 -2.052509 -4.524868 
-32.713264 -2.694914 -4.395650 
-33.040277 -2.360783 -5.447243 
-32.350989 -1.609005 -5.615042 
-32.314010 -2.188408 -6.462888 
-30.225935 -2.216463 -6.189289 
-32.535482 -5.843179 -6.864748 
-33.375427 -5.421737 -6.167634 
-31.883687 -4.286423 -7.488062 
-30.454034 -4.181583 -8.835456 
-29.548743 -4.243721 -9.244651 
-28.728737 -3.703869 -9.028629 
-27.820085 -3.153639 -9.190840 
-28.305651 -5.130840 -10.986266 
-29.852746 -7.208306 -11.522092 
-31.676755 -7.551319 -9.401759 
-30.993035 -7.165210 -8.362989 
-31.384696 -6.649476 -7.607099 
-31.599004 -5.762572 -7.852257 
-31.199750 -6.005818 -9.750931 
-30.411220 -5.342835 -10.611602 
-31.237224 -4.761431 -11.513012 
-29.900431 -5.973629 -12.758921 
-27.964760 -5.295993 -13.579810 
-28.863563 -6.021515 -14.161284 
-27.890206 -6.836079 -15.713824 
-27.102334 -7.687511 -16.971125 
-28.017165 -8.112620 -17.550651 
-28.869704 -8.729321 -17.167666 
-28.985684 -9.019448 -15.563225 
-28.124891 -8.111471 -15.085570 
-28.657733 -7.314837 -15.517459 
-29.482223 -6.742871 -15.298259 
-29.982330 -7.176964 -16.001579 
-30.099497 -6.139657 -16.013886 
-29.223917 -5.734595 -16.673491 
-27.022753 -6.444272 -15.633603 
-26.877643 -11.072514 -13.524627 
-27.094307 -11.023136 -11.622052 
-26.870127 -9.938773 -10.804173 
-27.947373 -8.624441 -9.827902 
-28.657284 -7.202870 -9.303234 
-29.954964 -6.074926 -9.676276 
-30.700999 -4.663641 -9.708486 
-30.792485 -3.298552 -9.995918 
-31.734430 -3.246715 -10.501066 
-31.935723 -2.206311 -10.742241 
-32.178016 -1.479397 -11.713273 
-33.185896 -1.372808 -11.879809 
-33.548928 -0.408778 -11.544081 
-32.837599 -0.293360 -12.079685 
-32.110369 -0.273803 -12.904565 
-31.345873 0.414977 -13.128401 
-30.166013 1.328566 -13.120636 
-30.006294 1.026722 -12.244209 
-29.105276 1.507642 -11.875424 
-28.470819 0.249506 -12.194569 
-28.049752 0.248186 -13.230456 
-28.850085 0.877679 -13.067970 
-28.333312 1.024742 -14.032250 
-27.838675 0.200553 -14.338410 
-27.702247 0.735412 -15.804873 
-27.418205 0.738898 -16.764065 
-27.781372 -0.017180 -16.320414 
-28.712690 0.017426 -16.331015 
-29.471433 -0.722522 -16.115995 
-28.493515 -1.166303 -16.479803 
-28.080564 -1.579371 -17.165622 
-29.254363 -1.956639 -17.262624 
-30.430984 -2.610623 -16.193334 
-30.666767 -4.161992 -14.505063 
-27.510953 -2.562480 -18.246829 
-26.226628 -2.183673 -18.363637 
-25.996759 -3.142734 -18.686055 
-26.456454 -3.697379 -19.485623 
-25.939145 -3.506921 -20.415743 
-25.373547 -2.867634 -19.881495 
-25.775976 -2.263539 -20.491767 
-25.966309 -1.430825 -19.712336 
-26.960369 -1.209684 -20.063112 
-27.395344 -1.093304 -20.973493 
-27.445502 -0.182328 -20.437667 
-26.574719 0.223029 -20.073457 
-27.410486 0.739082 -19.822289 
-27.647676 1.616712 -20.213932 
-27.286890 1.482410 -21.143198 
-28.082892 2.258988 -21.225569 
-28.255934 2.457620 -20.174770 
-28.339242 3.247990 -20.839022 
-27.407031 2.873656 -20.680964 
-26.588598 2.177665 -20.836377 
-26.621145 0.894552 -22.278106 
-26.408028 -1.321462 -21.080620 
-27.173647 -1.987895 -21.383232 
-27.046702 -3.016129 -21.061888 
-27.497503 -3.589860 -21.846069 
-27.497609 -4.200364 -20.770064 
-28.790648 -4.902844 -19.987795 
-28.811587 -4.145099 -19.350570 
-28.712772 -4.701345 -17.898340 
-26.242902 -5.076884 -18.627462 
