14.378714 -27.730666 -3.515780 
14.396354 -28.111005 -2.516116 
15.003101 -27.309262 -2.595181 
15.077713 -26.240872 -3.020544 
14.952166 -26.099613 -2.101092 
15.819608 -26.564140 -1.937836 
16.507419 -27.099268 -1.331976 
17.201608 -26.435357 -0.999100 
17.909076 -25.931406 -0.634490 
18.366040 -26.853944 -0.425301 
18.413943 -27.222301 -1.393330 
17.746532 -26.677475 -1.892643 
18.569633 -26.151816 -1.891125 
18.905904 -26.791311 -2.710795 
18.686968 -26.331941 -3.648212 
18.113045 -25.766578 -2.999589 
19.081411 -25.267028 -2.478122 
19.747887 -25.549746 -1.684785 
20.315871 -26.164421 -1.015686 
20.963981 -25.374484 -1.133662 
20.691502 -25.398130 -2.119820 
20.413379 -25.904381 -2.961045 
19.731032 -26.375941 -3.602280 
19.475916 -26.059673 -4.581850 
19.005668 -26.532268 -5.472495 
19.419986 -26.061685 -6.336409 
19.325036 -25.644314 -7.271466 
20.057824 -24.927350 -7.142548 
20.587853 -25.744825 -7.306860 
21.043345 -24.870628 -7.438727 
20.877982 -25.104250 -6.453842 
21.502163 -24.439618 -6.224392 
22.103518 -24.895954 -7.000995 
22.013004 -24.496290 -8.021409 
22.713339 -23.713544 -8.266613 
22.050003 -23.378477 -8.967936 
22.935376 -22.820460 -9.259242 
23.078586 -22.375308 -10.104712 
22.261019 -21.781259 -10.255245 
22.075313 -21.766707 -11.350074 
21.040115 -21.794058 -11.619509 
21.459861 -20.971143 -11.262051 
22.109861 -20.580711 -11.787778 
22.550525 -21.194304 -12.572558 
23.267308 -21.537640 -12.047221 
24.097987 -21.162657 -12.528323 
24.196914 -20.873011 -11.516459 
23.703769 -20.317779 -10.839406 
23.617872 -20.117054 -9.843978 
23.734280 -20.992856 -9.199715 
24.291763 -21.564304 -9.932837 
24.986230 -22.363843 -9.995615 
26.074619 -21.964414 -10.159021 
26.828331 -21.159359 -10.444285 
25.886735 -21.036452 -10.630847 
25.674119 -20.102843 -10.289695 
25.020398 -19.978198 -11.088529 
24.361719 -19.288156 -10.891767 
24.693144 -18.651046 -10.209566 
25.503596 -18.225356 -9.597249 
25.420676 -18.345874 -8.540541 
25.010479 -19.245537 -8.665635 
25.738131 -19.378168 -7.981104 
25.912199 -19.662406 -9.021364 
25.728323 -20.629594 -8.667718 
24.921623 -20.681174 -9.557143 
24.558422 -20.294395 -8.674751 
24.311328 -20.126497 -7.678547 
23.521924 -20.807353 -7.833344 
22.779820 -20.769379 -7.045881 
22.618435 -21.888801 -6.537106 
22.856165 -22.728619 -6.102133 
23.809461 -22.672220 -6.553829 
23.834772 -23.742379 -6.739427 
19.757314 -23.858070 -5.179045 
18.446611 -24.301467 -6.885044 
18.412220 -24.392187 -8.000248 
19.338379 -23.896393 -7.798996 
20.117204 -23.556488 -7.160366 
19.428339 -22.825559 -7.604262 
18.456795 -23.142951 -7.802605 
17.523286 -22.945137 -7.517160 
17.701317 -22.216685 -8.228550 
17.719699 -21.257099 -7.267746 
17.399602 -22.221230 -6.736308 
17.461199 -22.532480 -5.694763 
17.290043 -21.524768 -5.570668 
17.386734 -21.346173 -4.502595 
16.987514 -19.263110 -4.241334 
17.610004 -17.774366 -4.656805 
18.782415 -17.533208 -2.965651 
20.255576 -18.333605 -0.827138 
19.346869 -18.356257 -0.398301 
19.481109 -18.811280 0.441769 
19.156552 -19.144863 1.368792 
18.329144 -18.582332 0.909391 
17.402223 -18.255335 1.225012 
18.188099 -18.070088 1.821269 
18.176181 -17.550726 2.730914 
18.849230 -18.913647 -0.374906 
21.689625 -18.021723 -3.802365 
22.641571 -16.608608 -4.707768 
21.673906 -18.011203 -5.525753 
20.698377 -18.842139 -7.506774 
21.359057 -19.375681 -8.070838 
21.911629 -19.978849 -7.465687 
22.980711 -19.653193 -7.356272 
22.346045 -20.658972 -7.099004 
22.815213 -22.830721 -3.024848 
23.583374 -22.728446 -2.594379 
24.381722 -22.397986 -2.288399 
25.376859 -22.734239 -2.385350 
26.299504 -22.461703 -2.001989 
26.722459 -21.783957 -0.242576 
27.549984 -21.556155 1.598692 
26.200633 -20.003086 0.834420 
25.104117 -20.279565 -2.008674 
24.148874 -20.308611 -3.356055 
23.735838 -19.389683 -3.400232 
24.835125 -19.212782 -4.044671 
24.473118 -19.984110 -5.529228 
23.751746 -20.810317 -5.342575 
23.582235 -21.731733 -5.388658 
23.266424 -21.961655 -4.446048 
23.363352 -22.864362 -3.893747 
24.158515 -22.846764 -4.452254 
23.424252 -22.908684 -5.232674 
22.417848 -23.115432 -5.292612 
22.681985 -23.712548 -4.636638 
23.283364 -24.728098 -3.216725 
24.594818 -23.573070 -6.314297 
22.071593 -26.058270 -5.344315 
20.994547 -27.140668 -5.038246 
19.485967 -27.834953 -3.757810 
19.279558 -27.265142 -1.776736 
19.130268 -28.126357 0.451903 
18.586356 -27.334519 1.630407 
17.905024 -27.002447 0.640159 
16.649132 -26.862956 0.444312 
16.415433 -25.871447 0.231940 
17.275473 -25.270255 0.441904 
18.435424 -25.407490 1.432736 
19.270997 -24.761970 1.430072 
19.367810 -25.059503 0.436240 
19.677426 -25.697306 -0.434553 
19.267195 -26.545917 -1.067232 
19.936689 -26.940605 -0.311295 
21.166884 -27.262023 0.346545 
21.893600 -27.361784 1.250422 
21.104312 -26.941138 1.670064 
21.049426 -25.820666 3.777712 
20.485119 -24.766932 3.963136 
20.102860 -24.190514 4.628099 
20.792807 -23.469749 5.054060 
21.631875 -22.994369 5.295468 
21.559939 -24.025456 4.601948 
22.222910 -24.541252 4.235393 
22.746702 -24.524456 3.418045 
23.400930 -23.655028 3.537603 
23.822800 -23.050116 2.874001 
24.273798 -22.015241 3.113075 
25.157124 -22.748898 1.522825 
26.588599 -22.946293 1.868245 
25.969181 -23.743938 3.004071 
22.793697 -25.094292 3.983218 
22.191297 -25.511830 -0.330022 
22.903847 -25.167306 -1.295794 
22.993500 -25.875089 -2.025502 
23.017485 -26.931263 -1.951294 
22.043073 -26.726999 -1.556362 
21.603458 -26.283875 -2.376267 
20.747496 -26.531514 -1.943646 
20.930706 -27.640598 -2.823576 
21.888933 -27.433471 -2.479381 
21.641003 -28.082063 -1.741746 
20.627857 -28.539740 -1.789677 
20.480098 -27.640145 -1.246447 
19.983408 -28.559071 -1.081317 
19.075522 -28.962935 -1.129787 
18.358763 -28.300127 -1.646511 
17.367685 -28.047176 -1.849882 
17.919223 -27.606244 -2.592040 
17.739114 -28.368997 -3.285567 
18.167061 -29.208607 -2.900075 
17.943712 -29.522422 -3.920682 
16.194744 -30.137420 -4.561439 
14.857990 -31.557591 -4.166081 
13.530585 -32.135655 -4.598501 
12.449180 -32.538832 -5.717450 
11.857405 -31.908038 -6.386204 
13.257102 -30.084438 -5.051222 
12.906184 -30.412707 -3.024077 
12.748074 -31.167637 -3.656708 
11.856541 -31.181297 -3.327682 
10.524266 -32.544686 -1.593151 
