-17.578788 21.487678 -19.186543 
-18.429483 20.952844 -19.293711 
-18.048783 20.198611 -19.920990 
-17.969573 20.733962 -20.715394 
-17.273310 21.258757 -21.404123 
-16.409132 21.827825 -21.115036 
-16.462479 22.297896 -22.040278 
-15.378896 21.961010 -22.088746 
-15.462923 20.812397 -21.800428 
-15.572972 19.747046 -21.906998 
-14.929410 19.882273 -21.175168 
-15.085650 18.887156 -21.156370 
-15.531252 18.566641 -21.953976 
-16.344258 18.488149 -22.569445 
-16.179760 19.221542 -23.424132 
-15.091692 19.236705 -23.221973 
-14.725030 20.016076 -23.707351 
-15.449204 20.681780 -23.408044 
-16.073312 20.238433 -22.664265 
-16.898809 19.496698 -22.617204 
-17.334553 19.393642 -23.594903 
-16.989096 18.492279 -23.561932 
-17.790910 17.841770 -23.315367 
-18.710529 17.658779 -22.987964 
-19.000117 17.914683 -22.002928 
-18.146706 17.418388 -21.715862 
-17.914660 16.695158 -20.843896 
-18.133224 17.731595 -20.707900 
-18.173280 18.627987 -20.234249 
-18.685394 19.225065 -19.528826 
-19.128926 18.316441 -19.933895 
-19.651285 18.796259 -20.776799 
-20.504970 19.030009 -20.360579 
-21.565529 19.218435 -20.220603 
-21.341271 18.766286 -19.339359 
-20.252084 18.693567 -19.350837 
-19.652775 19.169483 -18.730904 
-20.022091 19.692406 -17.811648 
-20.386792 20.253733 -16.934332 
-20.547603 21.219214 -17.348583 
-21.250957 22.000951 -16.887668 
-21.907847 21.402267 -16.247164 
-22.600639 21.926109 -15.602506 
-22.841894 20.929707 -15.840347 
-22.056188 20.293243 -16.109784 
-21.594786 19.387529 -15.756256 
-20.783580 19.881281 -15.391486 
-20.932497 20.772546 -15.892972 
-19.910350 20.779361 -15.616298 
-19.126338 20.166955 -15.787428 
-19.639870 20.046083 -14.943975 
-19.996471 19.951204 -14.037224 
-20.351347 19.042604 -13.761304 
-19.818702 18.394768 -13.139103 
-20.686317 18.266901 -12.571664 
-21.605056 18.216943 -13.163441 
-21.200076 17.223677 -13.184783 
-21.872160 16.448978 -13.608458 
-22.614420 16.152120 -12.948748 
-23.210882 17.029848 -12.673276 
-23.165607 17.070989 -13.771051 
-23.250306 16.400863 -14.469690 
-23.696540 15.632027 -14.403313 
-23.504801 15.754932 -15.361742 
-23.238929 15.132354 -16.295562 
-22.265726 14.861971 -15.882635 
-22.897834 14.084071 -16.063336 
-23.338309 14.405408 -15.054189 
-22.647918 13.720156 -14.889202 
-22.150503 12.805337 -14.780680 
-22.618748 11.866382 -14.929423 
-23.441595 11.686953 -15.399648 
-22.874705 12.360661 -15.747895 
-21.882191 12.453292 -15.923682 
-22.155590 13.447744 -18.429906 
-20.634396 13.474311 -18.518282 
-21.443213 13.627683 -18.101332 
-20.632198 14.211429 -17.652004 
-19.805268 14.890498 -17.183987 
-20.333316 15.268248 -16.437112 
-19.910031 16.239413 -16.587598 
-20.025263 15.874578 -17.602280 
-19.322169 15.211160 -18.015367 
-19.363264 14.338412 -18.615501 
-19.665533 13.776077 -19.249404 
-19.534859 13.467998 -18.300058 
-19.485975 12.423939 -18.347804 
-18.766052 12.496870 -19.094608 
-20.975113 12.569179 -20.092408 
-21.384650 10.773981 -19.750682 
-22.929974 10.851113 -19.295486 
-24.453675 10.554550 -18.914677 
-24.284521 11.415321 -19.513359 
-24.871081 11.835852 -20.380780 
-24.691906 10.937321 -20.783524 
-24.596010 9.976621 -20.411079 
-23.620680 10.138067 -20.740834 
-23.798017 10.023357 -19.746950 
-24.162789 9.086518 -19.912412 
-23.668230 8.611531 -21.092307 
-25.721739 9.725166 -19.570725 
-25.934732 9.228670 -22.789226 
-23.091164 12.047917 -22.406614 
-19.763630 12.090628 -22.894492 
-19.638741 12.191869 -23.839892 
-20.492407 11.705548 -23.928414 
-21.199135 12.602385 -24.016482 
-22.601951 15.208907 -20.953303 
-23.287333 16.785150 -18.536840 
-22.641948 17.035415 -19.918147 
-21.877469 17.522367 -20.133130 
-21.888380 16.601612 -20.651383 
-21.833809 15.552528 -20.823236 
-21.254813 16.631333 -18.601793 
-21.916874 17.898071 -18.359499 
-22.340652 19.134546 -16.949101 
-24.190629 18.491470 -17.555006 
-24.209269 16.980588 -16.993463 
-23.320531 16.580387 -16.516187 
-22.645265 17.724719 -15.944239 
-21.946262 17.322872 -14.625658 
-21.971312 16.289684 -14.647586 
-22.455907 15.768794 -15.328582 
-22.171090 16.868608 -15.439236 
-22.192709 16.413322 -16.389829 
-22.418518 15.996620 -17.268907 
-21.873062 15.128223 -17.711904 
-22.362463 14.638132 -17.034061 
-21.541290 14.085654 -16.885375 
-21.086331 16.091765 -16.623296 
-23.378231 19.832416 -12.931494 
-25.570974 18.750565 -10.853273 
-23.742964 17.968395 -9.771955 
-23.008320 18.924887 -10.614208 
-24.216840 19.104924 -9.881865 
-24.382544 18.508297 -11.773882 
-24.990882 18.675221 -13.584944 
-26.076570 17.044604 -13.340335 
-27.092891 16.045217 -14.198352 
-28.031491 16.499632 -14.008719 
-28.322899 15.340369 -13.812924 
-27.665448 14.083812 -14.505565 
-28.537741 13.739142 -14.953159 
-28.400810 14.739547 -14.637703 
-27.515616 14.964987 -15.050729 
-26.970319 14.551814 -15.957200 
-27.038569 13.677636 -16.128450 
-25.917124 13.054648 -16.764877 
-25.417800 12.061106 -17.217379 
-25.098976 12.936187 -17.800443 
-25.909532 15.488340 -16.651783 
-25.697118 17.658906 -15.182254 
-26.167509 16.940364 -14.637351 
-26.132608 15.866654 -14.698997 
-25.278752 15.318613 -14.611001 
-24.998317 16.714720 -14.350669 
-24.124470 16.894641 -14.831761 
-24.722030 17.126983 -15.603484 
-24.590673 16.209798 -15.663851 
-24.579537 15.665892 -16.508662 
-24.938856 14.646373 -16.274497 
-24.166687 14.180488 -16.449002 
-23.737904 12.773201 -16.249972 
-22.851791 12.579283 -16.945215 
-25.930865 9.168438 -18.088554 
-27.469866 7.449977 -20.140147 
-28.241215 6.657286 -19.992145 
-28.228345 5.700798 -19.602141 
-28.578469 4.717061 -19.771287 
-27.819632 4.023343 -19.778987 
-27.396280 4.927278 -20.087017 
-27.051287 5.530220 -20.843180 
-26.359026 5.400054 -19.833739 
-25.580531 5.354362 -19.488663 
-25.459523 6.233703 -18.967954 
-25.836682 6.351688 -18.067350 
-26.084863 5.422500 -18.272631 
-26.225666 5.508991 -17.280044 
-26.884852 6.344544 -17.031487 
-26.811916 6.489843 -18.009077 
-26.777574 5.960796 -18.938144 
-27.763283 5.910710 -18.479375 
-27.940437 7.027724 -18.454045 
-28.000342 8.059770 -18.380643 
-28.716943 8.667261 -18.065839 
-29.160798 7.917911 -15.540459 
-29.292763 9.256737 -14.770604 
-29.189570 10.399737 -14.765365 
-28.609536 10.224287 -15.713615 
-28.334166 11.220742 -16.009795 
-27.439784 11.958049 -16.315291 
-27.701371 10.934680 -15.242199 
-27.616764 10.265691 -14.407832 
-27.666175 9.310563 -14.708019 
-26.557028 7.336709 -15.440795 
