-18.523561 -19.478381 14.580228 
-18.433393 -19.373905 15.516120 
-17.960924 -20.182652 14.987222 
-17.126276 -19.611335 14.833995 
-17.000763 -18.749404 14.065672 
-17.799341 -18.550370 14.761263 
-18.712838 -18.525346 14.445731 
-18.555850 -18.242004 15.364076 
-18.936395 -17.354672 15.004047 
-17.948514 -17.448583 14.839782 
-17.396115 -16.512587 15.051594 
-17.963777 -15.773426 14.995835 
-18.072109 -14.786488 14.943620 
-17.154712 -15.093473 14.736277 
-16.584234 -15.907436 14.874687 
-16.476609 -16.139115 15.863309 
-16.949454 -15.129586 15.858808 
-16.909780 -15.384349 16.843699 
-17.746348 -14.955155 16.411998 
-18.566277 -15.533402 16.901328 
-19.310863 -15.226797 17.683114 
-20.289250 -14.911405 17.491411 
-20.811530 -13.990488 17.918504 
-19.898101 -13.555665 17.924762 
-19.745637 -12.644828 18.470798 
-20.191402 -13.408874 19.056914 
-20.897092 -12.932638 18.565894 
-20.727573 -13.086384 17.621078 
-20.880284 -12.993052 16.634330 
-21.419773 -13.887460 16.741769 
-22.420346 -14.275181 16.893159 
-22.290489 -13.857247 17.774934 
-22.880244 -14.587424 18.274099 
-22.285958 -14.038400 18.833188 
-22.470971 -14.953211 19.411916 
-21.860703 -14.995682 18.613519 
-22.571456 -15.562628 18.271873 
-21.840837 -15.996434 18.684140 
-21.147224 -15.761322 19.350435 
-20.840726 -15.308402 18.490229 
-19.922499 -15.399007 18.777184 
-19.615548 -14.392398 19.212723 
-18.627626 -14.104090 18.994296 
-18.839440 -14.315056 20.018358 
-18.298080 -14.963589 19.445270 
-17.678759 -15.082959 18.648611 
-18.050559 -14.553263 17.808813 
-17.069489 -14.084689 17.952460 
-16.873198 -15.146394 17.928190 
-16.068646 -15.719255 17.814599 
-15.977891 -16.732578 18.112314 
-15.618287 -17.649753 18.527721 
-16.028973 -18.633314 18.562164 
-15.405748 -19.299223 18.114727 
-16.114396 -19.869645 17.760850 
-16.851162 -19.568860 18.365414 
-17.662781 -19.767077 19.036724 
-17.539399 -20.266415 18.115761 
-17.023402 -21.030454 18.294683 
-17.098145 -21.762335 18.999058 
-17.721642 -22.204581 18.318925 
-17.971650 -22.199462 19.279067 
-17.560733 -23.009709 19.761418 
-16.996052 -22.264589 20.222905 
-17.904356 -21.712820 20.154268 
-17.060566 -21.124556 19.981632 
-17.117218 -20.157072 20.186149 
-17.935897 -19.395937 20.143515 
-18.548014 -19.312691 19.448506 
-19.164034 -18.616147 19.151550 
-19.337978 -17.725526 19.734422 
-18.752758 -18.140093 20.501931 
-19.535195 -17.471189 20.915554 
-19.477047 -17.834540 21.915795 
-22.982853 -15.712217 20.189652 
-25.780864 -14.325192 18.577145 
-25.489245 -14.713110 17.598213 
-26.108786 -13.849677 17.673364 
-25.571296 -13.368629 16.874585 
-26.514955 -13.719665 16.538510 
-27.349802 -13.837166 15.991013 
-27.463323 -13.232882 15.145055 
-28.010792 -13.124511 14.349480 
-27.568634 -14.549827 14.743856 
-27.645854 -15.062853 14.015507 
-27.613845 -15.257626 13.009724 
-27.638414 -14.991308 11.875588 
-27.455036 -15.544577 11.010435 
-27.216430 -15.551346 11.580641 
-25.265220 -17.032417 13.437989 
-24.295727 -19.118675 14.323356 
-24.013622 -19.073362 15.562575 
-25.059179 -18.909653 16.120663 
-24.249845 -18.289215 16.220156 
-24.521623 -17.665436 17.000969 
-24.406926 -17.061616 16.193073 
-23.398386 -16.847944 16.499408 
-23.335212 -17.215097 17.484549 
-22.802961 -16.487686 17.875078 
-20.441918 -17.961460 16.428738 
-21.467687 -17.407659 15.043034 
-20.487512 -15.502512 15.704832 
-21.609484 -14.869654 13.403033 
-24.402832 -16.394019 13.692458 
-24.683206 -15.848426 14.525400 
-25.646620 -15.754491 14.997339 
-25.823793 -15.073073 14.175643 
-25.825189 -15.045403 11.746067 
-29.979795 -15.736313 8.157449 
-29.176162 -15.795898 7.118696 
-29.351920 -15.915513 5.554677 
-28.460819 -16.264962 5.978995 
-28.569290 -15.456225 5.332482 
-27.966073 -16.274409 4.613792 
-26.152853 -16.441724 5.245743 
-24.623490 -15.826882 5.836048 
-23.948387 -14.213856 6.424321 
-25.268971 -14.737170 6.352153 
-26.136050 -15.066186 5.994720 
-27.013616 -16.986715 7.487145 
-27.747867 -18.551459 9.555878 
-27.650849 -18.230949 10.511335 
-27.631865 -17.312079 10.043458 
-27.617912 -16.964100 9.077570 
-26.741623 -17.254354 9.578624 
-26.602177 -17.202388 10.614057 
-26.670468 -17.120805 11.667317 
-26.243577 -17.975613 11.689657 
-25.618284 -18.660952 12.175425 
-24.895686 -19.145986 12.348385 
-23.170869 -18.231052 14.370062 
-20.824860 -17.015707 18.595898 
-21.097198 -16.232245 20.472131 
-21.282820 -18.216261 20.483859 
-21.382181 -20.150990 19.117571 
-21.904621 -21.081341 17.293459 
-22.800183 -21.063098 14.915901 
-21.443197 -20.481543 15.011138 
-20.384103 -20.680392 14.802555 
-19.916218 -20.538060 15.745707 
-19.857216 -21.604416 16.171219 
-18.270659 -21.698466 16.011642 
-18.361052 -21.296135 17.086944 
-18.631954 -20.357057 17.496589 
-18.413752 -19.529903 18.289620 
-18.814259 -19.062363 17.589228 
-18.173885 -19.144775 16.722248 
-18.006148 -18.223963 17.539215 
-17.572898 -17.012972 17.190140 
-16.612629 -17.665808 17.373361 
-16.466572 -17.720641 16.635459 
-17.069841 -19.449589 16.300902 
-16.551479 -20.509075 16.515120 
-15.666214 -19.898887 16.481032 
-16.155200 -20.177428 15.534777 
-15.963843 -21.299902 14.613221 
-14.932018 -21.538160 13.596970 
-15.686471 -21.590400 12.844356 
-16.086102 -22.554976 12.941666 
-15.188791 -22.698675 13.319903 
-15.090884 -23.354515 14.135936 
-14.596276 -22.962676 15.252121 
-14.087216 -22.585129 16.340345 
-14.225751 -22.857300 17.133404 
-14.665260 -22.989750 18.382560 
-13.392745 -24.664033 16.282378 
-14.880669 -25.806827 14.141582 
-15.798469 -25.475889 13.746330 
-16.270825 -24.648597 13.552604 
-15.385251 -24.526344 13.947152 
-15.975967 -23.682255 13.610767 
-15.349340 -23.754343 12.767578 
-14.541829 -24.735858 12.804982 
-14.204078 -25.495020 12.370342 
-14.570797 -24.970380 11.666209 
-14.453439 -24.543616 10.698357 
-13.680115 -24.023749 10.812092 
-13.777997 -24.338915 11.835841 
-13.756523 -23.287640 11.646119 
-14.736216 -23.616563 11.793921 
-15.770651 -23.418776 11.866039 
-16.806687 -23.507349 11.752367 
-17.107792 -23.167527 12.641291 
-17.309487 -22.604987 13.537305 
-17.493653 -22.203713 14.485597 
-17.349427 -23.753416 15.255239 
-17.055424 -25.298484 16.550081 
-16.315546 -25.767491 16.269981 
-15.791789 -24.670455 17.154148 
-15.898017 -24.229710 18.098543 
-13.076970 -26.011075 18.676059 
-11.544750 -25.302502 19.314386 
-12.477664 -25.161266 18.970371 
-12.002766 -24.352292 18.261450 
-11.322769 -23.202659 15.978522 
