-17.743815 -16.922344 13.946765 
-17.534444 -15.909356 13.841910 
-17.802393 -14.906543 13.740395 
-18.614796 -14.118092 13.803852 
-19.242597 -14.654784 14.398048 
-19.372388 -15.273891 13.608746 
-19.116157 -14.942792 12.741542 
-18.679735 -15.941104 13.013019 
-19.378533 -16.521552 13.562129 
-18.957319 -15.979531 14.353267 
-19.951216 -16.098054 14.359164 
-20.564476 -15.463676 13.588391 
-20.387068 -15.746856 12.671032 
-20.342739 -15.909040 11.635246 
-21.303317 -16.044448 11.361587 
-22.214780 -15.449345 11.129325 
-22.112430 -16.186136 10.424753 
-22.590984 -16.247533 9.509453 
-23.658634 -16.032431 9.110033 
-24.432887 -16.667471 9.116490 
-25.311523 -16.559585 8.481639 
-25.770141 -16.380896 7.595435 
-24.740832 -16.094182 7.378515 
-24.121019 -16.010599 8.269911 
-23.867694 -15.598240 7.374529 
-22.982234 -15.039439 7.608969 
-22.671507 -14.071585 7.293129 
-22.376773 -13.165832 7.150382 
-21.664107 -13.050524 6.452053 
-20.592726 -13.063634 6.611146 
-20.161000 -13.570913 5.800555 
-19.743161 -14.276706 6.434767 
-20.535910 -14.856500 6.181639 
-19.658940 -15.415067 6.270859 
-19.791695 -14.985932 7.207475 
-19.195252 -14.472026 7.824829 
-18.177961 -14.220033 7.957690 
-17.670048 -14.563373 7.022007 
-18.594257 -14.354059 6.737272 
-18.485684 -14.481657 5.757742 
-18.173652 -13.549948 5.322177 
-17.298087 -13.065493 5.266007 
-17.248864 -12.433629 4.407668 
-18.005629 -12.181083 5.091956 
-17.823101 -11.177812 5.150404 
-18.114510 -10.635128 4.392130 
-18.870476 -10.406654 5.165697 
-18.735726 -9.527753 5.611253 
-18.481813 -10.173097 6.311874 
-17.915427 -10.516853 7.056190 
-17.073100 -10.678808 7.622394 
-16.747174 -11.163543 8.490287 
-16.547003 -10.904691 9.362950 
-17.264811 -11.247119 10.013262 
-17.502067 -11.916341 10.934847 
-18.454063 -12.358630 11.201755 
-19.225385 -12.728638 10.635408 
-18.280501 -13.459459 10.292331 
-17.920932 -13.611433 9.239698 
-18.837253 -13.436857 9.257003 
-18.213282 -12.620746 8.781172 
-18.789957 -12.862603 8.065177 
-17.872525 -13.065256 7.645663 
-18.558678 -12.666919 6.937168 
-18.578729 -12.004978 7.695833 
-19.501337 -11.581581 7.344938 
-19.145645 -11.220210 6.430567 
-19.505642 -10.365083 6.213688 
-20.283283 -10.049615 5.665124 
-20.340928 -10.791827 5.079746 
-19.791258 -11.636297 4.504221 
-18.960876 -11.842827 4.915007 
-19.316236 -12.198634 5.827773 
-20.344974 -12.087079 5.969214 
-19.553254 -8.229194 5.250169 
-18.654898 -5.843167 3.073507 
-19.601192 -5.569174 3.041386 
-20.424575 -5.395623 3.743665 
-19.467202 -5.079362 4.041614 
-20.106006 -4.878528 4.803920 
-19.503656 -4.034931 4.635430 
-19.811296 -3.862159 5.587025 
-19.496857 -3.390570 6.389149 
-20.817289 -4.208328 6.302494 
-21.550480 -3.550828 6.372314 
-22.040223 -2.899207 6.958878 
-21.137800 -2.296724 6.880125 
-20.322679 -1.762179 7.431866 
-17.419019 -2.994072 6.790941 
-15.667965 -5.224308 5.527513 
-17.305247 -5.920017 4.964638 
-16.938852 -6.034179 3.798915 
-16.697578 -5.110884 3.986854 
-15.794202 -5.495943 4.314716 
-15.252539 -5.174583 3.463958 
-14.732857 -5.172528 2.549742 
-15.530434 -5.577583 1.942130 
-15.535908 -4.626927 2.063472 
-16.536633 -4.448769 1.832348 
-17.496827 -4.401175 2.948977 
-18.828068 -6.260379 0.199578 
-16.489113 -5.253836 -0.241627 
-16.259775 -7.040071 2.482866 
-18.072366 -9.712219 3.851476 
-19.046664 -9.774491 4.309342 
-19.030110 -10.633658 3.930003 
-18.122984 -11.027769 3.231640 
-18.662515 -9.297925 1.271729 
-19.100447 -7.271578 0.250304 
-18.003439 -7.609898 1.390681 
-16.598925 -7.245243 1.601979 
-16.622921 -6.569325 2.497948 
-16.814471 -7.553923 2.886661 
-15.507413 -9.077418 2.341284 
-13.999038 -10.533723 2.664220 
-13.120106 -11.212642 3.662422 
-11.126374 -11.479759 3.273418 
-11.962108 -11.832681 1.848303 
-12.293418 -11.033375 2.225650 
-11.133324 -9.992640 4.525846 
-9.474411 -10.203735 4.365987 
-9.739933 -11.116972 4.530737 
-9.651077 -11.869676 5.215041 
-9.778405 -12.187070 4.307893 
-10.830436 -12.119196 4.787854 
-11.702277 -12.727559 4.433910 
-10.846905 -13.056721 4.034237 
-9.853663 -13.333404 4.198401 
-10.304557 -13.798995 5.062577 
-11.919228 -13.674076 4.725164 
-14.672982 -10.700885 1.260640 
-15.982830 -14.367137 2.194318 
-14.922034 -15.422841 0.168918 
-15.446031 -14.909680 -1.443506 
-15.227672 -16.301096 -1.626578 
-13.785737 -17.637510 0.051871 
-12.599456 -18.351018 -0.375551 
-12.845893 -18.547267 -1.952745 
-12.314622 -17.280600 -2.584310 
-11.983805 -17.461543 -1.642242 
-12.858304 -17.147218 -0.473807 
-11.479643 -17.494314 0.411611 
-11.084602 -18.430582 0.053266 
-11.833170 -19.005877 -0.526517 
-10.998228 -18.441443 -1.159141 
-10.771344 -19.187476 -1.752119 
-11.624611 -19.834261 -2.298698 
-10.888993 -18.405629 -2.958566 
-10.760184 -17.302861 -4.243003 
-10.543431 -17.268479 -5.129734 
-12.360993 -17.249609 -4.414350 
-13.976212 -15.711545 -4.014603 
-14.071691 -16.022848 -2.950037 
-14.768222 -16.834001 -2.830225 
-15.026303 -15.769322 -2.666056 
-13.889712 -16.044861 -1.511386 
-13.609760 -16.064496 0.000926 
-12.950350 -15.273248 -0.394779 
-12.179976 -15.666244 -0.870241 
-11.311885 -15.138231 -0.759091 
-11.362371 -15.108750 0.329346 
-10.597778 -13.662033 0.042170 
-11.746200 -13.686437 -0.444891 
-12.788998 -13.530342 -0.956384 
-14.607710 -12.483241 -0.641112 
-17.010087 -10.223567 -1.131324 
-17.632632 -10.218108 1.196992 
-16.880152 -10.689857 1.452828 
-17.074050 -11.239196 0.674307 
-16.511862 -11.688330 -0.011670 
-17.493668 -11.441267 -0.321153 
-17.968516 -10.532051 -0.427363 
-18.819662 -11.379091 -1.126165 
-18.654735 -12.941481 -1.200884 
-18.805268 -13.061930 -0.255065 
-17.997771 -12.370674 0.021494 
-17.700582 -12.976720 0.818176 
-17.262691 -13.056332 -0.010044 
-16.868486 -13.513872 0.851509 
-16.482561 -14.418297 1.182612 
-15.999684 -13.494703 1.200805 
-15.920762 -12.936799 0.329562 
-16.214265 -13.246710 -0.692417 
-16.850456 -13.715573 -1.235631 
-17.847913 -13.971094 -1.130807 
-18.795497 -14.875101 -3.314999 
-20.228689 -13.333726 -4.418432 
-20.619157 -14.010708 -3.181597 
-19.844682 -13.660013 -1.945539 
-18.972670 -13.478424 -2.419220 
-16.328657 -14.668126 -4.032150 
-14.228413 -15.215461 -6.764513 
-13.782197 -15.962276 -6.099391 
-13.137245 -15.271516 -6.532375 
-14.493601 -17.080531 -4.391442 
