-28.566314 7.631251 14.542406 
-29.265595 7.083097 15.022846 
-28.643023 7.083432 15.800260 
-28.913179 6.008049 16.051753 
-28.754441 5.313867 15.266898 
-28.321483 5.140447 14.330967 
-27.756260 5.768232 13.771261 
-27.312569 5.201350 14.606298 
-26.319801 5.243361 14.131322 
-26.864965 4.373063 13.842244 
-25.922587 4.079102 13.897301 
-26.285748 3.230918 14.294128 
-25.881084 3.238418 15.198130 
-25.207742 2.770054 14.594835 
-24.407568 2.420941 14.110445 
-23.645144 3.197676 14.221756 
-24.138085 3.915286 14.733058 
-23.559462 4.702659 14.097809 
-22.978834 4.990341 15.026650 
-23.070383 4.192131 15.703494 
-22.923237 3.139211 15.365382 
-23.749591 3.035704 16.034058 
-23.513430 2.001761 16.004797 
-24.075873 1.971883 15.223080 
-23.230111 1.808149 14.556045 
-22.694294 0.957814 14.805292 
-23.541618 0.483872 15.081520 
-23.504933 0.348319 14.034881 
-23.660818 0.666620 13.084385 
-23.187365 1.249543 12.486469 
-23.090606 0.651706 11.611436 
-24.016819 0.322952 11.196799 
-23.799676 1.098952 10.470078 
-23.332095 1.777645 9.812081 
-24.373704 2.007702 9.813710 
-24.602357 2.009940 10.842600 
-24.185758 2.917118 10.566283 
-25.140609 2.711104 10.154321 
-25.453109 3.320974 11.035330 
-25.729327 3.485647 9.991448 
-26.755815 3.222706 9.830176 
-27.462004 3.818689 10.502134 
-28.312490 4.176065 10.070873 
-27.398327 4.341123 9.641329 
-27.186135 5.022906 8.932264 
-26.894558 4.851324 7.860549 
-27.796984 4.224676 8.368838 
-28.255745 3.618292 9.129648 
-28.983414 3.767881 8.427115 
-28.918417 4.609660 7.821261 
-29.697014 4.546490 8.547621 
-29.039174 4.493732 9.299335 
-29.686504 5.249872 9.473088 
-30.108218 4.332376 9.810390 
-29.244248 3.796953 10.002978 
-29.254739 2.923312 9.548602 
-28.398277 2.754666 10.374994 
-28.029352 2.397955 9.452513 
-27.645540 1.470867 9.356595 
-27.465732 1.568417 10.277213 
-26.547237 1.772400 9.571275 
-25.427517 1.839041 9.709725 
-25.964985 1.719243 10.665523 
-26.618315 1.026121 10.997075 
-26.092468 0.756814 10.197006 
-25.532225 1.007000 9.134925 
-24.999739 1.115313 8.360055 
-24.163072 1.027913 8.970904 
-23.762436 1.505331 8.205090 
-22.703545 1.970033 8.101453 
-22.253957 1.041128 7.840312 
-22.629385 0.413724 8.455617 
-21.778208 -0.281077 8.423516 
-22.257422 -0.343128 9.278489 
-23.152297 -1.041343 11.892174 
-25.697007 -0.795071 14.015543 
-26.191019 -0.053049 14.527136 
-25.545073 0.578894 15.150290 
-25.692272 1.265183 14.312767 
-25.349092 0.330706 13.947598 
-24.488711 1.066034 13.758864 
-24.504658 1.418392 12.794972 
-24.887849 1.100023 11.846251 
-25.068298 0.204030 11.583969 
-26.077579 0.388521 11.849741 
-25.838297 -0.085079 12.793414 
-26.537158 0.862330 12.637856 
-26.913261 1.415260 13.473010 
-26.845004 2.433526 12.313666 
-27.705213 2.234268 13.193398 
-28.846160 1.383845 14.533565 
-28.812490 -0.064871 15.728177 
-27.896807 -0.483465 16.157773 
-28.154662 0.105546 17.013515 
-27.142343 0.272798 17.102883 
-26.206617 0.285773 17.290228 
-25.905903 0.539257 16.321688 
-26.783171 0.984521 16.152311 
-25.903801 1.662721 15.986984 
-23.598362 -1.796966 17.694269 
-24.909631 -4.287485 20.908962 
-24.507461 -3.142861 19.000001 
-25.996646 -1.823235 18.125191 
-24.910892 -2.111001 16.942009 
-25.634276 -2.896419 17.143801 
-26.085024 -3.573985 17.912508 
-26.796901 -4.046127 18.358652 
-25.393336 -6.288175 20.742364 
-24.424729 -5.307426 22.041967 
-24.372027 -4.789775 22.735939 
-23.052565 -4.395272 22.851472 
-23.270132 -4.874020 23.742691 
-23.960122 -5.699870 23.710186 
-23.381328 -4.528522 24.493779 
-24.180119 -2.810902 23.505623 
-25.572652 -1.328564 22.122268 
-24.824991 -1.290941 19.617980 
-23.137267 -1.704264 18.703789 
-22.996364 -2.075399 20.043535 
-22.030000 -3.952507 20.217758 
-21.056784 -4.009472 18.640690 
-21.189104 -3.575579 17.762095 
-20.173999 -3.751256 17.715562 
-19.108871 -3.736827 18.045854 
-19.627159 -4.529038 18.044538 
-19.880886 -5.208459 18.816709 
-19.074386 -5.674747 19.186386 
-19.780367 -6.447613 18.913333 
-19.537201 -7.353659 19.508840 
-21.422032 -8.761534 19.965360 
-21.056729 -9.601385 21.944449 
-19.987147 -5.856382 21.682649 
-19.758560 -4.350436 21.804919 
-19.177827 -3.967663 19.747622 
-18.689257 -5.244729 18.080046 
-18.141694 -6.666054 17.760489 
-20.052899 -7.158859 18.089208 
-19.459585 -8.054364 17.418220 
-18.690618 -8.971648 17.715408 
-19.244309 -9.452443 18.413868 
-19.939103 -9.489035 19.208494 
-19.341327 -10.766349 20.581321 
-18.512780 -10.578606 21.159435 
-18.354340 -11.644699 21.022373 
-19.132965 -12.259186 21.225763 
-19.646597 -11.528918 21.923684 
-19.115918 -10.550706 21.816551 
-18.598474 -12.043133 22.183844 
-19.987683 -12.990086 22.236554 
-20.357097 -13.740167 21.827479 
-21.441988 -14.480102 21.063354 
-23.291095 -13.637014 21.298171 
-22.752906 -12.962240 21.722388 
-22.033305 -13.631175 22.264808 
-21.682225 -12.824157 21.691841 
-20.587725 -12.002448 21.074737 
-20.538888 -11.540458 20.163475 
-20.422804 -12.409974 19.672845 
-21.472305 -12.738293 19.848573 
-22.262090 -12.815581 20.422098 
-22.408766 -11.859877 19.972723 
-21.916356 -10.527025 18.940269 
-21.548864 -8.728856 18.071479 
-21.445489 -7.029277 17.748594 
-21.432584 -6.522881 18.507704 
-24.742232 -10.522449 17.138407 
-24.858372 -12.275204 15.841570 
-25.758527 -12.693419 15.695604 
-26.624559 -12.326233 16.021592 
-26.354731 -11.518039 15.471475 
-26.256615 -11.701984 14.531173 
-26.097080 -11.380476 13.556678 
-26.120348 -11.802710 12.697565 
-26.639963 -12.913887 13.316171 
-27.509937 -12.397678 13.187964 
-28.470656 -12.617338 13.163126 
-29.247503 -12.019804 13.560514 
-29.976759 -11.809254 12.864743 
-29.476648 -12.193415 11.986508 
-28.474527 -12.418519 11.822720 
-27.401814 -12.281833 11.808049 
-27.603587 -11.350663 12.275110 
-28.007987 -10.721730 11.643486 
-28.669843 -10.669561 10.914655 
-29.577565 -10.568310 10.440303 
-30.291336 -9.836792 7.669148 
-29.892145 -9.561714 5.951700 
-30.661413 -10.421668 6.203868 
-31.848479 -9.589517 5.714274 
-32.191223 -10.279954 5.086553 
-31.048301 -10.904074 3.032393 
-32.563126 -12.740723 1.386812 
-32.812592 -13.339519 0.420120 
-32.567019 -13.926696 1.182093 
-30.867703 -14.662490 1.445647 
