-9.804511 -22.136698 11.619526 
-10.698458 -22.205243 10.799326 
-9.746847 -22.097838 10.378961 
-9.188844 -21.329645 10.144124 
-9.468567 -20.390160 9.765100 
-9.546286 -19.586273 9.249629 
-9.891874 -19.235433 8.276367 
-10.455254 -18.663591 7.590505 
-11.234312 -19.011413 7.184534 
-11.709836 -19.521125 6.369957 
-11.256078 -19.308886 5.390286 
-11.417073 -18.331136 5.681715 
-11.223170 -17.549098 6.254876 
-12.037293 -17.231750 6.869469 
-11.471439 -16.582623 6.276525 
-10.500361 -16.882112 6.645693 
-10.180340 -17.445639 7.452598 
-10.985189 -18.083723 7.069921 
-11.012715 -17.944848 8.076134 
-10.537130 -18.422571 8.879814 
-9.623601 -18.289244 9.393666 
-9.921988 -18.786785 10.217926 
-10.247142 -17.818053 10.268014 
-10.569947 -17.494011 9.342927 
-10.760969 -16.829566 10.113377 
-10.256278 -16.091883 10.721790 
-10.891383 -15.513028 11.237562 
-11.806808 -15.570373 10.853867 
-12.212417 -15.528942 11.870832 
-12.410438 -14.603686 11.261347 
-12.482278 -13.974015 10.425137 
-13.295430 -14.217127 9.671861 
-13.843192 -14.839767 10.357990 
-13.795414 -13.970005 10.868316 
-14.539592 -13.952700 11.603268 
-14.507405 -14.948501 11.871695 
-15.079645 -15.170708 12.638292 
-15.260139 -14.439156 13.162498 
-14.473224 -14.969292 13.474911 
-13.728738 -14.438729 13.987279 
-13.116021 -14.924306 14.773818 
-12.617978 -15.145368 13.839880 
-11.952592 -15.084778 13.048544 
-11.396489 -14.197452 13.369096 
-10.847515 -14.628550 12.650423 
-11.444916 -13.801809 12.443201 
-10.453062 -13.597508 12.672030 
-10.080441 -13.937485 13.569779 
-10.342519 -14.138729 14.524388 
-10.377127 -15.189154 14.470895 
-10.061224 -15.658348 15.323068 
-10.208999 -16.243343 16.247976 
-9.176543 -16.131263 16.618343 
-9.013908 -15.410317 15.881790 
-9.544160 -14.584974 15.802096 
-9.557346 -13.852011 16.613128 
-9.281818 -14.305078 17.400335 
-9.214017 -15.259131 17.871163 
-8.334941 -15.940145 17.819336 
-8.365735 -15.593042 16.785062 
-7.335565 -15.697528 17.293214 
-6.473952 -15.840209 17.762133 
-5.992986 -16.148961 16.943787 
-5.898289 -15.130166 16.969775 
-5.091418 -14.442637 16.730552 
-4.637403 -14.335968 15.731664 
-4.221797 -13.622164 16.365723 
-3.521944 -14.312555 15.887560 
-3.961704 -15.087579 16.302708 
-4.780410 -15.711023 16.296798 
-5.661900 -16.027371 16.027498 
-6.575256 -15.954571 16.187974 
-7.005657 -16.643898 16.689214 
-7.611262 -17.459246 16.258669 
-9.042831 -15.934769 18.441577 
-10.171894 -13.258259 20.822935 
-10.771165 -13.646902 21.384272 
-10.129931 -13.511257 22.309481 
-10.489611 -13.854950 23.197274 
-11.073719 -13.246435 23.698644 
-11.168230 -13.657442 24.657453 
-11.223240 -14.564899 24.231426 
-11.490484 -14.984591 25.090536 
-10.164759 -14.854149 25.104658 
-10.147197 -13.787815 24.168754 
-9.495786 -13.281431 23.712124 
-9.271209 -12.561207 23.053737 
-9.087917 -12.554377 22.097268 
-7.876380 -12.156882 21.119453 
-10.501966 -11.537422 21.688111 
-11.383395 -12.295486 23.449175 
-12.342220 -13.770296 23.672474 
-12.334914 -13.166903 22.695583 
-13.190257 -12.432607 22.996807 
-13.901598 -11.778598 22.405416 
-14.344513 -11.298833 21.694980 
-15.069306 -10.690690 21.260219 
-14.840289 -10.091040 21.952447 
-15.406517 -10.943832 22.238291 
-17.930776 -12.230683 21.973614 
-15.965573 -14.194896 20.175625 
-14.750003 -14.358556 18.918913 
-15.664628 -14.971928 15.799739 
-17.798202 -17.451880 13.745879 
-17.466673 -17.530820 12.825463 
-17.388620 -17.122523 11.908483 
-17.424619 -16.131699 12.396320 
-16.767957 -18.013610 14.795327 
-16.976983 -18.083807 11.465021 
-15.831778 -17.310831 11.368689 
-14.678800 -17.897024 12.240930 
-14.463149 -18.078401 11.280438 
-13.714204 -17.476356 11.786909 
-12.034007 -17.709422 11.350624 
-11.348485 -18.146058 13.046514 
-13.072992 -18.784969 14.051169 
-14.578286 -18.326789 13.888445 
-14.825714 -17.256547 13.931164 
-15.907768 -17.792417 14.001088 
-14.653644 -18.654847 15.971769 
-12.956275 -18.840355 15.837431 
-13.249741 -19.824523 15.434440 
-14.155464 -20.174235 15.812917 
-15.108413 -20.535502 15.724590 
-15.332533 -20.200419 16.684377 
-16.197188 -19.838772 16.088343 
-16.914192 -20.063832 15.394965 
-16.463500 -21.015382 15.097704 
-15.652591 -21.541978 14.843671 
-14.638749 -21.987654 16.101014 
-9.999784 -19.843098 15.360103 
-7.363122 -17.457445 18.873646 
-5.913067 -15.441830 20.307297 
-5.901492 -16.549809 20.311116 
-6.104422 -15.901300 21.488483 
-6.978093 -14.328119 22.260280 
-7.530063 -12.627404 22.488298 
-7.512702 -13.102145 23.957309 
-7.777529 -13.484963 25.122322 
-8.338318 -13.801927 25.890972 
-7.401174 -14.168512 27.355182 
-6.831579 -13.757456 28.458705 
-7.520377 -13.145078 28.869501 
-8.255174 -13.048465 28.262556 
-8.628098 -13.006705 27.343089 
-8.148278 -12.545489 26.609329 
-7.578294 -11.871051 26.982767 
-6.574482 -11.273570 26.776520 
-7.253482 -10.887216 27.385540 
-8.212822 -10.474089 27.122451 
-8.543647 -9.053341 26.640599 
-7.705382 -7.998860 26.640744 
-7.138269 -8.776458 26.420264 
-7.208468 -9.519545 25.814404 
-7.178684 -10.489304 26.189871 
-8.032740 -11.356938 25.932645 
-8.779973 -11.810603 26.231501 
-9.605613 -12.254912 25.919827 
-9.307884 -13.166963 25.735699 
-8.688414 -12.675023 25.004607 
-8.727120 -12.516438 23.973964 
-9.362636 -11.290808 24.934062 
-10.129546 -9.460041 25.796135 
-11.261996 -8.880388 25.955259 
-11.196407 -10.811322 26.006142 
-7.909196 -9.247105 29.084865 
-7.370485 -6.972836 29.461175 
-8.040375 -6.382244 30.167971 
-7.198352 -6.887856 30.472112 
-6.363815 -6.714005 29.812390 
-6.256052 -5.788731 29.816907 
-6.847270 -5.039375 30.413739 
-6.248727 -4.460567 29.738755 
-4.654953 -5.000572 29.346930 
-4.453502 -4.229272 28.751300 
-3.808508 -4.739866 28.145986 
-4.795503 -4.875343 27.723255 
-4.759133 -4.046334 27.035129 
-3.853147 -4.616366 27.078466 
-4.414032 -4.389442 26.226761 
-4.622874 -5.461925 26.455193 
-4.600572 -6.474376 26.517948 
-3.627758 -6.565432 26.481837 
-2.875407 -7.125254 25.903232 
-3.032467 -8.100931 25.654044 
-3.156025 -7.614351 24.465368 
-1.167679 -9.777890 22.761126 
-0.205991 -8.811726 23.633788 
-0.532007 -7.629181 23.162312 
-0.831170 -6.851194 23.767430 
-1.914962 -6.207025 22.546667 
-1.439529 -4.579786 22.228638 
-0.535229 -4.216871 22.122512 
-0.331165 -4.978457 21.512413 
-0.907134 -7.937597 20.403286 
