21.041428 -17.599583 10.726827 
21.390921 -17.283549 9.812936 
21.791919 -18.063446 9.449166 
22.519739 -17.862183 8.691590 
22.847754 -16.810203 8.557832 
22.536079 -17.042009 9.421054 
22.517034 -16.436765 10.215877 
22.762239 -17.381903 10.441980 
21.984004 -17.903507 10.950134 
21.960004 -18.006198 11.980365 
21.961539 -17.022737 11.550279 
21.268318 -16.327267 11.560729 
22.032950 -15.866623 12.093309 
22.157157 -15.294448 12.995051 
22.636736 -15.251334 13.917598 
22.890999 -14.999592 14.885609 
23.534178 -14.201591 14.515855 
23.333439 -13.094959 14.462105 
23.231990 -13.603405 15.300435 
22.199475 -13.783406 15.547130 
22.193983 -14.153497 14.568715 
21.694569 -14.837731 15.197137 
21.227270 -14.811323 14.356716 
20.902091 -15.794866 14.029900 
20.181833 -15.765688 14.775834 
20.733848 -15.494852 15.473459 
20.391238 -15.859682 16.266697 
21.200872 -16.394834 16.496964 
22.209515 -16.154774 16.136444 
22.241402 -15.887770 15.231124 
22.067657 -16.069746 14.228576 
22.843887 -16.469393 13.483319 
22.206044 -16.902699 12.815984 
22.224950 -17.627610 13.458690 
21.405378 -18.258601 12.888607 
21.665661 -19.293537 12.491170 
22.323156 -19.477232 11.730963 
21.480596 -19.887961 11.191162 
21.583130 -19.673969 10.093605 
22.243873 -19.078475 9.498163 
22.449295 -19.150057 10.494128 
23.120434 -18.591008 10.085674 
23.620810 -19.126042 10.895754 
23.866835 -19.244571 9.991520 
23.786334 -19.106790 8.959751 
24.733205 -19.595064 8.732056 
25.655507 -19.226220 8.724451 
26.637163 -19.384022 8.548782 
26.501918 -18.551922 9.027615 
26.577134 -19.261669 9.982308 
26.867580 -19.829194 10.763365 
27.927576 -19.936984 10.920895 
27.225559 -20.469879 11.459174 
26.894480 -21.465964 11.196679 
25.903670 -21.942583 10.989755 
25.061221 -21.458468 11.397607 
24.826964 -20.474875 11.176841 
25.494470 -19.740841 10.878021 
25.184867 -18.807793 10.616585 
26.088008 -18.534692 11.168422 
25.146344 -18.742219 11.591347 
24.693948 -19.188356 12.397378 
23.876906 -19.099043 13.124995 
24.633110 -18.469622 13.567467 
24.990421 -19.055924 14.256226 
24.023845 -19.011711 14.708519 
24.296358 -18.523042 15.522223 
24.785488 -19.390706 15.727288 
25.060330 -20.371712 15.093104 
24.465692 -19.945842 14.490403 
24.468619 -20.911783 14.530404 
23.488507 -20.446533 14.183807 
22.788074 -20.210639 14.977180 
21.935001 -19.785959 15.104570 
23.396602 -18.117157 13.305719 
25.837750 -15.734269 11.682455 
26.261458 -15.919648 10.716425 
26.288512 -16.793377 10.119011 
26.983034 -16.076789 10.063067 
27.665783 -16.242955 10.786541 
26.875251 -16.605860 11.309636 
25.946596 -16.996683 11.189647 
25.172966 -17.586269 10.910245 
24.084023 -17.009948 9.968127 
23.107702 -16.153898 9.312368 
23.634841 -15.306898 9.782384 
24.158276 -15.146662 10.714190 
24.385578 -14.292722 11.269576 
26.437177 -15.361786 13.253362 
27.307924 -15.621202 16.406205 
25.764850 -14.444809 18.404137 
25.086152 -13.692789 21.251454 
24.297983 -12.958194 21.478107 
23.710789 -12.973813 20.610254 
24.216787 -12.604758 19.688560 
25.180159 -12.550610 20.262597 
26.031598 -11.904674 20.047356 
26.726511 -11.314567 19.825503 
27.000103 -10.554244 20.460944 
24.457618 -10.414751 19.826142 
24.709828 -14.065271 16.073289 
26.216957 -12.716512 15.805664 
25.825571 -12.272327 15.789067 
23.998838 -11.574165 17.624662 
23.097027 -11.906470 17.349439 
22.692617 -12.754181 17.890919 
22.181408 -13.644448 17.640808 
22.626769 -14.661139 17.848188 
22.372698 -18.378918 18.146823 
22.000382 -19.150661 17.712297 
22.305747 -18.215863 16.635733 
23.319990 -18.063679 16.538300 
23.106923 -17.202813 17.068051 
23.781850 -16.116444 16.312523 
23.994136 -16.061652 14.112860 
25.302498 -15.121246 14.200210 
25.828662 -16.046658 15.280604 
26.129744 -17.380234 14.644723 
26.313209 -17.758509 13.439854 
25.362814 -17.565792 12.899714 
24.318934 -16.719540 14.799008 
24.553665 -17.744387 14.709063 
23.620498 -18.054067 14.663751 
22.902799 -17.462889 14.192497 
23.243773 -17.067888 15.122301 
22.722142 -17.782439 15.562560 
22.007161 -17.576723 14.940799 
21.712303 -18.337734 14.337902 
21.154285 -18.072312 15.101359 
20.722366 -18.704513 15.396524 
20.290474 -21.204909 14.210792 
20.185408 -19.450979 12.983872 
21.206676 -17.428918 13.790165 
19.942045 -17.100747 14.093789 
19.827516 -16.577220 15.719745 
21.570521 -17.255707 16.955212 
21.854383 -17.903379 19.144111 
20.769736 -17.881594 18.836928 
20.851948 -18.405258 19.978537 
21.498870 -19.122481 19.530075 
22.407500 -17.645953 20.439681 
22.247132 -16.693227 19.705952 
23.070957 -16.146730 19.484191 
24.218116 -15.939176 19.773497 
24.474580 -14.981936 20.086213 
24.110097 -14.065198 19.526156 
23.457444 -14.038771 20.238693 
22.537705 -14.733506 21.602366 
21.753158 -15.459249 21.999794 
20.780233 -15.535252 22.092247 
19.678260 -16.524758 20.438403 
18.281919 -17.222244 21.403192 
17.684495 -17.819785 20.700258 
17.146631 -17.361882 21.423630 
16.987023 -16.327449 21.255558 
16.259605 -15.482847 21.127903 
15.920302 -16.546804 20.552475 
15.546673 -17.304916 21.248330 
15.813191 -17.549543 22.163040 
15.817726 -18.528749 21.673260 
14.792915 -18.255400 22.044519 
15.282882 -17.467275 23.553211 
16.443213 -16.263808 24.295887 
16.989141 -15.279915 23.382041 
18.479168 -13.607772 25.256910 
14.204127 -16.080882 24.666675 
12.959449 -16.436659 25.428044 
13.376551 -17.391716 25.515914 
14.098448 -17.771569 26.062433 
14.588593 -16.892853 25.765263 
15.111480 -16.672974 26.656798 
14.284011 -16.064511 26.720287 
14.500337 -14.703350 27.157148 
15.408024 -14.532166 26.785244 
15.322794 -14.065436 25.775911 
14.273200 -14.251487 25.728211 
13.685155 -15.091688 25.638374 
13.153477 -15.586097 24.844275 
12.428818 -15.250808 24.130556 
11.714504 -15.844594 24.610792 
11.107376 -15.077225 24.880600 
10.237071 -15.297177 24.341726 
9.232729 -15.513326 24.513328 
9.792039 -14.832690 25.053258 
9.454180 -15.068253 25.993368 
8.860988 -13.043115 27.080348 
9.866991 -12.866083 27.813177 
10.375964 -12.106334 27.957364 
11.124758 -13.117318 28.105359 
11.896816 -12.471506 28.014292 
9.881081 -13.641996 28.872611 
8.791113 -12.206276 29.285211 
7.949677 -11.654039 28.973900 
7.288074 -11.148961 28.413151 
8.296687 -12.924229 29.955089 
