-12.726516 -28.040933 -6.088894 
-12.693951 -28.973549 -6.669865 
-11.928706 -29.646492 -6.770631 
-10.923083 -29.767739 -6.988672 
-10.794805 -30.757480 -6.434873 
-11.756145 -31.186204 -6.372091 
-10.834555 -31.639466 -6.563054 
-11.104780 -31.296006 -5.652394 
-11.829190 -32.108697 -5.645229 
-12.761339 -32.550731 -5.833286 
-12.437819 -32.535526 -6.901062 
-12.985132 -31.788536 -7.250572 
-12.492434 -30.958816 -7.622613 
-12.571741 -29.894978 -7.501171 
-13.288304 -29.470661 -8.191330 
-14.256537 -30.001155 -8.419561 
-14.392234 -30.252674 -7.400853 
-13.645361 -29.764782 -6.741514 
-13.490440 -30.526590 -6.166199 
-12.899991 -31.465375 -6.060002 
-13.545179 -31.528237 -5.245174 
-14.258698 -30.779196 -5.295557 
-15.118789 -30.352759 -5.153958 
-15.465036 -30.610886 -6.064975 
-16.135233 -30.065439 -5.340516 
-17.067754 -29.706064 -5.156362 
-16.362331 -29.087345 -4.583060 
-15.300289 -28.996964 -4.469337 
-14.719895 -28.177647 -4.446904 
-13.778489 -27.967522 -4.212187 
-13.208465 -27.175758 -4.239867 
-12.996047 -26.196819 -3.855678 
-13.611296 -25.743145 -4.526763 
-13.709154 -26.649564 -4.943569 
-14.240924 -27.127833 -5.666486 
-14.312468 -26.229344 -5.879906 
-14.592971 -25.888546 -6.814555 
-14.288872 -25.104438 -7.384786 
-13.423986 -25.645163 -7.486248 
-12.557394 -26.283146 -7.861978 
-12.753595 -26.771525 -7.031004 
-11.891832 -27.202490 -6.988217 
-11.232014 -26.360443 -6.763372 
-11.611872 -25.959978 -7.606685 
-12.255215 -25.244741 -8.105747 
-12.047543 -24.802790 -9.075823 
-12.089210 -23.675997 -8.913167 
-11.999214 -23.119519 -9.812193 
-12.898562 -23.019685 -9.156627 
-13.737339 -22.965744 -9.707782 
-13.872257 -23.966813 -9.263237 
-12.893513 -24.143560 -9.474871 
-12.955885 -24.114311 -8.488278 
-13.568465 -23.625621 -7.823860 
-14.549270 -23.376588 -7.635191 
-14.616026 -23.541345 -6.564427 
-15.038968 -24.416576 -5.983942 
-15.380018 -24.658475 -6.943549 
-16.274785 -24.911797 -6.566715 
-15.785916 -24.873737 -5.600433 
-15.216464 -25.382461 -6.175160 
-15.435920 -25.910340 -5.345771 
-15.748399 -26.048122 -4.328974 
-16.432954 -26.708247 -4.042651 
-15.740914 -27.053804 -3.336025 
-15.217154 -27.364488 -4.142715 
-14.247503 -26.934579 -4.054685 
-14.678869 -25.974096 -4.062791 
-14.835022 -26.695767 -4.972083 
-15.609485 -27.077264 -5.406903 
-16.558100 -26.852900 -5.065028 
-16.563036 -27.964877 -5.171774 
-17.444054 -28.078878 -5.667743 
-17.039966 -28.877055 -6.243643 
-17.961125 -28.398886 -4.187393 
-17.749685 -29.320713 -0.677749 
-17.931540 -30.242290 -0.187594 
-17.328960 -30.809947 -0.898159 
-16.294991 -30.398969 -0.936970 
-17.012121 -30.192708 -1.589383 
-16.485285 -30.158591 -2.542285 
-15.378765 -30.228821 -2.092854 
-15.088166 -31.171319 -1.835738 
-14.791593 -31.476216 -0.755584 
-15.185658 -31.568759 0.239754 
-14.783256 -32.118981 1.003909 
-13.765002 -32.122159 1.078025 
-13.676250 -31.180159 0.483843 
-12.473319 -30.466169 2.649301 
-12.629522 -30.074982 4.178146 
-14.430274 -30.536675 2.616282 
-16.040559 -29.803696 1.479572 
-15.360585 -29.074555 1.878716 
-15.089524 -28.071354 1.982523 
-15.274630 -27.128240 1.639960 
-15.964685 -27.676762 1.102937 
-14.877571 -27.655115 0.893785 
-14.634955 -28.467008 0.476559 
-15.600052 -28.761184 0.329949 
-17.465285 -27.422966 1.997747 
-21.609186 -26.192360 5.149915 
-21.379427 -24.300018 5.808106 
-17.787297 -23.123539 7.914001 
-14.579051 -22.179938 9.014439 
-13.768462 -22.040269 8.471477 
-13.903661 -22.677428 7.657468 
-14.462394 -21.794578 7.570852 
-12.769043 -21.769247 9.187932 
-12.227668 -19.549427 12.331384 
-12.582114 -19.765667 13.282447 
-12.961265 -21.053959 13.694422 
-12.407881 -21.117249 12.814943 
-13.470746 -21.453288 12.638206 
-12.480135 -23.221541 11.216153 
-12.680495 -25.804126 11.172191 
-11.187896 -27.440985 9.680734 
-11.809900 -28.765173 8.390604 
-12.309598 -28.901414 7.127357 
-12.317858 -28.083441 5.816308 
-12.116889 -28.368771 4.622954 
-10.953632 -27.118363 4.569767 
-10.123518 -27.262894 3.909899 
-9.246559 -27.486835 3.436118 
-8.907752 -28.084954 4.327860 
-8.980608 -28.893569 3.654935 
-9.020209 -29.841579 4.265438 
-8.712818 -30.614452 3.735535 
-9.392069 -30.205540 3.208203 
-8.565799 -29.734968 2.726074 
-8.241162 -29.128864 2.160772 
-6.511606 -27.682738 0.619571 
-6.095587 -29.050724 -1.327519 
-4.922016 -30.002106 -2.773680 
-5.260790 -28.107018 -2.031362 
-5.385017 -26.062424 -2.044188 
-4.590428 -26.318333 -2.326614 
-3.885155 -25.829683 -3.897686 
-3.897987 -27.444768 -2.974828 
-3.663258 -28.313212 -1.404366 
-3.319358 -27.526362 -0.989614 
-3.632478 -28.033107 0.172061 
-3.610738 -27.078964 1.425346 
-4.636525 -26.755109 1.427093 
-4.423703 -26.403539 2.515966 
-5.220991 -25.713134 1.971242 
-6.241404 -25.664485 2.093606 
-7.165640 -25.576769 2.393522 
-7.522283 -25.665635 3.410893 
-8.403567 -24.547696 3.427991 
-8.334081 -24.866173 4.380691 
-7.659807 -25.508219 5.931090 
-7.184725 -24.901961 6.595310 
-8.001535 -24.237562 6.863323 
-8.828332 -24.499602 7.371030 
-9.022643 -25.399893 6.874110 
-10.247927 -24.805877 7.051914 
-10.809735 -24.620274 7.745269 
-11.350675 -24.175925 8.567028 
-11.781677 -24.884509 7.997490 
-12.099753 -25.774958 8.380385 
-11.021162 -25.445448 8.251585 
-11.792741 -25.189246 9.384954 
-13.131113 -25.338246 9.245782 
-13.201663 -26.248154 8.635874 
-12.004290 -25.825797 6.000374 
-9.605932 -24.908087 4.138329 
-9.149766 -22.759089 4.906190 
-9.677745 -23.448030 5.387203 
-10.717926 -23.700944 5.429079 
-10.505449 -23.561702 6.494395 
-9.589985 -23.929325 6.743708 
-8.869236 -23.421724 7.198619 
-9.329508 -22.133139 7.479563 
-8.519741 -22.361176 7.092509 
-8.547518 -21.878836 8.025214 
-8.030557 -22.104905 8.847608 
-7.745013 -22.602322 7.980804 
-8.107884 -23.217926 8.702281 
-9.118525 -23.291966 8.918585 
-8.494895 -24.116861 9.101348 
-9.005362 -25.028358 8.807368 
-8.969420 -25.988220 9.003324 
-10.058424 -25.783344 9.061709 
-10.142601 -25.129509 9.856816 
-10.594712 -24.572896 9.080131 
-11.739327 -23.642741 8.183339 
-13.665761 -25.259641 7.223981 
-13.712574 -25.830266 6.207078 
-14.997494 -25.905986 4.730551 
-15.790007 -26.348553 5.075051 
-14.191334 -26.769662 3.501046 
-13.129280 -25.020794 3.333341 
-13.997266 -24.528382 2.764411 
-13.648496 -23.748497 2.153107 
-13.017714 -24.037010 -0.080128 
