-15.990555 -18.619447 9.330348 
-15.041376 -18.745395 9.817296 
-15.260715 -18.468575 10.822688 
-14.947205 -19.470301 10.722708 
-15.490458 -19.795222 11.481173 
-16.126684 -20.694380 11.464731 
-16.895284 -20.531276 10.769740 
-17.381319 -20.259302 11.789279 
-18.328872 -20.378666 12.245095 
-19.227268 -19.919871 12.110831 
-20.168916 -20.195682 12.443354 
-20.508505 -21.119539 12.415522 
-21.291288 -20.749241 11.817817 
-21.904911 -21.580497 11.984359 
-21.413082 -21.335204 12.842701 
-21.185977 -20.894583 13.709679 
-21.047582 -19.859645 13.557415 
-20.468819 -19.216647 13.926446 
-19.940942 -19.060454 12.962623 
-19.790205 -18.715873 11.934976 
-20.708875 -18.260520 11.601539 
-20.820213 -19.289164 11.893066 
-20.416206 -20.205749 11.492873 
-19.392246 -20.719638 11.491773 
-18.793512 -21.443542 11.264377 
-17.714095 -21.228077 11.376883 
-18.218606 -21.073866 10.391104 
-18.555753 -21.529891 9.513343 
-17.724609 -22.015709 10.054418 
-16.902919 -21.900701 9.481942 
-16.865549 -20.916891 9.624801 
-16.516149 -20.387341 8.668988 
-15.947842 -20.051724 9.445965 
-14.867544 -20.132553 9.380919 
-14.286847 -20.171657 10.335973 
-13.542798 -20.622611 10.859432 
-13.216457 -20.790175 9.887885 
-13.129443 -21.318644 9.013313 
-12.865402 -22.287343 8.974537 
-12.094303 -21.805014 9.173932 
-11.282701 -22.013316 9.745260 
-11.544754 -20.977851 10.034658 
-10.475334 -20.758552 10.007416 
-9.923484 -21.011152 9.035966 
-9.375389 -20.344426 8.487719 
-8.532960 -20.634371 8.853559 
-9.032630 -21.542523 8.933085 
-9.780539 -22.016653 8.415080 
-10.575973 -21.789633 7.696622 
-10.401355 -22.011966 6.694233 
-10.217884 -22.608496 5.885875 
-11.107474 -22.247802 5.890800 
-11.454304 -21.446201 6.532762 
-11.454349 -22.150457 7.336180 
-12.552054 -22.214272 7.458301 
-12.835801 -22.940480 6.771662 
-11.933162 -23.094597 6.250645 
-11.855122 -24.153978 6.145402 
-11.449478 -24.621566 5.398444 
-11.221910 -24.677684 4.392757 
-11.960359 -24.253721 3.769886 
-11.060477 -23.948082 3.292857 
-10.366920 -23.715712 2.616801 
-10.225752 -24.616828 2.076772 
-9.696450 -25.028640 1.431854 
-9.082272 -25.769401 1.191473 
-8.568904 -25.849800 0.316330 
-8.137088 -26.233024 -0.533332 
-8.085392 -25.152661 -0.718585 
-9.019311 -24.651629 -0.536755 
-9.543175 -23.863812 -0.138878 
-10.262455 -24.223892 -0.931080 
-9.797125 -25.139736 -1.036148 
-9.988548 -24.981195 -2.064784 
-10.398883 -28.012588 0.404282 
-11.982207 -26.904129 0.733087 
-11.034797 -26.387168 0.768506 
-11.856584 -25.871329 0.462560 
-12.711331 -25.479761 0.745430 
-12.128967 -25.129413 1.525925 
-12.899275 -24.561346 1.809297 
-13.041117 -25.517995 2.247154 
-12.254860 -25.045251 2.561543 
-11.090212 -25.509440 2.701036 
-11.188295 -26.313151 3.343731 
-10.503158 -26.769418 2.594763 
-10.452494 -26.180820 1.707372 
-9.646194 -26.786882 2.084145 
-7.144411 -26.788434 3.734420 
-5.942882 -27.633879 2.227131 
-7.311351 -25.782477 0.698262 
-7.902269 -24.279673 1.516762 
-8.301652 -24.855180 2.290544 
-9.335287 -25.174129 2.411602 
-9.235467 -24.235107 1.849722 
-9.343878 -23.809931 2.898044 
-8.436061 -23.741528 2.456726 
-8.583430 -23.356271 3.416028 
-8.966922 -22.391829 3.428111 
-10.732446 -21.963811 3.335115 
-7.797049 -21.987011 3.889845 
-8.242587 -23.484681 4.448561 
-7.281157 -21.933885 7.203657 
-11.070248 -20.606019 7.405656 
-10.465958 -20.188636 8.225474 
-11.469747 -20.570334 8.712660 
-12.291723 -19.849335 8.881241 
-14.302947 -19.544403 12.100729 
-16.171594 -19.534638 12.350517 
-16.699224 -19.132082 11.062971 
-17.479409 -19.513239 10.431842 
-18.020291 -19.690407 11.307976 
-18.192406 -18.762404 11.201543 
-19.747332 -20.327658 10.046073 
-20.196582 -21.016876 8.014123 
-19.248435 -21.887733 6.933518 
-19.096620 -21.532485 4.531777 
-18.763072 -22.211288 3.897121 
-17.409201 -22.524153 4.063259 
-16.229124 -22.543112 3.926631 
-16.245666 -24.483142 4.352147 
-15.798348 -25.282193 4.686380 
-15.155649 -24.935162 3.935166 
-14.660600 -24.100562 3.574419 
-13.536954 -24.224413 3.606428 
-12.757288 -23.811069 2.895045 
-11.820499 -24.139460 2.649548 
-11.580516 -23.277540 2.115229 
-12.031697 -23.107197 1.215701 
-11.140634 -23.403152 1.023657 
-12.759523 -20.969748 0.655689 
-11.685402 -20.420335 3.948935 
-9.800056 -19.566120 3.195758 
-8.486681 -19.125945 3.744336 
-8.264131 -18.648938 5.574535 
-8.406272 -20.353555 5.691970 
-7.727089 -22.130301 5.684196 
-6.108300 -22.119598 6.418696 
-6.160634 -23.140978 5.865582 
-5.388554 -23.050831 4.963124 
-5.115069 -24.106035 5.426840 
-4.236254 -23.483240 6.858211 
-3.333818 -23.405899 7.384314 
-2.742557 -23.026025 6.657849 
-1.821705 -23.388523 6.948304 
-1.395262 -23.215174 6.113285 
-2.125436 -22.496335 5.727660 
-2.316154 -21.549498 5.093740 
-3.164006 -20.154400 5.215796 
-4.091579 -20.396894 5.355514 
-5.734733 -20.643837 6.042605 
-7.283999 -20.343334 5.543888 
-7.934574 -20.036527 4.662980 
-8.311171 -20.544594 3.782892 
-9.129494 -20.534368 4.391568 
-10.303161 -20.504947 5.011941 
-10.618714 -19.906244 4.371918 
-11.405214 -19.241040 4.267608 
-11.202488 -19.423238 3.311323 
-10.633033 -19.564872 2.364970 
-10.408660 -20.066287 1.474175 
-10.496064 -21.337942 0.998206 
-9.431705 -20.815016 -0.068137 
-8.766831 -21.406572 1.115486 
-6.267726 -21.602867 1.354212 
-5.799269 -24.505258 0.010844 
-4.141274 -25.179723 -1.159884 
-3.301347 -25.868191 -1.014666 
-3.013599 -26.532286 -1.799559 
-3.417009 -26.468137 -2.733009 
-3.363302 -25.531145 -2.952726 
-3.540416 -24.489377 -2.546038 
-4.992572 -24.545541 -1.937931 
-5.654329 -24.658756 -0.975671 
-5.045503 -23.846260 -1.359974 
-5.747327 -23.517407 -2.079666 
-5.757754 -22.848432 -2.823033 
-5.987725 -23.194835 -3.805746 
-5.042983 -23.585879 -4.190172 
-5.073385 -24.337413 -4.762651 
-5.955613 -23.937591 -4.636771 
-6.343912 -23.469901 -5.559970 
-6.214005 -23.931995 -6.512176 
-6.895143 -23.504688 -7.221731 
-7.712486 -24.283146 -6.975799 
-7.440667 -23.525052 -5.330751 
-6.484934 -25.217226 -2.850500 
-6.749556 -25.039973 -2.138929 
-7.228032 -23.529903 -2.924561 
-8.288405 -23.838094 -2.465703 
-9.409102 -22.762518 -1.510010 
-9.866278 -21.653527 -2.381495 
-8.853436 -21.496395 -2.180339 
-7.888138 -21.523912 -2.021663 
-5.572171 -23.012414 -2.433021 
