16.501149 3.578580 4.325756 
16.651133 3.448343 3.310318 
17.319595 2.997240 2.618978 
17.881626 2.487861 1.894248 
18.233433 3.329128 2.089930 
18.974792 3.854045 2.495930 
19.856917 3.299182 2.302819 
19.588681 2.741421 1.530696 
18.944297 2.006947 1.315566 
19.156024 2.135725 2.346199 
18.923045 1.421790 3.143968 
17.942193 1.391893 3.375521 
18.382687 0.521066 3.123099 
17.437159 0.259562 3.453584 
17.422414 0.286348 4.523161 
17.204121 -0.657783 4.801059 
16.591173 -0.253630 4.007374 
16.332013 0.079940 3.090692 
15.768278 -0.599240 2.800419 
15.237737 -0.028519 3.406014 
14.286082 -0.255642 3.854520 
14.827165 -1.101041 4.359475 
14.160950 -1.025645 5.090199 
14.167363 -1.858410 4.445616 
14.001916 -2.923558 4.560368 
15.032220 -2.969123 4.730413 
15.648527 -3.698293 4.400355 
15.521037 -3.603326 3.281009 
16.002108 -2.876285 2.961946 
15.668383 -2.023277 2.349367 
16.047957 -1.493362 3.154627 
16.193391 -1.250321 4.125763 
15.592270 -0.668336 4.796863 
14.822909 0.099150 4.964086 
14.427294 0.969875 5.319981 
13.871315 1.051218 6.232317 
12.961226 1.452705 6.279778 
12.669226 0.914242 7.195275 
13.074113 0.259851 7.829323 
13.423831 -0.047184 6.985829 
14.307222 -0.308709 6.499552 
15.210877 -0.201971 5.959221 
15.272189 -0.031822 7.061268 
16.125277 -0.279130 6.406347 
15.799979 -1.234269 6.739157 
16.475761 -0.690631 7.466118 
16.550012 -0.256374 8.475968 
17.410935 -0.707905 8.236791 
16.811630 -1.671388 8.314477 
17.092455 -1.774486 7.229562 
17.942048 -1.853153 7.732181 
17.715224 -2.723508 7.207961 
16.677527 -2.584630 7.561115 
17.449058 -2.500638 8.286190 
18.005080 -2.529624 9.072041 
18.987245 -2.633619 9.348901 
19.286416 -2.553545 10.260988 
18.395043 -2.787535 10.837229 
18.529296 -3.583171 10.225225 
17.728825 -3.526454 10.879951 
17.560480 -2.754677 10.129746 
17.101994 -3.007718 9.186655 
16.174756 -2.697097 9.189053 
16.692925 -1.827876 9.405623 
15.798259 -1.828378 8.796171 
14.787140 -1.922046 8.691743 
15.048847 -2.552229 9.526461 
14.082809 -2.846698 9.749211 
13.604855 -2.931149 10.576515 
13.971365 -2.208022 11.078893 
12.996487 -1.968158 11.273702 
12.568960 -2.264357 12.132461 
12.544694 -1.236923 12.402867 
11.702770 -1.646091 11.868013 
10.762292 -2.869996 11.989764 
12.178227 -5.295367 11.565061 
12.680404 -6.185052 11.524618 
13.653295 -6.384374 11.597716 
14.224854 -6.748776 10.680539 
15.275983 -7.352037 10.829721 
15.838924 -6.738079 11.838846 
16.648703 -6.171225 11.598985 
17.360677 -5.543123 11.326572 
16.925732 -5.074817 9.363891 
17.705433 -5.531659 8.412302 
18.229244 -4.566566 8.710382 
18.846149 -4.123796 8.005300 
18.633744 -3.135686 7.851722 
20.300170 -4.390961 8.568347 
23.440522 -5.594896 9.553516 
23.789897 -5.399178 10.537495 
24.196716 -3.826037 10.184144 
23.877563 -3.009573 10.494134 
23.202877 -3.560074 9.159069 
22.056798 -3.297507 8.954734 
21.939381 -3.182644 7.838897 
21.778090 -3.847931 7.068971 
20.816673 -3.492177 6.712835 
20.638938 -4.457919 6.430161 
17.783690 -2.415362 6.137026 
9.638786 -0.214556 7.155146 
8.281128 -2.564325 8.426724 
7.942947 -5.782986 8.251144 
11.259432 -6.231582 5.318660 
10.384215 -6.439182 4.882942 
9.764317 -6.806016 4.083170 
9.877241 -7.669207 3.473431 
10.355237 -7.267121 3.129636 
7.329481 -5.597031 2.547473 
6.653850 -3.287339 4.587475 
7.594717 -3.009552 7.147902 
8.316040 -3.203122 6.464465 
8.279863 -3.803919 7.252654 
7.662099 -4.330364 6.330582 
8.399967 -4.922785 6.281502 
9.194897 -6.297597 5.185688 
8.823367 -9.231614 3.615716 
9.357646 -11.076887 2.512365 
10.299118 -11.366648 2.472253 
10.465640 -11.757249 0.323884 
10.750647 -11.152311 -1.651720 
10.754737 -10.363489 -0.912550 
10.264266 -9.434810 -0.510546 
9.591111 -9.366619 1.148303 
9.170366 -8.541534 2.922050 
10.204189 -8.576883 2.865805 
11.012889 -7.976195 2.842852 
11.328567 -8.210453 3.720658 
12.065105 -8.674680 3.160305 
12.860646 -7.812250 3.142156 
14.206077 -9.762091 3.745591 
11.763497 -10.482073 5.236892 
10.651636 -12.712993 5.444621 
10.414083 -12.234359 4.384453 
8.566132 -11.602007 4.593361 
9.048228 -10.805755 5.655445 
10.035101 -12.099883 6.503145 
8.571067 -11.656296 6.445780 
7.371812 -10.715992 6.499025 
6.904419 -10.108080 5.866149 
6.876267 -9.605784 4.925579 
7.741645 -8.947509 4.074475 
7.040586 -9.216936 3.353296 
7.113645 -10.200253 3.781205 
7.111170 -10.994666 4.369799 
7.303252 -11.190958 3.451811 
7.988508 -12.034225 3.369263 
8.205711 -10.819836 3.656464 
8.795195 -9.846124 4.320002 
8.357513 -9.445438 5.239775 
8.987789 -8.585179 5.422789 
9.508395 -9.189546 4.837905 
10.391664 -9.416676 5.172739 
10.494418 -9.481158 4.120705 
10.745958 -9.718962 3.131795 
11.337630 -11.242122 3.636329 
12.736984 -12.250110 3.044940 
13.164777 -12.736623 2.232444 
13.323928 -13.103990 1.299488 
14.177581 -12.539331 1.340752 
15.087101 -12.574638 1.872042 
15.748288 -12.007462 0.276002 
16.640676 -12.716932 -0.488521 
17.630287 -13.181230 -0.201744 
17.514510 -12.826957 -3.234510 
13.522688 -12.305412 -1.784817 
13.762390 -14.793486 -0.404645 
14.581797 -14.579749 0.149326 
14.519540 -13.652024 -0.256908 
14.971066 -12.814408 -0.013453 
15.763710 -13.536932 -0.348940 
16.286617 -13.365946 -1.191045 
16.695174 -12.690320 -1.894641 
16.590912 -13.655910 -2.249250 
17.071183 -14.606632 -2.008695 
17.345587 -14.251158 -1.073702 
17.771174 -14.762832 -0.347579 
18.556543 -15.154817 0.192154 
19.388050 -14.502453 -0.035037 
20.273555 -13.837514 -0.232167 
21.001692 -14.305732 0.328351 
20.679887 -15.229266 -0.045834 
21.158610 -15.832396 -0.648814 
20.446927 -16.345320 -0.999893 
20.905725 -17.271818 -0.905759 
19.418503 -18.312010 0.231165 
18.104620 -18.107098 2.008464 
17.790317 -17.408949 2.439767 
17.250417 -16.439506 2.579057 
17.833584 -16.011886 3.351571 
19.510690 -16.108956 2.042744 
20.644724 -14.985269 1.011501 
21.408257 -14.529966 1.474437 
20.516139 -14.472765 2.348412 
21.268369 -13.084740 2.399972 
