-17.708157 -25.953035 11.545594 
-17.589292 -25.113815 10.789405 
-16.657070 -25.662617 10.737861 
-16.970786 -26.060365 9.929062 
-17.143035 -25.019635 9.902184 
-17.281738 -23.955527 10.056371 
-16.374741 -24.379304 9.905513 
-15.796117 -25.391418 9.913866 
-14.926679 -25.825319 9.464405 
-14.890142 -25.685834 10.501723 
-15.157976 -25.705139 11.578569 
-14.512690 -26.088663 12.207085 
-14.118779 -25.320274 12.753691 
-13.608819 -26.189813 12.879031 
-12.848464 -25.430419 12.770797 
-13.418017 -25.026007 12.039745 
-12.381467 -25.112969 11.874025 
-12.010819 -24.351561 12.651646 
-12.446310 -23.604352 13.397097 
-11.538987 -23.058925 13.308972 
-10.993677 -23.178355 14.219827 
-10.350609 -22.930367 14.963895 
-10.300455 -23.352216 15.910661 
-10.887746 -23.964611 15.289822 
-10.118496 -24.562059 15.614016 
-10.689948 -24.457817 16.419502 
-9.722101 -24.665400 16.711153 
-9.301027 -23.963462 16.117220 
-8.828462 -23.597070 16.977992 
-9.200821 -24.302703 17.462189 
-8.832007 -25.198964 18.127512 
-8.780856 -25.285688 19.090899 
-7.912713 -24.850203 18.546334 
-8.139402 -24.391050 19.412464 
-9.122793 -23.951323 19.255837 
-8.780820 -23.777202 18.242749 
-8.248812 -23.283222 18.946975 
-7.885527 -23.330549 18.002495 
-7.500398 -23.961364 18.576051 
-6.784165 -23.284032 18.969379 
-6.937688 -24.245011 19.391493 
-6.551199 -23.661712 20.088254 
-5.778838 -23.405203 20.934680 
-5.548004 -23.251183 21.905902 
-4.879940 -23.220916 22.641928 
-5.312320 -22.463803 23.261157 
-4.719109 -21.719997 23.544760 
-4.812095 -20.858005 24.041274 
-5.392867 -20.454656 24.643613 
-5.228252 -19.486748 24.751874 
-4.306308 -19.196741 24.298372 
-3.823998 -19.040863 23.478462 
-3.195269 -18.935859 22.677895 
-3.015890 -19.801493 22.087742 
-2.313367 -20.606198 22.340939 
-2.144168 -20.520392 21.354289 
-2.629255 -20.451418 20.478599 
-2.885698 -19.558338 20.152433 
-3.156522 -19.613658 21.157031 
-4.049494 -20.123691 21.186414 
-4.980103 -20.453061 21.421120 
-5.354193 -19.718224 20.692859 
-4.801270 -20.457094 20.266619 
-3.917425 -20.987818 20.709995 
-4.770639 -21.509279 20.203932 
-5.672128 -22.152809 19.875814 
-5.291007 -23.025983 19.517573 
-5.806587 -23.638983 18.910415 
-5.423116 -24.435812 18.455855 
-6.444318 -24.886023 18.493694 
-6.209440 -24.408177 17.737524 
-7.193274 -24.577618 17.730214 
-6.897443 -25.231297 16.959062 
-7.833778 -24.750187 16.977760 
-9.061721 -23.440929 13.677030 
-9.087431 -23.632009 11.420226 
-9.631092 -23.610026 12.287170 
-10.451132 -23.367342 12.743509 
-10.669268 -23.990880 13.533064 
-9.975770 -24.091925 14.266774 
-9.397628 -24.833717 13.651457 
-8.475799 -24.690549 13.555978 
-8.051109 -25.391814 13.096249 
-8.065052 -24.966912 11.677396 
-9.125570 -24.944409 10.664844 
-9.861307 -25.205576 11.405944 
-10.849360 -25.128811 11.858676 
-10.711401 -25.475900 10.916822 
-10.972513 -24.592880 8.376868 
-11.192577 -27.211704 5.627215 
-11.926664 -28.366420 4.669117 
-12.960184 -30.577512 5.050672 
-12.517416 -30.954335 4.163712 
-12.066149 -31.713548 4.512484 
-12.148872 -31.676668 3.501683 
-11.309069 -31.353434 3.967783 
-10.925627 -31.424540 2.999426 
-10.544162 -31.037426 2.114340 
-10.147530 -30.736424 1.260713 
-10.651705 -30.495648 1.857977 
-9.648169 -29.425747 1.572780 
-10.194193 -29.223746 3.049817 
-11.985245 -29.283341 6.752104 
-11.215294 -28.072256 9.747955 
-11.120114 -29.147643 9.801256 
-10.475315 -28.951940 8.980068 
-9.509530 -29.200875 9.194840 
-10.999002 -30.905675 6.934844 
-12.298368 -31.376624 7.665472 
-12.493150 -31.173891 9.120161 
-11.517624 -31.367045 9.842532 
-11.872616 -30.429817 9.794610 
-12.112069 -29.408271 10.209764 
-11.518401 -29.955313 11.202795 
-9.995450 -29.955325 12.002096 
-9.391247 -28.943081 13.925411 
-8.091268 -27.020132 15.642508 
-6.951732 -25.654713 15.471129 
-6.064290 -26.629276 15.469976 
-5.572047 -25.951758 17.288210 
-6.131346 -27.176759 17.774898 
-5.225573 -27.717490 17.322051 
-5.922697 -28.283970 16.873810 
-6.880282 -28.702360 16.731266 
-7.817188 -28.460022 17.268926 
-7.468457 -29.360427 17.503382 
-7.779460 -29.315887 18.484309 
-6.940366 -29.473536 19.068243 
-7.095639 -28.945060 19.978737 
-5.430199 -28.017362 18.617301 
-8.422648 -28.235239 14.152962 
-9.291885 -28.806648 11.051779 
-6.937800 -30.092468 10.770553 
-6.551296 -29.101758 9.023128 
-6.677008 -27.813441 7.170614 
-6.838840 -27.379412 5.755417 
-8.255737 -26.316369 6.689019 
-8.081923 -27.251610 6.260251 
-7.960673 -28.094941 5.550566 
-7.486041 -28.571862 4.745462 
-5.996032 -28.509003 5.257445 
-5.127908 -29.351616 5.134432 
-4.741551 -29.407848 6.127983 
-5.478250 -28.917163 6.710390 
-5.452986 -27.892990 6.614232 
-5.409588 -27.078275 7.280348 
-5.751037 -27.544205 8.235961 
-5.320090 -27.869900 9.314598 
-5.524384 -29.423598 9.488607 
-5.167558 -29.956502 10.202214 
-6.301922 -31.407305 8.559447 
-6.021878 -32.297065 8.876563 
-6.026446 -33.237753 9.257155 
-5.281878 -33.569641 8.696998 
-4.677175 -33.048095 8.033019 
-5.358619 -32.742911 7.092494 
-5.281822 -32.170445 6.093679 
-4.271341 -32.458022 6.127455 
-3.924582 -33.356735 6.319361 
-3.853217 -33.606265 7.260846 
-4.061785 -32.574354 7.182020 
-4.790138 -31.367527 6.787672 
-6.320538 -32.437000 6.225215 
-7.479180 -33.325144 5.958377 
-9.205069 -30.564240 5.564438 
-9.025964 -27.183083 7.779382 
-7.526467 -26.540527 7.375307 
-7.541059 -27.235216 8.193394 
-7.886497 -28.000063 7.633981 
-7.968999 -28.192970 6.524795 
-7.789055 -29.236127 6.341686 
-7.950153 -29.230077 5.399472 
-7.507077 -30.535732 5.134925 
-6.379858 -30.380614 5.656485 
-6.980341 -30.749453 6.404446 
-6.635758 -29.778606 6.647160 
-7.623108 -29.918495 7.103505 
-7.077416 -30.217600 7.908542 
-7.540216 -30.574483 8.689827 
-8.170200 -31.392753 8.969248 
-8.364147 -30.695722 9.621129 
-7.985031 -30.072255 10.400859 
-8.676125 -29.320796 9.927954 
-8.607904 -29.764277 8.991497 
-8.345748 -28.993424 8.511337 
-10.191210 -28.993984 7.445176 
-10.239666 -27.215492 8.590911 
-8.996526 -26.349791 9.678227 
-7.221779 -25.968523 10.314895 
-7.708689 -26.232255 11.149132 
-5.893641 -25.371746 13.769268 
-5.805531 -23.622121 14.475131 
-6.048398 -23.174594 13.509309 
-6.838300 -23.302837 12.825356 
-4.418896 -23.730642 13.719505 
