9.956027 -23.405187 16.818222 
8.905587 -23.682778 17.042692 
8.432690 -22.918380 16.362545 
8.935620 -23.257417 15.533826 
8.470656 -22.324804 15.473099 
8.788739 -21.619893 16.114070 
9.370165 -20.846946 16.550070 
9.903442 -20.199838 17.195175 
10.180360 -19.614147 17.941827 
10.655878 -19.605891 17.089981 
11.466694 -20.256128 16.827540 
11.077459 -19.744947 16.041634 
11.104005 -19.050271 15.374226 
11.298463 -18.090609 15.415543 
12.191772 -17.461193 15.429066 
12.094054 -16.766693 16.144297 
12.861820 -16.201286 16.511579 
12.240578 -16.551273 17.220215 
11.819783 -16.012971 18.042501 
11.926542 -15.974392 19.034834 
12.186806 -15.022442 19.292398 
13.005114 -14.484068 19.416635 
13.168866 -15.399711 19.675279 
13.769504 -15.449959 20.411196 
13.121337 -16.120061 20.792482 
12.471666 -16.633518 20.205928 
12.261619 -17.082993 19.353644 
11.878599 -17.766466 18.665947 
11.958396 -18.756726 18.813222 
11.423138 -18.811180 19.596540 
11.817322 -17.951158 19.898062 
11.363685 -17.110739 19.857018 
10.724070 -17.893632 20.141773 
11.381804 -17.509831 20.924671 
12.327710 -17.551935 21.305182 
12.781416 -18.333403 20.668011 
12.994947 -19.324615 20.891095 
13.127076 -20.006642 20.226416 
12.110679 -19.504088 20.285742 
11.218822 -19.430087 20.962373 
12.022075 -19.244081 21.633546 
12.006268 -19.499419 22.605777 
11.844367 -20.481782 22.281954 
11.356033 -20.299064 21.407222 
10.880520 -21.216497 21.655116 
10.323576 -20.834817 20.818017 
10.134648 -19.915491 21.233152 
8.958031 -19.485581 21.111602 
8.484188 -18.707801 20.481822 
7.454761 -18.709886 20.778064 
7.165922 -18.882445 19.782308 
7.977119 -18.385409 19.686664 
8.109742 -19.201460 19.057362 
8.353192 -18.321876 18.524327 
7.287257 -18.793586 18.398864 
6.786896 -19.562255 17.869590 
6.107775 -20.244037 17.509125 
5.599661 -21.040997 16.951979 
4.832000 -21.752642 16.993551 
4.908587 -22.622696 17.578239 
5.444138 -22.622434 16.639030 
5.563590 -23.027900 15.731873 
5.710361 -22.613781 14.763716 
6.356094 -22.160313 15.546869 
6.942747 -21.872820 16.436875 
6.918348 -20.896376 16.126575 
6.630767 -19.979833 15.744081 
5.899893 -19.407210 16.302928 
6.517120 -18.473470 16.235600 
7.514341 -18.648862 15.762239 
8.098899 -18.646461 14.940978 
9.041741 -19.114702 14.892246 
9.063049 -19.890105 14.084005 
9.015010 -19.588027 13.117993 
11.508636 -19.147055 10.421702 
14.232559 -19.955237 10.352146 
14.177139 -19.519028 11.293393 
14.676457 -19.085401 12.025595 
13.822370 -19.394298 12.303668 
13.885774 -18.354149 12.350101 
13.756074 -17.715967 13.175417 
14.207720 -18.575887 13.587641 
13.635291 -19.307279 13.487841 
12.695560 -18.409342 12.924479 
12.254712 -17.428000 13.310427 
11.845840 -17.431668 14.319794 
11.367574 -18.227697 14.015192 
10.386846 -18.866411 14.144702 
10.930031 -20.366260 14.864146 
8.250963 -22.013042 17.835767 
6.013616 -22.150866 18.210632 
3.912547 -23.061671 19.459565 
3.229452 -23.492978 18.994336 
3.207191 -23.643853 20.077363 
3.021246 -23.600083 21.161803 
2.637884 -24.489253 21.050687 
3.661201 -25.008790 21.241068 
3.811047 -24.410913 20.389347 
3.927713 -25.376469 19.735289 
5.913064 -24.493271 21.377422 
6.427895 -22.424228 24.309530 
5.482519 -23.098301 24.613560 
6.958573 -20.556050 25.952825 
9.156409 -18.112079 27.758363 
8.342330 -18.172858 28.530144 
7.514823 -17.548416 28.400103 
6.624037 -17.370547 28.928947 
4.702108 -19.179403 26.874348 
3.796143 -18.746454 25.083675 
4.120785 -18.570883 23.973035 
4.331010 -17.239235 24.090603 
4.577957 -16.852668 23.190264 
3.574412 -17.013029 23.061983 
3.474707 -17.606105 24.331271 
5.474749 -17.736460 24.993395 
6.217919 -19.208162 24.930408 
6.003334 -20.664930 23.019873 
5.140077 -20.896109 23.391791 
4.364874 -21.883391 23.911850 
4.460187 -21.542006 24.787290 
3.111688 -21.335345 25.202728 
2.998300 -20.416079 24.907219 
2.219188 -20.852260 24.375463 
1.307921 -20.145841 24.146412 
0.884304 -19.819228 23.336708 
1.192690 -20.816006 23.395040 
1.404682 -20.587620 22.474546 
2.178821 -19.938304 22.072748 
1.972701 -19.860910 23.030332 
4.041195 -19.709069 22.937437 
10.042011 -17.091179 26.265129 
11.726522 -14.559983 28.749408 
10.359825 -12.749666 28.373759 
10.194237 -11.433557 29.152022 
8.600112 -11.653284 28.926370 
8.655472 -10.278520 28.493844 
10.190012 -9.427605 27.976328 
10.711121 -9.497609 29.070498 
9.136543 -9.545663 29.224420 
8.954807 -10.184893 30.128772 
10.010307 -10.930444 30.881720 
9.434021 -10.205962 31.114799 
9.071719 -9.442336 31.713374 
8.308565 -9.831043 30.948213 
8.066237 -10.035958 31.860429 
8.425082 -10.107222 32.884934 
8.210270 -9.619621 33.709891 
6.945849 -9.272264 32.602640 
6.215747 -10.280517 31.499748 
6.987137 -10.487447 32.198474 
6.435377 -11.167329 29.754651 
6.934147 -13.201230 28.967061 
7.774200 -13.038045 29.610740 
8.286260 -12.804743 30.551527 
7.344187 -12.535930 30.498893 
7.386798 -11.771670 29.666911 
8.103613 -12.650241 28.699414 
9.134268 -12.380675 28.471802 
9.080120 -12.537897 29.485695 
9.214781 -13.595268 29.598585 
10.093667 -13.145652 29.901934 
10.911444 -12.546988 30.288209 
11.781900 -12.022840 28.725413 
13.284476 -12.069167 28.081210 
15.324345 -10.320647 28.439540 
12.879754 -9.624172 30.180108 
10.973078 -9.830307 31.433438 
12.031838 -10.164127 31.424572 
11.767639 -11.077533 31.083276 
12.659834 -11.408110 31.072680 
12.317673 -11.242416 30.067510 
12.266360 -10.557281 29.383611 
11.830014 -10.085935 28.380904 
12.250341 -11.009240 27.341677 
12.718222 -10.707246 28.300406 
13.206139 -9.989244 28.935617 
13.178814 -9.053271 28.421844 
13.619021 -8.416180 27.868307 
13.611976 -7.520251 28.104803 
14.089993 -7.128992 27.367443 
14.715974 -7.535847 28.052527 
15.580346 -7.730138 27.441473 
16.026525 -6.948944 27.233179 
16.540859 -6.853365 28.158305 
16.348881 -6.993157 29.183932 
15.661868 -5.375322 28.355202 
15.053899 -5.837230 28.708922 
14.776523 -6.759670 29.440718 
14.140519 -6.262530 28.874857 
13.312359 -6.034288 29.053215 
12.308008 -6.559927 28.047285 
12.292065 -6.716931 26.607500 
11.865804 -7.400779 27.394182 
11.747455 -7.793326 26.426166 
11.253424 -8.443032 27.804374 
