-22.343957 -0.325162 -20.417084 
-22.715707 -0.724878 -19.543710 
-22.738304 -1.752247 -19.331910 
-22.085068 -2.020157 -18.508440 
-22.574040 -1.140139 -18.144962 
-22.207834 -0.194052 -18.394999 
-23.050959 0.028642 -17.841522 
-23.286037 0.823727 -17.415189 
-24.284352 1.280054 -17.656872 
-23.832731 2.118930 -17.357737 
-22.948834 2.216938 -17.426487 
-22.694336 2.926774 -16.765913 
-23.490363 2.536016 -16.054130 
-23.025928 1.637885 -16.043644 
-22.163787 1.849161 -15.478976 
-21.289497 2.140447 -15.057325 
-21.958902 2.369711 -14.277097 
-22.883977 2.007699 -13.775936 
-22.774384 1.066907 -13.914642 
-21.882863 0.997106 -13.364493 
-21.039609 0.376635 -13.682000 
-21.078771 -0.308607 -12.850197 
-20.359876 0.376062 -12.334244 
-20.808501 1.089699 -12.966601 
-21.473309 0.921282 -12.144276 
-22.232332 0.773953 -11.410067 
-23.122210 0.846436 -12.059679 
-22.901260 -0.174373 -11.922116 
-23.172241 -0.107701 -12.918722 
-23.630350 0.647027 -13.571129 
-23.757011 0.831807 -14.538589 
-24.617570 0.783590 -13.879310 
-25.533567 0.808762 -13.403659 
-25.264347 -0.046644 -13.083828 
-25.279360 -0.387190 -14.018534 
-24.441590 -1.017282 -14.284741 
-23.895867 -1.657844 -14.752986 
-23.560999 -0.786805 -15.275400 
-22.484381 -1.031188 -15.396089 
-22.187217 0.000399 -15.332340 
-22.784089 0.691203 -15.208613 
-23.171776 0.657343 -16.156318 
-22.949545 -0.209540 -16.576559 
-23.916879 -0.174491 -17.050831 
-24.607275 -0.540331 -16.336526 
-24.787745 0.512118 -16.448746 
-25.272852 -0.074585 -15.753308 
-26.050673 -0.037964 -15.021984 
-26.173721 0.575962 -15.809663 
-26.571236 0.959803 -14.923102 
-25.567690 1.095123 -15.050189 
-24.580530 1.133174 -14.934204 
-23.941643 1.933027 -14.834620 
-24.505339 2.514196 -14.225938 
-24.023448 1.927686 -13.420580 
-23.311411 1.611720 -12.760403 
-24.282559 1.250856 -12.390082 
-24.616034 1.921459 -11.666007 
-24.598299 0.836981 -11.440292 
-25.251385 0.462381 -10.723942 
-26.179943 0.365501 -10.690107 
-25.977792 1.199665 -11.180242 
-25.711611 1.051893 -12.191386 
-26.605197 0.682942 -12.792493 
-27.514640 0.666334 -12.284976 
-27.030355 -0.367894 -12.681572 
-27.218952 -0.433141 -11.621593 
-26.189431 -0.038809 -11.919764 
-26.106548 -0.886521 -12.586629 
-26.814237 -1.233024 -13.283015 
-27.729569 -1.368654 -13.126331 
-27.712797 -2.458969 -13.024737 
-27.935165 -2.996029 -13.807482 
-28.825638 -3.530007 -13.460554 
-27.635304 -3.486291 -14.200465 
-29.296102 -4.059520 -15.614119 
-28.908781 -3.291171 -15.143197 
-28.262332 -2.963664 -15.953926 
-27.736261 -3.713110 -16.443321 
-26.930382 -3.371124 -16.009914 
-27.274457 -2.451426 -16.289428 
-26.751229 -1.595618 -16.130852 
-26.328381 -2.242253 -16.763338 
-25.491176 -1.834592 -15.664448 
-26.082553 -0.814309 -15.840497 
-26.428447 -1.392494 -14.994670 
-27.247213 -2.078445 -15.146925 
-27.319860 -1.125826 -15.434538 
-29.435942 -1.306580 -14.517600 
-31.976465 -0.939697 -15.303776 
-30.238565 0.191202 -14.712118 
-28.683071 -0.896078 -13.152532 
-28.125075 -1.347648 -12.309499 
-28.074067 -2.417609 -11.969106 
-28.992885 -2.636938 -11.520767 
-28.682899 -3.498556 -11.923463 
-27.674172 -3.574567 -12.197168 
-27.264683 -4.035159 -11.229709 
-26.644555 -4.866086 -11.030807 
-28.865850 -6.269423 -7.532740 
-29.692266 -5.622984 -3.013339 
-31.228163 -6.411652 -2.413268 
-32.754508 -9.231408 -2.601266 
-33.484312 -10.565456 1.057953 
-32.628437 -10.208573 1.508893 
-31.784457 -9.806185 0.991911 
-31.060585 -10.278080 1.531115 
-31.240514 -9.564182 -4.606728 
-29.606262 -11.550056 -9.543313 
-28.979838 -11.645502 -10.672294 
-28.622779 -12.252420 -11.696948 
-29.455737 -12.563975 -11.396460 
-30.035413 -12.723090 -12.236231 
-29.534415 -12.558539 -13.797414 
-28.713731 -14.294199 -13.435902 
-27.209434 -14.336690 -13.105140 
-27.449463 -13.014694 -13.527690 
-27.971307 -11.544661 -13.955325 
-29.169938 -11.452510 -14.742988 
-29.659438 -9.486813 -12.726414 
-29.910258 -9.391100 -10.505640 
-29.642315 -8.330718 -10.524430 
-29.220717 -7.361420 -10.394132 
-28.824308 -8.058732 -9.898114 
-28.173075 -7.637233 -10.587399 
-27.917516 -8.503929 -11.170985 
-28.827107 -8.930960 -10.907732 
-28.464470 -9.426713 -10.173916 
-28.032826 -9.593345 -11.113865 
-29.056288 -10.082168 -10.582640 
-30.043182 -8.576732 -7.714264 
-30.601154 -11.079200 -7.499401 
-29.599671 -10.429769 -7.844610 
-30.109520 -12.673190 -9.196449 
-30.035810 -12.342765 -10.320201 
-30.964643 -10.796429 -10.750951 
-30.804407 -10.054429 -11.869017 
-30.300805 -10.036499 -12.381804 
-30.207009 -8.373054 -12.837902 
-30.552474 -8.071941 -13.742905 
-30.702356 -7.968273 -14.666089 
-29.977362 -9.264543 -14.168936 
-29.084331 -8.738238 -13.931004 
-28.341076 -8.821422 -13.234316 
-28.452461 -7.779414 -12.971724 
-27.522121 -8.208798 -13.060952 
-27.949649 -8.097747 -12.095859 
-27.978774 -9.625962 -13.085587 
-27.309587 -9.709261 -13.970911 
-26.926652 -8.770773 -13.731932 
-25.814515 -7.727372 -15.451668 
-25.601713 -8.803290 -15.302048 
-24.903703 -7.990616 -15.258285 
-24.669124 -7.178080 -14.669330 
-25.363938 -6.853870 -14.047889 
-25.374085 -6.481309 -12.898355 
-25.049334 -4.953770 -12.648141 
-24.573704 -5.560436 -13.301724 
-24.053632 -4.662453 -13.045512 
-24.595521 -3.796688 -13.003152 
-23.673448 -3.582665 -12.393131 
-24.113802 -5.939205 -11.995897 
-25.614462 -7.486153 -12.217199 
-26.640346 -7.114041 -12.654735 
-24.955898 -4.555729 -16.473769 
-24.298168 -3.036809 -15.293293 
-23.097868 -1.940526 -15.606962 
-22.636107 -2.122887 -16.546155 
-23.425432 -1.464305 -16.542686 
-24.089167 -1.788220 -15.800550 
-24.324817 -2.189004 -16.763301 
-24.412997 -1.504268 -17.469117 
-23.628469 -2.409258 -17.798794 
-22.845910 -3.105685 -18.098164 
-22.354342 -2.766685 -17.354492 
-22.490814 -3.153127 -16.413538 
-22.761386 -4.144368 -15.797967 
-22.070465 -3.868101 -15.086053 
-22.242694 -4.604346 -14.341199 
-22.708211 -5.535057 -14.035980 
-22.085775 -6.367245 -13.893955 
-21.733697 -5.559577 -14.247587 
-22.348216 -5.324263 -15.052455 
-23.363228 -5.467935 -15.355059 
-23.107130 -6.426652 -15.152606 
-23.937109 -5.332390 -14.678659 
-23.094412 -2.116171 -14.104050 
-23.230603 -1.754491 -12.562402 
-23.896250 -0.448781 -11.639555 
-24.929234 -0.303230 -11.900584 
-24.992702 -1.336479 -11.330798 
-23.492551 -1.401145 -11.114375 
-23.745739 -2.372024 -11.364148 
-23.716913 -3.184823 -10.778050 
-25.535866 -3.155745 -11.812471 
