-26.786663 -7.514740 9.208169 
-26.086368 -7.973551 8.811913 
-26.048748 -7.775108 7.670112 
-26.685896 -8.423918 7.106162 
-26.707461 -9.157685 7.882737 
-26.991902 -8.147592 8.057704 
-27.604212 -7.647559 7.327310 
-28.418297 -8.085023 7.722147 
-29.359255 -7.750621 7.789966 
-28.878960 -6.952952 7.327210 
-28.781338 -6.805473 6.274516 
-28.239369 -7.501180 6.391302 
-27.863200 -8.087009 5.418851 
-27.140720 -7.967442 6.213900 
-27.197842 -8.959871 6.394131 
-28.169471 -8.794424 6.224098 
-28.783795 -8.954260 7.074854 
-29.634920 -8.279593 6.807807 
-29.721015 -9.337482 6.997766 
-30.493385 -9.796530 7.539401 
-30.633924 -9.280590 6.661840 
-31.297102 -9.026532 5.930824 
-30.488113 -8.376333 5.935111 
-30.729137 -8.551406 4.964405 
-31.159062 -7.753088 5.491468 
-30.360398 -7.010246 5.440805 
-29.492144 -7.668274 5.326501 
-29.342007 -8.605750 5.594536 
-29.661773 -8.611991 4.597291 
-30.508476 -8.141578 4.054532 
-29.609945 -7.922209 3.565481 
-30.330252 -7.875963 2.752146 
-29.743835 -7.296046 2.163946 
-29.098253 -6.741835 1.463213 
-30.050460 -6.318394 1.233775 
-30.610699 -5.589104 1.851685 
-30.863823 -5.748913 0.833528 
-31.019796 -4.654872 0.771231 
-30.277509 -4.449878 -0.025916 
-30.414059 -5.291605 -0.578640 
-29.610048 -5.013952 -1.092736 
-29.939734 -6.044409 -1.048364 
-30.932789 -5.728206 -1.283033 
-31.015680 -6.677896 -0.701141 
-30.339792 -6.151376 -0.072909 
-29.768528 -5.347357 0.208525 
-29.208696 -5.822859 -0.354745 
-28.296575 -5.580239 0.130316 
-27.352603 -5.830267 -0.078942 
-27.791149 -6.160050 0.806240 
-27.993678 -5.766884 1.696043 
-27.434380 -6.502267 2.174501 
-26.579150 -6.668184 2.615950 
-25.685368 -6.158195 3.000220 
-24.861386 -6.433997 3.564029 
-24.137329 -6.540985 4.337595 
-23.738010 -6.923710 5.186957 
-23.902809 -6.318523 5.932986 
-24.687787 -6.883355 6.158996 
-24.348647 -6.995571 7.089213 
-23.606056 -7.280887 6.447986 
-22.945967 -6.896234 7.211422 
-23.042076 -6.455026 8.118179 
-23.738088 -7.288132 8.079608 
-23.395489 -8.263455 7.790471 
-23.022841 -9.085919 7.348310 
-22.473385 -9.876445 7.426825 
-22.032976 -9.689726 6.512777 
-21.922478 -8.942385 7.295169 
-21.314135 -8.560260 6.499860 
-21.810599 -7.831396 7.166887 
-21.134265 -8.389095 7.682472 
-21.148167 -8.685992 8.647647 
-21.365624 -9.671986 8.190663 
-21.621391 -7.703719 10.829133 
-23.353087 -5.978530 12.793937 
-24.375066 -6.005254 12.684761 
-24.675686 -5.034657 12.590652 
-23.965594 -4.232278 12.283650 
-22.986491 -4.181956 12.419798 
-22.801152 -5.249614 12.243608 
-23.369452 -5.055351 13.151035 
-23.559795 -4.231185 13.691312 
-23.287746 -3.595057 14.458649 
-22.644316 -4.449984 14.692739 
-23.318938 -4.186096 15.465465 
-23.230166 -5.231759 15.591067 
-22.343793 -5.731164 15.183620 
-22.050807 -6.979815 13.951172 
-21.072451 -8.695397 15.245705 
-23.753010 -9.305222 15.486453 
-23.071644 -9.629048 14.122529 
-22.787355 -10.106808 13.166663 
-23.433376 -9.862870 12.387968 
-24.365209 -10.142823 12.701433 
-24.501635 -10.169052 13.738156 
-24.454783 -9.202153 13.430741 
-24.469001 -8.184309 13.947915 
-23.714312 -8.010173 13.253964 
-24.991617 -7.138123 5.652700 
-25.492054 -2.490449 0.116608 
-24.639158 -0.894176 -0.269821 
-25.124285 0.722487 2.937108 
-25.944923 -0.214917 1.799455 
-25.830931 -1.039612 1.190019 
-25.861480 -2.011779 0.657094 
-26.055883 -2.674708 1.359948 
-27.102315 -2.791819 -0.576806 
-27.722757 0.203691 -0.972117 
-27.464099 1.333928 -1.905326 
-26.485499 0.909629 -2.112034 
-26.476395 0.216800 -1.418956 
-26.475234 0.817753 -0.630561 
-25.770711 2.287451 -1.079894 
-26.486248 3.252838 -1.084732 
-26.497747 2.926891 -2.505827 
-28.237051 0.729277 -3.147123 
-27.475135 0.077263 -1.992285 
-28.110880 -0.879949 -2.755842 
-28.149663 -2.117661 -1.933289 
-27.882097 -3.424073 -2.874149 
-26.998440 -3.892482 -2.932332 
-26.129053 -3.688682 -2.417781 
-25.402055 -3.985952 -3.274169 
-25.322197 -5.041984 -3.124861 
-24.507480 -5.666189 -2.939783 
-23.573263 -6.014397 -2.349472 
-23.425998 -4.976144 -2.084367 
-22.497498 -5.047546 -1.740091 
-21.833446 -6.029643 -0.911258 
-22.764259 -5.573974 -4.023407 
-25.235678 0.288500 -3.223065 
-24.021547 1.933464 -3.368768 
-23.881345 2.437969 -4.877306 
-25.097964 1.995308 -4.723572 
-25.730641 1.407114 -4.563844 
-24.464364 1.195946 -3.024012 
-24.525842 1.832706 -1.780373 
-23.853145 2.630454 -0.943789 
-22.986309 2.155560 -1.302795 
-23.453913 2.983215 -2.405537 
-22.878463 4.036894 -2.973163 
-22.209635 4.406604 -3.668314 
-21.896360 4.472312 -2.716362 
-22.150125 3.497173 -2.681754 
-22.504580 2.665470 -3.084780 
-21.949789 2.139021 -2.432594 
-22.801882 0.661816 -2.515825 
-23.059654 -0.255542 -3.869395 
-22.798574 -1.243522 -3.560890 
-22.195341 -2.282419 -1.505514 
-21.295330 -2.252179 -0.548179 
-22.300881 -1.919520 -0.625623 
-21.796426 -1.184671 -0.196653 
-21.866702 -1.845731 0.546388 
-21.888962 -2.552092 1.310431 
-23.269682 -2.501113 1.683598 
-23.866691 -1.804579 1.119679 
-23.916166 -1.516649 2.108250 
-23.178596 -1.065233 2.602347 
-22.317959 -1.202268 3.105491 
-22.203439 -1.370874 4.821074 
-22.581236 -0.244649 5.435407 
-23.338357 -1.165699 6.198576 
-22.229598 -3.702893 9.280421 
-20.974535 -2.857332 11.391914 
-21.013484 -4.018215 9.396109 
-20.365186 -4.700410 9.612056 
-20.506048 -5.720369 9.579946 
-21.092021 -6.220686 8.870094 
-20.320132 -6.970139 8.830710 
-20.558419 -7.792509 9.466950 
-20.609050 -8.789102 9.954047 
-21.509686 -8.859176 9.925876 
-22.500211 -9.358046 9.918561 
-23.167011 -8.883554 9.469579 
-22.968886 -9.798655 9.192480 
-22.123182 -10.336820 9.730369 
-22.801248 -11.019997 10.260742 
-22.662053 -11.939008 10.608148 
-23.669029 -11.969585 10.245081 
-23.885051 -11.825065 9.227878 
-23.812105 -10.814342 8.911296 
-24.676095 -10.727753 8.406093 
-25.078932 -10.967589 9.290125 
-25.155356 -10.181511 6.827277 
-23.466408 -9.467534 5.106823 
-22.719455 -9.021841 5.570582 
-23.855355 -8.395946 5.017690 
-23.595366 -7.772186 4.183680 
-24.739216 -6.111691 3.225626 
-24.933553 -5.667353 2.203954 
-25.065680 -5.109060 1.394443 
-25.020624 -5.831897 0.515545 
-22.718918 -5.634688 1.616071 
