9.126624 -13.011538 26.575890 
9.464230 -13.012388 27.546738 
8.770507 -13.689599 27.892488 
9.383997 -14.042952 27.153497 
9.810262 -14.185170 26.294063 
10.212244 -13.285099 26.314581 
11.136259 -13.060879 25.798502 
10.858401 -12.073886 25.850367 
10.228575 -11.898296 26.534298 
9.908479 -11.144113 26.050504 
9.223975 -11.993849 26.162498 
8.951331 -11.817916 27.266958 
7.963797 -11.933767 26.957211 
8.210726 -11.788246 25.981371 
8.790774 -11.592916 25.100295 
8.026656 -11.136767 24.459405 
8.184881 -12.031811 24.076105 
7.893481 -12.411309 25.018499 
8.871105 -12.784395 25.275793 
9.446729 -12.822199 24.347530 
10.179060 -12.844323 25.190916 
10.205825 -13.942232 25.079274 
10.876923 -14.191537 25.850264 
11.758931 -14.679057 25.782834 
11.359590 -15.707296 25.950335 
11.239248 -16.811458 25.841556 
10.786793 -16.165332 25.192002 
10.807440 -15.104025 25.100161 
9.824178 -14.924694 25.089355 
9.423033 -15.851026 24.883143 
8.990882 -15.464159 25.658737 
8.717010 -15.343101 26.625753 
9.653055 -15.541586 26.818028 
10.061228 -15.767136 27.693336 
9.379507 -15.872322 28.372690 
8.840412 -15.196061 28.891930 
9.733176 -15.090279 29.222443 
10.621227 -15.276183 29.687078 
10.217101 -16.208244 29.260269 
9.656274 -16.738048 28.764149 
10.665136 -16.942649 28.549838 
11.339224 -17.562749 28.189894 
12.396495 -17.699637 28.222252 
12.394963 -17.219658 29.215267 
12.192443 -16.186217 28.745392 
11.172735 -15.873524 28.513365 
11.673747 -15.331784 27.678545 
12.089834 -15.655548 26.743471 
12.139054 -16.587556 26.394557 
12.408147 -15.735368 25.799305 
12.769101 -14.879394 25.654525 
13.452764 -15.646586 25.509690 
14.147489 -16.439434 25.512400 
14.876245 -15.781986 25.982934 
15.359947 -15.366868 25.090646 
16.227804 -14.970554 24.591428 
16.350409 -14.145980 23.868288 
15.574205 -13.765390 23.214621 
15.508453 -13.000919 22.516453 
16.364013 -13.270835 22.878355 
17.246154 -12.786637 22.838994 
16.981165 -12.623070 21.868423 
16.628753 -11.699013 21.927764 
17.259316 -11.325850 22.618638 
16.713846 -11.893530 23.275823 
16.569231 -11.305885 24.072661 
17.539065 -11.163949 23.921095 
18.028388 -10.181353 23.820904 
18.903782 -10.527272 24.274823 
18.285733 -11.324237 24.564615 
18.723192 -12.195357 25.003133 
19.613894 -12.438462 24.905613 
19.242929 -11.627136 24.378707 
19.931806 -11.195362 23.724252 
19.022021 -11.683775 21.961917 
17.786674 -10.332392 20.095968 
17.851828 -11.140735 19.426482 
17.357776 -12.028817 19.106780 
16.997684 -12.733790 19.902519 
17.181801 -14.159204 20.370182 
16.539422 -14.143992 21.131753 
16.191230 -13.402953 20.566725 
16.006199 -13.441686 21.601546 
15.564817 -14.560299 21.786475 
14.651983 -14.970666 21.838863 
14.884312 -15.812189 21.122549 
15.300626 -15.104443 20.386632 
15.022019 -14.135594 20.355170 
15.084932 -14.360237 18.390496 
13.853642 -13.558378 17.783904 
12.765706 -14.165930 17.183610 
11.055265 -14.047325 17.584971 
11.969149 -13.669761 17.976821 
12.671302 -13.499476 18.663320 
12.970020 -14.887776 19.274853 
13.497163 -14.454234 20.021918 
13.589833 -13.860608 20.975422 
13.499570 -14.872923 21.135578 
13.947892 -15.713962 20.762576 
15.345546 -15.354304 16.819620 
16.589805 -13.536523 14.377899 
19.979586 -12.687072 12.570497 
18.728043 -12.887008 11.559282 
18.750882 -15.538986 9.411143 
19.538578 -15.978115 9.780709 
19.542144 -16.900457 9.306713 
18.519779 -16.663916 8.968592 
18.460883 -17.706463 10.959273 
15.464205 -18.322299 11.799589 
17.453592 -16.220425 12.766771 
17.552063 -14.946350 13.462031 
16.809625 -15.468540 14.004774 
16.299766 -15.552259 13.219774 
15.490324 -17.027418 13.064357 
14.953412 -18.582304 13.695965 
14.800454 -20.329439 13.207907 
14.186305 -22.425217 13.417826 
15.501509 -23.112481 14.269747 
16.558166 -22.088071 15.026086 
17.513559 -22.489661 14.052942 
17.188162 -21.590284 12.718468 
16.213373 -21.867356 12.719604 
15.256148 -21.982859 13.125253 
15.034839 -23.802437 12.947000 
15.415168 -24.326638 12.657901 
16.411419 -24.683610 12.314723 
17.148561 -24.959108 13.040060 
16.178073 -25.284465 13.404412 
16.986716 -25.682108 13.813542 
17.192355 -26.848112 13.258202 
14.441636 -24.914055 11.470917 
14.827312 -20.992327 10.171562 
15.769610 -22.805452 9.333976 
15.107741 -22.445219 11.000711 
14.911073 -23.628196 11.295850 
13.596434 -23.641379 12.437216 
12.506365 -23.963388 13.509314 
12.391177 -24.009164 14.941188 
11.772436 -25.210232 15.428039 
11.281103 -26.028949 15.852690 
11.077932 -26.476926 16.574818 
10.435041 -27.593060 15.775625 
10.479609 -28.294817 16.592314 
9.609921 -28.880676 16.568302 
8.766362 -28.647970 17.147470 
9.175342 -28.819788 18.158291 
8.552444 -27.960055 18.526348 
9.069764 -26.880215 17.801500 
9.300995 -26.956153 18.611647 
10.005252 -26.110491 18.506021 
10.193936 -26.991701 17.350330 
10.789334 -27.600224 17.553847 
11.736539 -27.007849 17.694788 
11.943297 -27.609013 18.509464 
11.860176 -28.510390 18.063374 
10.380575 -29.763298 16.772510 
9.170183 -29.717875 15.465322 
9.101396 -29.382686 14.511682 
9.209540 -28.428039 14.863949 
9.646482 -28.002948 14.086188 
10.340478 -28.303922 14.989463 
10.844485 -27.360249 13.611708 
11.712679 -27.553019 13.859275 
11.239614 -28.131094 12.132775 
12.988653 -26.775812 13.420666 
15.322665 -27.737369 12.210795 
13.865867 -26.548200 11.108529 
13.364825 -26.028179 10.415900 
13.334258 -25.192808 9.668743 
13.230421 -24.633866 8.857388 
14.269720 -24.366212 8.606490 
14.613577 -25.433209 8.817307 
14.177354 -26.001337 9.504921 
15.118542 -26.216533 9.815228 
14.839028 -26.499604 8.809209 
15.346621 -25.855392 8.321307 
15.297268 -26.797202 8.021583 
14.516448 -26.617468 7.186931 
15.379364 -26.145108 7.056619 
15.962762 -26.103647 6.287236 
16.179207 -27.060252 5.993898 
15.578042 -26.650228 5.235939 
14.752314 -27.158531 4.912250 
14.599183 -26.983474 3.910123 
15.346885 -26.299970 3.863938 
15.818449 -25.321995 4.808315 
16.300531 -25.399852 6.914575 
17.143342 -25.519427 7.265088 
17.918863 -25.408854 6.486978 
18.754842 -25.676643 7.040483 
17.615024 -24.371623 8.825776 
15.314057 -23.826247 9.462866 
15.612937 -23.649559 10.457651 
16.308546 -24.103052 10.861570 
16.019514 -26.660293 8.400867 
