-26.906416 -12.290451 -20.627545 
-26.145083 -11.600254 -20.684443 
-25.479117 -11.664494 -19.826509 
-25.810400 -11.018098 -19.047301 
-25.290594 -10.399299 -18.415467 
-24.574954 -9.835042 -17.929448 
-24.534767 -10.096070 -18.968829 
-23.723994 -10.169084 -19.473382 
-24.134666 -9.335240 -20.004451 
-24.342530 -8.411062 -19.927198 
-24.364195 -7.662396 -19.074732 
-24.618721 -6.580301 -19.160855 
-25.499133 -6.863025 -19.095530 
-25.213954 -6.380413 -18.229276 
-25.222978 -7.480698 -18.489549 
-25.529556 -7.691696 -17.531545 
-26.420819 -7.928395 -18.114098 
-25.572770 -8.326772 -18.581494 
-24.646391 -8.623631 -18.617421 
-24.269040 -8.107236 -17.899216 
-24.847392 -8.739956 -17.396326 
-25.692567 -9.357570 -17.032795 
-25.973402 -9.131981 -16.105709 
-26.667560 -9.771327 -15.675842 
-26.793570 -9.894689 -16.800875 
-27.342500 -10.254507 -17.556153 
-27.903083 -9.732390 -16.785651 
-27.863264 -10.387176 -15.925674 
-26.922139 -10.820485 -16.089769 
-26.491435 -11.695440 -16.235632 
-26.812353 -12.193200 -17.042257 
-25.891729 -12.385911 -16.659281 
-26.432439 -12.556517 -15.788132 
-27.314308 -12.897172 -16.431824 
-27.831949 -12.338434 -15.834297 
-27.656638 -11.771988 -15.081546 
-28.012713 -12.676665 -14.985915 
-28.689936 -12.838006 -15.729697 
-28.119378 -13.644718 -15.448702 
-27.346006 -14.404275 -15.774478 
-27.050833 -13.587746 -15.216544 
-26.256594 -13.503594 -14.601054 
-26.956395 -12.574213 -14.500307 
-26.117045 -12.278852 -13.874210 
-25.126345 -12.685042 -13.561861 
-24.427760 -11.890650 -13.528898 
-24.901213 -11.036906 -13.780514 
-24.313289 -10.195872 -14.012192 
-23.691843 -10.134868 -13.071507 
-23.267857 -10.261368 -14.009481 
-23.223582 -9.416165 -14.554644 
-23.998692 -9.011480 -14.073575 
-23.366630 -8.268315 -13.572981 
-22.665672 -8.557451 -14.187802 
-22.736912 -7.697062 -14.709856 
-22.765939 -8.652416 -15.225309 
-22.084473 -8.844909 -15.995500 
-22.087138 -9.747237 -15.337163 
-22.185756 -10.753255 -15.441709 
-22.196644 -10.295601 -16.319646 
-21.470718 -10.030437 -16.898134 
-21.501179 -9.280772 -17.542325 
-22.577127 -9.381463 -17.199447 
-22.366910 -8.285357 -16.924810 
-22.628964 -8.351461 -17.973383 
-23.431308 -8.626021 -18.376494 
-23.796182 -9.265437 -18.827885 
-23.521219 -8.544213 -19.479724 
-22.729071 -9.161057 -19.620426 
-22.965034 -9.237593 -20.639908 
-22.343161 -9.520598 -21.493451 
-22.933346 -10.323043 -21.475399 
-22.562750 -10.360284 -20.609144 
-21.741175 -10.622349 -21.063123 
-20.916605 -8.325116 -19.443464 
-23.166332 -7.557182 -21.321288 
-23.332726 -6.505005 -21.608978 
-23.827867 -5.704428 -21.268113 
-22.939079 -5.797856 -20.719209 
-23.199208 -6.433542 -19.971525 
-22.181443 -6.347699 -19.840153 
-22.515696 -7.330101 -19.458489 
-22.242237 -8.195718 -19.031223 
-21.302388 -8.874050 -18.380448 
-20.120222 -9.369551 -18.131500 
-19.528792 -9.469698 -19.071908 
-19.579200 -10.326877 -18.626899 
-18.934119 -9.881317 -17.912236 
-17.919318 -10.219768 -18.784757 
-17.218489 -9.280031 -22.584992 
-17.720229 -9.209970 -24.731945 
-18.604848 -10.338992 -26.782693 
-19.455702 -9.852189 -26.441638 
-19.004608 -9.304350 -25.742280 
-18.319139 -8.788318 -26.364311 
-17.556425 -8.808364 -27.076181 
-18.264418 -9.494172 -27.442387 
-19.149719 -9.061781 -27.622974 
-20.183112 -8.879760 -27.699100 
-22.078216 -12.610381 -22.032745 
-24.898108 -11.328737 -16.801654 
-23.489480 -11.205201 -15.250585 
-22.765014 -12.117329 -10.571885 
-22.934927 -11.774437 -7.473296 
-22.426661 -11.463660 -6.614193 
-21.935383 -12.132495 -5.871666 
-22.969262 -12.134131 -6.081354 
-25.224415 -11.596782 -4.846796 
-23.802041 -10.077424 -2.874792 
-23.126548 -9.145439 -3.694468 
-22.396984 -9.198842 -3.188444 
-22.163410 -8.964970 -2.288867 
-21.936692 -8.209483 -1.681581 
-20.761630 -8.061705 -1.969526 
-20.446738 -8.961899 -3.456893 
-21.042965 -8.310140 -3.876170 
-22.161086 -9.230691 -4.855094 
-23.099197 -10.443375 -5.795291 
-23.974429 -10.054959 -5.013327 
-23.971323 -8.167983 -4.359787 
-23.001331 -8.019633 -2.746559 
-23.468321 -8.477620 -2.000886 
-24.032531 -7.923917 -1.305273 
-24.472495 -7.795653 -0.336220 
-25.432433 -8.052260 0.197018 
-25.321919 -6.985630 0.347845 
-25.104275 -6.799959 1.403950 
-24.178634 -6.465570 1.919583 
-23.669255 -7.450202 1.740751 
-22.044369 -8.300152 2.187910 
-19.797459 -7.385348 0.425820 
-20.774430 -6.593458 4.442119 
-22.250462 -7.098337 4.389690 
-23.668006 -8.566407 3.486616 
-25.112433 -9.318574 1.975100 
-24.267039 -11.174573 1.399047 
-24.406243 -10.702745 -0.391861 
-22.964887 -10.591904 -1.443519 
-21.587524 -10.352530 -1.888477 
-21.390995 -11.331360 -2.075052 
-20.195719 -10.360877 -1.437475 
-19.508371 -10.466226 -2.200692 
-19.025345 -10.434478 -1.287698 
-18.842591 -10.318068 -0.251566 
-19.514003 -10.683738 0.261244 
-20.248186 -10.501360 -0.456239 
-20.644008 -9.677061 -0.823173 
-21.605198 -9.567983 -1.081560 
-22.248972 -9.812682 0.426165 
-22.180240 -8.949423 -0.295459 
-22.537057 -8.732131 0.794345 
-22.415944 -10.720827 1.706078 
-21.590451 -11.347345 2.097432 
-21.475042 -10.723836 1.297509 
-21.628383 -11.130999 0.299248 
-20.308581 -11.396435 0.519146 
-20.376800 -12.382328 -0.237517 
-21.305784 -12.086343 -0.070231 
-22.250993 -12.533305 -0.478859 
-21.717075 -12.231521 -1.295423 
-21.047258 -13.077693 -1.416657 
-20.348727 -13.422553 -1.804167 
-21.442770 -12.033355 -2.968505 
-22.522319 -12.212201 -3.310039 
-20.557638 -10.842500 -8.339786 
-16.858181 -11.541493 -12.493398 
-15.270695 -12.140884 -14.977297 
-14.702581 -11.232472 -14.903639 
-15.217292 -10.530341 -15.475751 
-15.798934 -9.957377 -14.931777 
-15.290468 -8.989285 -15.281468 
-15.438968 -8.157842 -14.652019 
-16.491132 -8.285203 -14.493524 
-15.705252 -9.201674 -14.191314 
-14.636434 -9.433478 -14.133772 
-14.775397 -9.809090 -13.123363 
-14.950180 -9.734473 -12.033359 
-15.331306 -8.819858 -11.748535 
-16.181217 -8.698822 -12.326679 
-16.304525 -9.485729 -11.606594 
-16.144187 -10.279483 -10.964581 
-15.973915 -10.514512 -11.973419 
-16.064892 -11.541585 -11.651259 
-16.682330 -12.132847 -10.936653 
-17.392584 -12.584681 -10.503940 
-15.805860 -14.739669 -10.016240 
-16.033021 -15.219862 -11.308253 
-15.623553 -13.600311 -11.567946 
-15.393499 -13.186729 -10.681935 
-14.593720 -12.538639 -10.624030 
-14.859249 -11.164145 -11.693241 
-13.833495 -10.598544 -13.422146 
-12.875641 -10.457724 -13.711027 
-13.077274 -9.823591 -14.445755 
-14.332652 -8.592785 -12.004101 
