10.456762 -7.812201 -1.927695 
11.350638 -7.104496 -2.065182 
11.872852 -7.698362 -2.735966 
12.407402 -8.450730 -3.422379 
13.193560 -8.572287 -4.131141 
13.583400 -8.939693 -3.300415 
14.580004 -9.259286 -3.151996 
14.455959 -9.404267 -4.215502 
13.495958 -9.932300 -4.056680 
13.660848 -10.671888 -4.817442 
14.098598 -10.312493 -5.819170 
13.665347 -11.249855 -5.924180 
14.031588 -11.675862 -5.002508 
15.024848 -11.509305 -4.666216 
14.672152 -10.566074 -4.929602 
15.172864 -10.275704 -4.030503 
15.605701 -10.928683 -3.400726 
15.854079 -10.978175 -4.381704 
16.585921 -10.634040 -3.629192 
17.391350 -10.803352 -4.321303 
17.550991 -10.400798 -3.319489 
18.482021 -10.144951 -3.573862 
18.848599 -9.867745 -2.701249 
19.519286 -9.876731 -1.960722 
20.161969 -10.506831 -1.629935 
20.844718 -9.906784 -1.158471 
21.671979 -9.836685 -1.807948 
22.276578 -9.444118 -2.517075 
22.501569 -9.060501 -3.426004 
21.677121 -8.886015 -4.150721 
21.797598 -8.344492 -5.157110 
20.855726 -8.555361 -5.383774 
21.265816 -8.078418 -6.131345 
21.105758 -7.044301 -6.552869 
20.021850 -6.820911 -6.740955 
19.523546 -6.825467 -7.680378 
18.775132 -7.503716 -7.677904 
18.336872 -7.309050 -6.912592 
19.007057 -7.736754 -6.287431 
20.046429 -7.790343 -6.029613 
19.474194 -7.810875 -5.191007 
19.084464 -7.276295 -4.384449 
19.395633 -6.321574 -4.228650 
19.765586 -6.805992 -3.394818 
19.519753 -6.949644 -2.457484 
18.620532 -6.490919 -2.588862 
17.617885 -6.802897 -2.970331 
18.072013 -6.232030 -3.810242 
17.136203 -5.709971 -3.647649 
16.729790 -6.162248 -2.690797 
16.361217 -5.215834 -2.322739 
16.382871 -4.992485 -3.322883 
15.849517 -5.948415 -3.299919 
15.577046 -6.642498 -2.501063 
15.432780 -5.543482 -2.416251 
15.025675 -4.676101 -2.451651 
14.993381 -4.942301 -3.568095 
14.661394 -5.825182 -4.084566 
15.008912 -6.393168 -4.779504 
16.051002 -6.554229 -5.001865 
16.228336 -7.235654 -4.253411 
16.601773 -7.713393 -3.426334 
16.461063 -8.275333 -4.262186 
17.060040 -7.684944 -4.763307 
16.903658 -8.478648 -5.421384 
17.734539 -8.696354 -4.919825 
18.512908 -8.273578 -5.373698 
18.352406 -8.022356 -4.344072 
17.515246 -7.393026 -4.039049 
18.165923 -6.871066 -4.804435 
17.394279 -6.789467 -5.506252 
17.618446 -5.744913 -5.243386 
18.070088 -5.012555 -4.611205 
19.077588 -4.511225 -4.678125 
17.858503 -5.023033 -5.825859 
17.807769 -7.170850 -7.714027 
17.127843 -6.501802 -7.122442 
16.783663 -6.179883 -6.206495 
17.832250 -6.090547 -6.192895 
18.697283 -6.313861 -5.770310 
18.977110 -6.290830 -6.705663 
19.763067 -5.636639 -6.403893 
19.320942 -4.939204 -5.805676 
19.522655 -3.648333 -6.443549 
19.437244 -3.387628 -5.433179 
20.023898 -3.870520 -4.873473 
20.630781 -4.700169 -4.833290 
20.746043 -5.160149 -5.712307 
21.280045 -6.960822 -4.141576 
23.242134 -5.818331 -2.342460 
23.410532 -5.019272 -4.842787 
24.395398 -4.088652 -4.457120 
24.449749 -4.351783 -3.413683 
23.421239 -4.427307 -3.603601 
22.833656 -4.495466 -4.401388 
21.769490 -4.196207 -4.337239 
21.982879 -4.236558 -3.242939 
22.177969 -4.789444 -2.325988 
21.579362 -4.078505 -1.950973 
19.804994 -3.065924 -2.504873 
21.795189 -2.741318 1.172954 
22.854369 -2.923720 1.365409 
25.375940 -2.886380 -2.236436 
29.153628 -2.577552 -4.009207 
28.870999 -3.416660 -4.402477 
28.343524 -3.734604 -5.186500 
28.810105 -2.726481 -5.241900 
26.094852 -1.926196 -4.137614 
23.978834 -0.172394 -2.269387 
22.975145 -1.029945 -1.624718 
21.928649 -1.579436 -0.787969 
21.028078 -1.643724 -0.469846 
20.174579 -1.146642 0.054837 
19.462765 -1.432318 -2.463886 
18.360959 -1.649428 -4.729528 
17.291053 -1.680741 -3.739939 
17.977310 -0.692332 -1.947234 
18.778254 -0.315982 -2.033447 
19.656676 0.074625 -2.167474 
19.863644 2.392092 -2.141067 
18.967070 3.745365 -2.338314 
18.680474 4.686549 -2.436174 
18.050050 4.055731 -1.702825 
17.505065 3.645887 -2.369299 
17.303765 3.029844 -1.592494 
16.251189 3.335697 -1.507872 
15.420231 2.771896 -1.439761 
14.576660 2.640984 -0.785239 
14.862443 3.594569 -0.480600 
15.140573 4.526039 -0.872302 
15.665755 3.983593 1.063648 
15.655812 1.510307 0.544471 
16.965230 2.147962 0.902245 
18.442227 3.213245 0.747378 
18.384552 4.580734 0.703897 
18.135564 3.585809 -0.820926 
18.825199 1.699658 -2.345406 
17.981105 0.901057 -0.720835 
18.055889 1.250360 0.688297 
18.956358 0.620180 0.799925 
19.253829 0.442105 -0.269102 
18.024131 -0.467897 -0.396999 
18.885991 -0.171177 0.135670 
18.112106 -0.485007 0.617508 
18.153250 -1.481200 0.035805 
19.120462 -1.452516 0.611412 
18.424803 -2.033404 1.213814 
17.297999 -0.820560 1.903719 
18.100433 -0.310688 1.810914 
18.437097 0.556595 2.117922 
20.440522 0.000068 1.365668 
20.720236 -0.041471 0.421628 
20.458896 0.042261 -0.506580 
21.244723 0.089885 -1.142699 
21.979867 -0.654478 -1.418679 
22.066806 0.421779 -2.289518 
22.809347 0.880859 -1.607316 
23.727119 0.568252 -1.182434 
23.116111 -0.303717 -0.615222 
22.657544 -0.942649 0.092515 
22.286325 -1.198061 1.127945 
23.046235 -0.079427 1.066319 
24.518877 0.801162 0.173276 
25.631977 1.161592 0.579338 
22.877971 1.853744 -1.146966 
22.029217 -0.940649 -3.101366 
20.724664 -0.666050 -2.179642 
21.220710 0.220755 -2.693496 
20.366218 -0.091101 -3.114086 
20.079278 -0.705796 -3.802893 
19.805413 -0.520235 -4.729003 
19.499154 0.592400 -4.547175 
18.080098 0.576342 -4.265389 
17.672526 -0.094519 -3.449921 
17.372522 -0.739646 -2.634456 
16.389641 -0.549756 -2.357080 
17.068837 0.278369 -2.668335 
16.533550 0.433227 -1.747923 
15.976792 -0.203914 -1.112436 
15.431427 0.137037 -0.304945 
14.881893 0.274051 -1.147789 
15.360297 0.949142 -1.755527 
15.938425 0.439728 -2.565071 
16.305134 1.394905 -2.376039 
15.356025 1.783631 -2.463882 
14.050448 2.665202 -2.268231 
13.548540 2.016877 -0.228625 
13.897073 1.853915 -1.806915 
13.416410 2.318702 -3.827058 
13.363365 1.480406 -4.439222 
15.573961 2.318628 -5.792056 
17.268291 1.308192 -6.013650 
16.928949 1.185701 -6.902008 
17.786294 0.533166 -6.657499 
21.035534 1.372701 -7.348381 
