6.070594 17.619467 8.934685 
6.066594 16.438396 9.146074 
5.579351 15.583261 8.736426 
6.423127 15.421593 9.367358 
6.768048 15.334274 8.330488 
7.387166 16.157170 8.117928 
7.331261 16.871122 8.895903 
7.809683 17.152124 7.963385 
8.448700 16.415081 7.657000 
8.915141 16.262438 8.552094 
9.800648 16.494383 8.229277 
9.589417 15.612747 7.955360 
10.221069 14.808436 7.911973 
10.650638 15.508103 7.271908 
9.829337 16.174205 7.183718 
9.515472 17.064226 6.859357 
9.016042 17.745163 6.113622 
8.803037 17.358231 5.217782 
8.624623 16.830626 4.287351 
7.692141 16.799026 3.792455 
6.702960 16.416281 3.652241 
6.855699 15.767770 2.866087 
5.975097 15.832367 3.534002 
5.905235 16.641519 2.986175 
5.631068 15.979181 2.363622 
4.881805 16.292919 1.849752 
4.692300 15.354646 2.387540 
3.929007 14.817788 2.612853 
3.986380 14.615439 3.614262 
4.502145 15.609627 3.769174 
4.688935 15.784232 4.666939 
5.265847 16.669871 4.420542 
4.175787 16.824362 4.523602 
4.804093 17.690690 4.313145 
5.747165 17.393149 3.984887 
6.266456 18.292992 4.083441 
6.586853 19.279152 4.219486 
6.753337 19.924999 3.436274 
6.598540 19.940685 2.351745 
5.820768 20.653490 2.125435 
5.370443 21.516988 1.782933 
4.583899 22.091641 1.571398 
5.033990 22.698184 1.023534 
4.399429 23.367397 0.501023 
3.662067 23.679361 -0.011868 
2.749971 23.920967 -0.338766 
1.721927 23.926162 -0.079743 
2.322017 24.635098 0.543618 
1.428141 24.852650 0.964310 
1.566669 25.728406 0.533651 
0.807364 25.463252 -0.135159 
-0.051642 25.878600 -0.680221 
-0.688194 26.376993 -0.179370 
-1.483141 25.811892 -0.059294 
-0.989664 25.140826 0.485746 
-0.901381 24.585823 -0.306782 
-1.760842 24.467579 0.260937 
-2.645885 24.787159 0.680931 
-2.327028 25.758767 0.759550 
-1.589513 25.427444 1.370943 
-0.809354 24.883178 1.800051 
-0.471245 25.847996 2.166888 
-0.966589 26.192274 2.951137 
-0.530670 26.463347 3.778435 
-0.626586 27.412963 3.284186 
-1.056725 27.903806 4.033652 
-0.072583 28.044367 3.831452 
0.128149 27.400529 4.585178 
0.927795 27.438612 4.020771 
1.263162 26.497952 3.993658 
2.238559 26.301077 4.445406 
1.799827 25.334557 4.337527 
2.478727 25.529514 3.624211 
3.413186 25.943236 3.695924 
3.888837 24.894765 5.438041 
2.602571 22.488872 4.174635 
2.185954 23.207570 3.560455 
2.338401 22.977158 2.518331 
2.397254 22.636208 1.561477 
1.909033 21.656929 1.232820 
1.495699 21.802187 0.405591 
2.297715 22.250136 -0.112151 
3.038051 22.442599 0.581611 
2.659791 23.402103 1.148169 
2.113598 24.266158 1.502961 
1.923639 25.295315 1.890000 
2.292592 26.179280 2.448330 
2.765479 27.027587 2.049736 
4.160501 29.216380 2.464111 
4.081554 32.177917 3.500987 
5.610719 33.174639 4.681054 
5.534423 32.652781 3.553458 
5.298753 33.584290 3.484068 
4.345531 33.688461 3.205705 
3.755736 34.265920 3.800256 
3.185882 33.393541 4.073641 
2.191510 33.224227 3.693309 
2.449320 34.106599 2.971175 
1.928850 34.333683 3.742929 
0.174062 32.046047 4.784618 
1.293215 32.712136 2.576158 
2.417621 31.329680 2.459337 
2.553543 31.820539 5.480915 
1.973801 29.837251 5.406085 
1.684040 29.061159 5.988874 
0.772526 28.651309 6.089717 
1.587174 28.206476 6.672727 
4.538514 26.114329 8.458248 
4.251244 26.988367 7.725689 
3.832403 26.717379 6.870919 
4.274878 27.620049 6.705321 
3.978946 28.117902 5.789948 
3.045242 28.213658 5.812034 
1.766322 27.695761 5.489880 
0.081663 29.467925 4.603932 
2.076153 28.509858 4.367340 
1.787226 27.932601 2.822802 
1.073537 28.939091 2.483921 
1.619188 29.513165 1.985199 
3.132810 29.641030 2.777519 
5.387710 30.190529 4.486089 
5.001953 29.538142 5.290169 
4.859507 29.053605 6.120121 
3.843381 29.355979 6.092252 
2.848749 29.414911 5.931210 
2.954184 29.230573 6.843232 
3.444938 29.233456 7.782125 
4.120390 29.550732 8.411444 
4.672101 28.744244 8.705918 
5.832906 28.547317 9.366233 
6.484835 25.646929 9.774150 
6.626342 20.074268 13.527698 
7.712350 19.283892 13.010754 
9.618783 19.287923 13.838763 
11.289564 19.753886 13.721635 
12.344195 20.895249 14.405498 
12.050152 21.084979 15.887239 
11.315481 19.609030 16.782426 
10.866291 18.701726 16.837634 
11.689923 18.087176 16.526701 
13.457502 17.575304 16.807266 
15.066583 16.966498 17.709223 
15.347530 17.846829 17.185263 
16.132239 17.535116 16.688750 
16.855175 16.869064 16.974951 
16.313290 16.323921 16.079561 
16.324651 17.177702 15.571411 
17.139837 16.406867 15.660127 
18.125371 16.153860 16.589564 
17.369706 16.136808 17.319628 
18.645055 14.714413 18.631447 
19.287246 13.636004 20.439631 
18.929322 12.940651 21.119983 
18.415862 13.611067 21.816821 
19.419466 13.767230 21.676397 
19.463292 14.745670 22.068953 
18.578398 14.700597 21.087583 
18.230207 15.619411 20.670868 
17.441383 15.052493 21.138414 
17.211945 16.033306 21.369664 
16.871166 15.892518 20.449413 
17.181816 15.716985 19.218000 
16.812387 14.831951 18.320291 
18.222929 13.659957 18.244258 
19.924278 12.093726 16.066112 
22.894961 10.121282 15.101337 
23.623715 10.729512 15.227749 
24.124970 10.776836 14.287264 
23.414221 10.896326 13.550291 
22.868691 10.284443 12.981847 
22.895318 10.338616 11.974670 
22.578690 9.827857 11.260773 
22.242532 8.988283 9.991081 
22.017809 9.514399 9.128869 
21.401379 10.304029 9.105974 
21.715667 10.280288 8.122358 
20.796390 10.632918 8.248165 
21.270625 11.486078 7.862457 
21.298873 12.625412 7.559070 
21.391662 13.656066 7.183769 
20.954574 14.467461 7.723565 
21.249510 15.370506 7.558533 
20.208507 15.246144 7.485836 
19.252201 15.347835 7.123434 
19.569639 16.328193 6.706968 
19.672750 15.668050 6.067531 
17.796086 16.518729 6.151022 
16.802862 16.851752 5.229776 
15.644784 17.663468 4.564824 
16.075719 18.389049 5.175867 
13.769153 17.230297 6.375425 
10.528516 17.782541 6.737080 
10.901748 18.354342 6.031273 
11.945061 18.512121 6.187267 
12.805395 18.888924 6.885373 
