24.089757 -9.125222 16.624277 
23.170440 -9.594266 16.371842 
23.909147 -9.998373 15.597852 
23.505199 -10.913869 15.224435 
23.499585 -11.404817 14.215773 
24.125214 -12.293529 14.699547 
24.482591 -12.673520 13.847409 
25.543833 -12.231912 13.949956 
25.102482 -12.699577 14.821561 
24.258456 -13.401031 14.736881 
23.723691 -13.536878 13.902309 
23.470976 -14.392733 13.806172 
23.589921 -14.522145 14.908485 
23.093546 -13.666880 14.991084 
22.064342 -13.599433 15.174609 
21.110156 -13.644834 15.707711 
21.091154 -14.264466 14.903923 
21.469417 -15.034044 14.436809 
21.226600 -14.357173 13.724572 
21.972413 -13.844082 13.948180 
21.015945 -13.435136 14.252850 
21.074964 -13.102012 13.211371 
20.348762 -12.598084 13.915795 
20.267477 -12.381397 15.086266 
21.161916 -12.397982 15.320773 
21.689432 -12.183846 14.521305 
22.422344 -12.910378 14.139932 
22.758206 -13.179886 13.085806 
23.501700 -12.528315 13.427403 
22.464582 -12.228657 12.958946 
21.820954 -11.691456 13.489721 
20.793595 -11.706469 13.749470 
20.968591 -11.201161 14.612994 
21.133268 -11.364883 15.607667 
20.286796 -11.447925 16.240955 
19.700834 -12.132443 16.770827 
18.647384 -11.969502 16.697732 
19.014780 -11.955053 17.779237 
18.776679 -11.839921 18.722825 
19.109267 -10.987088 19.066986 
18.367451 -10.211342 19.121296 
19.044162 -9.985141 19.917263 
19.289925 -10.901733 19.981021 
19.285643 -10.940675 20.906422 
20.191997 -11.031552 20.582776 
20.232079 -10.027548 20.190069 
21.243779 -10.093609 20.338104 
20.706697 -9.537140 21.030691 
21.230633 -10.358397 21.633480 
21.975412 -9.698053 21.490994 
22.083395 -10.117637 22.396585 
22.350653 -10.966421 21.911428 
22.363842 -10.524543 20.943253 
23.164809 -10.252010 20.434439 
23.025655 -9.854207 21.379910 
23.841850 -9.207957 20.943777 
24.459263 -9.826005 20.485925 
24.633352 -8.791732 20.285596 
24.497837 -8.213151 21.011838 
23.747563 -7.753278 21.596839 
23.869434 -6.703116 21.467742 
23.236920 -6.697910 20.696113 
23.694488 -5.859432 20.292407 
24.330652 -5.910112 19.582184 
24.746016 -5.288075 20.360927 
25.568804 -5.355056 19.717392 
25.821199 -6.136012 19.128836 
25.624731 -5.266434 18.494240 
26.188952 -4.667040 19.167188 
25.922511 -4.165887 18.351558 
26.211021 -4.507664 17.426661 
27.062079 -4.382264 17.930866 
27.023155 -5.425168 18.008535 
27.552785 -6.281497 17.720189 
26.478478 -8.641831 17.204874 
24.539659 -10.376404 14.817579 
25.024698 -9.572380 14.192246 
24.827813 -9.711771 13.068619 
25.540227 -10.069200 12.657851 
25.041160 -9.303450 12.131440 
25.512780 -8.995979 11.234714 
25.874724 -9.907469 11.620026 
26.028409 -9.972452 10.707313 
26.271457 -10.933062 11.206654 
25.599119 -10.974242 11.949689 
24.649089 -10.703983 11.621871 
24.314004 -9.858059 11.109203 
23.970344 -9.839909 10.184702 
25.134615 -9.670459 9.225223 
26.588154 -7.492466 8.478603 
24.650699 -8.194107 7.823963 
25.178369 -9.076248 6.660657 
24.464480 -9.825923 6.396607 
25.285182 -10.206765 6.893637 
25.178163 -10.202443 7.868125 
25.885140 -10.975019 8.157345 
26.320968 -10.572537 7.325161 
26.692104 -9.940964 6.722247 
26.911365 -9.846425 7.804533 
27.313972 -8.229362 8.370169 
26.261864 -6.953317 6.039713 
27.956385 -7.802793 7.062301 
30.398935 -8.136773 6.761584 
30.879659 -6.778348 6.045424 
30.771441 -7.219555 5.227193 
31.333264 -7.705548 4.514123 
31.364483 -7.494014 3.436675 
30.040946 -10.104993 1.685413 
26.304804 -11.230739 -0.021850 
26.400289 -11.818817 1.003210 
26.788481 -12.657373 1.452120 
26.410846 -13.249975 2.285988 
26.242526 -12.488734 3.060979 
26.990094 -11.849650 4.974425 
28.054284 -10.121428 6.110737 
27.031011 -9.434320 4.805499 
27.920329 -7.916867 5.612157 
28.386902 -6.762461 5.378124 
28.466148 -5.639131 5.550410 
30.016897 -6.070246 6.178168 
29.297779 -6.723833 7.914006 
30.169567 -7.047904 8.330960 
29.841315 -8.174555 8.449687 
30.470788 -8.592246 9.155751 
30.304093 -7.648067 9.324842 
30.996388 -7.409883 8.667109 
30.937211 -6.885112 9.445878 
31.211879 -6.402147 10.299306 
31.018409 -5.964770 11.184309 
31.109391 -4.879735 12.777019 
29.702968 -7.397436 13.849180 
26.927826 -7.193543 13.735520 
26.121969 -4.649398 13.135654 
27.191070 -5.652569 14.246638 
25.812100 -5.673993 15.227084 
25.511340 -4.895346 15.056270 
26.717478 -4.809822 14.775901 
27.835560 -4.695980 14.932517 
29.410383 -5.409253 15.721466 
29.360888 -4.682300 16.324233 
28.946310 -6.192745 16.399967 
27.501639 -7.235834 15.437994 
26.685374 -7.636168 15.728869 
25.810693 -7.075109 15.802057 
25.963833 -7.589205 14.782002 
25.680686 -8.271471 14.064106 
25.449718 -8.349895 13.031412 
26.730139 -8.740001 11.747976 
27.859162 -9.275987 12.038217 
28.821190 -8.715008 12.221839 
27.940931 -7.611293 11.905389 
26.638378 -7.135357 11.346772 
26.087422 -7.389736 12.184610 
25.506855 -7.630534 11.243012 
24.740514 -8.161554 11.763998 
25.074399 -8.481797 10.381277 
24.802365 -7.793335 9.532646 
24.590192 -6.724900 9.671753 
24.708379 -7.281212 10.526713 
24.690089 -6.587555 11.306063 
23.792987 -6.972347 11.219209 
23.148185 -8.318469 11.167437 
22.272128 -9.035622 11.791664 
21.731745 -9.834124 11.289544 
20.926206 -10.008565 10.044909 
22.361850 -10.646038 6.944966 
22.798327 -9.776196 8.868311 
23.223564 -9.060840 9.349630 
23.192790 -8.056673 9.055709 
23.413857 -7.198379 8.409392 
23.206717 -6.442715 7.767057 
23.598978 -7.264791 7.128801 
24.677056 -7.523279 7.477101 
25.486909 -6.910307 7.697531 
25.664001 -6.330697 8.548935 
26.399686 -5.697438 9.124942 
25.917932 -4.806661 9.585410 
25.856082 -4.241955 10.538827 
25.937470 -4.170088 11.600067 
25.068878 -4.639892 11.431450 
25.732229 -5.408740 11.070525 
25.666893 -5.966037 11.962025 
25.540270 -6.779239 12.495254 
24.787706 -6.007585 12.923301 
23.999685 -6.641655 13.115067 
23.848876 -8.381130 12.850259 
22.341024 -9.538554 12.770320 
21.799092 -10.497837 12.941152 
20.887249 -10.706989 13.215507 
21.352167 -9.834573 12.987300 
21.095539 -6.843280 12.058247 
22.561681 -5.788579 8.655968 
23.240788 -5.500044 7.885466 
23.950366 -5.023256 7.367550 
22.109513 -7.147971 8.614623 
