26.351756 -16.179503 3.442353 
26.228739 -15.443904 2.786226 
25.956070 -14.459703 2.521315 
26.391134 -14.501234 3.493575 
27.375646 -14.702728 3.705963 
27.970201 -15.674657 3.598261 
28.811292 -16.101061 4.114682 
29.535725 -16.661992 4.313473 
30.066721 -17.269521 3.661834 
29.257993 -17.933483 3.596504 
28.240162 -18.272426 3.400826 
28.253152 -18.962629 2.681257 
27.514096 -19.608599 2.589101 
26.792160 -19.694284 3.329026 
27.366594 -19.654633 4.060696 
27.308514 -18.732532 4.783267 
26.602117 -19.366566 5.078671 
26.411810 -19.892278 5.995476 
25.643273 -20.177781 5.362369 
25.176823 -20.350194 6.341664 
24.375161 -20.322832 5.622796 
23.409115 -20.214915 5.397953 
23.692117 -20.716653 4.641100 
23.455754 -21.634199 4.911617 
22.825057 -22.250285 5.676476 
22.593631 -21.289163 5.249298 
22.116886 -22.029190 4.623196 
22.786268 -21.370540 4.190517 
22.095377 -21.521707 3.317965 
21.738176 -21.210952 4.170465 
20.776079 -21.772872 4.382239 
20.839270 -20.766578 4.773169 
20.589470 -19.775658 4.451228 
19.789299 -19.803560 3.930111 
20.502310 -20.252832 3.439747 
19.787214 -20.936954 3.671765 
19.684215 -22.053405 3.860453 
18.855430 -21.722305 3.488824 
18.449741 -21.233891 4.205682 
18.526612 -20.657667 3.255425 
18.208259 -21.501871 2.750884 
18.934573 -21.822202 2.004924 
19.530017 -20.985581 2.447685 
19.977672 -21.989155 2.264686 
20.343298 -21.689439 3.221457 
20.960036 -21.651675 2.464945 
21.280243 -20.735930 2.759635 
21.578850 -19.941255 3.249376 
22.446934 -19.398260 3.521741 
22.267597 -18.845246 2.673405 
22.060617 -19.627140 2.038064 
22.843269 -20.217103 1.884188 
22.263416 -20.135314 0.998811 
22.792378 -19.828484 0.204992 
23.329397 -19.540029 0.998849 
24.130009 -18.899605 1.219230 
24.172218 -18.666224 0.250648 
24.350687 -18.610831 -0.828957 
25.189901 -18.643948 -1.404668 
24.772427 -19.298478 -2.110812 
24.126841 -19.255540 -2.896289 
23.187048 -19.201608 -2.539483 
23.117208 -18.772620 -1.670633 
22.309325 -18.851601 -0.932058 
23.188079 -19.443406 -0.699374 
23.551918 -20.309639 -0.960214 
23.488888 -20.879257 -1.857310 
24.169170 -21.546060 -2.176730 
24.160454 -20.856348 -2.773586 
23.548170 -20.068974 -2.755827 
23.693003 -19.666976 -1.710362 
22.696428 -20.234756 -1.822972 
22.059495 -20.037954 -0.976198 
21.523568 -19.544527 -1.687651 
22.349868 -16.830401 0.269660 
22.791392 -16.640179 1.580335 
22.750660 -16.320135 2.629561 
21.997403 -16.073149 3.484728 
21.264358 -16.518946 4.131258 
20.982373 -16.676365 3.217974 
21.114512 -17.182421 2.315652 
21.654180 -16.287622 2.614821 
21.813511 -15.731029 1.685986 
22.036810 -16.552869 0.429482 
21.345910 -16.012695 0.432230 
21.105856 -16.893855 0.637108 
20.259693 -17.243260 0.838877 
19.222947 -17.079643 0.772724 
18.841136 -18.911743 3.774581 
18.371797 -21.138615 5.901516 
20.549865 -21.216800 6.912994 
19.808040 -21.124268 8.329335 
19.249102 -20.963785 9.090940 
19.534742 -21.809934 9.789288 
19.019537 -22.187438 10.534414 
19.037868 -23.178303 10.085773 
18.078606 -22.760809 10.132541 
17.514059 -22.408973 11.054037 
16.902287 -22.628394 11.868095 
15.119656 -21.008530 11.542376 
12.416118 -20.514964 13.276332 
12.873393 -20.384418 14.300496 
15.263915 -20.599194 15.385873 
18.210868 -19.762012 12.377283 
18.952405 -20.124402 11.807937 
18.754472 -19.238794 11.179250 
19.583714 -19.763171 10.521084 
20.798299 -15.735088 6.861735 
19.615240 -15.257431 3.333632 
20.188533 -15.873092 3.879511 
20.569050 -15.870718 4.723531 
21.617069 -15.797907 4.718264 
21.530855 -15.061975 4.001979 
22.618292 -16.013009 4.830593 
23.172797 -17.297144 6.555405 
21.967278 -18.676150 6.243811 
20.616425 -19.511716 7.498832 
21.049074 -18.185110 7.898717 
21.998364 -17.313139 8.672782 
21.154199 -15.961933 9.099026 
20.492116 -14.931163 10.383738 
20.758886 -15.151493 11.330019 
20.846143 -15.510236 12.279728 
21.260468 -15.888357 11.468246 
22.024219 -16.579141 11.803091 
22.426675 -17.284524 11.260583 
22.190230 -18.156867 11.747583 
21.722958 -18.316737 12.560263 
21.976095 -17.406600 12.983879 
20.001980 -17.309416 13.826210 
14.722227 -18.372591 16.584628 
12.956465 -20.385521 21.380292 
13.481449 -21.995512 19.911149 
14.503642 -20.996176 18.546277 
15.867596 -20.807993 17.811001 
16.434286 -21.056187 18.170588 
17.327033 -20.119213 18.216080 
18.040598 -21.397690 17.966383 
17.226177 -22.742842 17.984136 
16.616944 -22.378297 18.525434 
15.780065 -22.129943 19.466827 
14.966454 -22.704549 19.128800 
14.177350 -22.868741 19.715336 
14.164878 -23.103778 18.637841 
13.399339 -23.502203 19.018253 
12.530012 -23.292991 19.657263 
13.309793 -22.896678 20.182716 
14.407208 -22.331786 20.613427 
14.974718 -23.285560 21.600783 
15.298701 -23.219342 22.578983 
15.973514 -22.511777 21.708918 
16.994559 -23.168777 19.464718 
17.722771 -22.410092 19.509713 
17.181464 -21.957654 20.216630 
17.615550 -21.152212 19.629786 
18.763945 -20.529092 19.745359 
19.064853 -19.535584 20.798262 
19.874781 -19.098138 21.163199 
20.225989 -18.960945 20.215205 
21.044552 -18.441209 20.755813 
21.009239 -18.382500 21.828452 
21.189877 -16.663377 20.919141 
22.368957 -16.346207 19.540639 
21.492816 -16.089028 18.421362 
23.384269 -13.830996 19.162502 
26.923210 -12.444088 17.880262 
25.920078 -10.246618 16.943819 
24.999245 -10.010536 17.674280 
24.686031 -10.973633 17.959592 
25.543200 -11.439065 17.617534 
24.725394 -11.968667 17.440892 
25.423702 -12.386583 16.829626 
25.754758 -11.578494 16.082591 
26.475755 -10.717704 15.561471 
27.027268 -9.938844 16.044961 
27.370429 -9.174578 16.660246 
26.506783 -9.278208 17.241597 
26.092174 -9.629723 18.112511 
25.532586 -10.334920 18.564801 
24.855515 -10.359809 19.264755 
25.935413 -10.443873 19.536688 
26.265558 -11.436995 19.850627 
25.697875 -12.164039 19.555327 
25.466361 -12.228892 18.528775 
25.152003 -13.018977 17.973364 
23.656181 -12.780138 16.868884 
24.708689 -13.508305 15.919444 
23.786272 -14.616381 16.994887 
23.521823 -14.374150 16.020949 
22.841732 -13.718927 16.282030 
22.324519 -12.240794 17.563499 
24.665337 -11.520162 20.270156 
23.626774 -11.611832 20.454064 
23.603643 -11.200034 21.445176 
22.907458 -9.791676 23.628380 
