-23.689905 16.480749 -9.800790 
-24.634814 16.195833 -10.436671 
-24.808289 16.076464 -9.347236 
-23.944894 15.525092 -9.914757 
-23.836247 15.252233 -10.834337 
-22.927433 15.444497 -11.440564 
-23.570878 15.076076 -12.016169 
-22.745610 15.114985 -12.584253 
-22.292509 14.335860 -13.095332 
-22.761179 14.257548 -14.028950 
-22.876631 14.123889 -15.012550 
-22.027096 13.505626 -15.047902 
-21.938892 12.438007 -14.947088 
-21.751681 12.522948 -15.953845 
-22.687210 12.125892 -16.148702 
-23.473368 11.507982 -15.997814 
-23.362713 11.117243 -16.986264 
-22.343861 11.238593 -16.687853 
-21.720427 11.359156 -16.004453 
-22.329011 10.859767 -15.414788 
-22.307966 9.907917 -15.195170 
-22.762498 10.336316 -14.352071 
-23.351195 11.108168 -14.713514 
-23.905500 10.821538 -13.964870 
-23.959729 11.710654 -13.604097 
-23.613765 12.651265 -13.182243 
-23.128884 13.507905 -13.160728 
-22.710639 13.229205 -12.182676 
-23.633831 13.815848 -12.291329 
-23.146650 13.930482 -11.347060 
-22.201748 14.180357 -11.538447 
-21.481189 14.767721 -11.281647 
-21.613499 15.000719 -12.317485 
-21.381688 15.927452 -11.938480 
-21.522513 16.227578 -10.992519 
-20.776827 16.995566 -10.981339 
-21.452730 17.856097 -11.090424 
-21.149936 18.544089 -10.240902 
-21.955352 18.743736 -9.638275 
-21.829132 19.696799 -9.834046 
-22.295798 20.409138 -9.316436 
-21.331652 20.610975 -9.464172 
-20.655924 21.070948 -8.818078 
-19.621207 20.984825 -8.544525 
-18.829279 20.571905 -9.110655 
-18.383413 19.924445 -8.348930 
-17.875420 20.034807 -9.238986 
-17.676116 19.373464 -10.036306 
-18.371345 19.066818 -9.247517 
-18.605216 18.722023 -10.200183 
-19.557364 18.840339 -10.140756 
-20.210923 18.102373 -10.605616 
-20.018886 17.984763 -9.540706 
-20.719673 18.798396 -9.344230 
-21.120695 19.545106 -8.722979 
-21.356899 19.084632 -7.870454 
-21.227830 18.164985 -7.565574 
-20.507208 17.365221 -7.360105 
-20.628162 16.352204 -7.016232 
-21.042052 15.644575 -7.531408 
-21.307498 15.337036 -8.493056 
-21.623345 14.429090 -8.134209 
-21.098383 13.602982 -8.213059 
-20.365720 13.330163 -7.510226 
-20.040789 13.834295 -6.719872 
-19.058215 14.149501 -6.522844 
-18.177938 13.488167 -6.184830 
-17.419635 13.956684 -5.476800 
-16.951596 14.241894 -6.358641 
-15.880702 14.396275 -6.175604 
-15.529193 15.357560 -6.184576 
-16.377853 16.070275 -6.246820 
-17.167110 16.361601 -5.835366 
-18.017876 16.704560 -6.295424 
-21.212277 16.722417 -7.760017 
-21.669665 15.063304 -5.228774 
-21.814225 13.958490 -5.384750 
-21.190377 13.178812 -5.091537 
-22.292755 12.679163 -5.473477 
-23.076407 13.387360 -5.311938 
-23.623235 13.334402 -4.542118 
-23.967820 12.733041 -5.304863 
-24.210464 12.193727 -6.286690 
-24.422525 10.906947 -6.703590 
-24.979656 11.083782 -7.306148 
-23.922217 11.446018 -7.406489 
-23.686269 10.612267 -8.067594 
-23.049508 11.450198 -8.267166 
-20.633152 13.516676 -8.225766 
-21.221744 13.265521 -6.561954 
-20.273471 11.627473 -7.633244 
-19.368495 12.506767 -9.812985 
-20.247709 12.339897 -10.549222 
-21.242979 12.208498 -10.493171 
-22.227230 12.413501 -10.244965 
-23.312163 11.889488 -10.145656 
-24.090544 12.299437 -9.744694 
-23.597187 12.248604 -8.850487 
-23.685853 13.193165 -8.626917 
-23.141566 10.166854 -12.231171 
-22.353632 7.642205 -17.494976 
-22.314214 8.007494 -16.252557 
-23.808455 11.431841 -14.571413 
-22.852221 14.961639 -15.963524 
-22.087866 14.971078 -16.761166 
-21.471582 15.792155 -16.653884 
-21.163161 16.773753 -16.665720 
-19.419678 18.768647 -13.247688 
-19.374944 20.091944 -10.190939 
-19.839957 19.515451 -8.840400 
-20.270192 18.629972 -7.689093 
-19.597744 17.983187 -8.165912 
-19.482775 18.577072 -8.937935 
-18.726343 17.571176 -7.260221 
-18.004528 15.425921 -7.234849 
-18.975312 14.363980 -5.641025 
-18.564865 12.609655 -4.152384 
-19.387630 11.872161 -2.996446 
-18.481276 12.678497 -2.032073 
-18.136620 14.121425 -3.150503 
-17.576218 15.188421 -4.900808 
-16.582525 15.036632 -4.995500 
-17.004834 15.359562 -4.038853 
-16.172679 15.785041 -3.762574 
-15.632352 16.628310 -3.613878 
-15.398740 17.119794 -4.416114 
-14.741481 17.452685 -3.652868 
-15.250618 17.198874 -2.754529 
-15.655507 18.121709 -2.534287 
-17.200875 18.574759 -2.371765 
-15.862751 19.383486 -5.092078 
-13.893858 20.083935 -8.166078 
-14.226009 20.818292 -6.087362 
-15.403081 21.731855 -5.077694 
-15.406167 22.304165 -3.733267 
-16.213366 22.009042 -1.443823 
-15.590041 22.725521 -1.709166 
-15.903370 23.878105 -1.408618 
-15.708894 23.816244 0.048380 
-16.218111 24.592903 -0.381505 
-17.354058 23.938901 -1.239815 
-18.575776 23.475087 -1.911054 
-18.006691 24.068024 -2.412899 
-17.823920 24.058062 -3.376399 
-17.086459 23.595837 -2.799091 
-16.053855 23.572265 -3.060177 
-15.404532 24.204091 -2.819793 
-16.422581 25.257937 -2.389571 
-17.053522 26.370205 -1.320649 
-16.681302 26.956162 -2.075591 
-15.471348 27.459632 -1.230884 
-13.472930 27.657402 -0.895516 
-14.083893 27.097700 -1.450868 
-14.328549 26.807348 -2.377679 
-13.964616 26.772670 -3.447869 
-13.186200 26.686082 -3.131521 
-13.457159 28.008423 -3.511051 
-13.345010 27.274339 -4.192772 
-13.673470 26.716240 -4.962086 
-14.428596 27.558590 -5.044730 
-15.012795 27.450425 -4.297680 
-14.890078 26.204934 -3.290129 
-14.042522 24.638926 -4.232230 
-14.258440 24.767461 -5.632916 
-13.546266 26.923152 -8.521630 
-13.184630 27.173119 -11.645782 
-13.247112 26.102939 -12.549358 
-12.634871 25.691638 -13.217135 
-12.148618 25.289589 -12.421719 
-12.966970 24.661486 -12.660813 
-12.809290 23.670460 -12.672468 
-12.541682 24.271350 -13.462102 
-11.817327 25.495528 -13.601965 
-11.235908 26.737894 -12.867407 
-10.197768 26.259659 -12.672707 
-10.416787 25.728341 -11.783384 
-9.475136 25.379099 -12.008758 
-9.082872 24.997571 -12.872447 
-9.660459 24.112843 -13.148879 
-9.568238 23.188278 -12.744885 
-10.171388 22.385749 -12.368627 
-11.076132 22.143244 -12.592222 
-11.004473 21.041797 -12.671678 
-11.826211 21.465491 -13.134725 
-12.871280 21.379158 -13.195626 
-11.954139 21.678047 -14.000947 
-12.305841 19.163919 -14.393572 
-11.889625 19.661668 -15.300660 
-12.225883 19.808490 -16.444124 
-12.660614 19.171173 -17.148859 
-11.831581 18.917719 -17.129149 
-10.621197 21.641138 -17.185982 
-11.199641 22.413276 -16.606982 
-10.628953 22.365907 -15.732129 
-10.980256 24.085699 -13.423517 
