-29.739801 4.763006 -9.256901 
-30.020669 3.793947 -9.725918 
-29.275423 2.983431 -9.499949 
-28.877626 2.652927 -8.511993 
-29.585998 2.072471 -8.462881 
-30.367873 1.889761 -9.108439 
-30.608789 2.288069 -8.192405 
-30.634812 3.182922 -7.729630 
-29.699565 3.413526 -7.437534 
-29.839547 4.510302 -7.433506 
-28.917852 4.158495 -7.129033 
-28.491797 3.475809 -7.691818 
-28.652983 2.734533 -6.944662 
-29.646354 2.576338 -6.804400 
-30.292831 1.989543 -6.283961 
-29.838010 2.307406 -5.347583 
-30.075520 1.535333 -4.798940 
-30.042109 2.170962 -3.944534 
-29.845498 1.940728 -2.944295 
-30.034949 2.915209 -2.700302 
-30.098859 3.638673 -1.945881 
-29.011257 3.561352 -1.908927 
-28.438662 3.693369 -2.761667 
-28.068539 3.250702 -3.621122 
-27.694900 3.282715 -4.653733 
-27.746952 2.338070 -5.119773 
-28.495055 1.913972 -4.649546 
-28.731084 1.627764 -5.581796 
-28.288242 1.227147 -6.363753 
-29.319334 1.137574 -6.396906 
-29.534163 1.287956 -7.462425 
-28.544097 1.385696 -7.358168 
-28.805655 0.463452 -7.014601 
-28.868762 0.195822 -5.939624 
-28.753857 0.596972 -5.071533 
-29.184502 -0.357596 -5.121334 
-29.707004 0.410784 -4.695402 
-29.821642 0.897223 -3.704569 
-29.403454 0.126678 -3.077194 
-29.451844 -0.493228 -2.287510 
-30.403906 -0.039711 -2.485946 
-30.358121 -1.017321 -2.057095 
-29.505363 -1.651805 -1.864510 
-29.575701 -2.616892 -1.411215 
-28.720546 -2.275162 -1.667911 
-28.390719 -1.287860 -2.081412 
-27.476610 -1.043165 -2.482911 
-27.526450 -1.832821 -1.822285 
-27.268192 -2.619151 -1.245440 
-28.052061 -3.423867 -1.356410 
-28.655553 -4.222849 -1.621087 
-29.575121 -3.919574 -1.840264 
-29.855259 -4.437441 -0.937001 
-29.028690 -3.986957 -0.375660 
-29.728656 -3.744482 0.241070 
-29.055737 -3.483865 0.993814 
-29.571768 -2.588519 1.555681 
-30.378678 -2.729329 2.179643 
-30.184483 -3.671336 2.200070 
-30.002469 -3.873867 3.210613 
-29.876548 -4.758612 3.754134 
-30.834512 -4.796890 4.075631 
-30.431536 -3.798405 4.226972 
-30.314304 -3.003371 4.833365 
-30.785816 -3.919046 5.228086 
-31.491092 -4.025986 4.540413 
-31.157613 -3.215375 3.977114 
-31.326505 -2.401476 4.629464 
-32.032571 -2.036145 3.931705 
-31.855570 -1.070466 3.310956 
-31.451838 -1.100929 4.318686 
-31.097021 -0.234937 4.516768 
-30.902763 -0.967225 5.307392 
-29.883720 -1.351940 5.261975 
-31.044759 -2.648176 3.926038 
-32.562512 -4.684803 5.738060 
-31.676562 -5.432189 5.806067 
-31.637939 -4.439013 5.642458 
-31.423671 -3.795332 6.429012 
-30.717785 -4.470323 6.378056 
-30.554930 -3.465760 6.595766 
-30.051368 -2.925181 5.871302 
-29.406246 -2.446488 6.495582 
-28.467866 -1.647952 7.271662 
-27.049092 -1.259899 7.113941 
-26.144937 -1.146349 6.615390 
-26.185478 -0.293317 6.006633 
-27.111807 -0.207878 6.440608 
-29.458590 0.910060 7.671077 
-29.752994 2.732476 9.786756 
-28.911431 4.895771 9.663685 
-27.548811 6.309010 8.439218 
-27.575832 5.266127 8.718771 
-27.549847 5.236137 7.599290 
-26.518642 5.208531 7.077469 
-26.346926 4.263434 6.771102 
-25.449128 4.835213 6.348222 
-25.266696 3.849040 6.733499 
-24.366698 3.931142 6.312808 
-23.280951 7.225419 3.621973 
-22.678251 7.540430 1.679938 
-22.163182 9.651644 3.322144 
-21.711043 9.234813 7.061881 
-22.576978 7.188316 5.673158 
-23.348405 7.433051 4.974375 
-23.347248 6.404256 5.173648 
-22.373612 5.953128 5.261583 
-24.465013 5.611044 2.550645 
-23.753998 5.092418 2.540390 
-24.414073 5.835782 2.705688 
-23.254771 6.790812 2.997699 
-23.884511 7.667820 3.292686 
-24.100258 7.370598 4.380479 
-24.595015 6.075502 5.857049 
-24.944434 4.946920 5.160691 
-26.370704 3.802031 4.648229 
-27.175813 1.019715 2.952352 
-27.638621 0.931175 1.150923 
-27.784453 0.105394 -0.053656 
-28.522322 -0.233402 0.204749 
-27.719451 -0.120653 1.984093 
-28.456469 0.477558 1.965899 
-28.998899 1.023664 1.175669 
-29.487671 0.265555 1.632189 
-29.816094 -0.328189 2.203904 
-29.913237 -0.758094 1.320388 
-29.675052 -1.507723 0.734847 
-30.788328 -1.571927 1.029562 
-31.649443 -1.336972 0.543877 
-32.293764 -1.925284 0.615594 
-33.193257 -4.318067 1.595037 
-28.953820 -1.259788 -0.731199 
-30.146730 -0.597062 -0.727919 
-31.254912 -1.010117 -1.335666 
-30.469183 -0.726467 -3.353807 
-30.655052 -2.087807 -2.500958 
-30.705322 -2.925983 -1.502845 
-30.257692 -4.332182 -2.690156 
-30.328347 -5.438731 -2.673306 
-30.162180 -5.918448 -3.505295 
-29.279057 -4.748491 -4.411230 
-30.429195 -4.095791 -4.599983 
-31.177952 -4.681508 -4.829783 
-31.495597 -5.642875 -4.837344 
-31.956196 -6.051237 -4.020609 
-32.654980 -5.962209 -3.218075 
-32.858545 -6.447025 -2.382015 
-33.616664 -4.729610 -2.213281 
-33.959509 -3.801366 -3.229298 
-33.534943 -3.322680 -3.994232 
-32.414114 -2.993557 -3.623686 
-32.877830 -2.744632 -2.152658 
-32.596548 -2.008571 -1.432709 
-33.658822 -2.311818 -1.307547 
-34.420247 -2.598706 -0.751996 
-35.321933 -2.937366 -0.363826 
-34.316874 -3.696237 -0.602000 
-34.475476 -4.594532 -0.963364 
-34.985673 -3.720559 -1.389961 
-34.180626 -3.095938 -1.756333 
-35.063691 -3.034689 -2.384795 
-34.432270 -1.653002 -3.052303 
-33.530386 0.380097 -3.582252 
-33.307331 1.000956 -2.113080 
-32.360247 -0.148407 -1.008844 
-29.920554 2.430539 -0.125494 
-29.941136 3.508801 1.478117 
-29.981050 2.447739 1.803531 
-30.039899 1.571249 2.086289 
-30.440624 2.397305 2.546567 
-29.479157 2.331199 2.993054 
-29.021020 1.509798 3.320902 
-29.395995 1.928811 4.683556 
-28.936964 2.707406 5.072756 
-28.017947 2.432804 4.799194 
-28.162306 1.425018 5.050553 
-28.652336 1.974320 5.634827 
-28.845260 2.374829 6.479472 
-29.718863 2.976287 6.141069 
-30.378945 2.150715 6.068300 
-30.399893 2.671929 6.909667 
-29.825449 3.577464 6.938244 
-30.243936 4.147080 7.683942 
-30.957121 3.551481 7.000657 
-31.074476 3.080521 7.964626 
-31.546930 2.229835 7.427258 
-32.853178 4.701226 7.201794 
-32.559720 3.711428 5.701958 
-32.704491 2.242888 5.343593 
-32.935305 2.363674 4.318378 
-31.521107 -0.245906 5.915711 
-30.882575 -2.532490 7.666265 
-31.341431 -1.476331 7.473140 
-32.174494 -1.072213 7.128185 
-32.681864 -2.042385 6.617565 
