-24.845695 9.977045 -5.815279 
-24.092746 9.892846 -5.055627 
-25.038275 9.525303 -4.744334 
-24.296363 9.389698 -4.093427 
-24.021672 9.177714 -3.047044 
-24.664838 8.414460 -2.769241 
-25.015132 8.215138 -3.721228 
-25.908078 8.668589 -3.771567 
-25.746126 7.696538 -4.296467 
-25.914503 7.631478 -3.243218 
-26.569118 7.128372 -3.882124 
-26.437924 6.692595 -2.938292 
-26.175392 6.928330 -1.929977 
-25.965907 7.610676 -1.195052 
-26.308803 8.146295 -2.107206 
-26.687424 8.900186 -2.888663 
-26.092613 9.170998 -1.996614 
-25.098872 9.085550 -1.956464 
-25.318959 9.136695 -2.940572 
-25.192151 10.164124 -3.437408 
-25.057289 10.225371 -2.388946 
-25.224654 11.300227 -2.051141 
-24.953950 12.231073 -2.416480 
-25.582603 12.338175 -1.568162 
-26.637582 12.519164 -1.524045 
-26.297524 13.078021 -0.670141 
-27.028001 13.874275 -1.069100 
-28.017881 13.947405 -1.175369 
-27.687716 14.870193 -1.125799 
-27.095940 15.224088 -0.326833 
-27.390414 15.717065 0.587089 
-26.888650 16.483300 0.745497 
-26.894016 16.313556 -0.241887 
-26.118440 15.588345 -0.427158 
-25.289926 16.107282 -0.047094 
-24.525595 15.549371 -0.640724 
-24.014734 16.393917 -0.694111 
-24.984163 16.851159 -0.913311 
-24.075699 17.449367 -0.940768 
-24.030681 17.342223 0.225611 
-23.777618 17.711661 1.145146 
-22.876274 17.612439 0.670667 
-21.752943 17.141746 0.691249 
-22.433295 16.388698 1.238162 
-22.687326 16.069977 2.090178 
-22.540411 15.016480 2.331678 
-22.355221 14.735983 3.219326 
-22.944989 13.913117 2.991945 
-23.051781 12.911416 2.664377 
-23.987550 12.531460 3.123965 
-23.927205 12.168876 2.244323 
-24.135196 12.599627 1.263220 
-24.653418 12.592095 0.350640 
-25.046118 11.808903 0.729657 
-24.863148 11.896072 -0.324664 
-24.252141 11.480058 -1.066987 
-23.517449 10.710785 -1.293033 
-22.447417 10.625832 -1.567474 
-22.965450 9.921901 -0.927901 
-22.751455 10.280980 0.005888 
-22.743697 9.362487 0.420496 
-22.707572 9.700323 1.481805 
-21.881621 9.390235 1.011201 
-21.424893 10.199231 1.374010 
-21.972495 11.114111 1.777119 
-22.892394 10.870275 1.509760 
-23.667155 10.724821 2.217629 
-23.259840 11.601061 2.920586 
-22.299551 11.972581 3.278152 
-22.464416 12.789737 3.877795 
-23.126054 12.628895 4.719187 
-23.019476 12.791048 5.808457 
-22.955296 13.636576 5.241244 
-23.934550 13.522265 4.868167 
-22.970032 15.191949 1.861302 
-21.906135 14.121832 -1.437560 
-21.875315 13.328468 -0.648232 
-22.585469 13.650182 0.059121 
-22.128493 12.855116 0.614052 
-23.277073 13.107717 0.485596 
-23.287356 14.160641 1.000920 
-22.300570 14.404627 1.200839 
-22.055434 15.345904 1.426170 
-21.099131 15.459404 0.664701 
-20.098424 15.260407 -0.175587 
-19.136408 15.179260 -0.392853 
-19.602340 14.641627 0.370308 
-19.655618 14.095191 1.306796 
-22.155508 12.032944 1.287150 
-25.002123 10.215608 -1.322105 
-26.376380 8.020154 -0.687429 
-26.422407 4.946514 -0.300359 
-26.467727 4.503679 -1.289772 
-25.985367 4.230274 -2.062283 
-26.633267 3.580405 -1.735273 
-27.522772 3.897270 -2.135112 
-27.351610 2.820032 -2.363368 
-28.267306 2.406784 -2.237210 
-28.740243 2.090416 -1.286933 
-31.770095 1.312870 -4.946995 
-30.990656 -0.573959 -7.955963 
-29.278918 -2.218144 -6.957669 
-29.076209 -0.399014 -11.053927 
-31.076861 1.701121 -14.193068 
-30.806416 0.754746 -14.723016 
-29.943596 0.138606 -14.685542 
-30.050558 -0.940204 -14.412364 
-30.925029 2.242086 -12.259181 
-29.064496 0.461842 -11.447998 
-28.711686 1.155712 -12.019951 
-28.703811 -0.095036 -12.371489 
-29.321766 -0.423814 -11.547274 
-29.965209 -0.261908 -10.816298 
-32.036224 -1.260245 -10.083776 
-33.196217 -2.307411 -8.934272 
-33.330010 -0.639022 -7.394656 
-34.263208 -1.458342 -6.381906 
-33.928116 -1.142988 -5.284364 
-33.728617 -1.223189 -4.302716 
-33.624960 -2.904293 -5.456892 
-32.841968 -2.850407 -6.988154 
-31.944778 -2.490869 -7.115147 
-32.031680 -3.259619 -7.950336 
-31.371012 -2.389728 -8.232769 
-31.760651 -1.716995 -8.985293 
-31.596820 -2.598379 -9.274446 
-31.553213 -3.071802 -10.199435 
-30.730557 -2.575782 -9.794089 
-30.573355 -1.553268 -9.521425 
-28.964005 -2.618842 -8.992391 
-29.633500 -0.729416 -8.524825 
-32.296042 -3.327177 -6.127121 
-30.647369 -6.121734 -6.631522 
-30.000837 -5.013167 -6.272927 
-29.854003 -6.562572 -5.916196 
-30.961358 -6.923525 -4.410866 
-32.141389 -6.460398 -5.000405 
-32.674791 -6.269939 -6.371574 
-34.368682 -6.215335 -6.389437 
-33.758344 -6.050716 -5.505042 
-32.603021 -5.172720 -4.347611 
-31.030300 -4.879205 -3.306148 
-31.179900 -4.043735 -3.696693 
-31.161419 -2.964931 -4.056320 
-31.233304 -3.498673 -4.944079 
-31.441852 -3.758754 -5.913791 
-31.421976 -3.129027 -6.653630 
-30.387025 -3.646879 -8.140281 
-29.530688 -3.522338 -9.412068 
-29.505747 -4.010952 -10.296321 
-28.727350 -5.168553 -10.790449 
-27.344797 -6.756369 -10.409944 
-28.363467 -7.065252 -10.354272 
-29.129253 -7.079593 -10.956626 
-29.268300 -6.385350 -10.219428 
-30.086120 -7.360609 -9.951985 
-31.299389 -7.497358 -10.692261 
-32.169083 -7.182731 -10.081672 
-32.538768 -7.454388 -11.005032 
-32.154851 -7.476822 -11.991245 
-31.269971 -7.232062 -12.507309 
-30.933831 -6.993175 -13.930026 
-30.068256 -8.264422 -15.443916 
-28.387653 -8.216723 -15.043368 
-29.251453 -7.960442 -11.757475 
-31.220024 -6.338011 -9.562577 
-32.063280 -5.686885 -7.802074 
-32.658738 -4.998232 -7.283341 
-32.080022 -4.068480 -7.119170 
-30.974952 -4.053983 -6.941574 
-30.176671 -3.663462 -6.370427 
-30.262108 -2.686498 -6.229604 
-30.202211 -2.307047 -5.288978 
-31.149578 -2.487669 -5.496762 
-31.257477 -1.877112 -4.642085 
-32.148595 -1.387062 -4.414922 
-32.361137 -0.645940 -5.111530 
-31.344304 -0.410492 -5.123572 
-30.696553 0.282676 -5.040456 
-31.091095 0.812361 -5.822693 
-31.499895 1.720082 -5.955000 
-32.007264 1.585301 -5.100334 
-31.700398 2.368665 -4.443755 
-31.429818 3.344811 -4.065824 
-30.769051 4.024154 -3.581121 
-28.639412 5.345160 -2.988570 
-27.503397 7.147631 -1.074064 
-27.351162 7.386089 -2.370831 
-28.474420 6.484740 -3.083134 
-28.776873 6.712981 -3.996290 
-30.018184 5.416974 -5.422831 
-31.195741 4.396970 -7.716785 
-31.452690 5.280069 -8.082803 
-31.190433 6.176306 -7.715843 
-29.890049 3.494106 -8.609511 
