-32.803681 3.250369 -1.709098 
-33.885153 2.948049 -1.483617 
-34.601614 3.655041 -1.080624 
-34.375706 4.710039 -1.278277 
-33.605920 5.289463 -1.679693 
-33.159408 4.714291 -0.919534 
-32.089101 4.409964 -0.994353 
-32.054646 5.125600 -1.743830 
-32.528498 4.738301 -2.459408 
-32.533919 4.953383 -3.475145 
-31.715717 5.608374 -3.237045 
-32.730912 6.076599 -2.996455 
-32.641346 5.933949 -4.199975 
-33.649116 6.055099 -3.995642 
-33.477571 6.907972 -4.478331 
-32.647251 7.575998 -4.387037 
-33.179945 8.408610 -4.034102 
-32.361596 8.698544 -4.396804 
-32.125705 9.390100 -3.608573 
-31.235172 9.496093 -3.451505 
-31.221329 9.856988 -4.316028 
-30.373167 10.399900 -4.617023 
-29.356956 9.916860 -4.721153 
-29.601182 8.782828 -4.751382 
-29.947842 8.370285 -3.783870 
-29.716778 7.649664 -4.392917 
-29.624146 7.203117 -3.492173 
-30.264756 7.646771 -2.886088 
-30.875693 7.960141 -3.613426 
-30.893090 7.451432 -4.416119 
-31.136192 6.389351 -4.297168 
-30.851096 5.453047 -4.273747 
-31.922634 5.283580 -4.305462 
-32.661143 5.387966 -5.249453 
-33.523433 5.185967 -5.867247 
-33.375062 6.167326 -5.619716 
-34.298711 6.476989 -5.255014 
-33.931172 6.578271 -6.375041 
-33.230507 6.054053 -6.734805 
-32.836972 7.042111 -6.944246 
-33.403380 7.820061 -6.879056 
-32.898159 8.247470 -7.746480 
-33.117541 9.249115 -7.454312 
-34.180032 9.221968 -7.509495 
-33.955644 8.949679 -6.618099 
-33.700248 8.198531 -5.998303 
-33.048424 8.091015 -5.204161 
-32.476236 7.745237 -5.951761 
-32.171402 8.718602 -5.823215 
-31.359087 8.510824 -5.505638 
-30.821303 7.598950 -5.880175 
-30.244676 8.291984 -6.500284 
-29.625559 7.476890 -6.237495 
-29.053940 8.095011 -5.748810 
-28.783330 8.947053 -6.329100 
-28.759541 8.050039 -6.863964 
-28.379611 7.383271 -6.261498 
-28.376665 7.383318 -5.121013 
-27.469254 7.270854 -5.625006 
-27.129373 6.601236 -4.797614 
-27.810902 7.059981 -4.249979 
-27.042610 7.749428 -4.498314 
-28.002991 8.160593 -4.492322 
-28.395574 8.062638 -3.587336 
-28.533957 8.170248 -2.489865 
-28.095222 8.923682 -2.978737 
-27.642635 9.063729 -3.973452 
-27.091408 8.761030 -4.706271 
-27.622335 8.921345 -5.699236 
-27.487476 9.856616 -6.028117 
-26.697166 10.406211 -6.331994 
-26.768424 9.472412 -6.960545 
-27.539938 8.753865 -6.816599 
-26.881252 7.919070 -6.572972 
-29.670970 6.650023 -7.530790 
-31.756957 7.705380 -9.051035 
-31.866390 8.116237 -8.170769 
-32.282670 7.348924 -7.587432 
-32.266789 6.451605 -8.081830 
-32.788615 6.662382 -8.967757 
-33.273845 7.175573 -8.161715 
-33.955733 6.469335 -7.777691 
-33.673789 5.462834 -7.999859 
-33.913381 5.216239 -6.924491 
-35.178942 4.958340 -6.237715 
-34.589688 4.258299 -6.673668 
-34.012042 3.777840 -6.068085 
-33.818920 2.755994 -6.151873 
-33.871916 2.685574 -3.904164 
-34.424089 6.257635 -2.880387 
-31.731475 7.674208 -2.285946 
-29.747880 9.877282 -2.579492 
-30.105895 9.139712 -3.240477 
-29.195659 9.452662 -3.798711 
-28.787230 10.385378 -4.058443 
-27.914967 10.166542 -3.813240 
-28.198415 10.167647 -2.714961 
-27.770051 10.794008 -1.934494 
-27.025186 10.353648 -1.159760 
-26.205590 13.906128 1.894286 
-27.601624 16.809162 2.060735 
-29.657853 16.545307 0.839605 
-25.713257 14.621189 -0.461747 
-25.205371 13.750196 0.236669 
-24.424244 14.258596 0.455057 
-24.633798 15.276489 0.707135 
-24.812566 15.977179 1.412044 
-22.120013 20.059672 3.380457 
-18.741688 23.716194 5.511382 
-19.257321 24.111696 4.771353 
-19.796150 23.345937 4.634768 
-19.902820 23.422284 3.515208 
-19.861104 22.398196 3.608788 
-18.010000 23.795657 4.226766 
-16.572233 25.141468 4.116136 
-15.688825 25.755224 6.264081 
-16.141062 24.938904 6.548078 
-17.651978 25.424160 6.960028 
-18.308810 24.246094 7.051915 
-17.409767 21.658117 6.642205 
-16.680345 21.803262 8.497183 
-17.156875 22.286480 7.827569 
-17.493357 22.724089 8.712940 
-18.416800 23.254909 8.267549 
-19.434284 23.574270 8.474499 
-19.152094 22.710022 8.965319 
-18.321509 22.116324 8.971033 
-18.359816 21.484596 8.135336 
-19.208470 21.531645 7.637678 
-19.425072 22.375259 6.991880 
-19.609890 20.176724 7.366913 
-23.142148 15.576686 7.227087 
-24.193990 12.504610 5.785658 
-25.770106 11.328127 4.123692 
-27.544879 10.605046 3.237430 
-26.766628 9.041969 1.678921 
-27.988387 7.366050 1.486534 
-27.249811 6.579059 0.624877 
-27.333540 5.054023 0.671023 
-28.127529 4.966021 1.140855 
-28.265856 4.089630 2.069149 
-27.867716 3.263661 0.855486 
-28.574002 3.692106 1.477686 
-29.057364 2.849548 1.738213 
-28.267232 2.214193 1.461034 
-28.548653 2.476793 0.575523 
-28.500364 1.576832 0.072866 
-27.504303 2.235317 -0.717828 
-27.344102 3.944564 0.186490 
-28.134320 4.709458 -0.057076 
-28.975086 4.420736 -0.899462 
-31.214565 3.867123 -0.433596 
-30.714469 4.144516 0.622434 
-31.585063 4.604973 0.235624 
-31.980414 3.704374 0.276033 
-31.833198 2.652865 0.329531 
-31.527209 2.300547 -0.622758 
-31.973839 3.168034 -0.651719 
-31.455232 3.294816 -1.560967 
-30.992246 4.218187 -1.812992 
-31.778353 3.931215 -2.385846 
-31.799438 4.012147 -4.503874 
-31.595918 2.812089 -5.737229 
-32.712829 2.845458 -6.791816 
-29.859510 6.589688 -9.189443 
-28.452473 4.980589 -10.737639 
-28.689540 6.447199 -12.336048 
-28.240463 7.030051 -11.672439 
-28.957847 7.703423 -11.575425 
-29.624340 6.896873 -11.836585 
-29.049848 6.988399 -10.949670 
-28.515884 6.100710 -10.828850 
-27.121730 6.240276 -10.401481 
-26.727599 7.019291 -9.368348 
-26.737579 6.087459 -9.015683 
-26.609945 6.310454 -7.974258 
-27.036787 7.244002 -8.117651 
-26.799127 8.163107 -8.516830 
-26.078255 7.716867 -7.783790 
-26.603080 8.509568 -7.409540 
-27.048532 9.138972 -7.917817 
-26.090689 9.592532 -7.833018 
-25.600666 10.076733 -7.142249 
-25.770571 8.985372 -6.804520 
-25.867497 8.018997 -6.696111 
-25.660670 9.297475 -5.484258 
-24.296363 9.389698 -4.093427 
-24.567214 8.602437 -3.179171 
-25.908078 8.668589 -3.771567 
-25.746126 7.696538 -4.296467 
-26.138951 7.921609 -2.459734 
-25.318959 9.136695 -2.940572 
-25.192151 10.164124 -3.437408 
-25.057289 10.225371 -2.388946 
-26.618629 13.780271 -0.963135 
