14.922482 -3.445351 31.666737 
14.395205 -4.048009 32.282205 
13.760303 -3.280669 32.492073 
13.442802 -3.699086 31.633816 
12.517228 -3.225792 31.840865 
12.993674 -3.009823 31.037415 
13.757743 -2.265791 30.611557 
13.187916 -1.729925 31.412973 
12.287402 -1.648335 31.020071 
11.799817 -2.006262 30.216602 
12.053532 -2.984930 29.786095 
12.786156 -3.030797 29.022695 
13.359024 -2.207910 28.609895 
14.351994 -1.888543 28.657557 
14.676731 -2.645196 28.006452 
15.257823 -1.906896 27.549426 
14.423333 -1.907683 27.011402 
15.010870 -2.558030 26.378153 
15.285785 -3.251752 26.855580 
16.320088 -3.046096 26.951101 
17.190822 -2.587841 26.662970 
17.004345 -3.200003 25.983716 
17.467844 -4.103199 25.501281 
17.166582 -3.748544 24.533462 
16.954287 -4.677728 24.174283 
16.910736 -5.673588 23.946895 
17.027074 -6.243597 24.861807 
17.437147 -5.447525 25.433573 
17.765107 -5.675374 24.451085 
18.163130 -6.235141 25.111848 
19.121037 -5.972569 25.566371 
19.437614 -6.326277 24.640892 
19.430110 -6.933949 23.903720 
19.268017 -7.290301 24.849525 
18.752725 -8.151380 24.829351 
18.298212 -7.266757 24.570432 
18.276177 -7.719784 23.740091 
18.355509 -8.589936 23.030315 
18.316051 -8.944061 24.003857 
17.329155 -8.965290 23.629763 
16.622129 -8.572052 23.099802 
17.387740 -7.857763 22.929981 
17.783345 -7.266588 22.112926 
16.927022 -6.638858 21.913143 
17.227606 -5.900383 21.381917 
18.174244 -6.074608 21.854232 
19.150883 -6.465483 21.674672 
18.815415 -7.377458 21.997572 
19.333334 -6.797597 22.663678 
18.752086 -6.195690 23.281794 
18.276416 -6.447402 24.159088 
17.589450 -6.477124 23.335396 
17.829197 -5.491438 23.501554 
18.856394 -5.395265 23.960631 
19.546199 -5.465454 23.173752 
18.877144 -5.254750 22.401197 
18.945434 -4.981375 21.431875 
17.949069 -4.730104 21.532125 
18.775856 -4.170121 21.917396 
19.632524 -4.217697 21.692475 
19.573586 -4.006751 20.690450 
20.267614 -3.395395 21.111909 
19.408971 -3.042121 20.631827 
19.359542 -2.952714 21.677002 
18.599468 -2.425294 22.164136 
17.647393 -2.972063 21.898719 
17.449886 -2.238236 21.185704 
18.174889 -2.354738 20.434120 
17.951406 -3.219545 19.676348 
18.985984 -3.595300 19.750714 
18.531914 -4.003902 20.600183 
17.684809 -3.466458 20.873505 
17.249998 -4.119812 20.373466 
18.161289 -4.359526 19.710286 
17.467748 -5.836772 18.299986 
19.705238 -7.459093 19.910694 
19.971210 -7.978836 19.136287 
20.284377 -6.993411 19.010817 
21.243587 -7.087558 18.998383 
21.506430 -6.764295 20.377347 
21.301916 -5.768610 20.819975 
22.153552 -5.753228 20.238891 
21.803630 -4.944095 20.941633 
20.667582 -4.963557 20.442056 
19.870141 -5.767184 20.869471 
18.847522 -5.819799 20.704981 
18.652111 -5.513262 19.805804 
19.663837 -5.278677 19.430136 
17.355375 -6.664818 20.671345 
16.400001 -6.028533 19.464481 
18.147345 -6.934999 18.636043 
19.427405 -5.986751 18.618808 
20.142385 -5.770222 17.948924 
19.938704 -6.660988 17.402903 
19.736930 -6.045606 16.677513 
19.299428 -6.926808 16.442519 
18.593597 -6.125008 16.786592 
17.648817 -6.458507 16.395263 
17.663340 -5.432041 16.011372 
13.954043 -2.255128 18.275624 
13.557180 -1.345921 20.941389 
15.018598 -1.227283 20.800204 
17.793474 -2.251168 25.166259 
19.590103 -2.140576 23.980757 
19.587260 -1.144697 24.326942 
19.604178 -0.696338 25.325166 
20.572814 -0.243546 25.560036 
23.426259 -1.856773 22.052008 
26.437091 -5.188407 18.802674 
26.095613 -5.977930 18.501736 
26.031161 -6.539394 19.348425 
25.066856 -6.206307 19.067864 
25.026757 -6.054331 20.172996 
24.801212 -7.532288 20.879607 
24.107413 -7.763615 22.398841 
22.978276 -7.450297 20.568512 
22.941050 -8.857519 19.823848 
21.801144 -8.579441 21.029345 
21.776186 -6.934448 21.843933 
21.078234 -5.091116 22.447351 
22.194201 -3.373188 23.912627 
21.883231 -2.355170 23.917419 
21.206342 -1.646285 23.946622 
20.749680 -1.851951 25.323127 
20.355136 -2.189207 26.660003 
19.447258 -1.620500 26.799720 
19.637679 -2.399404 27.412218 
20.248325 -1.662386 27.920610 
20.200923 -0.970226 27.106589 
20.816043 -0.112918 27.334497 
18.012093 0.058024 29.051644 
15.115163 -6.101611 29.864426 
13.620548 -6.895299 29.239923 
13.635773 -5.749382 29.388698 
14.120127 -6.481260 27.928659 
15.085017 -6.290696 27.290496 
15.209397 -6.474136 28.237507 
15.566824 -5.691150 28.561881 
15.754356 -4.969026 29.417113 
16.053852 -4.629599 28.429993 
17.054286 -3.673633 28.796490 
16.611265 -5.461319 29.219438 
17.135181 -6.115090 29.845077 
17.851407 -6.891059 29.581932 
18.217222 -5.960104 30.085721 
18.516784 -5.073607 29.799977 
18.805276 -4.008001 29.595749 
19.629996 -4.826367 28.088040 
20.301852 -6.904945 28.125855 
19.569148 -7.487657 28.529251 
18.586816 -8.538446 28.846627 
18.619409 -9.550421 28.036163 
17.842605 -8.806857 28.068917 
17.708782 -9.802562 27.781207 
16.760297 -9.348274 27.884750 
16.737724 -10.266836 27.618517 
16.933815 -10.339938 26.504649 
16.100662 -10.690833 25.784635 
15.583982 -11.538216 25.833760 
14.886275 -11.850510 26.593640 
14.861453 -11.059518 27.095948 
16.066502 -11.293339 27.303357 
16.540673 -11.478336 28.172289 
17.903871 -11.074535 27.456303 
19.318413 -9.598281 25.710093 
18.376963 -7.243873 27.136845 
17.949289 -7.391119 26.366517 
17.410074 -6.751399 25.651862 
16.719129 -7.262456 26.132937 
15.817033 -6.699928 26.041520 
15.020727 -5.947677 26.120271 
15.881718 -5.603781 26.466652 
16.558996 -5.650693 27.210457 
16.962734 -4.724716 27.527103 
17.965005 -5.245132 27.464994 
18.081181 -5.942481 26.721015 
17.026542 -5.906910 26.438479 
17.529262 -4.557762 26.601709 
18.443946 -4.958043 26.192735 
19.075557 -4.234046 26.443115 
19.336271 -4.957238 25.635724 
18.387432 -4.477926 25.353378 
18.960729 -3.824385 24.783183 
19.738265 -3.161568 24.970363 
20.014618 -4.084555 25.214150 
21.187398 -7.122856 24.637368 
19.991381 -8.300637 24.714330 
19.669745 -8.655558 23.752859 
20.644673 -8.389582 22.936689 
21.023146 -9.284696 23.249128 
21.591938 -11.075003 23.405568 
23.519712 -11.688363 22.485014 
23.020641 -12.532162 22.958935 
22.988908 -13.177931 22.275549 
20.339592 -11.946940 22.188519 
