18.079693 -7.311387 14.941738 
17.038328 -7.366719 15.184198 
16.965791 -7.898490 16.085285 
16.735121 -7.318547 16.838143 
16.087517 -6.812990 16.174946 
15.529320 -6.013645 15.972426 
14.433668 -6.126927 16.276512 
14.554481 -6.622665 15.410048 
13.525483 -6.267861 15.040870 
13.248993 -5.247992 14.607999 
14.119572 -5.485930 14.483164 
14.220972 -4.955993 15.344542 
14.576637 -3.981906 15.066599 
15.341790 -3.317174 15.313806 
15.175431 -3.384704 14.375923 
14.247692 -3.517520 13.905979 
13.315683 -3.645478 14.228716 
13.521927 -2.657081 13.854110 
14.462623 -2.530317 13.707405 
14.126842 -2.489378 14.707406 
13.327280 -3.220416 15.155502 
12.634373 -2.603600 14.612668 
12.038409 -2.231382 13.805778 
11.856119 -1.384207 14.109671 
12.552328 -1.121236 13.333646 
13.362879 -1.731294 13.037973 
14.057014 -1.538944 13.955752 
14.359454 -1.343575 13.029997 
13.959843 -1.612903 12.105713 
14.772336 -1.744634 11.588332 
15.661412 -2.157495 11.589169 
15.380054 -3.031518 12.105608 
14.742818 -3.752981 12.705619 
14.980441 -3.998060 11.726722 
15.296578 -4.653174 11.077080 
14.473323 -4.721527 11.505679 
14.536686 -5.342479 12.341768 
14.459688 -5.368464 13.347774 
13.917436 -4.470805 13.344490 
13.110214 -4.783968 13.796077 
12.350918 -5.386686 13.424564 
12.662882 -6.301812 13.218451 
12.925205 -6.939257 12.506802 
12.140003 -6.499992 12.238742 
11.680777 -7.393576 12.720106 
11.671365 -6.557326 13.365078 
11.075959 -5.854725 13.840187 
10.174707 -6.373907 13.952343 
10.560768 -6.650699 13.070153 
10.113503 -5.757485 12.985063 
9.120353 -5.445439 12.953228 
9.232059 -6.421032 12.599575 
9.996886 -6.532764 12.058690 
9.198224 -6.391434 11.544672 
10.007304 -6.573939 10.924091 
10.783347 -7.249384 10.729892 
10.524404 -8.245872 11.092542 
9.612623 -8.198963 10.589989 
9.941354 -8.183546 9.509433 
9.534045 -9.089407 10.031283 
10.422716 -9.289496 10.619724 
10.754421 -8.653807 9.870161 
11.597826 -9.019468 10.272862 
12.702060 -8.910498 10.383408 
13.664424 -8.827249 10.193729 
13.110021 -9.362858 9.407436 
13.109240 -8.957110 8.559333 
13.974639 -9.188244 7.929626 
15.051270 -9.213613 8.124600 
14.475033 -10.010249 7.778366 
14.382214 -9.748687 8.770047 
14.335317 -8.975109 9.445930 
14.796089 -8.450646 10.095674 
14.847085 -7.477705 9.809335 
14.582852 -5.864647 9.822378 
15.590955 -5.316039 8.014941 
15.636390 -6.452121 8.237486 
14.710226 -6.492829 7.778061 
13.958031 -6.655241 8.437221 
13.105923 -7.283148 7.695497 
13.976923 -7.689283 7.913514 
14.495497 -7.756488 8.772070 
13.567132 -8.047896 9.037105 
12.953795 -7.930132 10.323321 
13.170637 -7.841807 11.910413 
13.892519 -8.648396 11.787204 
13.884526 -8.697488 12.782902 
13.370807 -9.290450 13.468985 
12.243749 -8.199344 13.559279 
12.102171 -4.408348 13.415350 
13.012246 -3.227475 13.113090 
13.477606 -2.804472 12.413397 
14.521706 -2.467968 12.596145 
14.123695 -2.582823 11.586196 
13.880539 -3.501048 11.239206 
13.025220 -3.208902 10.804166 
13.814697 -3.269319 10.135396 
13.385650 -2.973601 9.181178 
12.465455 -2.778080 9.588537 
13.504282 -6.353278 12.890656 
17.204864 -9.315480 16.241975 
17.015294 -8.810904 17.977826 
18.455676 -8.684793 19.395253 
20.095488 -10.988799 18.115862 
19.575240 -10.738510 17.274859 
19.608044 -9.587851 17.252801 
19.503761 -9.035129 18.586131 
17.961984 -11.407864 19.337748 
18.668657 -12.023816 19.988328 
18.089789 -11.880488 21.458517 
17.729476 -11.222133 22.112102 
16.839040 -11.688532 22.174127 
16.902620 -11.286382 21.082860 
15.821884 -10.818589 20.479687 
15.281074 -10.560176 21.525231 
16.453821 -10.476499 22.666608 
16.673593 -10.488514 24.369110 
16.552640 -9.693779 25.200129 
16.234911 -8.267002 25.638084 
15.808032 -7.043298 23.516241 
14.552684 -6.569472 22.154758 
14.191150 -5.982129 21.401784 
14.327415 -5.416128 20.505820 
14.081776 -6.342564 20.159916 
14.190084 -6.040999 19.033225 
14.942206 -6.640562 18.729849 
15.192351 -5.629653 18.628227 
15.026717 -4.675308 18.789720 
14.836960 -4.069594 19.638932 
15.104850 -3.432745 20.456909 
15.736520 -4.539803 23.988131 
13.623935 -3.178720 27.188552 
13.145801 -1.293206 28.119185 
14.498567 -0.895057 28.990312 
15.317784 -2.642061 29.441294 
14.779751 -2.900926 31.199802 
14.395205 -4.048009 32.282205 
13.601553 -3.489877 32.062945 
12.517228 -3.225792 31.840865 
12.993674 -3.009823 31.037415 
12.617282 -2.127049 30.609460 
12.786156 -3.030797 29.022695 
13.359024 -2.207910 28.609895 
14.351994 -1.888543 28.657557 
14.676731 -2.645196 28.006452 
15.257823 -1.906896 27.549426 
14.423333 -1.907683 27.011402 
15.951891 -2.860930 26.711951 
17.004345 -3.200003 25.983716 
17.467844 -4.103199 25.501281 
17.060434 -4.213136 24.353873 
16.910736 -5.673588 23.946895 
17.027074 -6.243597 24.861807 
17.437147 -5.447525 25.433573 
17.765107 -5.675374 24.451085 
18.163130 -6.235141 25.111848 
19.121037 -5.972569 25.566371 
19.433862 -6.630113 24.272306 
19.268017 -7.290301 24.849525 
18.752725 -8.151380 24.829351 
18.298212 -7.266757 24.570432 
18.315843 -8.154860 23.385203 
18.316051 -8.944061 24.003857 
16.975642 -8.768671 23.364783 
18.161779 -6.491204 22.674353 
19.195928 -4.527706 21.743897 
19.408971 -3.042121 20.631827 
19.359542 -2.952714 21.677002 
18.599468 -2.425294 22.164136 
17.647393 -2.972063 21.898719 
17.449886 -2.238236 21.185704 
18.174889 -2.354738 20.434120 
17.951406 -3.219545 19.676348 
18.985984 -3.595300 19.750714 
18.531914 -4.003902 20.600183 
17.684809 -3.466458 20.873505 
17.249998 -4.119812 20.373466 
18.101955 -4.746799 19.373295 
17.221808 -4.557682 19.313586 
16.302279 -5.035362 19.093042 
16.774354 -4.339547 18.423102 
15.962704 -4.587704 17.878297 
16.586418 -5.438164 17.540186 
16.881582 -6.076027 18.234148 
17.111617 -7.160448 18.014495 
19.491750 -7.153894 18.640357 
21.234416 -6.857631 19.938966 
21.540180 -6.219784 20.817852 
22.153552 -5.753228 20.238891 
21.803630 -4.944095 20.941633 
19.862337 -5.324227 20.305223 
19.591807 -6.257136 19.900518 
19.803907 -6.844622 20.887812 
18.843511 -7.067796 20.533732 
16.754614 -6.509112 20.085196 
