14.123695 -2.582823 11.586196 
13.880539 -3.501048 11.239206 
13.025220 -3.208902 10.804166 
13.814697 -3.269319 10.135396 
13.385650 -2.973601 9.181178 
12.465455 -2.778080 9.588537 
11.763752 -3.558408 9.754467 
12.539405 -4.001635 10.353008 
12.213233 -4.913681 9.983746 
13.127928 -5.212119 9.977970 
13.438210 -4.530256 10.708383 
13.057141 -4.370796 11.649833 
13.568221 -5.196607 11.778376 
13.209675 -5.446512 12.761143 
13.003061 -6.110405 11.816555 
13.974482 -6.466874 12.040507 
13.949517 -6.460815 13.059987 
13.478106 -6.818168 13.935746 
14.148496 -7.249400 14.604979 
13.715035 -7.007464 15.572331 
13.310359 -7.793017 15.072191 
14.157513 -8.033601 15.723095 
14.072549 -8.954332 15.012065 
14.864814 -9.662000 15.162625 
14.989862 -8.926193 15.955449 
16.048921 -9.077967 15.701296 
16.747523 -9.465820 15.036284 
17.808607 -9.331954 15.196539 
18.466197 -9.356458 15.928527 
17.875580 -8.882575 16.821211 
17.643054 -9.891613 17.243091 
16.797348 -10.146977 16.710677 
16.916977 -9.154085 16.369958 
16.539567 -8.531870 17.170190 
16.990587 -9.272873 17.787113 
17.040001 -8.348936 18.168538 
16.936775 -8.877978 19.048843 
15.949631 -8.476729 19.042790 
15.359200 -8.939026 19.785693 
15.092064 -8.366712 20.699302 
15.604413 -7.985650 21.402412 
14.927722 -8.641969 21.722327 
15.602367 -9.570338 21.679740 
16.413701 -9.093175 21.391407 
16.552881 -8.186693 20.744301 
17.479781 -8.586337 20.375064 
18.374231 -8.263957 19.790237 
18.682146 -9.300066 19.688311 
18.121272 -8.857012 18.886150 
18.861718 -8.232940 18.381263 
18.098268 -7.784591 17.758404 
18.862606 -8.391732 17.450343 
19.860777 -8.477644 17.303267 
20.378491 -7.919843 18.106730 
21.039582 -8.792451 18.348594 
21.161855 -9.233606 19.244160 
21.305723 -8.086119 19.364414 
22.201933 -7.891527 19.374490 
22.041168 -8.939025 18.848605 
21.674179 -9.844547 18.332461 
20.809416 -10.380170 18.112026 
20.095488 -10.988799 18.115862 
19.575240 -10.738510 17.274859 
19.992183 -9.814752 16.947836 
19.223904 -9.360951 17.557767 
19.503761 -9.035129 18.586131 
20.132733 -9.703417 19.056009 
19.509942 -10.380590 19.579500 
19.582108 -9.553135 20.155273 
18.863569 -10.303295 20.289593 
17.886223 -9.855003 20.536292 
17.117385 -10.186444 20.031909 
17.747095 -10.953090 20.483771 
18.333778 -10.895016 19.545987 
17.434503 -12.078059 18.944019 
18.814782 -12.798449 19.086140 
18.877789 -11.937476 19.539596 
18.459525 -12.110157 20.437060 
18.089789 -11.880488 21.458517 
17.284258 -11.455333 22.143114 
16.902620 -11.286382 21.082860 
16.231322 -11.448816 20.424089 
15.526333 -11.042290 19.803065 
15.603652 -10.447809 21.072275 
15.586109 -11.117170 22.421347 
16.189050 -10.313109 22.292424 
16.748218 -9.560272 22.699475 
17.169052 -10.527593 22.569726 
16.491975 -9.364199 24.679790 
15.177385 -6.523242 22.799790 
14.259283 -5.699128 20.953802 
13.654400 -6.158845 20.366788 
14.509152 -6.526284 19.953043 
14.190084 -6.040999 19.033225 
14.942206 -6.640562 18.729849 
15.192351 -5.629653 18.628227 
15.026717 -4.675308 18.789720 
14.836960 -4.069594 19.638932 
15.104850 -3.432745 20.456909 
15.617478 -4.532967 24.330455 
13.348074 -2.097812 27.712591 
14.963103 -0.699260 29.014413 
14.155011 -2.649756 29.589448 
17.004345 -3.200003 25.983716 
17.467844 -4.103199 25.501281 
17.060434 -4.213136 24.353873 
16.910736 -5.673588 23.946895 
18.107144 -7.073223 23.694729 
19.074375 -7.087528 22.330625 
18.752086 -6.195690 23.281794 
18.276416 -6.447402 24.159088 
17.589450 -6.477124 23.335396 
17.829197 -5.491438 23.501554 
19.056293 -5.274211 22.741864 
17.949069 -4.730104 21.532125 
19.531710 -3.766417 21.208811 
18.264072 -2.647077 21.731390 
18.174889 -2.354738 20.434120 
18.489768 -3.606249 20.009082 
17.672105 -4.327510 19.861429 
16.302279 -5.035362 19.093042 
16.774354 -4.339547 18.423102 
15.962704 -4.587704 17.878297 
16.734000 -5.757096 17.887167 
17.111617 -7.160448 18.014495 
17.749377 -6.498454 17.444874 
18.675438 -6.969234 17.224680 
19.039188 -7.345173 18.232369 
19.265588 -6.899393 19.164749 
19.705238 -7.459093 19.910694 
20.482541 -6.025040 20.166210 
16.992063 -6.884884 20.729006 
15.576912 -5.132164 20.764418 
16.698574 -6.296616 19.313865 
18.401823 -6.501050 18.560685 
19.836165 -6.139320 17.990212 
19.736930 -6.045606 16.677513 
18.946512 -6.525908 16.614556 
17.648817 -6.458507 16.395263 
17.663340 -5.432041 16.011372 
16.453423 -4.461187 16.134200 
16.150314 -2.569961 17.326072 
15.292454 -2.005044 17.614027 
14.295718 -1.500087 17.622272 
13.597587 -1.436026 16.848421 
13.412795 -0.407238 17.132030 
13.328107 -0.263385 18.195155 
12.451219 -1.056754 19.252627 
11.730442 -1.964969 20.600683 
11.930110 -2.931687 21.112551 
11.658652 -1.618047 21.552067 
12.274388 -0.128323 21.290172 
13.323373 0.024349 21.190288 
13.653053 -0.405374 20.351977 
13.100441 -1.156869 20.943295 
14.070966 -0.924455 21.339352 
14.014887 -1.536328 20.563804 
13.660609 -2.714255 20.703832 
14.256294 -2.557777 21.385951 
14.834449 -1.643904 21.070594 
15.202748 -0.810663 20.529815 
15.817846 -0.332012 21.580188 
16.650312 -1.375422 21.897117 
16.647407 -2.730199 21.640622 
17.822323 -2.303059 25.460737 
18.894492 -2.622520 26.726115 
19.587260 -1.144697 24.326942 
19.579152 -1.183881 25.388093 
19.629205 -0.208795 25.262238 
20.572814 -0.243546 25.560036 
21.413845 -0.278719 26.224540 
22.233492 -0.270600 25.627087 
23.068916 -0.257556 24.893525 
22.834695 -1.158334 24.544408 
22.403609 -1.346207 23.560636 
22.755345 -1.050159 22.546664 
23.801108 -0.982279 22.494994 
23.460810 -1.139754 21.302214 
22.825503 -1.878190 20.319108 
22.484219 -1.014373 20.687381 
22.385292 -1.180014 21.673500 
22.326302 -1.933684 22.364158 
23.107627 -2.135912 23.017204 
24.195707 -2.305559 22.792031 
24.284215 -2.139662 21.785669 
25.484967 -4.392029 19.257991 
26.031161 -6.539394 19.348425 
25.046807 -6.130319 19.620430 
25.314068 -7.034825 20.285838 
24.552634 -7.615314 20.403499 
23.585893 -7.616644 21.261222 
23.235689 -7.177604 19.241934 
23.347370 -8.101357 19.742261 
22.983366 -8.690306 18.997991 
21.659865 -5.775102 22.223551 
