13.731062 -13.442680 26.010171 
13.560869 -12.499321 25.882803 
14.372945 -12.509735 25.370625 
15.232749 -12.480702 25.049981 
15.306733 -11.742624 24.303010 
15.717291 -12.494991 23.652216 
16.080836 -11.801296 22.925059 
16.727027 -12.343664 23.518381 
17.009391 -11.710506 24.177911 
17.209211 -11.487136 23.133218 
17.688120 -12.213446 22.483860 
17.010389 -12.839632 21.877253 
16.632192 -12.756328 20.982803 
15.999810 -12.820182 20.246915 
14.911742 -12.770065 20.272303 
15.575636 -13.614695 20.593709 
14.608580 -13.941455 20.249162 
15.358102 -14.643254 20.339888 
16.054673 -14.559427 21.185218 
15.122990 -14.119062 21.502464 
14.239358 -13.936108 22.121435 
14.014062 -14.895199 21.792927 
14.987859 -15.321416 22.021158 
14.697602 -15.307153 20.978324 
14.473647 -15.132233 20.007618 
14.414606 -16.187257 20.291177 
13.276534 -16.457269 20.361290 
12.896400 -17.028935 21.029826 
12.668122 -16.841293 22.033498 
12.567300 -17.667368 22.744726 
13.100710 -18.456334 22.924678 
14.106732 -18.195120 23.272958 
14.699500 -18.680782 22.441737 
13.701265 -19.215268 22.241575 
14.424316 -19.807010 22.690935 
14.347677 -19.500470 23.666149 
13.560446 -20.046484 23.755574 
12.687234 -20.082297 24.449727 
12.918540 -19.431017 25.192748 
13.123907 -18.916021 24.350071 
13.383401 -17.871194 24.595359 
12.672478 -17.148402 24.171150 
12.148666 -17.778136 23.637390 
11.307370 -18.337633 23.243042 
10.927460 -17.380483 23.206390 
9.992994 -17.807100 22.871877 
9.992913 -17.217456 23.696457 
10.421702 -16.355357 23.442327 
10.025150 -16.591272 22.459205 
9.461457 -16.124556 21.814228 
10.182283 -15.805618 21.093009 
9.305796 -15.266217 21.310274 
8.549098 -14.955095 20.631853 
7.513114 -14.910598 20.429928 
7.036167 -15.708685 19.969682 
7.631815 -16.486598 19.726011 
8.119445 -15.692974 19.430667 
7.577196 -14.974577 18.894769 
7.637278 -13.961188 19.239724 
8.529790 -14.374425 18.952732 
8.141338 -13.854660 18.174846 
7.112550 -13.792695 18.183515 
7.162719 -13.191804 17.336510 
7.002454 -13.489530 16.333478 
6.850514 -14.378440 16.864073 
5.997286 -14.121413 16.217253 
5.977101 -14.863177 15.519420 
5.376236 -15.407620 16.256601 
6.207288 -16.018940 16.086155 
6.648988 -16.251264 16.954143 
7.521591 -16.463616 16.772661 
8.298491 -16.337531 17.374642 
7.917833 -15.601481 17.996762 
8.955997 -15.553596 18.460919 
9.110868 -13.239888 16.297924 
7.607079 -13.978397 14.906329 
7.745179 -13.947245 15.954259 
8.400692 -14.546622 15.398578 
8.634774 -14.845866 14.521779 
8.809766 -15.795291 15.848831 
9.701696 -16.593498 16.063387 
9.074655 -17.040132 16.780704 
8.902033 -17.678420 16.036973 
9.038604 -18.358016 15.349459 
7.832987 -19.606873 15.673641 
7.722871 -20.515778 16.312872 
8.807603 -20.407786 16.264057 
8.750310 -21.219604 16.834681 
8.912004 -20.153672 19.178571 
11.555122 -19.329508 21.505007 
12.060481 -20.752382 21.344609 
11.623407 -21.025395 20.554894 
11.959345 -20.008274 20.082588 
12.667762 -20.466942 19.217456 
13.448341 -20.642821 19.948008 
13.423022 -19.702404 19.916521 
13.868142 -18.865547 19.631008 
14.520622 -19.000667 18.725946 
13.532304 -19.295931 18.482194 
13.356082 -18.081747 21.147065 
16.330111 -15.105815 22.478852 
15.548476 -15.553268 23.547494 
14.988221 -16.796572 25.217798 
14.004264 -14.278253 24.858758 
13.510612 -13.581929 24.178059 
13.710399 -12.622854 23.140946 
14.673711 -12.242893 23.180143 
13.177696 -15.954163 26.103399 
11.743619 -20.449306 22.875636 
11.318194 -19.703699 22.054766 
10.497781 -20.253451 21.878442 
10.306328 -20.043776 20.874824 
10.230934 -19.020280 20.490342 
10.910524 -17.327085 21.089072 
12.102794 -15.949249 21.764154 
13.008361 -14.350328 20.964802 
13.216363 -12.122053 19.097859 
14.102682 -11.433175 19.480948 
15.193569 -11.700026 17.918118 
15.551563 -14.335118 17.157495 
14.413722 -15.436765 16.056919 
13.804793 -16.248431 15.684569 
13.573252 -17.280030 15.711450 
13.410046 -17.852241 17.052754 
12.736237 -18.824352 16.564698 
12.516425 -17.786956 16.189354 
12.286210 -16.825329 16.475366 
12.245014 -16.046324 15.726264 
11.462954 -15.604312 16.249075 
11.055722 -15.818362 15.278325 
9.902125 -19.261994 16.747035 
6.951776 -21.992570 16.041916 
6.711462 -21.902119 17.829268 
7.342548 -23.000684 17.207156 
6.933736 -24.883732 16.760371 
6.546287 -25.284286 17.498035 
7.072482 -26.428512 17.123806 
7.184486 -26.585908 18.232063 
7.476664 -26.076087 19.527673 
8.037360 -26.734430 20.060700 
7.817951 -25.075689 21.389693 
7.922165 -22.719523 21.417852 
8.791592 -23.073366 22.068423 
9.766174 -23.232214 21.662721 
10.707752 -22.685977 21.847347 
10.330343 -22.432326 20.975588 
11.235700 -21.807364 20.853489 
10.472260 -20.952955 20.052006 
10.568987 -19.419528 18.250965 
10.644751 -19.692750 17.252243 
11.981768 -19.201178 17.464619 
13.196062 -19.953464 17.391234 
13.496460 -19.049606 17.523074 
14.398152 -18.555367 17.317254 
14.946755 -19.240579 17.827467 
15.158612 -18.974509 16.812880 
16.042011 -18.924592 16.285805 
16.971783 -18.094803 17.189618 
16.695268 -18.295308 18.312819 
16.084386 -17.678960 18.857269 
15.501606 -18.229663 18.104050 
15.174571 -17.307955 18.439765 
15.868923 -16.303708 19.260208 
16.858435 -17.175895 19.906238 
15.682119 -16.883676 19.504771 
14.655188 -16.541776 17.329883 
14.458656 -14.323215 17.175656 
13.531092 -14.507916 16.804545 
12.601295 -15.044801 16.828326 
13.452289 -15.473845 16.434761 
13.428665 -15.745552 17.343955 
12.883187 -16.214311 18.180262 
13.021584 -16.902233 17.534124 
13.376821 -17.116613 18.520534 
13.922937 -16.915178 19.492458 
13.280571 -17.619688 19.314391 
12.439978 -17.008453 19.156117 
12.180900 -16.101174 19.312155 
11.727603 -15.748680 18.600852 
10.860126 -15.215047 18.701267 
10.506120 -14.155249 18.893534 
11.058692 -13.265256 18.722997 
11.581254 -12.899053 17.941848 
10.805373 -12.867158 17.184611 
10.301815 -13.697542 16.679669 
11.954830 -14.320292 17.376806 
11.639464 -14.511659 19.028806 
12.657258 -14.734509 19.805006 
14.018860 -14.431421 19.269208 
13.818761 -13.769277 18.547938 
16.161430 -14.455246 18.372155 
16.818012 -16.360528 19.056611 
17.623826 -16.947608 19.166995 
18.163361 -16.172228 18.581283 
18.391603 -18.142321 20.616607 
