-34.220643 1.920601 -2.264182 
-34.845492 1.205472 -2.730759 
-35.012819 2.153959 -3.121538 
-34.635188 3.255468 -3.155119 
-34.171420 3.157649 -4.092746 
-34.812675 3.450405 -4.932161 
-34.683708 2.393087 -5.176219 
-33.844458 3.094241 -5.413526 
-33.525988 2.209364 -5.156310 
-33.597417 1.561922 -4.406576 
-33.813479 0.824393 -3.676284 
-32.947589 0.818146 -3.152981 
-32.905920 1.764961 -2.953139 
-32.103849 1.495994 -2.457868 
-32.305318 0.587929 -2.437550 
-31.653253 0.870917 -3.086324 
-31.693946 1.247721 -4.017707 
-30.980867 1.887176 -4.522154 
-30.984448 1.963719 -5.680840 
-31.282730 2.156628 -6.602058 
-32.106008 2.528801 -7.122506 
-32.177469 3.203668 -6.298632 
-31.447776 3.929818 -6.497162 
-30.729885 3.294941 -6.912642 
-31.143698 3.224180 -7.762944 
-30.514050 2.404311 -7.331036 
-30.303403 2.529147 -8.366827 
-30.155369 1.503330 -8.385373 
-31.076944 1.654776 -7.930126 
-30.552654 1.186883 -7.122863 
-31.132556 0.559521 -6.628746 
-31.842517 0.883477 -7.212163 
-32.253141 0.951426 -6.132950 
-32.739896 0.100425 -6.024041 
-31.705107 -0.155696 -6.006528 
-30.814901 -0.535013 -6.099190 
-30.044238 -0.696698 -5.563824 
-30.119070 0.289539 -4.975988 
-30.938203 -0.408926 -4.859391 
-30.695466 -1.380398 -4.275974 
-31.136222 -0.747104 -3.595476 
-31.984755 -1.356046 -3.499031 
-32.952162 -0.831485 -3.588473 
-33.020322 -0.458405 -4.518378 
-32.122204 -0.431167 -5.043666 
-32.467472 0.566736 -4.908931 
-32.594291 0.398745 -3.969074 
-31.860889 -0.313261 -4.133292 
-31.809987 -0.232911 -3.145656 
-31.824714 -0.882422 -2.361845 
-31.833293 -1.899373 -2.210070 
-31.318461 -2.852190 -2.182715 
-31.042091 -2.693192 -1.177984 
-31.658213 -3.564374 -1.077414 
-30.935809 -4.188269 -1.324716 
-31.297794 -4.621558 -0.342915 
-32.103758 -4.377636 0.304082 
-32.749953 -5.051739 0.721964 
-32.279784 -5.969633 0.723922 
-32.804512 -6.926733 1.053641 
-33.485075 -6.153294 1.001465 
-33.723002 -5.328226 1.312378 
-33.143148 -4.403829 1.675629 
-33.747668 -3.600550 1.678911 
-33.195379 -3.270242 0.825707 
-33.286353 -2.674968 1.748631 
-34.412357 -2.466946 2.001403 
-33.846492 -3.157679 2.546395 
-33.595400 -2.659903 3.567157 
-34.414618 -3.251070 3.785515 
-33.823039 -3.989075 3.582755 
-33.425739 -3.632523 4.482800 
-32.725918 -4.304323 4.139061 
-32.173539 -5.104006 3.622418 
-33.227854 -3.195506 4.334492 
-34.455566 -1.828268 0.942624 
-33.934535 -0.978630 0.531790 
-32.994447 -0.979599 0.015863 
-32.915074 -1.111488 1.039105 
-32.333639 -0.617260 0.464469 
-32.936498 0.497647 -0.182674 
-32.298435 1.336008 -0.032982 
-33.173628 1.404373 0.477804 
-33.749878 1.540845 -0.775294 
-33.112369 0.435229 -1.654421 
-33.453030 0.100798 -2.511655 
-32.822541 -0.671953 -2.557556 
-32.491348 -0.896207 -1.539052 
-33.177588 -1.881309 -1.107519 
-30.648234 -2.927990 -3.302312 
-30.646216 -3.988957 -2.402683 
-31.509687 -3.530322 -3.373188 
-32.531691 -3.271104 -3.612818 
-32.097136 -3.978208 -4.335857 
-32.074488 -3.009941 -4.679775 
-32.640185 -2.073127 -4.385140 
-33.395488 -2.596813 -3.917502 
-33.287161 -3.171050 -2.971017 
-33.250564 -4.264720 -2.975965 
-33.959581 -4.794753 0.213190 
-33.317731 -8.450443 1.724299 
-32.477614 -8.677941 -0.276211 
-31.925388 -7.220714 -1.843594 
-31.421674 -10.811470 -2.413712 
-31.204111 -11.853667 -2.664319 
-30.047297 -12.359472 -2.945651 
-29.314165 -11.400286 -2.574780 
-32.462480 -9.356125 -3.258964 
-32.825862 -5.237583 -4.660670 
-32.199461 -5.413165 -3.821597 
-32.020868 -6.200174 -3.065265 
-32.003228 -7.033538 -3.687995 
-31.937087 -6.435166 -4.527447 
-30.790582 -6.449607 -4.710888 
-29.716014 -6.298536 -2.980070 
-30.630457 -4.853839 -4.128586 
-30.695379 -4.307542 -5.947268 
-31.401750 -2.375858 -5.107216 
-30.467824 -1.834361 -6.079444 
-30.956532 -2.231347 -8.035723 
-30.092368 -2.223551 -9.452821 
-29.462310 -1.660328 -10.022607 
-29.587025 -1.080630 -10.897645 
-30.442078 -1.554292 -10.709396 
-30.677645 -0.917015 -9.403863 
-30.380488 -0.043125 -8.795699 
-30.659205 -0.108620 -7.867021 
-31.141591 0.590200 -8.371959 
-32.081565 0.209244 -8.641457 
-32.313087 -0.702569 -9.150705 
-32.837865 0.929135 -8.107423 
-32.387702 -2.020777 -6.478369 
-33.901757 -3.461112 -4.973648 
-33.290582 -4.311722 -5.309671 
-32.349101 -4.964751 -6.226582 
-31.981911 -6.791135 -6.483979 
-31.951996 -6.894692 -7.785552 
-31.999330 -5.611761 -7.248392 
-32.329073 -5.908961 -8.183230 
-32.074119 -5.137880 -8.837572 
-30.572359 -4.655519 -7.792518 
-30.504516 -3.634431 -8.318756 
-29.656804 -2.915354 -8.494297 
-30.579579 -2.741077 -8.745262 
-31.111637 -3.326392 -9.454250 
-31.754321 -2.381637 -9.437420 
-32.121236 -2.749737 -10.437916 
-33.094110 -2.291845 -9.355814 
-33.543470 -1.357495 -7.963561 
-34.410251 -1.867102 -7.820453 
-33.711270 -3.096840 -7.777394 
-32.867291 -2.637740 -7.781071 
-33.089330 -3.344730 -8.424900 
-32.275683 -4.058169 -8.463195 
-32.654468 -4.160306 -7.498952 
-33.624418 -4.482563 -7.793809 
-33.191605 -4.828438 -8.739940 
-32.475504 -4.366962 -9.843180 
-31.194349 -4.214107 -9.858499 
-31.189177 -4.274474 -10.848059 
-31.545629 -4.092050 -11.889536 
-32.420529 -4.909422 -11.930893 
-32.086619 -5.549826 -10.851031 
-31.509633 -5.898903 -9.683578 
-31.297435 -8.244093 -10.110419 
-30.385413 -8.412430 -6.983070 
-29.232396 -7.468570 -7.802966 
-30.198059 -7.197302 -7.600744 
-29.984705 -6.306685 -8.037482 
-30.995075 -6.784397 -8.134459 
-30.404269 -6.459873 -8.878080 
-29.802865 -6.800559 -9.728636 
-29.201816 -7.291729 -8.884085 
-28.573229 -6.510022 -8.509775 
-28.990278 -5.634041 -8.835456 
-29.381838 -5.738104 -9.866798 
-30.403541 -5.547756 -10.053820 
-30.010460 -4.823916 -9.637711 
-29.552457 -4.023886 -9.348409 
-30.070477 -3.578503 -10.114837 
-29.954126 -3.578034 -11.181101 
-30.006337 -2.608452 -11.530157 
-30.725127 -2.542421 -12.378045 
-30.859173 -2.235129 -13.385166 
-29.898227 -2.552152 -13.323212 
-30.076569 -3.752547 -13.433715 
-29.294702 -4.981979 -12.775488 
-29.155684 -5.493126 -13.705568 
-29.887534 -6.538449 -13.641040 
-29.418162 -6.746475 -12.763170 
-28.222258 -8.043214 -12.345641 
-28.773494 -9.033485 -12.019953 
-28.706729 -8.978860 -10.919829 
-28.172114 -9.424655 -10.158835 
-30.640002 -8.410885 -10.552281 
