-30.566338 -14.263975 -8.816695 
-30.308536 -13.503941 -8.231707 
-30.877924 -12.699784 -7.793765 
-30.965338 -11.899508 -8.526516 
-30.599672 -10.876821 -8.275698 
-29.746897 -10.782790 -7.678812 
-29.984284 -11.628932 -7.014706 
-29.390613 -12.435489 -6.681116 
-29.801221 -12.808168 -5.827530 
-29.352309 -13.577098 -6.319047 
-30.090314 -14.391199 -6.039826 
-31.003335 -14.632544 -5.399734 
-30.517684 -13.691864 -5.200849 
-29.818289 -14.140772 -4.668101 
-30.242270 -14.789806 -4.024794 
-30.760218 -14.097478 -3.250069 
-30.631211 -13.277311 -2.687197 
-29.688220 -13.758946 -3.017709 
-29.914895 -14.787390 -3.032376 
-30.206253 -15.684229 -3.276769 
-30.066186 -15.974718 -4.241617 
-30.001828 -16.669833 -4.939496 
-29.535769 -17.181945 -5.599245 
-28.857424 -17.423689 -6.245326 
-28.946810 -16.498320 -6.534523 
-27.978454 -16.450005 -7.095056 
-28.205695 -15.594168 -6.502832 
-27.905126 -16.203391 -5.771143 
-27.878470 -16.716780 -4.818822 
-28.256447 -17.593096 -4.338631 
-27.398123 -17.618523 -3.648857 
-26.424739 -17.701592 -3.917577 
-26.845300 -18.562664 -4.387467 
-26.565010 -19.365954 -4.995797 
-27.335849 -19.153987 -5.723558 
-27.811960 -20.012666 -6.065126 
-28.306325 -19.741985 -7.062053 
-28.971926 -18.885839 -7.204172 
-28.491035 -18.889004 -6.283401 
-29.010650 -19.255007 -5.537426 
-28.841482 -19.685333 -4.632582 
-28.355077 -18.839749 -4.374881 
-28.807034 -18.464038 -3.422028 
-29.882471 -18.474500 -3.265771 
-30.181494 -17.507637 -3.555341 
-29.790775 -16.992873 -2.732927 
-30.016984 -17.714281 -2.018120 
-29.216304 -17.565152 -1.469132 
-29.827236 -16.936063 -1.060258 
-29.963637 -17.966442 -0.697859 
-29.188652 -18.665088 -1.142739 
-28.206275 -18.585788 -1.057369 
-28.123102 -19.236035 -0.257016 
-27.488848 -18.931486 0.482124 
-26.602252 -18.261937 0.651898 
-26.391880 -17.249664 0.379149 
-27.205564 -17.417607 -0.302803 
-27.831000 -16.775249 -0.732070 
-27.527590 -16.744178 0.377913 
-28.510474 -16.805721 0.350196 
-28.998051 -16.988751 -0.453833 
-28.994361 -15.905031 -0.899712 
-28.285373 -15.204054 -0.656117 
-28.479488 -15.173729 -1.783416 
-28.669916 -14.246062 -2.150314 
-29.337672 -13.399513 -2.107956 
-28.933301 -13.235619 -1.109116 
-29.930006 -12.827475 -1.120156 
-30.746582 -13.378848 -1.662649 
-31.118797 -12.504646 -1.587518 
-32.079747 -12.779152 -1.186502 
-31.746046 -11.845777 -0.792797 
-32.536021 -11.678272 -0.071388 
-32.188463 -12.640460 0.146884 
-30.214823 -11.906527 0.071248 
-31.890200 -12.296680 1.811527 
-31.979287 -13.345499 1.897214 
-31.002520 -13.355651 2.128250 
-30.700738 -14.220476 1.654649 
-31.383362 -14.834992 0.561048 
-31.431729 -14.897357 -0.621407 
-30.674322 -14.804046 -1.355495 
-30.464769 -15.586114 -1.940541 
-30.099029 -15.624903 -0.930304 
-30.945610 -17.094195 -0.745727 
-30.185340 -16.962330 -0.006453 
-29.513366 -16.283908 0.050009 
-29.381325 -15.276156 0.347569 
-28.837466 -13.608691 0.275662 
-27.148638 -14.872947 1.089556 
-27.233028 -17.488757 1.762384 
-27.284272 -19.076583 1.732123 
-27.855638 -19.498786 2.484948 
-28.262131 -20.390464 2.643988 
-27.204866 -20.218443 2.966927 
-27.350250 -21.172448 3.566957 
-26.667295 -21.195686 2.727906 
-26.662337 -20.553970 2.013249 
-26.594203 -21.551754 1.761650 
-26.371053 -18.267845 -0.818960 
-28.223354 -14.720125 -4.243286 
-28.882157 -13.276643 -4.851998 
-30.155473 -11.660769 -5.023768 
-31.773269 -11.728301 -3.555820 
-30.948811 -12.072575 -4.140671 
-30.433537 -10.672750 -4.204131 
-31.387546 -10.375220 -4.570850 
-30.806959 -8.221697 -0.485303 
-30.211234 -10.703124 1.563199 
-29.899472 -9.834960 2.428437 
-28.849981 -10.162458 2.083844 
-28.292979 -9.347126 2.389389 
-27.616168 -9.433380 3.106185 
-27.846650 -11.083011 3.677104 
-28.590801 -12.051474 4.982993 
-28.466070 -13.849218 5.458679 
-29.140463 -14.016957 3.925689 
-28.980735 -14.920622 2.238312 
-28.745663 -15.906622 1.381511 
-29.218334 -17.816545 1.373519 
-29.156784 -18.429102 2.770895 
-28.091357 -18.290794 2.541729 
-27.705015 -18.360327 3.445725 
-26.722288 -18.629762 3.552369 
-25.653914 -18.313661 3.442799 
-25.546140 -17.645724 4.258991 
-26.225832 -16.972375 4.016139 
-25.629884 -17.288180 3.233019 
-24.764664 -17.971730 3.127405 
-23.714936 -17.853497 2.726029 
-26.130337 -16.056183 0.531317 
-26.674282 -11.558469 -2.921272 
-24.825801 -13.588327 -3.444454 
-26.170402 -15.085487 -3.559181 
-27.232124 -16.011543 -4.620288 
-26.570059 -16.470069 -4.615304 
-26.667893 -16.229370 -6.384744 
-26.909923 -17.465781 -5.954615 
-26.622797 -18.340531 -5.643494 
-25.578294 -18.734862 -5.183227 
-26.155858 -18.458215 -3.636122 
-27.116892 -19.737551 -3.032124 
-27.474244 -20.094798 -2.078925 
-27.991517 -19.806193 -1.278718 
-27.122174 -19.261189 -1.311578 
-26.274357 -19.143309 -0.977944 
-26.041142 -20.139945 -0.903599 
-26.682455 -21.108157 -0.873744 
-26.174220 -22.787147 -1.103269 
-26.719453 -23.016358 -1.958357 
-26.642435 -21.810921 -2.470181 
-25.619915 -21.846825 -1.988108 
-25.204080 -20.945434 -1.922002 
-25.274560 -20.944275 -0.948148 
-24.678045 -21.756387 -1.098117 
-25.636315 -21.956395 -1.093734 
-25.604206 -22.067236 0.018424 
-25.504386 -20.533275 0.297743 
-24.895093 -19.996042 -0.420879 
-24.275380 -19.398625 -1.054337 
-25.275116 -19.186587 -1.380145 
-25.075913 -19.599235 -2.452502 
-24.717967 -20.499306 -3.297014 
-23.941577 -21.371917 -2.582424 
-21.672894 -21.035358 -2.358408 
-23.806783 -23.435042 -3.051659 
-25.117235 -22.509405 -6.090071 
-24.347034 -22.097215 -6.835256 
-24.767643 -21.088725 -7.265061 
-23.681148 -21.195514 -7.590976 
-23.896730 -21.290067 -8.594966 
-24.710226 -20.804105 -8.367713 
-25.450499 -21.223009 -8.955331 
-26.321461 -20.655706 -8.647019 
-25.697740 -20.758228 -7.769995 
-26.332998 -20.173782 -7.249815 
-26.853197 -20.451741 -6.478769 
-25.920820 -20.871779 -5.776287 
-25.972318 -19.563988 -6.051800 
-25.723209 -18.530409 -6.165390 
-26.363967 -18.917494 -6.933826 
-26.284774 -18.529662 -7.795644 
-27.242289 -18.950320 -7.852512 
-27.294247 -19.333726 -8.725922 
-28.200056 -19.002331 -8.623033 
-26.592304 -17.858041 -8.361958 
-23.531281 -18.435728 -7.800262 
-22.586256 -18.756944 -7.597532 
-23.347086 -19.677294 -7.362690 
-24.319678 -20.336600 -7.684047 
-24.591313 -20.289114 -5.133362 
-25.875142 -20.317750 -4.207959 
-26.758356 -20.550969 -4.606009 
-26.488051 -21.364548 -4.020995 
-24.811952 -23.281283 -2.330684 
