10.631550 -24.039840 21.991315 
10.868385 -23.141849 22.125842 
10.312994 -22.551479 22.715305 
10.628425 -22.100765 21.927035 
11.620240 -22.200172 21.564792 
11.391412 -22.043259 20.508109 
10.532492 -22.459025 20.252913 
11.019959 -22.033230 19.531787 
11.659103 -22.274718 18.735186 
12.553008 -22.483711 19.203063 
12.367409 -21.525997 19.471601 
12.492984 -21.254048 18.472980 
12.871540 -21.957025 17.906938 
13.021884 -22.964434 17.942684 
13.716909 -23.724787 17.690783 
13.797770 -24.191771 16.685290 
13.842397 -23.267844 16.292197 
14.496291 -22.336914 16.568782 
14.893807 -22.193951 15.430597 
14.971417 -21.675293 14.536118 
16.030919 -21.381056 14.580010 
16.512121 -21.144185 13.715348 
16.654116 -20.544098 12.634670 
16.819453 -20.481590 11.599457 
16.186102 -21.249331 11.511138 
16.905434 -21.500576 10.868818 
17.260220 -21.073896 9.907586 
16.533575 -21.255345 9.301400 
15.754959 -21.040208 9.884915 
14.895729 -20.858207 9.382876 
15.606415 -20.739917 8.613554 
15.755459 -21.792725 8.378048 
15.429972 -21.234995 7.608943 
15.752142 -20.269874 7.455878 
15.112690 -20.793997 6.659192 
15.118837 -21.756466 6.326786 
15.731928 -22.320216 6.819718 
16.254848 -21.456942 6.849315 
16.448642 -20.955213 7.776563 
16.907579 -20.359732 8.615995 
16.710379 -19.718239 7.910635 
16.188135 -19.076966 7.268425 
15.204272 -18.963408 6.719969 
15.911361 -19.450717 6.201567 
16.584529 -19.006617 5.421419 
16.461456 -18.031046 4.992782 
16.345140 -17.898642 3.930099 
17.206143 -17.387748 4.319446 
16.277872 -16.999909 4.595202 
16.275891 -16.016685 5.015044 
16.903505 -16.296473 4.098024 
16.942470 -15.287434 4.574842 
17.418871 -14.836714 5.377499 
18.279107 -14.910580 4.844462 
19.234068 -15.178824 5.273441 
20.072102 -15.512253 5.766479 
20.652704 -16.395510 5.556162 
20.372602 -17.283797 5.410849 
20.153748 -17.993865 4.640763 
19.185620 -17.870157 5.209465 
19.106840 -17.865944 6.210857 
19.346748 -16.867419 5.812288 
19.520082 -16.636507 6.878831 
20.169077 -17.400284 7.037974 
20.111107 -18.160240 6.270941 
19.519016 -18.908859 5.964760 
19.236594 -18.624972 6.961764 
18.441204 -18.081997 6.998874 
17.890485 -18.499436 7.673017 
18.302069 -19.271129 8.195950 
17.807805 -18.942726 9.072081 
18.129856 -18.857969 10.034424 
17.323950 -18.358677 10.218698 
17.058106 -17.877664 9.316065 
15.366322 -18.883781 8.204787 
13.267488 -19.817320 7.628253 
14.218670 -19.406266 7.876010 
13.537073 -18.688818 7.632003 
13.587303 -18.361121 8.550724 
13.565187 -17.636451 7.832153 
12.424121 -17.436942 6.706436 
13.140234 -17.775865 6.152447 
13.994614 -17.570264 5.578115 
14.557848 -17.084375 6.495106 
15.350480 -16.735752 7.090545 
16.284513 -16.733124 6.926331 
16.741543 -17.401086 7.552991 
15.915881 -17.804146 8.114421 
16.246450 -15.934665 7.669189 
18.982903 -16.071963 8.227954 
19.001377 -15.310889 7.072616 
18.556917 -16.195618 5.623716 
17.575767 -15.934673 5.208740 
17.540990 -17.074567 6.208842 
18.271080 -17.540485 5.634563 
18.385268 -18.595108 5.772348 
17.336055 -18.470818 5.874883 
17.759239 -19.189610 6.463707 
17.796431 -19.447488 5.475934 
16.744072 -22.433267 4.739208 
18.031587 -23.124308 5.580953 
19.235605 -24.036655 7.351861 
18.972445 -21.371165 7.701635 
21.614788 -21.699843 5.724911 
21.190455 -22.601406 5.413574 
20.520555 -23.402369 5.159148 
19.636218 -22.804210 5.030772 
21.087861 -20.311738 2.618367 
20.655548 -19.401827 1.869361 
22.025027 -21.255027 -0.038929 
24.612895 -21.909844 0.597165 
24.884237 -22.307158 -0.426285 
25.603392 -23.102684 -0.712288 
25.093593 -22.738483 1.054635 
23.945875 -22.648506 1.011455 
22.992813 -21.441123 0.571117 
24.895220 -21.812457 -1.072532 
25.390809 -22.027447 -2.388562 
25.007806 -23.448644 -2.152597 
26.550796 -22.096654 -2.902733 
27.989079 -20.518687 -2.260090 
28.619340 -19.663003 -2.258126 
28.960130 -20.389697 -3.006385 
28.613208 -19.060345 -3.260356 
29.309384 -17.471255 -2.625346 
29.052328 -17.995527 -1.823288 
28.141811 -17.348777 -2.111773 
28.223200 -17.296644 -1.058176 
28.120672 -16.340309 -1.102137 
27.549362 -17.934367 -1.501660 
25.142404 -18.030013 2.257961 
23.412319 -21.811812 4.559175 
22.538836 -20.666593 6.329506 
22.006714 -19.050153 5.068613 
21.752367 -16.977204 5.278890 
21.220402 -17.201064 6.776250 
22.392949 -16.814859 7.561798 
23.224190 -16.151281 8.403333 
22.863180 -16.231855 9.744113 
22.425859 -15.430791 9.296796 
22.124716 -15.497827 10.676009 
22.609430 -14.604230 11.632475 
21.973567 -13.818867 11.410505 
21.972880 -13.156709 12.170268 
21.885962 -12.481445 11.316294 
22.837039 -12.782905 11.628533 
23.204911 -11.754205 11.707990 
24.220002 -11.592649 10.620437 
23.293092 -11.575677 9.928039 
22.975574 -10.895195 9.041064 
23.467590 -11.367323 7.961880 
23.690541 -11.542432 6.834510 
24.560601 -11.036988 6.550569 
25.519819 -11.175929 6.855681 
24.953007 -11.346273 7.633202 
24.119560 -12.770558 7.761721 
22.363392 -14.112578 6.769015 
22.753301 -13.776584 5.748650 
23.331359 -14.657978 6.041069 
23.898483 -13.880755 6.403918 
24.448373 -14.782184 6.728701 
24.241377 -15.999498 7.234920 
24.991270 -16.253553 8.519907 
25.403741 -16.531384 10.300318 
22.707497 -16.516996 13.883152 
19.347666 -17.547742 19.034248 
19.416302 -17.697015 20.958655 
18.827458 -18.699880 21.225171 
17.952785 -19.001906 20.961989 
17.526476 -19.763737 20.355170 
16.520357 -19.876884 20.665292 
16.163997 -20.449189 19.900246 
15.162087 -20.860621 20.256140 
14.202352 -20.756927 20.781398 
14.301811 -20.399103 19.747404 
13.341564 -20.561659 19.591815 
13.766698 -20.149887 18.724408 
14.551241 -19.594950 18.611935 
14.218531 -18.863413 19.197336 
13.616490 -18.676463 18.523291 
13.375150 -18.071044 17.757830 
14.387317 -18.208220 17.681280 
13.874124 -17.199849 17.771254 
14.815123 -17.301733 17.547688 
15.516342 -17.653459 16.790610 
16.307048 -18.772850 16.699877 
17.419134 -18.456520 15.874478 
18.261573 -18.104044 16.163857 
18.765256 -18.192285 15.114714 
19.069956 -17.191098 15.456377 
19.748449 -18.495760 16.118803 
18.911264 -19.611104 15.681477 
19.432359 -20.317735 16.360337 
18.704338 -19.923369 17.441914 
16.923284 -18.575464 18.459869 
