-9.106972 -1.142085 14.885313 
-8.298141 -1.893489 14.992127 
-8.574405 -2.384054 14.115661 
-9.574068 -2.371765 13.705901 
-9.427924 -1.834300 12.820903 
-10.421854 -1.654842 12.771262 
-10.941057 -0.808822 12.568844 
-11.745740 -1.403329 12.872637 
-11.987773 -0.440088 13.337738 
-12.127902 0.011678 14.227980 
-12.111209 -0.597439 15.106076 
-12.633988 -0.507337 15.922297 
-13.485686 -1.122381 15.564330 
-13.381280 -1.105791 14.521961 
-13.334270 -0.112781 14.717472 
-13.668704 -0.311547 13.879884 
-14.630753 -0.590257 14.436157 
-14.527347 0.501845 14.499898 
-15.511394 0.534772 14.891766 
-15.839187 -0.332235 15.423563 
-14.918899 -0.567828 15.856105 
-14.901191 -1.430903 15.300638 
-14.981439 -2.511251 15.617812 
-14.429536 -1.743998 16.216260 
-13.734340 -2.242392 15.528408 
-13.572746 -2.516972 14.496461 
-13.382163 -1.783182 13.812660 
-12.316106 -1.791619 14.112790 
-11.200792 -1.667496 14.147449 
-11.616092 -2.323387 13.494642 
-11.149302 -2.640539 14.304659 
-11.989761 -3.369133 14.388550 
-12.974811 -3.297539 14.524508 
-12.673457 -2.626157 13.739269 
-12.411740 -3.500651 13.544591 
-12.104667 -3.863775 12.597249 
-11.513732 -3.996034 13.437940 
-11.343108 -3.959948 14.413741 
-10.842415 -3.669179 15.312691 
-10.250177 -4.652838 15.486204 
-11.005687 -4.486171 16.025713 
-10.992603 -5.383856 16.472486 
-11.662491 -5.736490 17.417169 
-12.696187 -5.640730 17.471942 
-13.396248 -4.999691 17.200934 
-13.110157 -4.107849 17.080348 
-13.756650 -4.180169 16.275871 
-13.951388 -5.118683 16.075952 
-13.332226 -5.213681 15.283503 
-13.128993 -6.067299 14.627897 
-13.795754 -6.827921 14.664221 
-14.434644 -7.700554 14.544307 
-14.233395 -8.256873 13.688813 
-14.592047 -9.316333 14.013466 
-14.937400 -9.489829 15.110919 
-15.833675 -9.809065 15.428373 
-15.575410 -10.769373 15.925359 
-15.318467 -10.605466 14.961880 
-15.266822 -11.091243 14.040550 
-16.161332 -11.435223 14.500215 
-15.684840 -11.690536 15.209481 
-15.132233 -12.506980 15.313266 
-14.759885 -12.432618 16.226286 
-13.880554 -11.904502 16.826568 
-14.170003 -11.054533 17.198015 
-14.964891 -10.368026 17.295773 
-14.551145 -10.371218 16.323710 
-15.300610 -9.698437 16.669811 
-15.787556 -8.843253 16.506689 
-16.524443 -8.214779 16.010938 
-16.279770 -8.084773 15.072310 
-16.415646 -7.435481 14.218134 
-16.889096 -6.549174 13.640154 
-17.789163 -6.766920 13.113538 
-18.841626 -3.820816 11.887267 
-17.934186 -0.117255 11.027682 
-16.999823 0.068307 11.377202 
-16.082961 0.082488 11.988004 
-16.049214 -0.834797 11.694997 
-16.981147 -1.315729 12.721583 
-17.293710 -0.415466 13.400731 
-16.561796 0.183590 12.897437 
-16.840448 0.561997 13.761760 
-18.118611 1.991254 13.660900 
-17.989141 2.851127 12.566032 
-17.401961 3.179236 11.748839 
-17.390853 3.622871 10.888316 
-18.184197 4.061747 11.301903 
-20.771607 3.310107 9.833390 
-20.575933 1.427351 8.725499 
-19.409008 2.616766 9.672609 
-18.854688 2.407938 10.856964 
-18.847981 2.538878 11.860686 
-19.160326 3.434018 12.458408 
-19.244800 4.347637 12.245503 
-18.277437 4.406607 12.823287 
-17.532985 4.227748 13.690018 
-16.489823 3.821015 13.592464 
-16.294157 2.816953 13.743699 
-13.920493 2.478896 14.949508 
-11.074709 5.076071 15.936372 
-12.474916 7.150193 16.355813 
-12.995315 7.892055 15.282867 
-14.118396 4.202977 16.831111 
-14.092469 5.250383 16.884433 
-13.402124 6.491566 16.917346 
-14.115800 7.084953 15.888145 
-16.845715 9.473093 15.757172 
-20.352590 9.645326 14.279553 
-21.625012 9.296728 14.687905 
-21.165612 8.533838 14.282723 
-21.968823 8.898357 13.761030 
-21.880300 9.233154 12.746006 
-22.899833 9.348659 11.119393 
-24.488158 10.895651 10.642156 
-23.895258 12.158893 10.636026 
-22.095328 12.723226 11.364687 
-22.220287 13.830767 12.651646 
-21.293406 14.437407 13.640543 
-20.934889 16.932617 13.598057 
-23.652260 17.166120 13.169306 
-23.815617 16.824569 12.071427 
-23.210025 16.029263 12.469963 
-22.234159 15.111788 12.380541 
-20.865684 15.073259 12.319667 
-20.375146 16.002405 12.292629 
-19.628380 16.672450 12.296152 
-18.717377 16.743580 12.957654 
-18.366618 17.346363 13.612514 
-18.930159 18.181735 13.249599 
-20.114122 17.968539 10.446225 
-19.967140 15.377971 11.424849 
-19.575235 15.048905 14.221877 
-20.539404 14.247174 15.317102 
-21.637221 15.345438 14.983059 
-20.544396 16.276466 15.459653 
-20.860103 16.231446 14.124130 
-21.337140 17.029322 12.906755 
-22.339745 16.857012 12.308689 
-22.568618 16.684558 11.248847 
-21.596658 15.046317 11.558047 
-20.498908 13.001889 12.449321 
-20.093530 12.675304 13.330054 
-19.900647 12.839258 14.186839 
-20.564659 13.683820 14.234563 
-21.303970 13.142390 14.815101 
-21.682627 12.602885 14.130115 
-21.240317 11.829010 12.451312 
-20.106386 13.010509 11.110611 
-20.600807 13.819847 10.584929 
-20.228941 13.570103 9.271480 
-21.416049 12.834709 8.777439 
-21.221424 13.225830 9.721876 
-21.894941 13.957357 9.798017 
-22.894347 13.833739 9.850162 
-22.674175 14.740059 10.054341 
-22.218448 14.939132 9.024752 
-23.651483 15.046803 8.860696 
-24.043878 15.587585 9.514789 
-23.566239 16.273739 10.172090 
-23.481573 17.252478 10.288168 
-22.978627 17.957648 9.796534 
-21.791801 17.762467 9.361568 
-20.319248 17.443274 8.626532 
-18.030639 15.052914 10.943624 
-19.021781 11.651431 13.915548 
-21.121504 10.854251 13.325471 
-21.200660 9.949741 13.269316 
-20.258604 9.589686 12.828199 
-20.459050 8.597812 12.349075 
-19.877729 8.079616 12.960273 
-18.998469 7.749271 12.525259 
-18.485071 8.687317 12.441458 
-18.820044 9.667493 12.591844 
-19.183029 10.213535 11.870169 
-18.516858 9.387016 11.639812 
-17.797204 9.975826 11.987818 
-17.323763 9.155148 11.207997 
-18.094458 9.009571 10.621017 
-18.275391 9.941030 10.517208 
-17.636000 10.641139 10.945833 
-18.362584 11.478961 11.159177 
-18.221639 11.001191 11.970258 
-18.378345 11.570784 12.864609 
-19.413679 11.646901 12.751642 
-18.779274 13.019441 11.565478 
-18.791954 14.123177 9.906850 
-18.143866 14.759853 8.953570 
-19.044434 15.042585 7.696352 
-19.921250 15.442883 8.122836 
-21.654255 16.041991 8.452868 
-23.497585 17.801087 8.385550 
-23.997068 18.542830 7.755042 
-24.553150 19.300601 7.454106 
-21.901462 18.201108 6.163494 
