16.764190 -11.290947 25.617992 
16.955590 -10.248304 25.685498 
16.154183 -10.057684 26.254285 
15.884669 -9.307154 26.817105 
15.578190 -8.348616 26.567800 
14.831487 -8.867737 26.505397 
15.084065 -8.704504 25.495027 
14.737292 -7.764303 25.280271 
13.786736 -7.430211 25.082889 
14.503144 -6.708736 25.473778 
15.152737 -6.085767 25.918680 
16.165816 -6.198322 26.365680 
16.287999 -5.164796 26.339324 
16.475109 -4.227318 26.529210 
17.114191 -4.704811 25.677793 
17.164883 -5.328081 24.901845 
17.688853 -5.591889 25.870059 
18.416736 -5.644197 25.168028 
18.487999 -6.205125 26.049699 
18.977106 -7.106389 26.411153 
19.643102 -7.963803 26.311092 
20.304438 -7.578668 25.579126 
20.596991 -7.197583 24.625781 
20.968745 -6.809375 23.745428 
21.071594 -7.864792 23.374553 
21.507448 -8.541916 22.709682 
21.207812 -9.381229 23.336693 
20.989217 -10.114125 24.065259 
19.975806 -10.223168 24.280663 
18.992114 -10.001698 24.173249 
18.439153 -9.248776 23.853553 
18.889254 -9.824918 23.101772 
19.110212 -10.814671 22.812721 
19.527514 -11.730193 22.620097 
18.532711 -11.388539 22.228063 
17.700599 -11.724679 22.699438 
17.064546 -12.319701 23.287323 
16.448742 -11.654844 23.695834 
16.289919 -12.494292 24.299663 
15.743235 -13.340994 24.125192 
15.334891 -13.896886 24.905186 
16.125456 -13.192221 25.128212 
16.536777 -12.352756 25.369317 
16.307462 -11.902088 26.284379 
15.642597 -12.635299 25.866430 
14.682897 -12.018706 26.006387 
14.560877 -13.108923 26.103099 
14.835977 -12.773871 26.977582 
15.834876 -13.130798 26.839172 
15.692277 -14.087332 26.601367 
16.529036 -14.140926 25.904839 
17.506592 -14.550955 25.398334 
17.598418 -13.610260 25.569045 
17.580504 -12.715972 25.997517 
18.304528 -12.299523 25.375892 
18.173823 -12.609654 24.452231 
19.274241 -12.435736 24.658807 
19.580458 -12.830257 23.795135 
20.632155 -12.994017 23.723661 
21.293325 -13.338703 24.548111 
20.820161 -14.228795 24.145009 
19.958609 -14.643295 24.398400 
18.921319 -15.056317 24.317263 
18.261993 -14.176219 24.238634 
17.863548 -14.522954 23.364723 
17.087480 -13.985250 23.111696 
17.101141 -13.234026 23.848883 
16.967088 -14.184650 24.226130 
16.418904 -14.881801 24.808722 
15.949032 -15.450584 24.262169 
15.793535 -16.105301 25.258235 
16.607403 -15.734452 25.607420 
16.168370 -16.236488 26.444646 
15.626986 -17.099569 26.409368 
13.444768 -15.259367 25.416501 
10.347133 -16.377197 25.224302 
11.213174 -16.968106 25.351072 
10.754266 -16.878253 26.178763 
9.939690 -17.332092 26.620177 
9.742327 -17.554699 25.459778 
10.968017 -17.464944 24.479395 
10.365762 -17.795745 23.676206 
11.203263 -17.144186 23.392373 
10.578255 -16.185088 23.575695 
12.177518 -15.725649 23.606975 
12.283700 -16.165763 24.602508 
13.291796 -16.311266 24.762249 
13.493497 -15.741409 23.814745 
13.990956 -17.950837 23.961676 
12.692935 -20.577332 24.635889 
11.658752 -19.559944 23.988012 
11.830564 -18.449576 23.722101 
12.225256 -18.208300 22.821751 
11.590947 -18.759531 22.008762 
11.019396 -18.029513 22.072008 
10.350214 -18.965364 22.195672 
10.099570 -18.988782 23.174835 
9.767323 -18.759011 24.065768 
9.606155 -18.654043 25.053376 
7.750570 -21.480026 23.802970 
6.559444 -19.406700 22.582881 
7.436146 -15.393225 22.504492 
5.304359 -16.395615 22.683730 
2.464871 -17.851960 23.666136 
3.450070 -17.442927 23.377641 
3.422994 -16.696990 24.315669 
3.823123 -15.946623 23.465309 
3.005837 -14.269546 22.633384 
5.987727 -17.968595 20.905551 
7.302851 -17.869408 20.734411 
7.830000 -18.608052 20.559719 
8.390201 -18.070751 21.277386 
8.566941 -17.301168 21.944758 
8.525268 -18.997245 22.292116 
9.995245 -18.522654 21.496283 
9.525450 -16.727363 20.413135 
7.630320 -15.075436 20.024145 
7.726170 -14.019142 20.455938 
8.389920 -13.105912 21.046865 
10.014224 -14.663563 21.121496 
10.400792 -16.595839 21.988735 
9.810662 -17.254670 22.363025 
9.517377 -18.178592 22.769961 
8.431522 -17.962598 23.163408 
7.569092 -17.945222 23.517619 
8.507546 -17.776021 23.983924 
9.057221 -16.921498 23.498509 
9.309682 -16.302754 22.647953 
9.721690 -15.357577 22.574315 
8.943320 -15.545510 21.909173 
6.735438 -14.573617 20.917394 
4.254435 -14.030211 25.288436 
2.465844 -14.569229 26.361923 
1.169849 -15.413185 25.754041 
1.340111 -14.600402 25.232153 
0.970737 -13.973331 25.711023 
0.020353 -14.281986 24.402598 
0.007985 -13.987421 23.312246 
0.701873 -14.714678 22.401191 
1.580652 -14.200887 21.814506 
2.686063 -12.993412 22.914431 
3.728757 -10.644084 23.409010 
4.494110 -9.955595 23.152365 
4.326814 -10.361385 22.158351 
5.381499 -10.121253 22.458404 
6.122259 -10.157837 21.649903 
6.320698 -9.852688 20.680395 
5.629027 -8.200785 20.003131 
5.399639 -6.572247 19.433847 
4.686127 -7.222161 19.677517 
3.398082 -7.549952 20.183407 
3.792880 -8.380947 20.478790 
3.661057 -8.971965 19.740608 
4.207014 -9.623700 19.175520 
4.148374 -9.778574 20.288060 
3.379240 -10.151915 19.683978 
2.394563 -9.765257 19.692683 
1.987214 -8.356647 19.640742 
2.088948 -7.282324 18.959860 
2.320074 -6.418643 19.524305 
2.420970 -5.513841 19.058077 
3.249963 -4.807982 18.220170 
3.651443 -4.709124 17.243677 
4.566771 -5.865825 16.976365 
2.673022 -7.724589 17.409884 
1.158079 -8.473887 19.082299 
-0.087430 -8.074067 21.289518 
-0.920401 -7.767558 21.506885 
-0.837113 -7.390927 20.540413 
-1.301321 -6.522141 20.499240 
-1.052150 -5.765740 19.691310 
-1.360939 -5.356297 20.562185 
-1.796257 -5.565276 21.528275 
-0.940095 -5.941861 21.609354 
-0.712953 -6.654464 22.331663 
-0.374797 -6.837669 21.369239 
0.180429 -6.053977 21.072406 
0.815250 -6.714062 20.129565 
1.854532 -6.102062 20.351407 
1.540910 -5.727261 21.325665 
2.129680 -5.094464 21.811164 
2.700109 -5.013391 22.612083 
2.602043 -3.992051 22.802765 
3.233704 -3.287148 23.381418 
3.569798 -2.659350 24.073746 
5.053928 -3.341806 22.425807 
6.504120 -2.672285 21.388202 
7.088629 -3.544766 21.308257 
7.450244 -3.790288 20.327088 
6.802968 -4.424345 19.700202 
5.926394 -3.638733 20.481573 
7.439452 -2.911039 19.201537 
7.353331 -3.800391 18.822125 
7.105220 -4.755194 18.820498 
3.500410 -3.686041 20.425830 
