-0.816500 -1.778704 26.428490 
0.099434 -1.329349 26.339690 
1.022948 -1.121926 26.933612 
0.680495 -2.119277 27.329578 
1.159779 -2.064250 28.284252 
1.866028 -2.314756 27.452805 
2.604053 -3.070721 27.445357 
2.130661 -3.631289 26.713300 
2.438716 -3.365733 25.864648 
1.430498 -3.144913 25.904386 
0.667519 -3.064908 26.832924 
-0.418808 -3.023724 26.800539 
-0.301022 -3.557293 25.980439 
-1.194562 -3.715874 25.227418 
-1.871548 -3.703176 25.967163 
-2.120438 -2.889751 26.303725 
-1.835102 -2.298092 25.467612 
-1.276226 -1.413141 25.300109 
-2.289099 -1.254595 25.028646 
-2.244519 -1.572098 24.064104 
-2.651240 -1.198138 23.188450 
-2.286530 -2.106078 23.036110 
-2.936956 -1.708226 22.416971 
-2.920736 -1.472515 21.241523 
-1.955596 -1.787573 21.287202 
-2.137022 -2.666356 21.819311 
-2.209676 -2.921556 20.829274 
-3.164800 -2.666307 21.299488 
-3.794235 -3.227981 21.938488 
-4.531463 -3.083970 22.685174 
-4.541020 -2.138178 23.266503 
-3.658271 -1.704458 23.278910 
-3.083411 -2.425135 23.779993 
-2.532650 -2.399077 24.593536 
-2.802772 -3.283914 24.781310 
-3.391155 -3.216465 25.584934 
-4.033034 -2.439816 25.207821 
-5.143782 -2.337564 25.329175 
-4.706848 -2.052157 24.570267 
-4.702297 -1.048229 25.019195 
-5.489253 -0.472523 25.540839 
-4.700485 0.187466 25.240943 
-5.444292 0.765997 25.151999 
-4.650531 1.277183 24.973229 
-5.164619 1.910432 24.516348 
-5.272522 2.758037 23.835974 
-5.004409 1.781914 23.410555 
-4.735062 1.943158 22.307745 
-3.843334 1.710035 21.733004 
-3.462608 2.690639 22.021034 
-2.561703 2.995038 21.774511 
-2.430183 2.281036 22.443763 
-2.377721 1.302641 22.275574 
-2.145835 0.866103 23.202879 
-3.131414 0.658804 23.455961 
-3.476496 1.577143 23.761610 
-4.003308 2.086400 24.484059 
-2.988952 2.257473 24.949857 
-3.302522 2.247179 25.919246 
-3.742437 1.195748 25.719135 
-3.654535 1.249564 26.805936 
-4.247917 0.636683 27.310170 
-3.263904 0.585328 27.648443 
-2.325259 1.136596 27.294997 
-1.288398 1.294953 27.398407 
-1.742710 1.701497 28.243335 
-1.020998 2.353735 27.709525 
-0.095006 2.501615 27.509293 
0.732126 2.280034 27.970265 
0.746985 1.457583 28.647336 
1.032294 1.332989 27.586035 
1.783324 1.057804 26.870243 
1.242409 2.064754 26.594639 
0.253719 1.764669 26.414108 
2.269673 -1.134805 25.171613 
2.279373 -2.390845 26.146581 
1.226890 -1.984662 25.990689 
0.375640 -1.909431 25.209260 
0.133722 -2.342721 24.385503 
0.243340 -2.792838 23.158969 
-0.314410 -3.367272 23.485220 
0.390881 -4.038305 23.914215 
-0.131685 -3.685076 24.622430 
1.380603 -4.256160 24.949382 
2.583192 -4.419826 25.753005 
3.406740 -3.825207 25.646844 
4.232971 -4.130084 26.223985 
3.592719 -3.871749 26.934715 
4.926328 -2.627285 26.692758 
6.712170 -3.084303 24.753887 
8.535846 -2.877031 24.257136 
8.000137 -3.146973 25.555209 
7.391600 -2.382165 25.078459 
7.818390 -1.380086 25.121375 
8.362423 -1.672595 24.354405 
8.390965 -1.855869 23.304130 
7.662566 -1.254201 23.766479 
7.348613 -0.367438 24.138142 
6.338398 -0.296508 24.409469 
5.827034 1.195638 23.195055 
2.306892 -0.007637 22.433904 
0.902527 2.387456 22.426673 
3.654990 0.289136 26.407326 
9.464272 -1.508256 27.721271 
9.861285 -2.342250 27.174036 
11.127633 -2.552639 26.707196 
11.688333 -1.638830 25.764278 
14.914740 -0.598708 25.996087 
17.672672 1.279215 27.920117 
17.180810 0.662595 29.176806 
17.112788 -0.364206 28.849256 
16.154778 -0.833087 28.897631 
16.440959 -0.711521 29.937331 
18.519848 -1.079198 28.784710 
19.421714 -1.195004 26.934386 
18.691082 -2.145700 24.814365 
20.412011 -1.913738 24.653491 
22.323974 -1.755697 25.392916 
23.174763 -1.422985 25.938997 
21.659488 -0.714742 26.370899 
21.094023 0.669849 26.399376 
20.790780 0.269688 25.483339 
20.846318 1.422404 25.414614 
22.398519 1.286623 25.007953 
22.914431 1.755984 25.647928 
22.341355 2.665896 25.838942 
23.076188 2.816838 26.394663 
23.953144 2.403587 26.062975 
23.610358 2.383632 25.135802 
23.824837 3.137476 24.424161 
25.843082 2.572329 23.133253 
24.502597 6.761452 22.252420 
24.716160 8.234506 22.090478 
23.426209 9.398249 22.461519 
23.693930 8.479385 23.288657 
22.078319 8.343572 23.274617 
22.164518 8.604525 22.236039 
21.916451 8.885248 21.384399 
21.827161 8.129585 20.760789 
22.717749 7.572317 20.864030 
22.237425 7.061523 22.242032 
21.873077 5.722227 21.278409 
21.186125 6.372273 21.686428 
20.329572 6.137488 21.971034 
19.687660 6.943240 21.872534 
18.658210 6.891671 22.015046 
18.244180 6.074289 22.438452 
16.607081 5.810594 22.165210 
15.189627 4.497058 22.216497 
15.024214 4.113112 23.243588 
15.925382 3.613078 23.712731 
16.972688 3.858197 23.304379 
17.459264 4.730498 22.948075 
17.850745 4.902022 23.914468 
18.378922 5.883145 24.070751 
18.515699 5.375037 23.153805 
19.413784 5.869070 23.438365 
19.790098 6.873940 23.496268 
20.410598 7.768667 23.436176 
20.969034 7.823736 22.636391 
20.555985 6.856303 22.608717 
20.822469 6.233465 23.366411 
21.696526 5.630095 23.003957 
22.670309 4.517411 23.213029 
22.121860 4.721186 25.613031 
20.372274 6.445273 25.029551 
20.223965 5.664279 24.403963 
19.636812 5.007806 23.938797 
19.082589 4.461519 23.307804 
19.490800 3.510935 23.443598 
20.482951 3.154438 23.444467 
21.448363 3.175170 23.644444 
20.956446 4.120726 23.938559 
20.273488 4.311472 24.553711 
20.896155 3.636785 25.079931 
20.136936 3.027230 25.550506 
20.796622 2.399463 26.065829 
19.874561 1.622850 26.607307 
19.326814 1.307070 27.718162 
19.216763 1.879859 28.549760 
18.496543 2.531866 28.825951 
17.728729 1.837857 29.144188 
17.375483 2.547439 29.947429 
17.347757 3.076668 29.038982 
16.828014 3.726018 29.430506 
14.594829 2.878625 29.754425 
14.375555 1.041062 30.983352 
13.283848 1.821438 31.205259 
12.969494 2.841807 31.087511 
13.561844 3.292091 31.757169 
13.152885 3.533105 29.824922 
13.538375 3.112685 27.086022 
12.709178 3.766360 27.270826 
12.027424 4.045466 26.484966 
13.021849 1.421962 26.882650 
