-10.749250 10.361572 30.900810 
-11.434413 10.972869 30.468113 
-12.452246 11.062202 30.666998 
-13.165418 11.410334 31.334498 
-13.195342 11.606001 30.297923 
-13.117424 10.717437 29.805273 
-12.593711 10.310378 29.158769 
-12.576934 9.269703 29.312404 
-13.351247 8.705402 29.029853 
-14.134035 8.135975 28.647037 
-14.973477 8.604169 28.277745 
-15.074932 9.639537 28.458550 
-14.923215 10.052228 29.385008 
-14.711954 10.648091 28.541418 
-13.922776 11.206531 28.910863 
-13.093011 10.829897 28.304793 
-13.576077 10.108299 27.687088 
-14.642823 10.449875 27.492645 
-15.733245 10.353569 27.235713 
-15.348961 10.557927 26.302922 
-15.666933 9.595773 26.183936 
-16.163394 8.573177 26.238639 
-15.455677 7.894643 26.066428 
-15.900256 7.703113 25.234515 
-14.893700 8.211555 25.239942 
-14.360682 7.910718 24.532501 
-13.367919 7.664698 24.616657 
-13.429629 7.472840 25.640484 
-14.303771 7.580514 26.144110 
-14.126436 7.070881 26.949472 
-14.681628 6.119946 26.739096 
-14.882512 5.608357 25.886599 
-14.053546 5.157704 26.017468 
-13.564793 5.547910 26.920378 
-14.185149 4.756139 27.030962 
-15.023551 5.267283 27.285872 
-15.734263 5.974407 26.813101 
-16.344910 5.126691 26.705748 
-16.316905 4.206077 27.127701 
-16.714967 4.276207 28.111518 
-16.982509 5.051842 27.385119 
-17.670998 4.370561 27.657105 
-18.041533 4.932176 26.910523 
-18.142989 5.577070 27.694257 
-18.500182 6.140583 28.601394 
-17.356883 6.233385 28.486780 
-16.654641 6.461889 27.946496 
-17.424545 6.935935 27.566419 
-18.279456 7.330887 28.159333 
-17.338791 7.687498 28.334091 
-16.686588 8.382405 28.860191 
-15.972846 7.719603 29.216716 
-15.619547 8.631130 29.747029 
-14.642058 8.535211 29.660522 
-14.966303 8.136768 30.634994 
-14.454618 9.033159 30.711161 
-13.676950 8.653258 30.449695 
-13.317389 8.551659 31.456970 
-13.397947 7.733893 32.062822 
-13.763723 6.741925 32.109250 
-13.299045 6.449696 31.284766 
-12.860478 5.856909 30.575646 
-12.192612 5.993198 29.785649 
-12.681730 6.941476 29.744610 
-12.664314 7.074196 30.792196 
-11.833074 6.840648 31.353042 
-10.930900 7.266414 31.774559 
-10.602531 8.358423 31.800627 
-10.869590 8.044286 30.930692 
-11.147298 8.529254 30.086953 
-10.598808 9.438052 30.230480 
-9.740282 8.941603 30.484552 
-9.271228 9.468823 29.694976 
-10.325934 9.468336 29.096671 
-11.197049 8.650655 28.719223 
-10.198207 7.082004 30.930346 
-9.949276 7.064853 31.936156 
-9.516553 7.900418 31.577084 
-9.176638 7.046658 31.039376 
-8.710596 6.378564 32.041291 
-8.269624 7.439843 33.049043 
-7.498371 7.270987 32.400693 
-6.697695 6.708024 32.184722 
-5.631708 7.404059 32.379464 
-4.526822 7.635310 32.961473 
-3.934561 6.834617 33.273513 
-3.759621 7.161749 32.282194 
-2.796922 6.815409 32.319727 
-1.882405 6.173177 33.080457 
-0.353689 9.137140 33.450559 
-0.569962 8.292884 32.433166 
-1.213627 7.774895 32.166674 
-1.873912 7.443742 32.804899 
-2.058095 8.003128 33.672894 
-2.714940 7.055176 33.633108 
-1.702590 6.681942 33.552491 
-2.268454 6.034919 34.160807 
-1.623527 5.118695 34.042444 
-0.943755 5.180744 34.880599 
-1.081523 5.137260 32.340405 
-5.529766 6.434100 30.919830 
-6.819579 5.178889 29.464635 
-7.376887 3.637702 31.429784 
-5.161240 5.190119 32.811141 
-5.149665 4.556520 33.704758 
-4.861247 4.207321 34.750369 
-5.088365 2.759164 34.405891 
-6.024018 0.802659 32.596598 
-9.304406 2.829338 32.496643 
-8.848613 3.771238 33.722585 
-8.618177 4.158276 32.705997 
-9.301847 4.862275 32.345396 
-8.692150 4.818968 31.589311 
-9.148638 4.200799 29.853439 
-9.992241 4.009887 28.565725 
-10.204010 2.996636 30.284294 
-10.646529 4.860063 30.918303 
-11.849496 5.534787 31.669355 
-12.718518 4.530732 31.583860 
-12.330573 3.497651 30.280670 
-12.048777 1.897357 28.897136 
-13.148987 1.785183 28.596713 
-13.444586 1.657376 27.700259 
-13.245999 2.895849 27.925570 
-12.668088 3.780218 27.820320 
-11.893185 3.549491 28.478558 
-12.283990 3.169059 29.380119 
-12.980648 3.874199 29.442648 
-14.056435 4.083041 29.267273 
-15.051416 4.078453 29.427430 
-14.897371 0.267665 28.468872 
-14.510869 0.873475 30.655600 
-12.647544 1.904935 31.387701 
-11.442083 1.053191 31.314151 
-10.708895 1.379872 32.057126 
-10.900756 1.703024 33.049919 
-9.642733 0.848733 32.920845 
-8.828188 -0.039693 33.738072 
-8.046352 -1.186821 34.202990 
-7.755016 -1.649202 33.203475 
-7.015882 -2.795247 32.491801 
-6.605001 -3.158749 30.798685 
-6.225478 -2.715085 29.865887 
-5.605879 -2.998463 30.703538 
-4.611496 -3.513907 30.689016 
-4.789003 -2.695941 31.365312 
-5.115137 -1.756896 31.445628 
-3.964900 -1.519424 31.075909 
-3.306886 -0.868518 30.156922 
-2.512458 -1.316471 30.481597 
-2.383421 -2.056945 31.641535 
-1.750173 -2.405440 32.403123 
-1.241852 -2.423226 33.202116 
-1.676560 -3.094013 33.922863 
-2.296727 -2.388962 33.831602 
-2.398333 -1.921849 33.046249 
-3.222652 -1.499747 32.569031 
-2.594612 -0.657434 31.787627 
-2.213937 0.515282 32.576786 
-2.205943 -0.502760 32.687468 
-1.220239 -0.280551 32.711700 
-2.124806 0.206696 33.516411 
-3.045333 -0.747042 33.216800 
-2.478714 -1.341061 34.265079 
-4.312525 -2.410448 33.303561 
-6.267444 0.668549 33.731241 
-6.619179 1.272097 34.736083 
-6.513759 0.408275 35.191870 
-6.295452 0.712803 36.129019 
-5.544951 0.571245 35.309936 
-4.693477 0.834203 34.840492 
-4.090711 1.576194 35.348201 
-3.638177 1.363936 34.245840 
-3.644327 0.511125 33.944264 
-3.212173 -0.050896 34.882640 
-2.785198 -0.033504 35.741020 
-1.603559 0.017590 35.913647 
-0.279425 -0.196655 35.398073 
-0.361744 -1.584916 35.307974 
-0.490956 -2.316887 34.716940 
0.417788 -2.006136 34.415318 
-0.303425 -2.604906 33.903258 
0.171100 -3.232187 33.285850 
0.448188 -4.101225 32.925870 
-0.359929 -3.992072 32.411985 
-1.276843 -4.260763 32.325888 
-1.132259 -5.142195 31.690003 
-0.453891 -5.845533 31.062538 
0.330007 -6.482675 31.376763 
0.055694 -7.172722 32.216234 
-0.780564 -8.210596 30.892065 
-0.179744 -9.748738 29.425719 
-0.387415 -8.735633 29.708279 
-0.097626 -7.966200 28.926350 
-3.267814 -10.294218 31.011670 
