18.309678 -12.066885 3.910347 
18.924321 -12.969969 3.723866 
19.226817 -13.180628 2.739300 
18.976368 -14.200737 2.941821 
18.334461 -14.886564 2.427060 
17.577437 -14.770365 3.015338 
16.845590 -14.947778 2.358029 
16.365430 -14.450918 3.160485 
16.151065 -13.531229 3.163433 
16.627150 -12.749743 2.377633 
16.226020 -13.507416 1.826836 
16.718211 -13.490025 0.972119 
16.791913 -14.344003 0.281553 
17.767331 -14.605465 0.074231 
17.503198 -15.325323 -0.777915 
17.242822 -14.991960 -1.701382 
18.079837 -14.900879 -2.353825 
17.771611 -15.540040 -3.060236 
18.167730 -16.454069 -2.544805 
19.108099 -16.311358 -1.938520 
18.897559 -15.399459 -1.525751 
18.797490 -16.163029 -0.728670 
17.742688 -16.405752 -0.652819 
18.038633 -17.272764 -0.782925 
18.545030 -17.950295 -1.361935 
17.982661 -18.244682 -2.137472 
17.241404 -18.396777 -2.901460 
16.634612 -17.531941 -2.996270 
17.009624 -16.510148 -2.845483 
16.011875 -16.779357 -2.730036 
15.833460 -15.750208 -3.046340 
15.390462 -16.502253 -3.442867 
15.370621 -17.538005 -3.199693 
14.635172 -17.950245 -3.735043 
14.015332 -17.582487 -4.498253 
13.103886 -17.497772 -3.887499 
13.679949 -18.283044 -3.603601 
13.114351 -19.067910 -3.569227 
14.008809 -19.317081 -3.109003 
14.202602 -19.366097 -4.199096 
14.504936 -20.368723 -3.934711 
13.767587 -20.438097 -4.471445 
13.239168 -19.582907 -4.857075 
12.672954 -20.376581 -5.168747 
12.897676 -21.436384 -4.860070 
12.295410 -22.090956 -4.313217 
12.987422 -22.746462 -4.275587 
12.458449 -22.903581 -3.341482 
11.380757 -22.749504 -2.929132 
11.253469 -23.716610 -2.849151 
12.069751 -23.562658 -2.278654 
12.618766 -24.073275 -2.951120 
13.610734 -23.744051 -3.410725 
14.195569 -23.198464 -3.982404 
13.491740 -23.941188 -4.402452 
14.336506 -24.278399 -5.004265 
14.153666 -25.324489 -4.693357 
14.308584 -24.812811 -3.863384 
15.143873 -25.206900 -4.331317 
15.450566 -24.944855 -3.480216 
15.266091 -25.051298 -2.442153 
14.867568 -24.766941 -1.484433 
15.762327 -25.086853 -1.481850 
15.767065 -25.927762 -0.807444 
15.385965 -26.840298 -0.317296 
14.599009 -27.261150 -0.713173 
14.454656 -27.189621 -1.791499 
13.973141 -26.267898 -1.453336 
13.515964 -26.438194 -2.507909 
12.641812 -26.099973 -2.990078 
13.014056 -25.349444 -2.407991 
12.381833 -25.222373 -1.556667 
13.337593 -25.437061 -1.172149 
13.163343 -24.412458 -1.225580 
15.626688 -23.924369 -0.372270 
17.660018 -23.130889 -0.273855 
18.464430 -22.619635 0.006474 
18.198651 -22.384860 -1.000926 
17.314641 -21.878146 -0.794806 
16.570051 -21.601719 -1.976376 
15.573898 -21.025697 -2.368363 
15.910492 -20.442496 -3.227449 
15.055602 -21.076755 -3.473457 
14.757048 -20.540882 -5.155840 
14.181068 -18.882328 -5.651714 
14.342599 -17.942091 -6.073096 
14.308344 -17.882377 -7.020993 
14.640756 -17.364296 -7.902172 
14.609983 -17.450230 -9.764296 
12.026261 -18.919922 -11.693239 
13.081281 -19.674408 -12.307854 
13.038219 -18.907313 -13.655807 
12.861854 -17.955743 -13.442727 
13.651670 -18.050263 -14.150766 
14.651378 -17.541807 -14.099538 
15.023504 -17.182073 -14.935705 
15.906304 -16.726790 -15.214468 
16.247907 -16.130173 -14.415991 
15.362731 -15.800632 -14.663506 
13.275225 -13.917925 -14.254408 
12.430898 -16.246103 -15.368770 
13.927027 -14.496289 -14.931395 
14.270124 -16.199561 -12.414054 
15.334835 -19.852664 -10.143183 
15.287282 -20.918688 -10.443006 
14.160214 -20.663143 -10.485945 
12.918633 -20.267083 -9.991361 
11.987865 -19.392111 -9.799791 
14.806044 -20.893026 -6.719780 
15.768708 -20.628684 -6.146773 
16.549354 -20.173784 -5.656366 
17.306412 -19.892559 -6.261116 
18.216963 -19.561097 -6.619663 
18.391266 -17.807941 -6.091383 
17.526309 -18.000703 -6.568679 
17.045070 -16.472856 -7.052166 
15.346323 -14.679526 -5.301670 
15.464841 -13.489070 -5.703434 
15.359788 -12.727051 -4.965437 
16.007092 -14.519800 -3.442798 
16.187663 -15.646161 -4.432588 
16.190974 -16.725685 -4.617231 
15.287581 -16.536363 -5.013391 
15.645474 -17.090190 -6.126849 
16.597329 -17.906665 -5.841577 
16.274635 -18.476524 -6.683540 
15.332610 -18.736561 -6.707612 
14.458961 -19.013769 -7.304055 
13.619403 -18.594876 -7.956582 
14.019421 -19.387687 -8.623299 
12.399952 -21.478365 -7.346237 
8.991056 -22.089387 -7.544547 
8.419022 -21.322102 -10.042998 
10.011959 -21.360439 -10.687423 
9.883807 -22.608320 -10.413087 
11.000878 -22.253573 -9.765874 
12.051854 -22.879940 -10.055783 
12.338185 -24.298814 -10.115466 
11.794423 -24.892334 -10.653730 
11.241802 -24.027859 -10.751991 
11.253166 -23.303616 -11.872490 
9.179841 -23.452508 -12.705707 
8.487669 -24.191783 -13.164538 
7.644145 -24.134368 -13.871733 
6.619366 -23.901750 -14.281067 
6.597318 -24.763867 -13.861805 
7.255137 -25.131349 -13.164555 
9.182893 -24.979105 -12.703185 
10.006181 -24.109968 -14.322479 
11.019090 -23.693500 -14.121905 
9.690254 -22.992967 -14.669866 
8.836558 -23.774844 -14.310088 
8.126988 -23.922027 -15.170794 
7.729387 -23.061793 -14.496224 
8.267453 -22.116084 -14.890452 
8.056301 -21.549118 -15.767507 
8.566884 -21.135605 -16.542330 
8.283796 -20.388921 -17.642896 
8.178423 -19.805301 -18.831473 
7.689674 -20.656512 -18.646035 
6.783933 -20.771053 -18.791088 
6.050868 -21.725676 -18.761608 
6.948249 -22.513716 -19.414955 
7.541185 -22.236994 -18.631079 
8.063628 -24.118579 -17.954658 
8.188123 -25.447828 -16.181611 
8.749000 -26.328468 -14.495904 
7.983201 -27.046830 -14.369680 
7.727676 -26.069188 -14.588745 
8.132710 -25.931202 -13.649262 
8.944130 -26.315793 -13.477962 
9.405933 -26.850446 -12.792720 
8.447119 -26.523718 -12.479195 
7.495870 -26.529268 -11.791491 
7.243597 -25.550475 -11.778001 
6.980158 -24.830886 -10.929677 
6.145285 -25.645671 -10.905814 
5.792530 -25.222665 -10.061232 
6.084844 -25.434538 -9.178273 
6.952362 -26.010427 -8.954326 
7.661088 -26.723056 -8.960899 
8.081366 -27.637160 -9.235723 
8.896167 -27.249336 -9.809783 
9.210460 -26.393857 -10.318138 
8.536336 -26.860419 -11.121407 
8.026676 -25.159343 -8.988546 
5.762341 -26.096968 -8.126632 
5.382286 -26.397835 -8.975766 
5.043908 -26.938645 -9.547941 
4.875410 -26.351766 -10.367896 
7.903125 -26.200629 -9.463470 
9.434927 -27.278391 -8.855737 
8.943737 -28.015838 -8.506020 
8.230377 -28.501469 -7.930934 
8.292148 -25.955121 -4.887293 
