11.300757 -11.679292 -21.606053 
10.326945 -11.970979 -21.198982 
11.098084 -12.340338 -20.464626 
11.224196 -11.735395 -19.679695 
11.857033 -10.930344 -19.734159 
12.469479 -11.360812 -18.939747 
13.449347 -11.017926 -18.903294 
13.420673 -11.928275 -19.443327 
13.111819 -11.094857 -20.034897 
13.898589 -10.714707 -20.490856 
14.367938 -11.347244 -21.263945 
13.517380 -11.706835 -21.675860 
12.439934 -11.700232 -21.724644 
12.696409 -12.004883 -22.610690 
12.411824 -12.907755 -22.218099 
12.901140 -12.946969 -23.136352 
13.878340 -13.417687 -22.945406 
14.317135 -12.442839 -22.880989 
14.584117 -11.719307 -22.233182 
14.863860 -12.462237 -21.662563 
14.127343 -13.174285 -21.397442 
14.275610 -12.368252 -20.611508 
14.376369 -13.395586 -20.330291 
13.648505 -14.169613 -20.197555 
12.802625 -14.309635 -19.631881 
12.196400 -13.546932 -19.099703 
11.685084 -12.593202 -18.731366 
12.554346 -12.605065 -19.232908 
13.392540 -12.811028 -18.855607 
13.205946 -13.767872 -18.768243 
13.450809 -14.782016 -19.033263 
13.771669 -15.789882 -19.006289 
14.261669 -16.558888 -19.603576 
15.240779 -16.848031 -19.286114 
15.178072 -15.881784 -19.091200 
14.574747 -16.561163 -18.621905 
14.911862 -17.436571 -18.059406 
14.368337 -16.867657 -17.379812 
15.199694 -16.281896 -17.588157 
15.329943 -16.133128 -16.610665 
16.245285 -16.286528 -16.128932 
17.257738 -16.614290 -15.915856 
16.863913 -17.384347 -15.249502 
16.203257 -17.634751 -15.981571 
15.455657 -18.021797 -15.240260 
15.962815 -18.852094 -14.847973 
16.496297 -18.572559 -15.729161 
16.702213 -18.388525 -16.662251 
15.760585 -18.077793 -16.942003 
14.958092 -17.470239 -16.672630 
13.922423 -17.251068 -16.612291 
13.081970 -16.863161 -16.905086 
12.980912 -16.081110 -17.424172 
13.316154 -15.975844 -16.502363 
13.529123 -15.274268 -17.190793 
14.175597 -14.882447 -16.511567 
14.618154 -14.011594 -16.642825 
15.254032 -14.796664 -16.407327 
16.051968 -15.264789 -15.922553 
16.732038 -14.573522 -15.415115 
17.320136 -15.106097 -16.061179 
17.139933 -15.619315 -16.879408 
16.540456 -15.122335 -17.734648 
15.542577 -15.293247 -17.478339 
15.870999 -14.302352 -17.508482 
15.522294 -13.373214 -16.955560 
16.385975 -13.296403 -17.360919 
16.647748 -14.079537 -18.138768 
17.062471 -14.345277 -17.268403 
17.684965 -14.202505 -18.049979 
18.168025 -14.157243 -17.166003 
18.432631 -15.074297 -16.569140 
18.050664 -16.014166 -16.231829 
18.462720 -16.673122 -15.652498 
18.489712 -16.311537 -15.283370 
18.009772 -14.198986 -16.079854 
17.305199 -13.734763 -16.518998 
17.332321 -12.767421 -16.848689 
17.645912 -12.018259 -17.407588 
18.697589 -12.215174 -17.516846 
19.466822 -12.658113 -17.663603 
20.297075 -12.065264 -17.268164 
20.601022 -12.588512 -16.395389 
19.523520 -12.668094 -16.083026 
19.284379 -12.497570 -15.277924 
18.536316 -12.729035 -14.476401 
18.042384 -13.459047 -15.025031 
17.223242 -14.058415 -14.730709 
15.234545 -13.363588 -17.622413 
15.005610 -12.387118 -18.677052 
14.745853 -12.886597 -19.735202 
16.232379 -13.039807 -19.905667 
16.491544 -14.114026 -20.177069 
17.083836 -14.915999 -20.553897 
16.028188 -14.829792 -20.771643 
15.001855 -15.027117 -20.318404 
14.938483 -16.035380 -20.203623 
15.474729 -16.806891 -20.707140 
15.921321 -17.351223 -19.891761 
14.583321 -20.483496 -19.342369 
12.661957 -21.481071 -20.249224 
13.704977 -23.898975 -21.050972 
15.370744 -24.136225 -17.048090 
18.481769 -23.622493 -16.181916 
18.968857 -24.051408 -15.308380 
18.303894 -24.717692 -16.099051 
18.137998 -24.022656 -17.159008 
14.632780 -24.420610 -19.060528 
10.741815 -25.248728 -19.084208 
11.678841 -25.652374 -19.115634 
12.319445 -25.300057 -18.411131 
11.654152 -24.584885 -18.017959 
10.990624 -24.765913 -17.192279 
10.513333 -25.733837 -16.683249 
10.812817 -27.572070 -16.291887 
10.738042 -27.627920 -17.646549 
11.966653 -26.581900 -17.100660 
12.256557 -24.682915 -16.580443 
12.356629 -25.779941 -15.353700 
14.114363 -26.967207 -15.751146 
15.580448 -27.235921 -14.451061 
15.183798 -27.028574 -13.482798 
14.193802 -27.261508 -13.679231 
13.620071 -27.762098 -14.823846 
12.600381 -27.785813 -14.879924 
12.410201 -28.735867 -15.109661 
12.216173 -29.307516 -16.042693 
12.065888 -28.326630 -16.299185 
12.855555 -27.846819 -15.781441 
13.528242 -28.681686 -15.986935 
14.607963 -26.554384 -13.102967 
16.400033 -24.879028 -12.918860 
18.356804 -26.042679 -13.293522 
19.072127 -25.707959 -11.717905 
18.168557 -24.169383 -12.191623 
17.931794 -23.230512 -11.326263 
18.105282 -21.843680 -9.925722 
17.794632 -21.537161 -9.043176 
19.091602 -21.648737 -8.535442 
19.477511 -21.882087 -9.417918 
19.914931 -22.116004 -11.664055 
20.444005 -21.304601 -13.656067 
20.112239 -20.290055 -13.888322 
19.116193 -20.601095 -13.739917 
19.156294 -20.550424 -12.647474 
18.660909 -21.389215 -12.913469 
17.718161 -21.828878 -12.864594 
17.683182 -22.234186 -12.357094 
18.218775 -20.859341 -12.186074 
17.397080 -20.303909 -12.017934 
18.419251 -20.316926 -11.014049 
19.734133 -19.634357 -10.996667 
19.990771 -20.596897 -11.440976 
20.562371 -20.667040 -10.602970 
20.384395 -19.849325 -9.924731 
19.631939 -19.204588 -9.853939 
18.919862 -18.850068 -10.488625 
20.125904 -18.550226 -10.666294 
20.523725 -17.947695 -10.160625 
19.727113 -17.272883 -10.168722 
19.450198 -16.279081 -10.341897 
18.534062 -15.378654 -9.788873 
18.220917 -15.707051 -8.364933 
18.643989 -16.391846 -7.248467 
19.230451 -18.157528 -8.018215 
16.488732 -21.503414 -10.023570 
16.448542 -20.715389 -10.433570 
16.967768 -20.326281 -9.631927 
16.364043 -19.537696 -10.177654 
16.646164 -19.429869 -9.142237 
16.010300 -19.843569 -8.435119 
15.371105 -19.075575 -8.373878 
16.187860 -18.976213 -7.625993 
16.470894 -19.678151 -6.979362 
15.874629 -20.426492 -7.252001 
16.711940 -20.607653 -6.653615 
16.506899 -21.652246 -6.929349 
16.234759 -22.619683 -6.086874 
16.339875 -23.752205 -5.755915 
17.291121 -23.910250 -5.738801 
16.897012 -23.653684 -4.784806 
16.904546 -24.773246 -4.727530 
16.133967 -24.623874 -4.152883 
16.650780 -24.595310 -3.147760 
16.428153 -23.517133 -2.941336 
15.219008 -22.187249 -4.461065 
13.360780 -23.428490 -5.271635 
12.788177 -24.203888 -5.759164 
12.260977 -24.195316 -6.796865 
11.690256 -23.251513 -6.678102 
12.061360 -22.738992 -7.960882 
13.718714 -23.949302 -9.172207 
14.200872 -23.967571 -8.254823 
13.273987 -24.317870 -8.119261 
15.102563 -24.417367 -6.485864 
