-22.762498 10.336316 -14.352071 
-23.351195 11.108168 -14.713514 
-23.905500 10.821538 -13.964870 
-23.959729 11.710654 -13.604097 
-23.613765 12.651265 -13.182243 
-23.128884 13.507905 -13.160728 
-22.710639 13.229205 -12.182676 
-23.633831 13.815848 -12.291329 
-23.146650 13.930482 -11.347060 
-22.201748 14.180357 -11.538447 
-21.481189 14.767721 -11.281647 
-21.613499 15.000719 -12.317485 
-21.381688 15.927452 -11.938480 
-21.522513 16.227578 -10.992519 
-20.776827 16.995566 -10.981339 
-21.452730 17.856097 -11.090424 
-21.149936 18.544089 -10.240902 
-21.955352 18.743736 -9.638275 
-21.829132 19.696799 -9.834046 
-22.295798 20.409138 -9.316436 
-21.331652 20.610975 -9.464172 
-20.655924 21.070948 -8.818078 
-19.621207 20.984825 -8.544525 
-18.829279 20.571905 -9.110655 
-18.383413 19.924445 -8.348930 
-17.875420 20.034807 -9.238986 
-17.676116 19.373464 -10.036306 
-18.371345 19.066818 -9.247517 
-18.605216 18.722023 -10.200183 
-19.557364 18.840339 -10.140756 
-20.210923 18.102373 -10.605616 
-20.018886 17.984763 -9.540706 
-20.719673 18.798396 -9.344230 
-21.120695 19.545106 -8.722979 
-21.356899 19.084632 -7.870454 
-21.227830 18.164985 -7.565574 
-20.507208 17.365221 -7.360105 
-20.628162 16.352204 -7.016232 
-21.042052 15.644575 -7.531408 
-21.307498 15.337036 -8.493056 
-21.623345 14.429090 -8.134209 
-21.098383 13.602982 -8.213059 
-20.365720 13.330163 -7.510226 
-20.040789 13.834295 -6.719872 
-19.058215 14.149501 -6.522844 
-18.177938 13.488167 -6.184830 
-17.419635 13.956684 -5.476800 
-16.951596 14.241894 -6.358641 
-15.880702 14.396275 -6.175604 
-15.529193 15.357560 -6.184576 
-16.377853 16.070275 -6.246820 
-17.167110 16.361601 -5.835366 
-18.017876 16.704560 -6.295424 
-19.046622 16.578358 -6.285967 
-19.602890 16.320237 -7.159170 
-19.305166 16.498357 -8.151253 
-20.026012 16.941508 -8.753971 
-19.535433 16.955050 -9.600524 
-20.474670 17.011192 -9.940859 
-21.263032 17.571764 -9.624284 
-21.146531 16.732683 -9.029124 
-22.199851 16.517337 -8.518168 
-22.505112 15.684621 -8.139931 
-22.114846 16.335623 -7.439936 
-21.608483 17.261362 -7.159332 
-22.586210 17.361347 -6.881807 
-23.292981 17.354325 -6.176444 
-22.744838 16.479439 -5.764158 
-21.943760 15.955475 -5.535348 
-21.669665 15.063304 -5.228774 
-21.814225 13.958490 -5.384750 
-21.190377 13.178812 -5.091537 
-22.292755 12.679163 -5.473477 
-23.076407 13.387360 -5.311938 
-23.447277 11.686545 -7.419533 
-20.244056 13.337250 -9.501594 
-20.013279 13.271543 -8.509399 
-19.894407 14.212327 -8.382525 
-19.344186 14.743916 -7.699175 
-20.412329 14.884400 -6.949042 
-20.927825 14.261717 -5.820736 
-21.237418 13.753612 -6.714913 
-21.206069 12.777429 -6.408995 
-21.600054 11.876470 -6.598241 
-20.087850 11.320528 -7.399060 
-19.425273 11.353290 -8.135812 
-18.868773 11.022817 -8.960866 
-18.732240 12.066264 -9.142245 
-22.260684 12.644592 -9.697194 
-21.841830 13.387365 -11.017215 
-22.449607 11.212561 -10.595254 
-23.700137 9.454609 -10.002012 
-23.871317 9.471416 -9.059776 
-24.703170 8.906629 -10.091019 
-24.246948 8.793097 -11.551037 
-23.402560 8.873351 -12.027675 
-23.524472 8.955930 -13.017196 
-23.409170 9.538986 -13.819543 
-23.273948 9.564083 -14.855185 
-23.117790 8.322731 -16.290714 
-23.896904 11.495862 -13.565287 
-23.221987 13.373497 -16.364737 
-20.867311 17.390346 -15.136972 
-18.168576 20.240508 -10.801883 
-18.237912 19.226887 -11.271306 
-17.197410 19.080203 -11.063658 
-17.259547 18.397292 -11.884725 
-19.240142 18.483600 -8.783885 
-18.165173 15.175378 -6.432374 
-19.013361 13.258109 -4.766667 
-19.387630 11.872161 -2.996446 
-18.924227 12.516297 -2.201568 
-18.038326 12.840697 -1.862578 
-18.126942 13.891637 -2.271650 
-17.939537 14.302833 -4.004928 
-17.381579 15.053500 -4.716950 
-15.486313 16.746457 -3.861359 
-15.250618 17.198874 -2.754529 
-15.963422 17.755653 -2.548816 
-17.270754 19.615118 -2.609228 
-16.458417 19.689020 -3.753146 
-15.914787 20.455874 -4.080380 
-15.541224 21.175410 -3.449490 
-14.957884 19.973496 -3.398601 
-14.104739 18.852144 -4.387508 
-14.856310 18.328523 -4.441623 
-15.294759 17.869272 -5.234868 
-15.382734 18.893477 -5.130667 
-16.149738 18.587679 -5.723695 
-16.735200 18.121518 -7.504121 
-14.942113 20.816047 -6.519879 
-16.103396 23.333335 -0.968042 
-17.004976 23.562923 -1.325540 
-17.907834 23.778021 -2.335826 
-16.053855 23.572265 -3.060177 
-16.168069 24.994476 -2.497127 
-17.053522 26.370205 -1.320649 
-16.613395 27.119643 -1.578078 
-16.177871 27.915484 -1.793638 
-15.321081 27.603933 -2.339557 
-15.225738 27.292611 -0.866511 
-14.332176 27.370027 -0.438519 
-13.472930 27.657402 -0.895516 
-14.083893 27.097700 -1.450868 
-14.328549 26.807348 -2.377679 
-13.964616 26.772670 -3.447869 
-13.221389 26.118506 -3.291491 
-13.304085 27.631040 -3.241302 
-13.345010 27.274339 -4.192772 
-13.673470 26.716240 -4.962086 
-14.720696 27.504507 -4.671205 
-15.101547 26.888801 -3.532851 
-15.485140 26.439748 -2.632846 
-14.768714 25.794322 -3.083881 
-14.204913 25.696866 -3.910937 
-14.204460 24.735327 -5.282745 
-13.108431 25.021950 -7.299859 
-12.216450 24.942356 -7.942997 
-12.170930 25.894555 -8.351989 
-12.083088 26.856285 -8.780056 
-12.629599 27.710430 -8.355866 
-13.218795 26.668395 -9.032936 
-14.262374 25.493720 -8.170627 
-14.128446 27.280628 -8.034669 
-13.504421 27.260200 -11.071415 
-12.191017 25.088833 -13.041205 
-10.197768 26.259659 -12.672707 
-10.416787 25.728341 -11.783384 
-9.475136 25.379099 -12.008758 
-9.082872 24.997571 -12.872447 
-9.660459 24.112843 -13.148879 
-9.568238 23.188278 -12.744885 
-10.171388 22.385749 -12.368627 
-11.076132 22.143244 -12.592222 
-11.004473 21.041797 -12.671678 
-11.826211 21.465491 -13.134725 
-12.871280 21.379158 -13.195626 
-13.241535 21.818855 -14.011104 
-12.238863 22.158721 -13.837485 
-12.107919 23.051636 -14.196760 
-11.250363 22.521973 -14.275081 
-10.663763 21.677998 -13.752770 
-11.569988 21.453925 -14.420952 
-11.938706 20.729997 -13.760402 
-12.621975 20.011272 -13.753023 
-12.040120 19.591483 -15.347935 
-12.660614 19.171173 -17.148859 
-13.609728 18.366897 -16.458403 
-13.389334 17.906098 -17.224489 
-12.541944 18.211538 -17.682064 
-10.666698 19.481609 -17.267797 
-10.621197 21.641138 -17.185982 
-11.199641 22.413276 -16.606982 
-10.718900 22.847262 -15.833804 
-10.997397 24.161408 -13.172321 
