19.863992 -16.404218 17.628311 
20.147759 -15.994482 16.674246 
21.056350 -15.620595 16.527454 
21.341598 -16.393705 15.976655 
21.830343 -17.175606 15.418273 
21.036588 -17.711452 15.646572 
20.233271 -17.476958 15.106474 
19.622771 -18.032321 14.563702 
19.488981 -18.741803 13.769208 
18.620896 -19.359423 13.745315 
18.465219 -20.009758 14.556056 
18.315729 -20.822993 14.051689 
17.415721 -20.880039 13.617427 
17.151921 -20.973913 12.648321 
16.368294 -21.365469 13.309594 
16.387919 -21.384009 14.307642 
16.450849 -21.610915 15.323081 
15.359485 -21.568499 15.569826 
14.452207 -21.620003 16.071244 
14.462454 -20.839214 15.284197 
15.143524 -20.300320 15.842387 
16.236217 -20.134841 15.711567 
16.927566 -20.316965 16.477001 
16.381282 -21.157586 16.263589 
16.501109 -22.131693 16.811431 
15.608109 -22.427130 16.210062 
14.823650 -22.995511 15.886630 
14.764995 -23.935650 16.202306 
13.793046 -24.103455 16.027226 
13.889443 -23.253207 15.514257 
13.761942 -23.256415 14.470624 
13.805701 -24.176385 14.765983 
14.677805 -23.648715 14.548477 
15.743324 -23.667246 14.260319 
16.123105 -22.829116 14.745677 
16.498210 -22.393182 13.971652 
17.447542 -22.041336 13.795919 
17.617750 -23.054628 14.098841 
17.119557 -22.526947 14.861764 
17.283078 -21.385799 15.040351 
16.820894 -20.566330 14.680152 
17.537839 -20.285751 15.288149 
17.473836 -19.646604 15.974131 
17.279863 -18.871710 15.306848 
16.647250 -18.630150 16.175004 
15.703309 -18.988183 16.695193 
15.860906 -19.988799 16.838751 
15.621151 -20.102748 17.796374 
16.578036 -19.949141 18.073223 
17.508015 -20.314964 18.421180 
17.441104 -20.224987 17.343728 
17.088950 -19.271227 17.056188 
17.710133 -19.371068 17.811909 
17.564796 -18.494556 18.250631 
18.416137 -18.411804 18.868272 
18.914210 -18.933174 19.598434 
19.825233 -18.672708 19.153446 
19.493611 -18.961702 18.185711 
19.135732 -19.456343 17.345917 
18.751127 -19.991573 16.645176 
19.185017 -19.010116 16.387155 
18.270412 -18.710647 16.385801 
18.292502 -18.559411 17.387811 
19.207491 -18.187056 17.731326 
18.411606 -17.435438 17.726893 
18.684358 -16.784649 16.866695 
19.117359 -16.527894 16.057047 
19.626208 -16.420464 15.049448 
19.011876 -17.237259 14.654833 
18.215902 -17.692078 14.020727 
18.362950 -18.437988 13.468444 
17.756235 -19.022513 13.190858 
17.263201 -19.344029 12.374807 
18.082949 -19.961788 12.611759 
18.756711 -19.080490 9.537225 
17.815443 -15.819378 10.363841 
18.689512 -15.574206 10.929075 
18.283594 -16.178095 11.668462 
18.681407 -16.605526 12.486783 
19.710552 -16.013217 13.153251 
18.799513 -15.387083 13.976592 
19.006970 -15.292406 12.981596 
18.818145 -16.203891 13.461888 
20.645494 -17.060728 13.602699 
21.202565 -17.942480 12.635957 
20.592708 -18.417954 11.853947 
19.795222 -18.940799 11.458121 
18.783741 -18.686000 11.517672 
16.863824 -19.786604 9.484685 
15.648489 -21.048667 7.484730 
15.637604 -22.741626 6.418920 
15.320733 -22.198546 5.461393 
15.297104 -21.664081 4.546608 
15.652023 -21.733989 3.637012 
15.665793 -20.783496 3.311731 
15.320579 -20.554264 4.215478 
16.188540 -20.134691 4.556373 
16.276865 -19.361169 5.449402 
15.422062 -19.406223 6.095787 
16.972100 -17.751683 9.609297 
19.837155 -15.959142 11.044717 
20.055571 -17.669177 13.018431 
20.092355 -18.494886 8.303988 
18.463831 -14.724693 4.362611 
18.149084 -15.469575 5.066259 
17.581215 -15.002163 5.765410 
18.101808 -13.597853 6.166435 
17.667162 -13.347036 3.082475 
17.661330 -14.946420 -2.027604 
17.771611 -15.540040 -3.060236 
18.167730 -16.454069 -2.544805 
19.108099 -16.311358 -1.938520 
18.897559 -15.399459 -1.525751 
18.280960 -16.947960 -0.881587 
17.982661 -18.244682 -2.137472 
16.546195 -16.993686 -2.903918 
14.852897 -17.393247 -3.718964 
13.103886 -17.497772 -3.887499 
13.601036 -18.889345 -3.427277 
13.677449 -20.026481 -4.526215 
12.897676 -21.436384 -4.860070 
12.295410 -22.090956 -4.313217 
12.987422 -22.746462 -4.275587 
11.919603 -22.826543 -3.135307 
11.253469 -23.716610 -2.849151 
12.069751 -23.562658 -2.278654 
12.618766 -24.073275 -2.951120 
13.610734 -23.744051 -3.410725 
14.195569 -23.198464 -3.982404 
13.491740 -23.941188 -4.402452 
14.413099 -25.651133 -2.430963 
13.875388 -23.964232 -0.879283 
16.070983 -23.986469 0.012985 
17.389420 -24.248326 0.031262 
17.660018 -23.130889 -0.273855 
17.992574 -22.294214 -0.596419 
16.545984 -21.913042 -1.513055 
16.084007 -21.158047 -2.404031 
15.910492 -20.442496 -3.227449 
15.055602 -21.076755 -3.473457 
14.558962 -19.689413 -5.438466 
14.308344 -17.882377 -7.020993 
14.640756 -17.364296 -7.902172 
15.353501 -16.837516 -7.158728 
15.608982 -17.180053 -8.096039 
16.546052 -17.634112 -8.272365 
16.236095 -18.356873 -8.904901 
14.688720 -17.827503 -10.141058 
13.234202 -16.525798 -10.758226 
12.941683 -16.838910 -11.785284 
12.056368 -17.703415 -12.151757 
11.324845 -18.797202 -12.034018 
11.996687 -19.069226 -11.376267 
12.705200 -19.675678 -10.926637 
13.025358 -19.853700 -11.821318 
13.137204 -19.495115 -12.794389 
13.038219 -18.907313 -13.655807 
13.256762 -18.003003 -13.796747 
14.651378 -17.541807 -14.099538 
15.023504 -17.182073 -14.935705 
15.906304 -16.726790 -15.214468 
15.805319 -15.965402 -14.539748 
14.885249 -15.016961 -14.099629 
15.097779 -14.199901 -14.136556 
12.961609 -13.626008 -13.733789 
12.304123 -15.529076 -16.277275 
12.798652 -17.517881 -15.091656 
13.169043 -17.051683 -14.226246 
13.016491 -16.035207 -13.990855 
13.108476 -15.263245 -14.713716 
14.211013 -14.947118 -14.963373 
13.643042 -14.045460 -14.899417 
14.516829 -13.941121 -15.440322 
15.144311 -14.767267 -15.461703 
15.072138 -15.846613 -15.618242 
14.111591 -15.673938 -15.732515 
14.024489 -16.282746 -14.971345 
14.362035 -15.988438 -14.151778 
13.649718 -14.689261 -13.655200 
13.855864 -15.486847 -13.079292 
14.129776 -14.550852 -12.629035 
14.484433 -14.593603 -11.613719 
13.468941 -14.493277 -11.453845 
13.149162 -13.448137 -11.349999 
12.853579 -14.030833 -10.379790 
14.461316 -17.029274 -10.660896 
14.387212 -19.035143 -12.211171 
14.745224 -19.969157 -11.582220 
15.334835 -19.852664 -10.143183 
15.287282 -20.918688 -10.443006 
13.091368 -19.233355 -10.023981 
11.184675 -17.198693 -10.683070 
12.139111 -16.914416 -10.891166 
12.729734 -17.771556 -10.855137 
11.806510 -20.164968 -9.582973 
