-25.682611 -16.500788 -8.533883 
-26.261832 -15.663999 -9.171195 
-26.005177 -14.789701 -9.751153 
-24.920053 -14.881594 -9.932603 
-24.457493 -15.839429 -10.082022 
-24.228023 -16.285061 -10.907267 
-24.548847 -17.162826 -10.449749 
-25.400980 -17.662012 -10.581835 
-25.231299 -17.148099 -11.342060 
-25.488816 -16.299398 -11.698929 
-24.471220 -16.102692 -11.895219 
-23.471738 -16.363119 -11.646597 
-23.407488 -15.569183 -10.852197 
-22.585612 -16.073586 -10.966962 
-22.305156 -17.030743 -10.725547 
-23.172916 -16.607964 -10.371334 
-22.711099 -16.918780 -9.489959 
-22.008211 -17.309050 -8.809963 
-21.288403 -16.779411 -9.148200 
-21.476674 -15.790335 -9.518964 
-21.995911 -15.091235 -9.954931 
-21.119730 -14.645253 -9.759795 
-21.069921 -15.127506 -8.813781 
-20.917638 -14.063218 -8.716916 
-21.835276 -13.835060 -8.236155 
-21.560541 -14.525777 -7.537256 
-22.213716 -15.350985 -7.310733 
-23.164393 -15.371234 -7.433255 
-23.628267 -16.161741 -8.037662 
-22.736579 -15.939868 -8.537924 
-21.803974 -16.290574 -8.285259 
-22.656926 -16.743738 -7.811890 
-23.306098 -17.327550 -8.267244 
-24.195331 -17.434252 -7.827457 
-24.186964 -16.976210 -6.936799 
-23.480318 -16.279367 -6.922689 
-23.714969 -15.359815 -6.408661 
-23.038689 -15.739600 -5.586403 
-22.014912 -16.088406 -5.607649 
-21.969300 -16.985180 -5.051176 
-22.019716 -16.454445 -4.189284 
-21.440273 -16.848147 -3.473235 
-22.166126 -17.144200 -2.724081 
-22.622103 -17.903200 -2.061674 
-21.944653 -18.254869 -2.821246 
-22.733693 -18.426190 -3.394585 
-23.497461 -17.698450 -3.569848 
-24.071451 -17.941101 -2.795210 
-24.552294 -17.137673 -2.428157 
-24.042993 -16.333784 -1.852449 
-23.619218 -16.058705 -2.798596 
-23.620296 -16.657155 -3.495137 
-23.102540 -16.757400 -4.369081 
-24.078588 -17.010002 -4.665579 
-23.293245 -16.642322 -5.252021 
-24.245210 -16.788848 -5.637942 
-24.859999 -16.000032 -5.498918 
-25.376503 -15.379047 -6.184580 
-25.113087 -14.700661 -5.431536 
-24.222399 -14.289266 -4.939744 
-23.905579 -13.978420 -5.889074 
-24.395724 -13.784860 -6.750875 
-24.253276 -12.913389 -7.562381 
-25.114512 -13.148193 -8.109166 
-24.586005 -14.125649 -7.924523 
-24.563060 -13.742620 -8.801401 
-25.428232 -14.297103 -8.649681 
-25.443656 -15.276369 -8.686983 
-25.823987 -15.766787 -7.838112 
-26.830423 -16.156114 -8.347352 
-27.714730 -15.741458 -8.275699 
-27.527480 -15.192137 -7.493073 
-27.899034 -14.872034 -6.552230 
-28.203368 -13.833732 -6.387567 
-29.317910 -14.627705 -8.165492 
-28.168461 -16.835586 -12.036595 
-27.304579 -16.323057 -11.868445 
-28.085167 -15.824457 -11.612545 
-27.894889 -14.837669 -11.076130 
-27.683668 -15.556802 -10.535197 
-26.725679 -14.608187 -10.485742 
-26.339020 -13.767191 -10.664918 
-27.439711 -13.525456 -10.465188 
-27.418057 -14.367680 -9.564962 
-26.665419 -13.830407 -8.536510 
-26.097646 -13.276452 -9.133247 
-26.021364 -12.854397 -10.030985 
-26.086182 -12.074026 -10.725252 
-24.703019 -12.119751 -9.235471 
-23.837146 -14.542362 -9.209631 
-22.742079 -14.742183 -9.309411 
-22.757505 -13.783005 -8.796146 
-22.705493 -14.469957 -7.876967 
-22.953993 -13.426619 -7.764625 
-23.409910 -13.909727 -6.900521 
-22.902032 -14.739195 -6.378985 
-23.211404 -14.713069 -5.424524 
-23.919062 -15.462497 -5.183143 
-24.230986 -15.361426 -4.260244 
-22.572281 -14.945108 -4.975617 
-20.809443 -16.959460 -6.922886 
-18.587092 -15.240099 -8.346681 
-20.358749 -12.669315 -6.144107 
-19.355571 -11.530310 -4.924276 
-19.297316 -12.501995 -4.820881 
-18.650351 -13.133432 -4.633457 
-19.170723 -12.292616 -3.772453 
-20.253885 -9.858792 -3.431699 
-22.206451 -9.786549 -5.814758 
-22.154736 -10.638871 -5.136612 
-21.147220 -10.578422 -4.599055 
-21.621554 -10.446207 -3.775081 
-21.642684 -10.741800 -2.731538 
-22.549768 -9.390106 -2.078412 
-23.082156 -7.926716 -1.312344 
-24.225320 -7.221895 -1.118461 
-25.846508 -7.340278 -1.043852 
-26.768184 -6.860712 -2.032832 
-26.161217 -6.711060 -3.380984 
-25.546842 -6.225119 -4.539618 
-25.027080 -5.813691 -2.551495 
-25.422820 -6.648794 -2.838963 
-25.150339 -7.426737 -3.401174 
-24.024296 -7.466185 -3.307861 
-22.905767 -7.601100 -3.360108 
-22.189050 -7.411514 -3.963282 
-22.956049 -6.801828 -4.547362 
-22.691967 -5.978076 -4.092012 
-21.816677 -5.710552 -3.616702 
-22.225273 -5.090440 -2.891957 
-23.006944 -8.417625 -3.372861 
-22.867579 -11.653533 -6.232726 
-23.878212 -9.826463 -7.120976 
-22.350658 -11.261674 -7.876304 
-22.935552 -11.449264 -9.409343 
-22.536668 -10.161637 -8.822087 
-21.297662 -9.849416 -7.986622 
-20.220039 -10.294586 -7.684376 
-19.671336 -9.160520 -7.671220 
-20.019272 -9.374921 -8.434880 
-19.019835 -9.478156 -9.409866 
-17.381090 -10.145905 -10.047819 
-17.481121 -9.115870 -9.785496 
-17.326710 -8.610865 -10.736518 
-17.705686 -9.491303 -10.909480 
-17.434915 -8.965839 -11.775474 
-17.381576 -9.479752 -12.667274 
-18.108041 -10.586474 -11.658080 
-19.119774 -11.203443 -11.547815 
-19.359893 -11.423724 -10.619400 
-18.317524 -11.654435 -9.754696 
-17.496572 -12.606475 -9.613155 
-17.787323 -12.796242 -8.715002 
-18.496072 -13.270877 -8.235866 
-18.215156 -12.456892 -7.497924 
-18.397567 -13.469534 -7.098967 
-19.390320 -13.586877 -6.829843 
-20.695958 -13.677149 -7.052105 
-21.309595 -12.670723 -7.608016 
-21.204940 -12.914874 -8.641739 
-20.734363 -12.039328 -8.583390 
-20.597566 -11.336066 -7.375595 
-20.163992 -10.377516 -6.489361 
-19.556822 -9.361920 -6.259602 
-17.571459 -7.975727 -7.229799 
-15.541056 -5.676417 -4.758824 
-15.145908 -6.969048 -2.340027 
-15.921369 -6.754608 -3.013588 
-16.942610 -6.919861 -3.441693 
-17.124109 -6.474073 -4.402564 
-16.133869 -6.860479 -4.293256 
-16.033333 -7.811815 -4.911584 
-15.952646 -7.419827 -5.827126 
-16.786430 -7.693500 -6.268068 
-17.720629 -7.431358 -5.910043 
-18.333154 -7.813874 -6.610151 
-17.769254 -8.486979 -5.953931 
-17.648363 -8.333521 -4.888866 
-17.761708 -8.014161 -3.802505 
-17.828515 -7.206810 -4.627093 
-18.836243 -7.117894 -4.832487 
-19.821006 -6.908760 -4.502312 
-19.991630 -7.459058 -3.521899 
-20.741094 -7.710252 -2.847899 
-21.362549 -6.992351 -3.353632 
-22.734016 -7.276657 -5.236539 
-26.170092 -7.726817 -4.908244 
-25.921185 -8.449388 -5.608529 
-26.723817 -7.788410 -6.557448 
-27.179120 -8.791611 -6.641113 
-25.133568 -8.959135 -6.751858 
-24.163025 -9.957275 -8.954058 
-24.426736 -8.887133 -8.799852 
-23.920944 -8.290101 -8.032343 
-24.377492 -4.906669 -7.130580 
