-0.943656 -25.333752 -2.607688 
-1.251065 -25.107794 -1.661425 
-0.958585 -25.199569 -0.589670 
-0.550809 -25.931736 0.004536 
-0.491717 -26.389117 -1.011957 
-0.774725 -27.383221 -1.372624 
-1.514137 -26.683032 -0.745672 
-1.416887 -27.774745 -0.706496 
-2.390774 -27.235097 -0.581937 
-2.021658 -27.494687 -1.463243 
-1.439650 -27.107749 -2.310162 
-1.599875 -26.904707 -3.367208 
-2.318062 -26.742594 -4.133435 
-2.622721 -26.829983 -5.143183 
-3.255081 -27.532713 -5.432936 
-2.624094 -28.174998 -5.880168 
-3.519286 -28.041553 -6.329944 
-4.502068 -27.625546 -6.208323 
-4.286308 -27.617110 -7.184914 
-5.312317 -27.618112 -7.337847 
-6.195271 -27.578688 -6.668704 
-5.808112 -27.775961 -5.685339 
-6.260433 -27.957476 -4.674419 
-6.118546 -28.443238 -3.714716 
-5.618191 -27.518454 -3.843241 
-4.769316 -26.998259 -3.991477 
-4.484596 -26.994296 -4.939091 
-3.553597 -26.719270 -4.604428 
-2.848142 -27.497979 -4.597501 
-1.948007 -28.000923 -4.549964 
-0.973513 -27.910645 -4.713225 
-1.250930 -27.181372 -5.289961 
-0.507028 -26.732735 -4.591137 
0.170456 -26.903714 -5.505988 
-0.093593 -25.758344 -5.471805 
0.615174 -26.235421 -4.789076 
1.683911 -26.324656 -4.740712 
2.538661 -25.905867 -4.401891 
1.995752 -25.612967 -3.555209 
1.798275 -25.195365 -4.497532 
2.255443 -24.486925 -4.945692 
2.280650 -24.140099 -3.956005 
1.515177 -24.124258 -3.157208 
0.920581 -23.299707 -3.055559 
1.142345 -23.725367 -2.062870 
1.644419 -23.651023 -1.146659 
1.137819 -24.594143 -0.928052 
1.553611 -24.058904 -0.158317 
1.372453 -23.928834 0.865154 
1.258222 -23.002220 0.383705 
0.416747 -22.991967 -0.080946 
0.197820 -23.400587 -0.958185 
-0.392379 -22.801092 -1.597249 
0.165190 -22.014300 -1.392104 
-0.345446 -21.899769 -0.523352 
-1.124459 -21.210143 -0.348769 
-0.779620 -20.698319 0.442018 
-0.888150 -21.678382 0.861172 
-0.443332 -21.355707 1.744016 
0.072519 -20.976689 0.895690 
0.616708 -21.503090 0.207775 
1.110060 -20.650335 -0.209028 
1.526232 -20.765428 0.804629 
2.091581 -21.443579 0.188878 
2.235452 -22.286942 0.788400 
1.707863 -22.856258 1.394511 
0.960234 -22.235488 1.903905 
1.042072 -22.790882 2.706984 
0.670956 -23.265805 3.500378 
1.638954 -23.406284 3.807184 
1.854651 -23.779305 2.908114 
1.309282 -24.100657 2.104554 
0.418089 -23.698274 2.407493 
0.264352 -23.195422 1.454203 
-0.735733 -23.633698 0.243187 
0.798030 -26.464005 -1.177447 
1.907411 -26.681757 -1.039305 
1.554172 -25.895715 -1.459860 
1.509767 -24.869914 -1.848066 
2.655039 -24.589001 -1.607289 
4.015610 -24.466596 -1.837863 
3.769881 -25.198484 -1.202270 
3.315794 -24.986248 -0.290854 
2.589136 -25.602597 0.696980 
3.006857 -27.498520 1.310546 
2.384502 -27.522262 2.157759 
1.631853 -26.991243 2.638274 
1.317179 -26.952805 1.511523 
0.545252 -26.257422 0.713499 
0.267312 -27.729318 -0.104336 
0.967939 -28.826892 1.300436 
0.288781 -28.806228 2.594575 
-0.174132 -28.077415 2.058220 
0.514224 -27.751512 2.736714 
0.593452 -26.996529 3.488064 
1.267783 -26.508582 4.229794 
0.909284 -26.794241 5.240741 
0.035814 -27.388683 5.084608 
-0.186630 -26.350068 4.836422 
-0.755921 -23.653003 3.999406 
1.743125 -21.169182 3.314577 
2.747359 -23.624487 2.495042 
5.261457 -21.364944 6.043802 
5.887897 -19.002640 6.429993 
6.527849 -18.663496 5.729002 
7.331639 -17.525473 6.118130 
8.631357 -16.609802 6.266061 
6.411624 -16.889969 6.797758 
7.130591 -18.115970 8.341283 
7.724081 -17.895604 9.177392 
7.611902 -16.890503 9.482920 
7.265541 -15.875018 9.601789 
6.403739 -15.972985 10.182298 
5.008341 -15.801829 9.844994 
4.958878 -15.719578 11.031941 
5.295567 -15.112080 12.944256 
3.486177 -13.338451 12.340765 
3.527503 -14.332622 13.159792 
3.897177 -15.209523 12.920919 
2.752448 -16.177260 14.830914 
2.715485 -16.120748 15.804999 
3.264778 -17.191005 15.827363 
4.128646 -16.468514 15.806151 
4.751812 -15.777480 16.119937 
3.679030 -15.901194 16.493777 
3.368347 -14.932210 16.482503 
3.707486 -14.203554 15.826047 
4.007731 -14.342319 14.855852 
3.852952 -15.193660 15.426029 
2.829281 -15.009302 15.324571 
3.443119 -13.885262 17.218530 
6.646404 -13.094462 16.271838 
6.155598 -12.614319 13.588873 
6.999000 -13.139828 12.225844 
7.434481 -15.099354 11.643653 
6.278245 -14.929339 11.249087 
6.420364 -14.525113 9.669599 
5.126828 -14.692071 9.732273 
3.911730 -14.819928 9.436605 
3.783743 -15.469406 8.713846 
2.970134 -16.888806 8.788107 
1.385541 -17.488975 8.019502 
1.568229 -16.721729 7.197691 
0.594220 -16.883967 7.216600 
0.950437 -16.782278 6.316264 
0.316383 -16.904403 5.502504 
-0.831386 -16.983425 5.355580 
0.135127 -18.603978 5.072881 
1.189644 -18.578463 5.866463 
1.750652 -19.365441 6.154240 
2.189176 -19.345568 6.915541 
1.799954 -18.150851 6.656482 
0.946990 -17.893781 7.081256 
0.655390 -18.354823 7.930557 
-0.168343 -18.558516 7.471148 
0.269689 -19.333873 7.977056 
-0.691519 -18.975752 8.416927 
0.085194 -17.596035 8.584585 
0.243582 -17.460718 9.693548 
-0.010059 -17.997672 10.594327 
-0.050340 -17.311357 11.510994 
0.627690 -17.764625 11.930719 
0.194313 -18.621657 11.941776 
-1.146466 -18.195574 12.153322 
-3.456941 -17.786453 8.087597 
-6.420192 -16.628335 7.601186 
-8.361941 -15.836322 8.467757 
-8.373037 -16.623387 9.198796 
-8.874646 -17.584364 9.264927 
-8.981632 -18.085000 8.313853 
-8.326278 -17.873257 7.446590 
-8.196806 -17.387577 6.644283 
-7.656409 -18.033830 6.154385 
-7.368508 -17.564588 5.216966 
-7.096891 -18.209360 4.460237 
-6.227574 -18.890704 4.493719 
-6.888996 -19.479120 3.952941 
-6.408462 -20.914032 3.547936 
-5.926192 -21.151564 4.207405 
-5.358442 -21.643722 4.967640 
-4.334997 -21.757565 4.761524 
-4.056993 -21.994034 5.717305 
-3.212872 -22.754649 5.667436 
-3.440806 -23.255202 4.866295 
-4.295560 -23.604285 4.730936 
-5.430250 -23.294304 3.209387 
-7.009294 -22.004183 3.170863 
-6.135823 -22.429347 2.649891 
-5.456891 -22.709611 3.930998 
-4.946103 -22.029496 3.353676 
-5.590827 -19.629680 3.112165 
-8.143198 -17.623466 2.713743 
-8.839081 -17.458696 3.521953 
-9.413815 -18.348502 3.648012 
-8.580794 -18.971500 7.663922 
