-16.450231 -16.724981 15.335264 
-15.637545 -17.142971 15.466670 
-15.985036 -17.536389 16.436887 
-16.192354 -18.560784 16.303095 
-15.471513 -19.069930 16.819108 
-16.467523 -19.182966 17.162200 
-17.406570 -19.008257 16.936194 
-17.156646 -18.129155 16.434113 
-17.804306 -18.865797 16.042100 
-17.760566 -19.255681 15.152601 
-17.531376 -19.204864 14.141665 
-17.844486 -19.456754 13.324860 
-17.029398 -19.704810 12.770953 
-16.749683 -18.827356 12.969161 
-16.601921 -18.078446 12.356925 
-16.976983 -18.083807 11.465021 
-16.272290 -17.237454 11.042943 
-15.391266 -17.384209 11.694436 
-14.678800 -17.897024 12.240930 
-14.463149 -18.078401 11.280438 
-13.714204 -17.476356 11.786909 
-13.651341 -17.655589 10.714231 
-12.641694 -18.177404 10.529831 
-12.074354 -17.596031 11.282418 
-11.090469 -17.657191 11.653339 
-10.712178 -17.460895 12.573303 
-11.348485 -18.146058 13.046514 
-12.222513 -18.334409 12.713244 
-12.934084 -18.640875 13.435084 
-12.895805 -19.048257 14.325974 
-13.387698 -18.480954 14.859479 
-13.924859 -19.420351 14.922066 
-14.539258 -18.684475 14.331336 
-15.117059 -18.313068 13.743518 
-14.078540 -17.982823 13.590480 
-14.825714 -17.256547 13.931164 
-15.778094 -17.425790 13.671177 
-16.037441 -18.159045 14.330999 
-15.804826 -18.081234 15.440070 
-15.214909 -18.947007 15.263171 
-14.304884 -18.815649 15.685276 
-14.466690 -18.728030 16.750228 
-13.476913 -18.702315 16.720101 
-12.956275 -18.840355 15.837431 
-13.249741 -19.824523 15.434440 
-14.155464 -20.174235 15.812917 
-15.108413 -20.535502 15.724590 
-15.332533 -20.200419 16.684377 
-16.197188 -19.838772 16.088343 
-16.914192 -20.063832 15.394965 
-16.463500 -21.015382 15.097704 
-15.652591 -21.541978 14.843671 
-15.573893 -22.152290 15.568325 
-14.942526 -22.763613 16.190154 
-14.214684 -21.953124 16.453129 
-13.823892 -21.081589 16.192446 
-13.643487 -21.563514 15.259732 
-12.803681 -21.111882 14.737331 
-12.439482 -20.155718 14.727080 
-12.081266 -20.936491 15.573756 
-12.164439 -21.815456 16.219434 
-11.078744 -21.521446 15.917337 
-10.435331 -20.769666 15.382071 
-9.770463 -20.699783 14.694152 
-10.079263 -19.992267 14.054383 
-9.174649 -19.559031 14.360343 
-8.728687 -18.847215 13.892460 
-8.075564 -19.132148 14.775139 
-8.069637 -19.343352 15.771583 
-8.901684 -19.234756 16.288025 
-9.459481 -18.913082 15.412875 
-9.039508 -18.024164 15.387492 
-8.126694 -18.277407 15.580396 
-8.203885 -18.202772 16.649306 
-6.882377 -17.177659 19.079745 
-5.956338 -16.719783 19.987048 
-6.911069 -17.292604 20.093754 
-6.589517 -16.624863 20.973360 
-6.104422 -15.901300 21.488483 
-6.700071 -14.703045 21.564488 
-7.618751 -14.616701 22.450933 
-7.017032 -14.204820 23.186576 
-6.854542 -13.412983 22.534916 
-7.687641 -12.848122 23.317060 
-7.005248 -13.389472 24.409046 
-7.777529 -13.484963 25.122322 
-8.338318 -13.801927 25.890972 
-7.850068 -13.548201 26.793575 
-7.367155 -12.741117 27.466134 
-7.743038 -10.230569 27.278219 
-8.902811 -9.260858 26.758594 
-9.448481 -8.347576 25.897725 
-8.501930 -7.889783 25.823794 
-7.705382 -7.998860 26.640744 
-7.138269 -8.776458 26.420264 
-7.208468 -9.519545 25.814404 
-7.178684 -10.489304 26.189871 
-7.968668 -11.094902 26.415536 
-8.096813 -11.618973 25.449753 
-10.261331 -10.741763 25.261515 
-11.676880 -11.087113 26.078999 
-9.441788 -11.582064 27.439055 
-6.187543 -6.553531 28.668409 
-2.875407 -7.125254 25.903232 
-3.032467 -8.100931 25.654044 
-4.060302 -7.187028 25.662298 
-3.513410 -6.316705 24.784571 
-1.687486 -7.207643 23.112126 
-0.433197 -4.597664 21.817462 
-0.138991 -5.879078 21.008353 
-0.549210 -5.709762 19.934367 
-1.183722 -6.238458 20.679430 
-0.405635 -6.711075 20.347488 
-0.498196 -8.109051 20.567873 
-1.045998 -10.017820 20.466165 
-3.058487 -10.254215 20.270644 
-0.983515 -9.237682 21.597052 
1.332425 -8.732176 22.579018 
1.674383 -7.588873 23.457595 
1.886683 -5.725263 24.848312 
2.962379 -6.730457 25.486979 
3.403467 -7.580785 25.820091 
3.460733 -8.688196 25.986933 
4.328191 -8.121010 25.517578 
4.208293 -6.821317 25.654416 
4.501520 -6.251524 26.359260 
5.695792 -6.293954 26.224841 
5.496391 -5.542080 26.892225 
6.464131 -5.568054 27.121756 
5.980853 -5.897243 27.992156 
8.390350 -2.826318 29.347044 
6.471369 -2.840808 30.682709 
6.940898 -3.755359 31.992231 
7.967883 -3.038577 32.439467 
6.642064 -2.318889 32.429068 
6.355137 -1.440801 32.454880 
5.606247 -1.330443 31.083367 
5.248918 -2.292435 32.219493 
5.745391 -2.707830 33.397527 
6.323683 -3.600476 33.109664 
4.137829 -2.657504 32.787356 
2.976034 -1.378599 31.856125 
3.538658 -0.942356 31.003291 
4.110421 -0.193955 31.520446 
4.413440 -1.194402 31.332023 
3.862293 -1.987823 30.971352 
3.968020 -2.663996 30.203801 
4.417141 -2.013497 29.022666 
3.284755 -1.713892 29.518314 
2.822997 -2.638823 29.435588 
1.840810 -1.806597 29.491288 
1.581645 -0.592269 29.218721 
2.411620 -0.798901 29.847955 
2.416330 -1.444084 30.586885 
2.614149 -2.390103 30.344981 
2.238500 -3.008730 31.034033 
2.230019 -4.005432 31.338519 
1.406701 -4.454015 30.480922 
0.500592 -5.528824 29.925186 
1.162677 -6.031686 29.338019 
2.064259 -6.159275 29.869013 
2.527258 -6.792667 30.621091 
3.618727 -6.244240 31.501610 
4.278897 -5.065543 30.892645 
3.672053 -3.644622 32.285962 
-0.102449 -1.866179 31.549951 
-1.644833 -2.383158 28.954306 
-2.353689 -3.127503 28.984841 
-2.277996 -2.762083 28.058592 
-1.673706 -3.488774 28.352533 
-1.171087 -4.050881 27.671817 
-1.275846 -4.541235 28.663822 
-1.571891 -5.138091 29.396282 
-0.967547 -5.754116 30.175037 
-0.569505 -5.336275 29.251463 
-0.228524 -4.856574 30.078488 
0.069500 -4.092866 29.417656 
1.087232 -3.410171 29.230989 
1.984411 -3.252909 29.524086 
2.657346 -4.049240 29.866381 
2.384732 -4.788178 30.427889 
1.797254 -4.724476 29.533298 
1.515032 -5.305587 28.760567 
2.588668 -5.098376 29.038614 
2.339358 -6.218312 28.836524 
4.605093 -6.140385 28.270191 
4.603208 -7.807245 28.783700 
4.449413 -8.481683 29.759571 
5.345351 -7.942807 30.502748 
4.780379 -7.228252 30.167545 
3.257399 -7.285621 29.098998 
0.898224 -9.465564 28.650975 
0.083085 -8.776815 28.967538 
0.310993 -7.922540 29.565046 
-1.193982 -6.653233 28.420509 
