-0.254685 -29.263226 8.086256 
-0.169709 -28.234801 7.726480 
-0.567699 -27.242718 7.791702 
-1.519861 -27.135871 8.321589 
-1.802634 -26.903424 7.315964 
-1.013772 -27.284804 6.937031 
-0.026445 -27.816875 6.673800 
-0.917603 -27.874724 6.117667 
-1.182590 -28.686669 6.692647 
-1.453540 -29.712888 6.673095 
-1.407046 -30.067352 5.674264 
-0.553911 -30.419512 5.194914 
-0.550190 -29.880083 6.043139 
0.403759 -29.937693 5.528719 
1.166084 -30.241341 4.979704 
1.735663 -30.828455 5.602574 
2.859189 -30.689634 5.780119 
2.622439 -29.670135 5.723614 
3.047660 -28.837787 5.239107 
2.566655 -28.010817 5.358588 
2.279993 -28.634069 5.944068 
1.854151 -27.835057 6.381771 
1.469881 -27.722963 5.479072 
0.690092 -27.048802 5.727917 
0.675602 -26.113946 6.253907 
-0.050243 -26.588511 6.566311 
-0.913905 -26.544763 5.943847 
-0.885403 -26.945168 4.923341 
0.211103 -26.776320 4.829717 
-0.035963 -25.788350 4.915554 
0.828468 -26.053580 4.956058 
0.721451 -26.163088 3.956721 
1.320536 -27.056823 4.298307 
2.088737 -26.537211 4.573861 
2.235605 -27.373794 3.944315 
1.583775 -28.022545 3.522832 
1.327346 -28.304395 2.570329 
0.449709 -27.863640 2.974571 
-0.173101 -28.062124 2.245662 
0.656176 -28.183809 1.609940 
0.912351 -29.210046 2.032107 
0.467076 -30.248450 1.901886 
0.525509 -30.893560 2.675341 
1.461389 -30.821476 3.090091 
1.797590 -29.912368 3.704495 
2.457270 -29.272988 3.407133 
2.064826 -28.730036 4.210787 
1.310029 -28.590097 4.831413 
0.249587 -28.531418 4.613095 
0.850068 -29.482353 4.475467 
-0.073852 -29.671751 3.828489 
0.038243 -30.071657 2.936182 
0.647707 -29.160585 3.077916 
0.014694 -28.565335 3.505718 
-0.950071 -28.587030 3.196033 
-1.293796 -29.362928 3.784297 
-0.779939 -29.141100 4.670223 
-1.700499 -29.540378 4.854394 
-1.717775 -28.483248 5.054629 
-1.699464 -27.791805 4.422108 
-1.843691 -27.919722 3.433954 
-2.448685 -28.336543 4.039225 
-2.656466 -27.441338 3.573650 
-1.767964 -26.921705 3.797158 
-1.458391 -27.059823 2.847143 
-1.161650 -26.615473 1.885092 
-1.709745 -27.454424 1.657913 
-1.105282 -27.190675 0.899561 
-1.351585 -27.838077 0.036402 
-0.342811 -28.164730 0.019723 
0.408417 -28.244923 -0.633666 
0.973834 -27.530074 -0.997321 
0.123020 -27.238048 -0.321868 
1.019252 -27.608598 0.072406 
2.206761 -25.644834 -3.045634 
4.287871 -24.410152 -5.678773 
5.098395 -24.703434 -6.334911 
5.820586 -24.102828 -6.834002 
5.790903 -23.356883 -7.546332 
5.565675 -22.609009 -8.040759 
4.720108 -23.366398 -8.112291 
4.691838 -24.060352 -8.926751 
5.626759 -23.628807 -8.966829 
5.390889 -24.690539 -9.877746 
5.259238 -25.693770 -11.198143 
4.413395 -25.655715 -10.722427 
3.770279 -25.112195 -10.271267 
3.498720 -24.962993 -9.358698 
2.594246 -24.833987 -10.426900 
2.231748 -25.315485 -13.097405 
3.091596 -26.133754 -14.289859 
2.745065 -26.487130 -15.541913 
2.670650 -27.501521 -15.837506 
2.827533 -28.539495 -15.726828 
1.921267 -28.092048 -15.270461 
1.522673 -27.207618 -15.432004 
0.651555 -26.794184 -14.931160 
1.492943 -26.890393 -14.323915 
1.647448 -27.934437 -14.268445 
0.641082 -29.901959 -14.503363 
-1.126355 -31.403303 -11.681592 
-1.340842 -29.541899 -8.651065 
0.420059 -26.676965 -6.798987 
1.127395 -29.073389 -7.203630 
1.116478 -28.552609 -8.044662 
2.220909 -29.025055 -8.607070 
2.025287 -28.399473 -7.908862 
-1.304661 -26.629757 -4.405352 
-4.420549 -24.254733 -0.679885 
-4.334716 -25.551403 -1.029481 
-3.218679 -25.818379 -0.877307 
-3.512265 -25.124666 -1.600244 
-4.242631 -25.043522 -2.218975 
-5.233750 -26.268585 -3.234855 
-4.845941 -27.382828 -3.322305 
-4.931585 -26.727467 -1.514654 
-6.971388 -26.218984 0.565665 
-7.236239 -25.805549 1.438397 
-8.225285 -26.191300 2.824045 
-7.558755 -26.972289 1.932193 
-5.862077 -26.653696 2.063849 
-6.062073 -27.597795 2.218768 
-6.869188 -27.931991 2.776979 
-6.518988 -27.028756 3.765646 
-7.678455 -26.698648 4.049846 
-7.742344 -27.354405 3.310046 
-8.005403 -28.064025 3.974316 
-8.880148 -28.525720 3.579436 
-9.032554 -27.509544 3.873560 
-9.706126 -28.032455 3.294384 
-8.356172 -27.352203 -1.648330 
-4.762254 -26.364276 -4.979475 
-3.745774 -25.527642 -3.735505 
-2.540251 -25.042922 -3.952206 
-2.522833 -24.579523 -5.458778 
-1.524750 -23.942080 -6.930944 
-0.583403 -22.780918 -7.100484 
0.259476 -22.736675 -6.138094 
0.158164 -21.484988 -5.571360 
1.058549 -21.063113 -5.174600 
2.413590 -20.955896 -6.077415 
2.868685 -22.297719 -5.630966 
3.263015 -22.182493 -6.624226 
2.447952 -22.028552 -7.197555 
2.745116 -21.193858 -7.670807 
1.754417 -21.369457 -7.423430 
1.995465 -20.729539 -8.116970 
0.944403 -21.519782 -8.583470 
0.103587 -23.290051 -7.833151 
-0.177071 -24.095777 -8.489283 
-1.034296 -24.492351 -7.586218 
-0.920075 -24.131386 -6.174415 
-1.681791 -23.527828 -5.739695 
-2.080408 -24.093722 -4.733916 
-1.447641 -23.892813 -3.862701 
-0.462612 -24.117053 -3.836152 
-0.059555 -24.473773 -4.691576 
0.413496 -25.554952 -5.134529 
-0.531206 -25.651480 -5.670127 
-1.090164 -24.892321 -5.339375 
-1.488421 -25.697269 -4.765131 
-1.211656 -26.271487 -4.110511 
-0.572413 -25.495635 -3.499007 
0.004083 -26.234510 -2.625312 
-1.375998 -27.618518 -2.561620 
-2.975789 -26.019995 -6.334393 
-2.191687 -24.505181 -7.977284 
-2.952998 -23.826193 -8.019725 
-2.191023 -23.219932 -8.396323 
-1.342458 -22.495151 -8.576311 
-1.346833 -22.311626 -9.607449 
-1.733749 -22.547322 -10.502620 
-2.194541 -23.194234 -9.918248 
-1.306565 -23.757805 -10.195840 
-1.503807 -24.369260 -11.004029 
-2.452647 -24.162074 -11.147962 
-1.809883 -24.788804 -11.831358 
-1.139448 -25.352446 -11.901844 
-0.294666 -24.972684 -11.102209 
-1.030491 -25.675546 -10.862236 
-0.639213 -26.242299 -11.733606 
-0.394208 -26.493165 -10.732327 
-1.131917 -26.982509 -10.296799 
-1.147080 -27.852188 -10.901056 
-0.988375 -28.433533 -10.094895 
-2.860302 -28.157679 -8.490968 
-2.743436 -29.578260 -8.291791 
-2.665756 -30.113954 -9.708891 
-2.507940 -31.047057 -11.134140 
-3.452665 -30.951282 -11.515824 
-3.169384 -31.133733 -14.152428 
-3.145944 -30.032508 -15.807329 
-3.208498 -29.101599 -15.407317 
-2.212206 -28.753895 -15.290769 
-2.625219 -27.056334 -12.305103 
