-24.906717 -7.533340 8.826110 
-24.751294 -7.739087 7.819795 
-24.883754 -8.076136 6.761592 
-24.801541 -7.898949 5.723272 
-25.571419 -7.444493 5.124884 
-25.718343 -7.704195 4.186196 
-26.178793 -8.286283 3.457918 
-26.076430 -7.768473 2.578036 
-25.931658 -7.325115 1.651646 
-26.397688 -7.601313 0.746767 
-26.208873 -6.621893 0.676105 
-26.371875 -5.568812 0.875098 
-25.756016 -4.638258 0.777545 
-25.873255 -5.310055 0.029666 
-26.811315 -4.864296 0.327242 
-26.534351 -3.903710 0.166634 
-26.360012 -2.940512 0.022460 
-25.776394 -2.256324 -0.407881 
-24.782003 -2.137936 -0.390815 
-24.879103 -2.334775 0.616594 
-24.620459 -1.369439 0.692657 
-24.639158 -0.894176 -0.269821 
-24.859036 -0.442241 0.612640 
-24.811187 -0.325396 1.718559 
-25.498456 -0.882709 2.302997 
-25.316207 -0.929862 3.294907 
-24.673128 -0.661678 3.939797 
-24.011131 -1.248351 4.514973 
-23.487421 -0.732677 5.218821 
-24.032833 0.200839 5.323268 
-24.410835 0.668906 4.430345 
-24.122795 1.580729 4.492293 
-24.922560 2.213210 4.277500 
-25.569584 2.216747 3.507756 
-25.736360 1.969026 2.575314 
-25.159799 2.659111 2.157756 
-25.801994 2.785431 1.369122 
-25.554770 1.743615 1.172231 
-26.605974 1.748789 1.538031 
-26.008015 0.878768 1.914644 
-26.779337 0.284989 1.444092 
-25.944923 -0.214917 1.799455 
-25.830931 -1.039612 1.190019 
-25.861480 -2.011779 0.657094 
-26.055883 -2.674708 1.359948 
-25.721012 -3.412094 0.838421 
-25.298414 -3.333320 -0.134001 
-25.089110 -2.943510 -1.042247 
-25.792277 -2.211099 -1.377971 
-26.323762 -3.150276 -1.182536 
-26.966808 -2.270856 -1.368723 
-27.507849 -2.885698 -1.885728 
-27.151201 -3.537653 -1.078817 
-27.397957 -4.412156 -0.773048 
-27.838862 -3.909182 -1.646416 
-28.510280 -4.102916 -0.974744 
-28.705041 -4.523794 -0.028525 
-27.679525 -4.206503 0.195724 
-27.733539 -3.315787 -0.378352 
-27.809576 -2.586717 0.271160 
-28.304174 -1.710542 0.165256 
-27.371738 -1.495872 -0.152721 
-26.650490 -0.856387 0.351792 
-26.703776 -0.167163 -0.500105 
-27.490901 -0.804859 -0.834539 
-27.722757 0.203691 -0.972117 
-27.722945 1.068427 -1.523432 
-27.205254 1.599428 -2.287219 
-26.485499 0.909629 -2.112034 
-26.476395 0.216800 -1.418956 
-26.475234 0.817753 -0.630561 
-25.684778 1.456132 -0.810707 
-26.284499 1.847954 -1.644895 
-25.374831 2.225749 -1.800628 
-26.889226 2.171650 -2.182563 
-28.174477 -0.389683 -2.716468 
-28.047283 -1.370214 -2.795216 
-27.624531 -1.355144 -1.854320 
-28.184347 -1.871134 -1.164354 
-28.497372 -2.460797 -1.769464 
-27.944694 -2.440430 -3.108840 
-27.882097 -3.424073 -2.874149 
-26.998440 -3.892482 -2.932332 
-25.617768 -4.238873 -2.938937 
-24.507480 -5.666189 -2.939783 
-23.573263 -6.014397 -2.349472 
-23.425998 -4.976144 -2.084367 
-22.497498 -5.047546 -1.740091 
-21.343574 -5.912894 -2.370033 
-23.612679 -7.422767 -4.916808 
-24.907987 -5.810640 -4.729992 
-23.938013 -5.100588 -4.487436 
-23.717020 -4.970003 -3.480426 
-23.005500 -4.769085 -4.232919 
-23.056770 -3.786763 -4.202170 
-23.570054 -2.985712 -4.129055 
-23.521355 -2.057745 -4.360173 
-24.338970 -1.268853 -4.185310 
-25.044362 -0.923103 -3.670765 
-24.955047 1.518426 -4.013187 
-23.739687 2.585630 -1.975275 
-22.052998 4.439458 -3.192338 
-22.465071 -1.012104 -0.791752 
-22.817805 -1.875475 3.713613 
-22.072444 -1.630718 4.446058 
-21.961754 -0.988652 5.562312 
-22.581236 -0.244649 5.435407 
-22.387992 -3.340437 8.840157 
-20.727505 -3.026307 12.212819 
-20.935670 -2.263122 11.926133 
-21.708273 -2.677938 11.492455 
-21.135766 -2.916928 10.671606 
-20.612488 -3.233389 9.835651 
-20.744185 -5.164920 9.364551 
-20.320132 -6.970139 8.830710 
-21.157283 -8.717587 9.843896 
-22.765082 -10.009756 9.663293 
-22.662053 -11.939008 10.608148 
-23.788728 -11.536331 9.461418 
-25.344920 -10.389092 8.552290 
-25.136662 -9.805148 6.805602 
-25.266862 -10.714168 6.461692 
-24.813638 -11.213921 5.705995 
-24.528054 -9.734368 5.289847 
-23.466408 -9.467534 5.106823 
-22.429265 -9.734426 5.431116 
-22.445981 -8.775835 5.380659 
-23.283118 -8.555261 5.899971 
-23.855355 -8.395946 5.017690 
-23.595366 -7.772186 4.183680 
-24.243360 -5.957792 2.124758 
-22.221353 -5.159159 2.429251 
-21.554807 -4.122353 3.463036 
-21.406299 -4.244345 5.432577 
-23.291570 -4.368156 6.398166 
-23.562830 -5.489077 7.403459 
-22.690307 -5.895418 7.318255 
-22.261718 -5.087607 7.865597 
-22.095768 -4.071504 8.433921 
-21.170565 -3.570853 8.365591 
-19.684546 -3.084703 7.874642 
-18.956313 -3.680972 6.978398 
-19.123689 -3.863598 5.930765 
-18.927918 -4.623795 6.558564 
-19.369582 -5.577634 6.671463 
-18.429762 -5.404760 7.015933 
-17.554549 -5.399636 6.559540 
-17.470725 -6.449496 6.206685 
-18.654793 -6.072315 5.784752 
-19.096082 -5.608855 4.956319 
-20.030427 -5.353143 5.993999 
-21.313023 -4.979058 6.840613 
-20.439852 -4.451518 7.121622 
-20.559657 -4.945748 7.976963 
-20.951278 -5.711420 7.535014 
-20.197424 -6.497989 7.544572 
-19.539200 -7.285547 7.751017 
-19.140969 -6.836382 6.615114 
-19.124524 -7.121955 5.093299 
-19.762808 -7.950351 5.412878 
-20.127564 -7.133763 6.032193 
-21.213976 -6.929552 6.569619 
-21.906694 -6.128468 6.788341 
-21.810360 -5.975449 5.520613 
-21.794143 -6.070037 3.555628 
-19.502860 -4.883283 -0.456740 
-17.071054 -3.597624 -0.605109 
-16.037673 -3.651262 -0.566210 
-15.447586 -4.385673 0.060175 
-16.400139 -4.301793 0.564901 
-16.292421 -4.597882 -0.535259 
-16.678886 -5.507379 -0.868653 
-15.833532 -5.864485 -1.093065 
-14.967955 -5.313707 -1.362856 
-14.417864 -5.505057 -2.209894 
-14.305982 -6.176548 -2.981854 
-15.176561 -6.763331 -2.846199 
-14.755501 -7.475578 -2.212852 
-14.662331 -7.456946 -1.241116 
-14.573748 -7.417971 -0.142911 
-14.942185 -6.561038 -0.593383 
-15.683932 -7.160249 -0.951679 
-16.038314 -7.263438 -0.011281 
-16.682778 -6.610260 -0.350908 
-17.387984 -6.112361 0.275525 
-17.668756 -5.115714 2.835211 
-17.640332 -5.507330 4.951844 
-16.463068 -6.157040 4.558305 
-15.030938 -5.386144 4.681695 
-14.439890 -4.575016 4.376415 
-15.728797 -4.296170 6.927058 
-15.938373 -5.176053 8.245654 
-16.726781 -5.362946 8.860518 
-17.516051 -5.593170 8.308181 
-18.344956 -3.350166 8.953983 
