-23.405275 -5.674404 -7.269716 
-22.392545 -5.844048 -7.607344 
-21.902888 -5.657639 -8.499951 
-22.640111 -5.050414 -8.811002 
-22.618297 -4.554383 -9.732615 
-23.317943 -4.475896 -10.515042 
-23.923740 -5.058703 -11.063443 
-24.411536 -5.797554 -11.411913 
-23.604653 -5.703396 -11.926947 
-23.955900 -5.397914 -12.886636 
-23.921161 -5.942543 -13.853011 
-24.531958 -6.285138 -13.000855 
-25.270370 -6.551354 -13.514665 
-24.803841 -6.747902 -14.352343 
-24.646967 -7.617412 -13.781214 
-23.874379 -8.307474 -14.101749 
-24.242208 -9.261832 -14.336040 
-24.955879 -9.551155 -13.565535 
-25.317473 -10.386888 -13.011953 
-25.333804 -10.463008 -13.974620 
-26.028315 -10.154422 -14.604087 
-26.700403 -10.610944 -14.066729 
-26.936310 -11.732135 -14.003267 
-27.433586 -12.101197 -14.772570 
-28.131897 -12.538648 -15.340822 
-27.708998 -13.410425 -15.150656 
-27.049147 -13.685002 -14.459142 
-26.796735 -14.485285 -15.152139 
-26.022522 -13.676608 -14.952138 
-25.561328 -12.703891 -14.823860 
-25.924899 -11.838790 -14.409415 
-25.008807 -12.209406 -13.868564 
-24.734995 -12.880025 -13.130515 
-23.840072 -12.317981 -13.000949 
-23.247394 -12.757044 -13.783916 
-23.938257 -12.177942 -14.175758 
-24.304962 -11.640982 -14.997030 
-24.677900 -10.764934 -14.794440 
-25.057693 -9.913812 -15.087720 
-24.087277 -9.914207 -15.536307 
-23.128271 -9.740375 -15.115590 
-22.876452 -9.716028 -14.127728 
-22.958685 -8.725251 -14.566867 
-22.372594 -8.631991 -13.677798 
-22.629873 -8.375354 -12.656185 
-21.723532 -7.882281 -13.093359 
-21.881783 -7.799229 -14.157395 
-21.185762 -7.249419 -14.607585 
-20.630272 -6.423312 -14.296367 
-20.225061 -6.665339 -15.286081 
-19.994057 -7.432089 -15.855628 
-19.818828 -7.056290 -16.781971 
-19.773740 -6.102365 -16.586512 
-19.082180 -5.513604 -16.000358 
-18.442004 -6.285374 -15.933056 
-17.996835 -5.953706 -16.638006 
-17.524670 -6.266002 -17.478990 
-17.392534 -7.240421 -17.523786 
-17.395201 -7.630328 -18.474639 
-17.965954 -6.784487 -18.522436 
-17.667141 -6.034293 -19.290977 
-17.158001 -6.160967 -20.229669 
-16.695204 -5.284598 -20.200813 
-15.959686 -5.589550 -20.903728 
-15.500978 -6.122569 -21.665228 
-15.215613 -5.857492 -22.612169 
-14.298580 -5.487567 -22.334328 
-13.508500 -5.052868 -22.941393 
-13.633672 -4.537536 -23.874511 
-13.104174 -4.241525 -24.671921 
-14.043617 -3.611887 -24.442001 
-13.280733 -3.516242 -23.621239 
-12.320072 -3.225695 -24.047528 
-11.316881 -3.404741 -24.458035 
-13.133439 -6.499410 -25.773602 
-14.735979 -9.084806 -24.304076 
-14.938040 -8.182434 -24.164514 
-14.634656 -7.267120 -23.997321 
-14.902291 -7.047558 -24.995750 
-14.940093 -6.994294 -26.012921 
-14.067397 -6.803304 -27.067463 
-13.030284 -7.227243 -27.340455 
-12.968283 -6.749683 -28.190979 
-11.270926 -6.178029 -28.674630 
-11.485076 -5.884414 -29.605761 
-10.676369 -6.018911 -30.337365 
-10.133618 -6.807986 -30.186221 
-9.252471 -6.532462 -30.016183 
-8.518090 -4.576126 -27.258188 
-7.272333 -5.911967 -25.833721 
-6.997274 -5.633979 -27.536480 
-7.967443 -6.251587 -27.961940 
-7.832401 -6.614267 -26.982755 
-7.042759 -7.418252 -27.241725 
-7.118663 -8.143974 -28.170874 
-7.733440 -8.892940 -28.590597 
-7.573669 -8.934431 -29.523714 
-8.182420 -9.306564 -30.267897 
-8.794483 -8.461093 -30.200608 
-12.536777 -9.706960 -28.030094 
-15.570716 -11.299362 -26.356767 
-16.890607 -10.437166 -24.669473 
-18.409090 -10.408496 -21.503991 
-18.257652 -11.780521 -23.354472 
-19.070951 -12.423279 -23.041825 
-19.156190 -12.033619 -24.005531 
-18.845887 -12.847119 -24.746868 
-20.902494 -13.216617 -23.449265 
-23.035995 -11.811536 -19.044358 
-25.281119 -11.261900 -18.051585 
-27.554389 -11.642432 -17.338875 
-27.987589 -11.754843 -16.351379 
-28.454066 -10.747829 -16.274963 
-27.693418 -10.085693 -17.333525 
-26.985063 -9.610100 -17.093551 
-26.359084 -11.306968 -16.341669 
-25.307311 -12.703107 -15.901353 
-25.412838 -12.590245 -16.719476 
-25.695398 -12.979982 -17.790925 
-25.533465 -14.171283 -18.260497 
-24.808493 -13.710063 -16.941435 
-24.524513 -13.655532 -17.947401 
-24.717389 -12.616595 -17.873053 
-22.983656 -13.112231 -18.109175 
-23.809475 -13.993814 -17.144175 
-24.207618 -14.155596 -16.162431 
-23.738474 -15.007585 -16.684451 
-24.278035 -15.439708 -15.883554 
-25.109933 -15.502115 -16.430347 
-24.612608 -16.914423 -16.852813 
-23.086434 -14.515782 -20.627414 
-18.179401 -14.215336 -23.864957 
-17.521734 -13.902303 -25.407740 
-16.015833 -13.927557 -26.363366 
-13.607070 -14.322350 -25.133392 
-13.672930 -15.782871 -24.768414 
-14.686810 -16.029581 -25.971442 
-16.155172 -16.281608 -25.651595 
-16.662216 -15.535487 -25.790057 
-16.506797 -14.487614 -25.983690 
-16.119844 -13.664627 -25.464830 
-16.063956 -12.771195 -24.890727 
-16.820027 -12.057347 -25.047030 
-17.030409 -11.988042 -24.026088 
-16.769217 -12.251089 -23.099747 
-16.419630 -12.011982 -22.133137 
-16.498548 -11.217978 -22.764849 
-15.984727 -10.055399 -22.716825 
-15.849370 -9.046129 -23.853643 
-14.980508 -9.322541 -23.255178 
-14.243104 -8.327615 -23.181324 
-13.932877 -8.051262 -23.999799 
-14.356176 -8.175967 -24.921817 
-15.296337 -8.237450 -25.486314 
-15.772412 -9.074630 -25.205716 
-16.996292 -10.035113 -26.751716 
-16.273162 -10.426441 -27.969876 
-16.388207 -11.065706 -28.708095 
-16.427653 -11.928390 -28.072487 
-17.462339 -11.933389 -27.750838 
-17.492996 -12.945027 -27.370341 
-18.112571 -12.349790 -25.927670 
-18.532235 -11.259616 -24.722369 
-18.452356 -10.395943 -26.109332 
-16.473705 -9.059396 -27.393599 
-14.170752 -12.613061 -28.457631 
-12.863409 -13.148040 -29.659861 
-12.084079 -12.486533 -29.866113 
-11.398587 -12.634513 -30.624187 
-10.474046 -12.974987 -31.031898 
-9.516465 -13.190383 -31.164653 
-9.135194 -13.345025 -30.166245 
-8.148111 -13.440860 -30.307361 
-8.077868 -12.513727 -30.773200 
-7.649969 -11.844526 -31.504503 
-8.631838 -11.694478 -31.216018 
-8.488550 -10.636774 -31.284103 
-8.747282 -9.749870 -31.695635 
-9.216059 -8.887786 -31.807045 
-9.123397 -8.230862 -31.057283 
-9.479991 -9.171667 -30.830892 
-9.830627 -10.031597 -31.261874 
-10.383682 -10.863086 -31.435456 
-10.393311 -9.964524 -32.040707 
-10.743358 -9.131306 -32.431167 
-10.147803 -7.316518 -31.883838 
-11.103506 -5.847181 -31.865191 
-10.826127 -4.801529 -32.033060 
-10.638772 -5.324115 -31.177020 
-9.781704 -5.570607 -30.692131 
-10.700353 -4.218444 -30.462894 
-13.056701 -4.986189 -30.412349 
-12.713584 -5.316010 -31.396904 
-13.625203 -5.896354 -30.629740 
-12.921309 -5.245939 -28.999445 
