-18.490576 -21.362523 -8.123189 
-18.410414 -20.924136 -9.081532 
-19.054564 -20.878266 -9.802115 
-19.162769 -20.160824 -10.576058 
-18.918723 -20.280610 -11.614574 
-19.034599 -20.206849 -12.666392 
-19.918644 -20.094073 -12.024905 
-20.434488 -19.498433 -11.446804 
-21.302719 -19.861218 -11.084940 
-21.407197 -19.665804 -10.075082 
-21.474046 -19.077389 -9.162143 
-22.119930 -19.846783 -9.111521 
-22.435646 -19.495012 -8.144191 
-22.405698 -19.862748 -7.240413 
-21.946680 -19.647601 -6.375637 
-21.085118 -19.072378 -6.028477 
-20.501940 -18.381688 -5.449763 
-19.658741 -18.599828 -6.109102 
-20.512610 -18.267562 -6.424032 
-21.061115 -18.944462 -7.146164 
-21.101369 -20.007108 -7.067088 
-21.492151 -19.523440 -7.817377 
-21.107497 -18.313579 -7.823517 
-21.989905 -18.393616 -8.424335 
-21.885074 -17.560845 -7.850261 
-22.716600 -17.913595 -7.256680 
-22.189456 -18.460958 -6.599035 
-21.925954 -17.369051 -6.559978 
-21.127002 -17.550732 -5.861602 
-20.242855 -17.267797 -5.391209 
-21.094445 -16.581796 -5.185557 
-21.438778 -16.375252 -6.049221 
-22.343933 -15.852477 -6.303204 
-22.700759 -16.173829 -7.132577 
-23.549454 -16.813802 -7.286780 
-24.556420 -16.794945 -7.254667 
-25.538857 -16.686017 -6.919328 
-26.464975 -16.410275 -6.661876 
-26.429876 -17.033712 -7.501368 
-25.610222 -17.799899 -7.737233 
-25.190042 -17.933191 -6.819405 
-24.752884 -18.491656 -5.981060 
-25.136319 -18.534364 -4.900633 
-25.049322 -19.478936 -5.479963 
-25.312077 -19.836183 -6.438426 
-25.896670 -19.328196 -7.223276 
-25.905801 -18.758516 -8.098219 
-25.253993 -19.223814 -8.887565 
-24.392407 -19.786725 -9.067692 
-24.801866 -20.589681 -8.524014 
-25.315407 -20.266094 -7.659684 
-24.678814 -20.516582 -7.026324 
-24.436384 -19.463041 -7.317655 
-23.547975 -19.286359 -8.001497 
-23.016520 -18.516937 -8.141790 
-22.813667 -17.812449 -8.811619 
-23.473126 -18.456218 -9.378305 
-23.765681 -19.249391 -10.085814 
-23.837361 -18.496391 -10.756004 
-24.245731 -17.886882 -9.967543 
-25.335693 -18.051897 -9.795831 
-25.645349 -18.849664 -10.350603 
-26.002986 -18.321739 -11.062780 
-26.224524 -17.458202 -11.572279 
-25.755342 -16.651167 -11.045358 
-26.164060 -15.735862 -11.081157 
-26.974064 -16.237597 -11.508893 
-27.460680 -15.837248 -12.371953 
-27.137479 -16.677135 -12.941865 
-26.257072 -16.364066 -12.297323 
-26.014650 -15.357637 -12.137344 
-25.178609 -14.852994 -12.574302 
-25.193923 -14.872266 -13.588231 
-24.172130 -14.524694 -13.351273 
-23.574375 -15.217056 -16.047214 
-24.764005 -15.553341 -18.480855 
-25.199403 -15.843603 -19.285643 
-24.560198 -16.579699 -19.044823 
-23.526252 -16.276488 -18.959571 
-22.838169 -16.028300 -18.344003 
-21.915060 -15.029801 -18.354669 
-21.471539 -15.813288 -17.948981 
-20.519808 -16.161045 -17.602428 
-22.116400 -16.616301 -17.121913 
-22.264896 -16.424812 -16.035172 
-21.244098 -16.577447 -16.387727 
-21.478173 -15.922799 -15.711557 
-21.070493 -16.355432 -14.931357 
-20.136655 -18.778382 -11.930171 
-20.039075 -21.401184 -8.324129 
-20.126470 -19.947105 -7.399009 
-20.112934 -20.189917 -6.011644 
-20.289442 -19.381671 -6.540838 
-19.224420 -19.229025 -6.709238 
-18.542225 -18.825775 -7.346428 
-18.568487 -19.336363 -8.197929 
-18.884098 -20.391924 -7.870940 
-17.839367 -20.057452 -8.009126 
-17.398320 -20.975150 -7.885299 
-18.720326 -21.989863 -12.029324 
-18.682239 -20.189068 -15.455733 
-20.727715 -19.514124 -16.546317 
-21.787030 -17.923546 -12.689536 
-23.692972 -20.747470 -9.091065 
-23.209730 -20.247641 -8.266340 
-21.976177 -21.223313 -8.112361 
-21.097286 -22.045882 -8.701166 
-25.277275 -19.920031 -11.652517 
-25.738063 -16.021602 -13.616072 
-24.792770 -15.811204 -12.625336 
-23.983595 -16.366425 -12.349500 
-23.264649 -15.900651 -11.580947 
-22.246885 -15.963170 -11.558969 
-23.418562 -16.752673 -10.684248 
-24.949069 -16.963235 -10.451447 
-25.139658 -16.860842 -9.041522 
-23.738509 -18.584377 -7.234247 
-24.123487 -19.446763 -6.373728 
-24.279242 -20.879545 -5.881989 
-25.169465 -23.194878 -5.891754 
-25.590544 -22.952696 -6.655602 
-26.050112 -22.238794 -6.131459 
-25.938180 -21.252666 -5.715514 
-26.227758 -20.891265 -6.586815 
-26.250080 -20.572287 -7.711051 
-26.810304 -19.958527 -7.122277 
-27.790358 -20.168893 -6.613507 
-27.687197 -19.226864 -6.800538 
-27.811076 -18.843954 -5.911071 
-28.170268 -18.747228 -4.930390 
-27.531008 -18.055300 -7.407723 
-27.233662 -17.083865 -9.900689 
-27.782943 -15.432478 -10.096109 
-28.888746 -15.474662 -11.300294 
-28.737363 -15.256838 -13.516446 
-27.943078 -15.930206 -14.392868 
-26.460380 -14.886235 -15.219781 
-25.390394 -15.495850 -15.476795 
-24.663826 -16.456868 -15.062065 
-24.757949 -16.381359 -14.093344 
-25.302087 -17.591428 -12.295318 
-24.161155 -19.379131 -11.241756 
-24.082836 -18.941167 -12.121317 
-24.556775 -19.925763 -12.026404 
-25.377765 -19.209263 -11.817595 
-24.956141 -18.802964 -12.622001 
-24.484227 -17.911365 -12.424637 
-23.606614 -17.202586 -12.640120 
-23.582072 -16.064840 -14.487820 
-23.792428 -15.656950 -15.308853 
-23.937424 -15.766303 -16.577987 
-24.838241 -16.938002 -17.067253 
-25.114362 -17.634021 -16.283175 
-25.999619 -17.311472 -16.020291 
-26.773611 -17.631929 -15.228135 
-26.899634 -18.353102 -14.456362 
-26.176987 -17.779432 -14.169514 
-25.684565 -18.515487 -13.574025 
-24.579466 -18.935567 -13.598614 
-24.205892 -17.941596 -13.705638 
-24.242571 -17.741663 -14.613393 
-24.078809 -17.746519 -15.913602 
-23.810962 -18.491224 -15.410814 
-23.379385 -19.398823 -16.499391 
-23.057161 -18.018882 -16.149651 
-20.705566 -19.972790 -14.354397 
-22.710830 -19.999093 -13.531265 
-23.508612 -19.263877 -13.444475 
-22.495581 -18.967597 -13.282917 
-22.208727 -18.059781 -13.070016 
-21.451071 -18.574866 -13.403581 
-21.091156 -19.384152 -12.939863 
-21.038006 -20.304254 -12.591423 
-20.848122 -21.260275 -12.165272 
-20.322939 -20.851221 -11.312850 
-19.626039 -21.533381 -11.521523 
-20.466051 -22.072374 -11.094967 
-21.769147 -22.170405 -10.516046 
-21.591668 -22.403719 -11.490583 
-21.048141 -22.805345 -12.269807 
-21.477811 -23.689997 -12.581912 
-21.833417 -24.006867 -11.723792 
-22.593459 -23.332537 -11.840948 
-22.236102 -23.303896 -10.692720 
-22.870723 -23.006217 -9.951021 
-25.033613 -21.369635 -9.219831 
-25.381970 -22.054678 -8.733886 
-25.874864 -22.814349 -8.621676 
-25.291509 -22.139296 -7.599885 
-24.483599 -21.553667 -7.351880 
-23.067188 -23.103008 -8.162129 
-22.164429 -24.873936 -9.225316 
-21.816578 -24.004988 -9.749600 
-22.479218 -24.639689 -10.200030 
-20.399738 -24.849556 -12.451518 
