26.290234 -12.936884 -0.248958 
25.615166 -12.591553 0.604273 
24.786344 -12.789681 1.138918 
23.826836 -12.660824 0.863233 
23.553144 -12.525403 -0.187211 
24.671205 -12.801212 -0.062604 
25.218327 -12.982929 -0.932426 
24.716695 -12.288074 -1.689871 
25.176938 -12.710862 -2.495164 
24.524161 -12.029375 -2.662927 
25.012166 -12.121719 -3.549534 
24.286735 -11.359872 -3.549320 
25.170756 -10.924440 -3.705863 
25.574640 -11.159617 -2.816333 
24.784911 -10.493449 -2.742020 
24.960428 -11.056503 -1.938094 
25.096334 -11.171246 -0.953122 
24.467432 -10.467329 -1.345766 
23.645794 -9.935372 -1.599080 
22.690893 -9.775478 -1.508274 
22.712487 -8.842854 -1.465258 
22.065202 -9.008585 -0.703534 
21.197532 -9.081130 -0.336694 
21.584511 -10.078249 -0.071822 
20.686299 -10.409923 -0.132446 
21.125933 -10.909508 0.629674 
20.119867 -11.022863 0.748107 
19.736155 -10.123524 0.876515 
19.194902 -9.798197 1.742806 
18.358167 -9.162704 1.661955 
18.780845 -9.150143 2.533013 
18.123419 -9.100603 3.274638 
17.670861 -9.744978 2.516127 
17.008925 -9.124584 2.148931 
16.123979 -9.236404 1.630640 
15.815994 -9.595322 2.543786 
16.224789 -10.555322 2.109581 
15.983032 -10.423863 3.145376 
16.785791 -9.803072 3.130831 
16.522407 -9.255272 4.036379 
17.337539 -9.809962 4.228584 
17.441091 -10.788270 4.130350 
18.343460 -10.863621 4.848679 
19.419430 -10.852423 4.786305 
19.614449 -11.064546 5.783079 
20.281031 -11.595415 6.470523 
21.260515 -11.637936 6.260900 
20.659735 -11.697644 5.428625 
20.479956 -10.756486 5.245709 
20.260339 -11.749273 4.533359 
20.310793 -12.822105 4.729975 
19.329128 -12.943014 4.909754 
19.512259 -12.452406 5.713635 
18.527923 -12.690511 5.861352 
18.184331 -12.262713 5.018104 
18.853626 -12.246299 4.218837 
19.081234 -11.679206 3.397289 
18.417485 -11.158357 2.993819 
19.018759 -10.482000 3.468074 
19.953461 -10.431036 3.088169 
20.606199 -10.757798 2.341086 
20.662602 -11.556417 3.014322 
21.348390 -11.649422 2.301763 
22.031878 -12.071898 1.601279 
22.841901 -11.483360 1.656972 
22.038528 -10.736783 1.817352 
21.594550 -10.093153 1.140617 
20.564760 -9.924318 1.337883 
20.930165 -9.696984 2.315496 
21.348671 -9.144606 1.576773 
21.047143 -8.587339 0.716046 
20.438487 -7.828011 0.302947 
19.517454 -7.882379 0.590878 
19.736116 -6.817675 0.721481 
17.893893 -7.263838 1.257098 
16.911896 -7.463167 0.449448 
17.468718 -8.237187 0.643326 
16.917448 -9.133834 0.560176 
16.580932 -8.493401 -0.148830 
15.699238 -8.292091 1.031836 
15.587185 -8.070192 0.156430 
15.666677 -9.083504 -0.145794 
14.778685 -9.076280 0.241349 
14.139362 -7.929508 0.001552 
13.633718 -6.443104 0.153470 
14.579166 -6.643415 0.606367 
15.250239 -6.910617 -0.225695 
15.959190 -6.481495 -0.692907 
13.367636 -5.524140 -1.304676 
13.155617 -5.057376 2.704704 
12.720494 -4.933825 4.941289 
12.615928 -5.980099 4.053012 
13.565206 -5.676018 4.612324 
14.066606 -5.163657 5.416930 
14.972424 -5.221352 5.723817 
15.407843 -5.787194 5.037617 
16.144662 -6.153562 5.729303 
15.730384 -5.362337 6.434348 
16.175827 -5.579457 7.312631 
15.506989 -6.214518 7.184227 
17.745459 -8.432667 5.568455 
18.910657 -9.118799 3.907573 
21.910277 -6.864681 1.472693 
21.689530 -4.266144 3.489428 
21.300292 -4.548381 4.510723 
20.691691 -4.409066 5.412195 
20.512713 -5.270996 4.676423 
22.945921 -6.927169 4.845239 
20.988599 -9.256436 3.354635 
19.926805 -8.985979 2.205298 
20.269246 -8.598385 1.231862 
19.749571 -7.903741 1.865551 
20.793477 -7.554907 1.786388 
21.818012 -8.521817 2.325111 
22.354450 -7.766756 2.555743 
23.368320 -7.936550 2.898881 
23.696529 -9.192279 0.115988 
22.761629 -10.782295 0.334465 
24.209946 -10.868314 0.396791 
25.446074 -9.197611 0.453399 
26.503890 -9.470601 -0.080586 
26.003143 -9.658267 -1.021127 
26.372549 -8.602155 -0.989963 
27.017153 -8.113055 0.139910 
27.285669 -7.669401 1.543902 
26.603511 -6.925875 1.129397 
26.718774 -7.022955 0.089868 
26.377304 -7.306718 -0.902890 
25.655269 -6.688722 -0.391759 
25.835937 -7.057264 0.481436 
25.190405 -9.524050 4.137795 
21.363472 -12.702450 3.188527 
18.054450 -13.362493 3.144255 
17.841898 -13.562122 4.732596 
17.153073 -12.040254 5.874478 
17.231707 -11.174666 5.891567 
16.452123 -10.564008 4.642031 
15.538522 -10.885751 4.476511 
14.989576 -11.050596 5.717048 
14.499366 -11.845558 6.203344 
13.822006 -10.453152 7.204452 
13.434759 -9.034562 6.646408 
13.377784 -8.538907 5.669121 
12.283366 -8.253764 5.640116 
12.438328 -7.738575 6.606869 
12.398626 -8.681620 6.960451 
12.514456 -8.981103 7.893110 
11.561295 -8.394528 8.605425 
10.327064 -7.187258 7.167395 
9.750601 -7.150464 8.073193 
9.707965 -8.619052 8.535516 
10.334371 -9.722482 9.152908 
9.365247 -9.550583 9.577951 
8.594687 -8.813649 9.231138 
8.706523 -9.747106 8.760999 
9.059063 -9.170760 7.892297 
9.381298 -9.813527 7.305658 
8.464848 -10.141868 7.770483 
7.690166 -9.768485 6.776372 
7.052306 -8.932900 6.561068 
7.965295 -8.709487 7.031032 
8.901885 -8.201612 7.080154 
8.224050 -6.801773 7.184750 
8.015158 -6.423462 6.359331 
10.877791 -7.200089 7.283311 
14.128436 -6.258642 9.398942 
14.086825 -7.576475 11.169665 
13.119182 -7.866245 11.236529 
12.389108 -7.359577 10.672174 
12.196489 -6.524183 10.071269 
11.395324 -7.216444 9.926413 
10.891921 -7.003449 8.938177 
11.397054 -6.096555 8.850540 
11.365947 -5.987537 9.991291 
11.588052 -5.217395 10.675469 
12.161337 -4.440028 10.376136 
11.294330 -3.934108 10.069065 
12.594358 -3.586441 9.789055 
12.370369 -4.394941 9.191122 
11.589968 -4.996393 8.868791 
11.874998 -5.823778 8.061861 
11.125160 -6.323414 7.590124 
11.090057 -5.296883 7.427584 
10.116053 -5.594304 7.096376 
10.143501 -4.964685 7.953983 
9.699505 -5.773813 9.115923 
9.285058 -5.818611 11.123002 
8.477939 -5.161976 11.957869 
9.352098 -5.014751 12.795247 
9.890756 -5.281279 13.801013 
10.590096 -5.619969 14.142876 
10.224667 -5.534001 12.223117 
10.366017 -5.316129 11.263820 
10.271596 -5.134593 10.212881 
8.946211 -2.659311 9.277908 
