17.913530 -7.678236 4.582049 
17.661265 -8.677710 4.636290 
18.583412 -8.522839 4.949908 
18.685742 -9.399124 4.305216 
19.135573 -8.838474 3.509930 
19.833627 -9.527834 3.868283 
20.675708 -10.160437 3.963790 
21.531744 -10.419001 3.386126 
22.319463 -10.677189 2.928093 
22.632598 -9.567227 3.140330 
23.353203 -9.518916 2.269539 
23.065709 -10.432846 1.791941 
22.940455 -9.414707 1.401730 
22.172179 -9.005057 0.750538 
22.325391 -7.887276 0.715405 
21.551647 -7.075930 0.909765 
22.016304 -6.340336 1.354165 
22.884551 -6.049717 0.974526 
23.014661 -6.289488 -0.036395 
22.199021 -5.878607 -0.552416 
22.488757 -4.999964 -0.945463 
21.998073 -4.163015 -0.612813 
22.679864 -4.372771 0.124783 
22.116356 -5.035939 0.503628 
22.147053 -4.223828 1.186087 
21.187978 -4.699669 1.026452 
20.336462 -4.285994 1.304253 
20.953944 -4.303016 2.070921 
20.455775 -3.455589 2.175430 
20.876394 -3.832673 3.118617 
21.689530 -4.266144 3.489428 
21.300292 -4.548381 4.510723 
21.162183 -4.174608 5.450834 
20.221200 -4.643524 5.373555 
20.512713 -5.270996 4.676423 
21.377524 -5.733821 4.951346 
20.604233 -5.892984 5.644195 
21.520801 -6.376521 6.068127 
22.140665 -6.486726 5.287875 
21.878383 -6.274796 4.250575 
22.360960 -5.447278 4.661205 
23.379940 -5.556775 4.526179 
24.338358 -6.037998 4.397187 
25.269360 -6.114963 4.126527 
24.814698 -6.734567 3.334925 
24.455588 -6.928571 4.348823 
23.612023 -7.118058 4.780869 
23.271381 -6.311318 5.418256 
23.890305 -6.887472 5.885679 
22.996486 -7.490046 5.771810 
23.421241 -8.358903 5.858688 
23.738872 -8.390044 4.882412 
22.786586 -8.216074 4.700696 
22.190676 -7.646871 4.057678 
21.591905 -8.366303 4.458251 
22.224361 -9.100461 4.338723 
21.370828 -9.236474 3.671165 
20.606369 -9.276398 3.038106 
19.926805 -8.985979 2.205298 
20.269246 -8.598385 1.231862 
19.749571 -7.903741 1.865551 
20.793477 -7.554907 1.786388 
20.661198 -8.267410 2.544794 
21.516926 -8.780400 2.380994 
22.172894 -8.418257 1.739315 
22.921030 -8.621201 2.635342 
22.354450 -7.766756 2.555743 
22.745923 -8.117659 3.423079 
23.179052 -7.227542 3.847871 
23.331483 -7.469060 2.874934 
23.981441 -8.199148 2.621621 
23.603700 -8.669343 1.726899 
24.061906 -8.196932 0.911775 
23.955610 -8.824607 0.060720 
24.657861 -9.882789 0.266892 
26.003143 -9.658267 -1.021127 
26.372549 -8.602155 -0.989963 
26.992870 -7.957666 -0.353965 
27.041436 -8.268445 0.633784 
26.944590 -7.297638 1.336650 
26.718774 -7.022955 0.089868 
26.377304 -7.306718 -0.902890 
25.655269 -6.688722 -0.391759 
25.564711 -7.608524 1.093091 
25.771210 -8.602937 2.686061 
26.129063 -8.743856 3.695401 
25.440785 -8.009413 3.639241 
25.170875 -8.319567 4.612812 
24.987887 -10.224070 4.810106 
22.459746 -12.363790 3.511896 
21.096317 -12.530044 3.112966 
19.969009 -13.364732 2.436057 
18.907149 -13.739614 2.798644 
18.054450 -13.362493 3.144255 
18.327546 -14.164426 3.581113 
18.500544 -13.306339 4.344776 
17.773790 -13.766369 4.832024 
17.055630 -13.694978 5.594492 
17.551978 -12.878497 5.310573 
14.679432 -10.279426 6.137360 
10.917026 -8.237227 8.291826 
9.849809 -9.636532 9.365430 
9.324967 -8.143990 7.181820 
12.491999 -5.681656 8.843577 
13.232281 -5.611337 9.457231 
14.055312 -5.446979 8.620707 
14.573257 -4.829718 8.910093 
12.535868 -5.997879 9.843650 
11.107608 -5.810149 7.508854 
10.116053 -5.594304 7.096376 
10.143501 -4.964685 7.953983 
10.232160 -5.929717 8.383031 
9.801053 -6.599705 8.968334 
9.965212 -5.408534 9.077465 
8.802841 -6.140560 9.171395 
8.898434 -5.408740 11.585750 
10.076705 -5.008351 14.532753 
11.073670 -5.868123 14.672229 
10.880311 -6.239845 13.332635 
9.877279 -4.850667 10.615181 
9.463082 -3.511930 8.663247 
10.198638 -3.354068 7.892284 
11.068793 -3.213934 8.164651 
10.282960 -3.177227 9.246719 
8.818607 -2.530714 9.285037 
8.691792 -1.693501 9.732479 
8.039921 -2.497966 9.931246 
7.139156 -2.548343 9.603427 
7.849578 -1.824111 9.148241 
7.239762 -1.129780 9.595378 
12.138360 -2.209006 8.447575 
17.436889 -5.023282 6.332310 
20.330010 -6.103909 7.865590 
20.336864 -4.999157 7.455083 
19.315811 -4.559415 6.212182 
18.071023 -4.163215 6.656449 
17.612146 -4.512122 5.844015 
18.335219 -3.936141 5.180967 
17.141693 -3.691724 4.760654 
17.475575 -2.814501 4.551067 
14.991215 -2.296468 3.646580 
14.243653 -3.703844 2.563960 
13.330877 -3.811691 3.224478 
13.275791 -3.019970 3.967929 
13.164034 -2.349666 4.651610 
12.234533 -1.927134 4.516977 
11.792461 -1.021912 4.537391 
11.813439 0.572455 5.334640 
13.147593 0.720959 5.484208 
13.738400 0.003493 5.035790 
14.012137 1.054926 4.033245 
14.821770 1.624068 4.258824 
15.035501 2.312516 5.037567 
15.897132 2.701262 5.023930 
16.021942 1.788037 4.656372 
15.640041 1.302354 3.828913 
16.540843 1.752858 3.814431 
16.538697 2.685465 3.807573 
16.501149 3.578580 4.325756 
16.651133 3.448343 3.310318 
17.319595 2.997240 2.618978 
18.057530 2.908494 1.992089 
18.974792 3.854045 2.495930 
19.722799 3.020301 1.916758 
17.202094 0.485266 3.326244 
14.920161 -2.506960 4.228673 
15.668383 -2.023277 2.349367 
16.047957 -1.493362 3.154627 
16.193391 -1.250321 4.125763 
15.592270 -0.668336 4.796863 
14.822909 0.099150 4.964086 
14.427294 0.969875 5.319981 
13.871315 1.051218 6.232317 
12.961226 1.452705 6.279778 
12.669226 0.914242 7.195275 
13.074113 0.259851 7.829323 
13.423831 -0.047184 6.985829 
14.759049 -0.255340 6.229387 
15.272189 -0.031822 7.061268 
16.125277 -0.279130 6.406347 
15.799979 -1.234269 6.739157 
16.475761 -0.690631 7.466118 
16.550012 -0.256374 8.475968 
17.410935 -0.707905 8.236791 
16.811630 -1.671388 8.314477 
17.894382 -2.394150 8.337367 
18.395043 -2.787535 10.837229 
18.129061 -3.554813 10.552588 
17.560480 -2.754677 10.129746 
17.101994 -3.007718 9.186655 
15.169942 -2.372210 9.419254 
13.971365 -2.208022 11.078893 
12.996487 -1.968158 11.273702 
12.568960 -2.264357 12.132461 
10.956783 -2.665926 12.010574 
