28.270821 -13.366877 -0.152527 
27.336604 -13.263049 -0.204739 
27.475617 -13.642526 -1.132435 
26.357122 -13.386532 -1.275306 
26.290234 -12.936884 -0.248958 
25.615166 -12.591553 0.604273 
24.786344 -12.789681 1.138918 
23.826836 -12.660824 0.863233 
23.553144 -12.525403 -0.187211 
24.671205 -12.801212 -0.062604 
25.218327 -12.982929 -0.932426 
24.716695 -12.288074 -1.689871 
25.176938 -12.710862 -2.495164 
24.524161 -12.029375 -2.662927 
25.012166 -12.121719 -3.549534 
24.286735 -11.359872 -3.549320 
25.170756 -10.924440 -3.705863 
25.574640 -11.159617 -2.816333 
24.784911 -10.493449 -2.742020 
24.960428 -11.056503 -1.938094 
25.096334 -11.171246 -0.953122 
24.467432 -10.467329 -1.345766 
23.645794 -9.935372 -1.599080 
22.690893 -9.775478 -1.508274 
22.712487 -8.842854 -1.465258 
22.065202 -9.008585 -0.703534 
21.197532 -9.081130 -0.336694 
21.584511 -10.078249 -0.071822 
20.686299 -10.409923 -0.132446 
21.125933 -10.909508 0.629674 
20.119867 -11.022863 0.748107 
19.736155 -10.123524 0.876515 
19.194902 -9.798197 1.742806 
18.358167 -9.162704 1.661955 
18.780845 -9.150143 2.533013 
18.123419 -9.100603 3.274638 
17.670861 -9.744978 2.516127 
17.008925 -9.124584 2.148931 
16.123979 -9.236404 1.630640 
15.815994 -9.595322 2.543786 
16.224789 -10.555322 2.109581 
15.983032 -10.423863 3.145376 
16.785791 -9.803072 3.130831 
16.522407 -9.255272 4.036379 
17.337539 -9.809962 4.228584 
17.441091 -10.788270 4.130350 
18.343460 -10.863621 4.848679 
19.419430 -10.852423 4.786305 
19.614449 -11.064546 5.783079 
20.281031 -11.595415 6.470523 
21.260515 -11.637936 6.260900 
20.659735 -11.697644 5.428625 
20.479956 -10.756486 5.245709 
20.260339 -11.749273 4.533359 
20.310793 -12.822105 4.729975 
19.329128 -12.943014 4.909754 
19.512259 -12.452406 5.713635 
18.527923 -12.690511 5.861352 
18.184331 -12.262713 5.018104 
18.853626 -12.246299 4.218837 
19.081234 -11.679206 3.397289 
18.417485 -11.158357 2.993819 
19.018759 -10.482000 3.468074 
19.953461 -10.431036 3.088169 
20.606199 -10.757798 2.341086 
20.662602 -11.556417 3.014322 
21.348390 -11.649422 2.301763 
22.031878 -12.071898 1.601279 
22.841901 -11.483360 1.656972 
22.038528 -10.736783 1.817352 
21.594550 -10.093153 1.140617 
20.564760 -9.924318 1.337883 
20.930165 -9.696984 2.315496 
21.348671 -9.144606 1.576773 
18.951656 -7.672037 0.864260 
17.188286 -6.115403 2.522816 
16.569264 -5.938978 1.733021 
17.354064 -6.605450 1.318642 
16.934426 -7.557184 1.470917 
17.190307 -7.850177 0.546387 
16.917448 -9.133834 0.560176 
16.580932 -8.493401 -0.148830 
16.136062 -8.542999 0.851207 
15.505426 -8.398293 0.407700 
14.778685 -9.076280 0.241349 
14.657288 -8.249967 -0.403753 
14.214655 -8.129377 0.451253 
13.546142 -7.409180 -0.042845 
14.265814 -6.253984 -1.089169 
12.385587 -4.612587 -0.632335 
13.359928 -5.071925 1.839114 
13.104699 -5.254886 3.151089 
12.797913 -4.830768 3.989499 
13.005092 -4.548842 5.019559 
12.435896 -5.318809 4.863019 
12.615928 -5.980099 4.053012 
13.565206 -5.676018 4.612324 
14.066606 -5.163657 5.416930 
14.972424 -5.221352 5.723817 
15.323800 -5.667833 7.349954 
17.225462 -8.513882 5.752404 
17.687297 -7.669050 5.061668 
21.568013 -7.647116 1.821978 
20.336462 -4.285994 1.304253 
20.953944 -4.303016 2.070921 
20.666085 -3.644131 2.647023 
21.689530 -4.266144 3.489428 
22.679391 -6.227540 4.962201 
22.488631 -7.931472 4.379187 
21.591905 -8.366303 4.458251 
22.224361 -9.100461 4.338723 
21.370828 -9.236474 3.671165 
20.606369 -9.276398 3.038106 
20.184775 -8.260753 1.772275 
20.661198 -8.267410 2.544794 
22.342245 -8.340855 2.546895 
23.523919 -7.891273 2.767831 
24.061906 -8.196932 0.911775 
23.574737 -9.524061 -0.149274 
24.024592 -10.680901 0.245069 
25.325147 -9.199787 -0.019401 
25.055201 -8.925905 0.906395 
25.971347 -9.199993 1.295757 
26.325536 -9.057851 0.151574 
26.003143 -9.658267 -1.021127 
26.372549 -8.602155 -0.989963 
26.992870 -7.957666 -0.353965 
27.041436 -8.268445 0.633784 
27.285669 -7.669401 1.543902 
26.603511 -6.925875 1.129397 
25.649190 -8.498579 3.034588 
23.328366 -11.870478 4.009844 
21.484778 -12.349838 3.433901 
19.193202 -13.468303 2.950420 
18.500544 -13.306339 4.344776 
17.460466 -13.446615 5.245696 
17.153073 -12.040254 5.874478 
17.511794 -11.179048 6.122967 
16.671535 -11.165901 5.428766 
16.452123 -10.564008 4.642031 
15.013617 -11.185661 5.585075 
13.686527 -11.505873 6.553045 
13.535661 -10.877234 7.375289 
13.663071 -9.818326 7.491663 
13.722676 -8.803678 7.550300 
13.434759 -9.034562 6.646408 
13.377784 -8.538907 5.669121 
12.408694 -8.413766 6.775136 
12.792973 -8.922398 8.881313 
11.780423 -8.800060 8.860755 
10.835893 -7.927827 8.339816 
10.327064 -7.187258 7.167395 
9.750601 -7.150464 8.073193 
9.454942 -8.255914 8.280864 
9.960988 -8.982189 8.790169 
10.334371 -9.722482 9.152908 
9.365247 -9.550583 9.577951 
8.650605 -9.280378 8.996068 
9.059063 -9.170760 7.892297 
9.381298 -9.813527 7.305658 
8.878592 -10.497587 7.716993 
7.870635 -9.777317 7.300173 
7.052306 -8.932900 6.561068 
8.487099 -8.727934 7.021820 
9.461976 -7.378317 6.669000 
13.636588 -5.795936 8.845820 
14.117591 -6.222039 9.796816 
13.241735 -6.689849 9.760162 
13.738172 -7.538139 9.646951 
14.292113 -8.240200 10.258213 
14.086825 -7.576475 11.169665 
13.119182 -7.866245 11.236529 
12.389108 -7.359577 10.672174 
12.196489 -6.524183 10.071269 
11.395324 -7.216444 9.926413 
10.891921 -7.003449 8.938177 
11.397054 -6.096555 8.850540 
11.476999 -5.602466 10.333380 
12.161337 -4.440028 10.376136 
11.294330 -3.934108 10.069065 
12.206312 -3.394987 10.031834 
12.982404 -3.777895 9.546276 
12.370369 -4.394941 9.191122 
11.589968 -4.996393 8.868791 
11.874998 -5.823778 8.061861 
10.451913 -5.699048 8.248464 
9.656392 -5.244579 9.249989 
8.949991 -5.823218 8.831493 
8.899137 -5.886387 10.094765 
9.285058 -5.818611 11.123002 
9.516400 -5.053158 13.548857 
11.073670 -5.868123 14.672229 
11.065290 -6.586432 13.976550 
10.531629 -6.507811 13.052534 
9.805512 -3.788228 9.871936 
