-19.124777 6.730524 -15.703039 
-18.587307 5.844327 -15.794211 
-18.543824 5.057532 -15.151054 
-19.241498 4.404500 -15.488736 
-19.316533 3.511631 -16.119060 
-20.041247 2.698479 -15.707928 
-19.593518 1.753914 -15.525987 
-20.379164 1.161416 -15.287656 
-20.692175 1.387453 -14.306024 
-21.124443 0.953000 -13.551467 
-20.537337 1.154098 -12.742409 
-20.499702 1.166637 -11.723547 
-20.197456 2.170945 -11.889406 
-19.543412 3.001926 -11.927694 
-20.292185 3.565568 -11.325480 
-21.217571 3.897373 -10.974875 
-20.946261 4.860038 -11.257807 
-20.654953 5.740137 -11.749449 
-20.147609 6.482562 -12.147565 
-19.957185 5.801614 -12.911453 
-19.365392 6.686131 -12.807915 
-18.592210 6.680192 -12.165519 
-17.640609 6.209132 -12.138629 
-17.959788 6.621692 -11.338991 
-17.171538 6.938063 -10.792549 
-17.042703 6.173877 -10.182296 
-17.027430 6.408279 -9.230509 
-18.067481 6.415709 -9.283770 
-18.336468 6.804918 -8.366749 
-18.866895 7.191420 -7.495443 
-19.823517 7.131456 -6.980080 
-20.720487 6.775371 -6.661790 
-20.967415 7.499526 -6.024756 
-21.683787 7.416816 -6.750629 
-22.621504 7.291120 -6.448903 
-22.420789 8.242022 -6.114531 
-21.770144 9.021458 -6.396937 
-21.741773 9.070703 -7.392564 
-22.184939 8.299429 -8.103066 
-21.470684 7.837217 -8.551875 
-20.780806 8.247425 -9.198176 
-20.141497 7.440937 -9.521483 
-19.719218 6.728317 -9.973238 
-20.093218 6.243746 -10.950214 
-19.102017 6.000936 -11.304199 
-19.054954 5.765508 -12.359312 
-18.355199 5.089047 -11.916567 
-18.655866 3.980658 -12.140033 
-18.495924 4.650471 -12.960773 
-18.710982 3.684233 -13.324851 
-18.606696 4.208006 -14.174396 
-17.897814 4.220536 -15.001907 
-17.586806 5.069027 -15.448976 
-17.239604 5.926030 -15.973146 
-17.365130 5.407790 -16.757935 
-18.005379 5.428473 -17.609192 
-17.519783 5.371295 -18.547407 
-17.782025 4.753252 -19.458204 
-18.042786 3.825169 -19.836754 
-18.668899 2.992570 -19.865884 
-18.433553 2.175212 -20.423020 
-18.761548 1.497534 -21.164025 
-18.249351 1.032476 -21.864297 
-18.259979 -0.016081 -21.841573 
-17.690439 -0.746419 -21.351505 
-16.814626 -1.323671 -21.832760 
-17.163494 -2.134610 -21.338426 
-17.183457 -2.053597 -20.344409 
-16.988000 -1.760260 -19.421788 
-17.774753 -1.348070 -19.474777 
-18.629274 -1.781084 -19.237943 
-18.006096 -1.359743 -18.419696 
-17.912954 -0.331113 -18.694584 
-17.779401 0.645795 -18.666488 
-18.716583 2.665568 -15.137575 
-21.181430 4.167821 -12.405649 
-21.728886 5.029389 -12.570321 
-21.568396 5.783993 -13.279009 
-22.198920 5.851357 -12.275861 
-22.319394 5.177218 -11.023930 
-21.762833 5.260604 -10.100607 
-20.838091 5.599166 -9.993464 
-20.010120 5.666992 -9.382669 
-19.411704 6.900396 -8.717174 
-18.102129 7.674386 -9.290946 
-17.156840 7.763524 -9.774092 
-16.326898 7.469366 -10.465763 
-16.903742 7.710732 -11.373552 
-14.711021 8.253956 -14.900398 
-16.210524 6.924864 -18.547915 
-16.629599 4.664102 -18.673938 
-17.891811 4.437164 -18.316486 
-18.539587 4.506755 -17.521131 
-19.552865 4.707434 -17.482040 
-19.562278 3.720017 -17.067530 
-20.463565 3.768228 -17.638672 
-20.491496 3.214254 -18.554776 
-19.911795 2.372668 -18.623082 
-18.908832 2.644379 -18.694050 
-20.445538 -0.089321 -17.609649 
-18.236664 -2.893761 -18.195681 
-19.785431 -5.198334 -19.183301 
-22.101100 -6.591973 -17.804623 
-23.281254 -8.424432 -18.927085 
-23.238329 -8.189704 -19.850065 
-22.297729 -8.333360 -19.396473 
-22.457924 -8.810611 -18.334016 
-19.700193 -8.362938 -21.836202 
-17.666581 -8.749650 -25.215065 
-16.845932 -8.432958 -24.295766 
-15.915599 -8.001190 -24.037420 
-16.535115 -7.228316 -23.853348 
-17.442178 -6.671828 -23.769332 
-17.634748 -6.568414 -22.252786 
-18.533598 -6.047458 -20.733536 
-19.485784 -6.263333 -22.603084 
-17.509968 -5.558435 -22.437355 
-16.764121 -4.269104 -21.088995 
-17.417628 -3.070445 -22.238976 
-16.469852 -2.793347 -23.868595 
-15.839414 -1.732710 -25.246114 
-15.301741 -1.016267 -25.555917 
-15.089361 -0.508066 -24.741432 
-14.429011 -1.847582 -24.575850 
-13.568238 -2.317259 -25.077569 
-13.225257 -2.116749 -24.059632 
-13.524384 -1.167361 -23.794189 
-14.425988 -1.038700 -23.284494 
-15.438896 -0.824046 -23.285912 
-16.108037 -0.051420 -23.239451 
-16.740359 0.852125 -19.690887 
-17.651389 3.639773 -17.452899 
-16.889594 4.062903 -15.290635 
-15.744761 4.992749 -16.655380 
-14.300587 6.269237 -15.745266 
-15.850202 6.927376 -15.419709 
-15.739472 7.122579 -16.275427 
-16.116791 7.951436 -16.988846 
-15.279369 9.291595 -17.145990 
-14.324193 9.450467 -16.961511 
-13.764721 10.504110 -18.148119 
-12.204485 11.274980 -19.349851 
-11.562184 11.304240 -20.080233 
-11.006105 11.031376 -19.307805 
-10.014674 11.245057 -19.337336 
-9.503699 12.149333 -19.559556 
-8.962283 11.314119 -19.659781 
-9.627424 10.531710 -20.770647 
-10.933502 10.960631 -21.434201 
-11.748473 10.470141 -21.494294 
-12.656134 9.839938 -21.405159 
-13.292379 8.650739 -21.880172 
-13.514802 9.047637 -21.095029 
-14.202742 8.487801 -20.489108 
-13.556124 7.621130 -20.508887 
-13.554117 6.659481 -20.001968 
-13.364034 5.626903 -19.965596 
-13.995405 4.445794 -19.931235 
-14.829411 3.192471 -19.972692 
-15.280063 2.283771 -20.208055 
-15.299486 1.332264 -20.628797 
-15.710127 0.493152 -21.033547 
-15.499870 0.386523 -22.420734 
-14.153311 0.144104 -21.967087 
-16.224066 -1.254387 -22.457651 
-18.309473 -2.220298 -24.446134 
-18.038094 -3.477814 -23.898366 
-17.541319 -4.444058 -23.908277 
-17.264861 -4.297725 -22.962302 
-16.419454 -4.040372 -22.329593 
-15.979790 -4.979210 -22.262039 
-15.780472 -4.683418 -21.372407 
-15.474890 -4.004327 -22.016350 
-15.547276 -3.813808 -21.085248 
-15.352904 -2.909224 -20.630021 
-15.674851 -2.895132 -21.664153 
-15.058753 -2.112620 -22.107376 
-14.785522 -3.319712 -22.955594 
-15.580101 -3.719448 -23.127091 
-15.641126 -4.401286 -23.754632 
-15.862922 -5.215047 -23.201065 
-16.333283 -6.088879 -23.279036 
-16.850039 -5.676056 -24.234158 
-17.751031 -5.265837 -24.527487 
-17.782761 -5.566616 -25.487302 
-17.257669 -3.044612 -26.285667 
-15.567919 -0.882717 -26.797198 
-14.843984 -0.377677 -27.605877 
-13.919502 -1.123167 -28.328840 
-12.891734 -1.278177 -28.680582 
-13.426355 0.596651 -29.185634 
-12.512813 -0.077145 -30.074082 
-12.173593 -1.021638 -30.270081 
-13.087712 -1.218394 -30.837965 
-12.427108 -2.398184 -30.300099 
