-12.870550 -3.190933 -22.418728 
-12.486955 -3.733623 -23.149591 
-11.426734 -4.006806 -23.405450 
-10.462322 -4.569499 -23.659962 
-10.360404 -4.142627 -22.781230 
-10.374543 -3.184653 -23.231090 
-11.010044 -2.787665 -22.482290 
-10.088409 -2.565017 -22.317668 
-9.944812 -1.555688 -22.286738 
-9.606839 -1.925107 -23.068901 
-8.950674 -2.478457 -23.930837 
-9.991987 -2.526163 -24.144263 
-10.576936 -2.156137 -23.231053 
-10.532427 -1.096904 -23.263218 
-10.095525 -0.503178 -22.509615 
-11.021673 -0.182990 -22.048731 
-11.380970 0.602372 -21.396095 
-11.025817 1.571887 -21.069200 
-10.436348 0.872864 -21.368584 
-10.069844 0.482068 -20.521696 
-10.880876 -0.294216 -20.860239 
-10.870912 -1.009572 -20.085443 
-10.705275 0.079810 -19.803284 
-11.559807 0.429985 -19.489989 
-11.295941 1.131491 -18.820322 
-11.795681 1.637377 -18.085363 
-10.691674 1.920429 -17.789571 
-10.754022 1.500558 -16.889704 
-10.893832 2.564844 -16.855258 
-11.912873 2.707239 -16.625141 
-12.388571 2.047993 -17.229114 
-13.130789 1.433491 -17.097513 
-13.051720 2.082075 -16.297350 
-12.536084 1.246114 -15.896423 
-13.387732 1.464168 -15.529629 
-13.269943 0.457710 -15.345768 
-13.973101 -0.123731 -14.697608 
-14.945799 -0.048413 -15.070900 
-15.560827 -0.009310 -14.173908 
-15.384810 -0.763202 -13.514587 
-15.902679 -1.057031 -12.646830 
-15.815491 -0.291903 -12.068293 
-15.248019 0.336063 -12.474023 
-14.745767 0.763749 -13.383241 
-14.634989 1.136273 -12.399995 
-13.724136 1.086756 -11.967771 
-14.479346 1.286013 -11.075809 
-14.949646 1.613423 -10.233732 
-15.921441 1.334138 -10.326705 
-15.916844 0.445631 -9.986532 
-16.623445 0.791073 -10.710805 
-16.124279 0.035207 -11.131512 
-16.280646 0.932740 -11.739309 
-16.051255 1.023859 -12.768652 
-15.863079 1.901229 -13.365285 
-16.072533 1.141908 -14.009652 
-16.356171 1.125309 -15.021514 
-17.063561 1.385464 -14.381620 
-17.047404 0.280547 -14.641598 
-17.659372 0.620532 -13.876207 
-18.329499 0.568918 -14.611401 
-18.421092 1.307396 -13.916272 
-19.189095 0.979127 -13.413773 
-18.367825 0.875395 -12.744000 
-19.052478 0.177553 -12.539849 
-19.517270 0.254151 -11.711513 
-19.544536 1.003685 -10.949553 
-18.750767 1.488511 -10.501285 
-19.117674 1.216580 -9.602816 
-19.304049 0.304543 -8.929915 
-18.467461 0.843828 -8.716895 
-18.583005 1.069488 -7.663428 
-18.305804 0.149193 -7.139673 
-19.301681 0.402283 -6.813220 
-20.703080 -1.529687 -6.598577 
-21.444012 -4.169264 -7.700688 
-21.537258 -3.563401 -8.495024 
-21.535732 -2.516799 -8.600585 
-22.168591 -2.128992 -9.311688 
-21.372656 -1.096306 -9.419110 
-21.044753 0.223651 -9.421083 
-21.920582 0.221506 -9.882740 
-21.852939 -0.751037 -10.378826 
-21.703761 -1.658624 -11.610104 
-21.784078 -2.544029 -10.886309 
-21.361260 -2.895692 -10.021117 
-21.334946 -3.889366 -9.812239 
-21.216247 -4.715105 -9.117437 
-20.994674 -7.058262 -11.284281 
-20.731199 -7.023735 -13.148985 
-22.017150 -6.339761 -13.237030 
-22.563011 -7.055519 -12.964120 
-23.325548 -7.276907 -12.255062 
-24.160391 -6.754214 -12.172528 
-23.870069 -7.065109 -13.181625 
-24.842567 -7.308666 -12.948044 
-25.841745 -7.294388 -12.654099 
-26.564792 -7.130308 -11.997888 
-27.500198 -7.355071 -11.454365 
-25.239081 -5.366032 -8.663919 
-24.193456 -5.773378 -12.502762 
-24.260673 -7.962443 -13.941482 
-25.446765 -11.636678 -14.404550 
-22.876452 -9.716028 -14.127728 
-22.958685 -8.725251 -14.566867 
-22.501233 -8.503673 -13.166991 
-21.723532 -7.882281 -13.093359 
-18.181147 -6.425667 -17.875225 
-13.571086 -4.795202 -23.407952 
-13.104174 -4.241525 -24.671921 
-14.043617 -3.611887 -24.442001 
-13.280733 -3.516242 -23.621239 
-12.320072 -3.225695 -24.047528 
-12.138127 -3.718316 -25.029983 
-12.661186 -3.949529 -26.422515 
-13.134079 -6.747458 -26.084441 
-14.192510 -9.480597 -25.270171 
-14.938040 -8.182434 -24.164514 
-15.002959 -7.077834 -24.982628 
-13.312277 -6.844788 -27.442433 
-11.103585 -6.243344 -28.372705 
-10.622031 -5.916800 -29.108945 
-11.485076 -5.884414 -29.605761 
-10.404993 -6.413448 -30.261793 
-9.252471 -6.532462 -30.016183 
-9.224856 -5.432420 -29.762412 
-8.663501 -5.701748 -28.867494 
-8.325319 -4.744224 -28.663242 
-7.641424 -4.661173 -27.897068 
-8.353415 -4.648183 -27.232607 
-7.661389 -5.863096 -26.950708 
-9.529630 -8.299153 -29.577365 
-12.659571 -7.822159 -29.719241 
-13.178063 -8.969332 -28.433525 
-12.943737 -10.850638 -27.868205 
-13.694709 -11.824292 -26.375707 
-14.123241 -13.250716 -25.107896 
-14.572273 -12.687775 -26.296260 
-15.304183 -12.437536 -27.023524 
-15.301457 -11.470281 -26.776008 
-15.885243 -11.121601 -26.583792 
-15.393759 -11.032435 -25.214149 
-15.874760 -10.153939 -24.937319 
-16.890607 -10.437166 -24.669473 
-16.985413 -10.323002 -23.627339 
-17.454428 -9.895403 -22.627034 
-18.133070 -10.216699 -23.412219 
-18.927923 -10.171412 -21.704843 
-20.097184 -10.996740 -21.726095 
-20.418811 -10.914052 -20.649739 
-19.604294 -10.064026 -19.783299 
-18.822822 -9.149524 -19.937907 
-18.048539 -9.520744 -20.562006 
-17.380097 -9.923140 -21.143871 
-17.662429 -10.551094 -20.268831 
-16.723495 -10.778265 -20.608455 
-17.305576 -10.965630 -21.613719 
-17.647061 -11.421309 -22.436237 
-18.935529 -11.279319 -22.644153 
-18.257652 -11.780521 -23.354472 
-19.070951 -12.423279 -23.041825 
-19.001038 -12.440369 -24.376199 
-19.409039 -13.446884 -24.162748 
-19.801817 -14.658929 -24.304606 
-21.481514 -12.776958 -22.655985 
-25.338957 -11.351985 -17.971427 
-27.987589 -11.754843 -16.351379 
-28.454066 -10.747829 -16.274963 
-27.733396 -10.502826 -16.868842 
-28.054605 -9.600196 -17.296013 
-27.292253 -10.154057 -17.835720 
-26.985063 -9.610100 -17.093551 
-26.309807 -10.437799 -16.902361 
-26.859935 -11.295387 -16.696740 
-26.171883 -11.844986 -16.377575 
-26.094710 -11.649700 -15.389999 
-25.176536 -11.514650 -15.879130 
-25.035643 -12.922099 -15.651436 
-25.981422 -13.453579 -16.423412 
-25.412838 -12.590245 -16.719476 
-25.719070 -13.330200 -17.415859 
-25.671726 -12.629764 -18.165990 
-25.361712 -13.056196 -19.131874 
-25.788999 -14.103832 -19.257880 
-25.909670 -14.471377 -18.260761 
-24.179507 -13.508299 -17.758809 
-23.155907 -13.589737 -17.780093 
-24.008547 -14.074705 -16.653303 
-23.738474 -15.007585 -16.684451 
-24.278035 -15.439708 -15.883554 
-25.003789 -16.510390 -17.231310 
-25.603572 -15.586037 -18.724793 
-25.226377 -14.999708 -19.623814 
-25.233885 -14.257759 -20.372819 
-21.799960 -14.076607 -21.642151 
