-15.764141 -16.176826 -25.988137 
-16.546202 -16.386390 -25.315054 
-16.662216 -15.535487 -25.790057 
-16.506797 -14.487614 -25.983690 
-15.739308 -13.710455 -25.800264 
-16.500380 -13.618798 -25.129397 
-16.063956 -12.771195 -24.890727 
-16.820027 -12.057347 -25.047030 
-17.030409 -11.988042 -24.026088 
-16.769217 -12.251089 -23.099747 
-16.419630 -12.011982 -22.133137 
-16.498548 -11.217978 -22.764849 
-15.928396 -10.537603 -22.393945 
-16.041058 -9.573194 -23.039706 
-15.849370 -9.046129 -23.853643 
-14.980508 -9.322541 -23.255178 
-13.952923 -8.770739 -23.241420 
-14.533284 -7.884491 -23.121228 
-13.932877 -8.051262 -23.999799 
-14.356176 -8.175967 -24.921817 
-15.296337 -8.237450 -25.486314 
-15.772412 -9.074630 -25.205716 
-16.701995 -9.530569 -25.460087 
-16.925372 -10.171239 -26.240423 
-17.169374 -10.548918 -27.237481 
-17.188428 -9.889728 -28.068873 
-16.273162 -10.426441 -27.969876 
-16.388207 -11.065706 -28.708095 
-16.427653 -11.928390 -28.072487 
-17.462339 -11.933389 -27.750838 
-17.492996 -12.945027 -27.370341 
-18.042564 -12.346792 -26.766007 
-18.339283 -12.627505 -25.848677 
-17.955865 -12.075072 -25.168326 
-18.532235 -11.259616 -24.722369 
-19.263306 -11.536445 -25.358506 
-18.398731 -11.297715 -25.865188 
-18.491576 -10.382999 -26.395884 
-18.555859 -9.299197 -26.265340 
-17.552308 -9.463357 -26.661741 
-17.663508 -8.750773 -27.307508 
-18.669032 -8.792317 -27.819845 
-18.287017 -7.854721 -27.307995 
-17.416367 -7.431378 -27.662043 
-17.311909 -7.753678 -26.676394 
-16.514564 -8.251844 -26.055010 
-16.643996 -8.912122 -26.765883 
-15.605505 -9.196603 -26.761190 
-15.144729 -9.402074 -27.721417 
-15.056187 -10.062291 -28.546926 
-14.449897 -10.746875 -27.859187 
-14.921750 -11.558080 -28.239795 
-14.418497 -12.140507 -29.027042 
-15.424008 -12.483184 -29.249975 
-15.528656 -12.709088 -28.219359 
-14.594696 -13.173229 -28.118469 
-13.826398 -12.369224 -28.089465 
-12.831174 -12.372773 -27.854309 
-12.571833 -13.043422 -28.644800 
-12.863409 -13.148040 -29.659861 
-12.084079 -12.486533 -29.866113 
-11.398587 -12.634513 -30.624187 
-10.474046 -12.974987 -31.031898 
-9.516465 -13.190383 -31.164653 
-9.135194 -13.345025 -30.166245 
-8.148111 -13.440860 -30.307361 
-8.077868 -12.513727 -30.773200 
-7.649969 -11.844526 -31.504503 
-8.631838 -11.694478 -31.216018 
-8.488550 -10.636774 -31.284103 
-8.747282 -9.749870 -31.695635 
-9.216059 -8.887786 -31.807045 
-9.123397 -8.230862 -31.057283 
-9.479991 -9.171667 -30.830892 
-10.403813 -7.668612 -31.876642 
-10.638772 -5.324115 -31.177020 
-9.781704 -5.570607 -30.692131 
-9.449213 -4.595422 -30.879748 
-9.860349 -3.528694 -30.784067 
-10.983352 -4.300417 -30.361868 
-12.225501 -4.367272 -29.926920 
-13.056701 -4.986189 -30.412349 
-12.713584 -5.316010 -31.396904 
-13.794696 -5.617923 -30.577997 
-13.695295 -5.226314 -29.556573 
-13.755040 -6.219129 -29.219552 
-12.855899 -6.805645 -29.283982 
-12.697919 -5.804484 -29.018992 
-11.125914 -3.941755 -29.361636 
-8.253123 -4.691500 -32.448783 
-7.267017 -5.309305 -33.272325 
-7.677418 -6.106330 -34.003419 
-7.004863 -6.786706 -33.538272 
-7.103785 -7.810278 -33.733245 
-7.619499 -8.389824 -33.042710 
-7.692501 -8.373135 -32.180151 
-7.994805 -8.732300 -31.305208 
-8.139383 -7.753054 -31.220418 
-7.395712 -6.960271 -31.436692 
-5.644114 -3.194989 -28.075626 
-6.343100 -0.147469 -26.627353 
-7.988513 -0.153555 -26.308837 
-5.663389 -1.777095 -28.373524 
-3.345619 0.719679 -29.644069 
-2.614802 -0.027683 -29.581656 
-1.790102 -0.609873 -30.656072 
-1.479046 0.280370 -31.438654 
-5.091903 -1.386645 -31.311198 
-5.742516 -3.930979 -31.746018 
-4.745834 -3.671316 -32.178855 
-4.246868 -3.329282 -33.032249 
-4.388876 -3.691996 -33.988525 
-5.110942 -4.401243 -34.079214 
-5.774577 -2.958028 -32.713480 
-4.259995 -2.271287 -32.865275 
-2.734981 -1.620452 -33.146995 
-0.824790 0.159591 -32.729369 
0.188574 -0.194778 -31.211106 
0.109070 0.117625 -29.931549 
0.047902 1.230993 -30.607459 
-1.153892 2.172203 -31.147187 
-2.150216 2.450347 -31.207862 
-2.130957 1.439483 -31.336813 
-1.804425 2.353954 -32.353215 
-2.030760 2.847542 -33.201846 
-2.630896 3.249182 -32.684561 
-2.883538 2.293903 -32.952682 
-3.566838 2.779100 -32.520275 
-4.132722 3.020251 -33.232830 
-4.602144 3.444477 -34.046981 
-4.688162 4.995291 -32.368078 
-3.939003 1.638576 -30.294871 
-5.217081 -0.278407 -29.970920 
-7.212370 -0.963251 -30.534578 
-9.421870 -2.094101 -31.119505 
-9.196995 -2.577525 -31.973499 
-7.335392 -3.021034 -31.592479 
-7.916113 -2.624715 -32.722560 
-8.308694 -1.552944 -32.072692 
-9.080336 -0.889353 -32.268513 
-7.280942 0.429732 -31.492303 
-6.843882 2.331865 -30.906608 
-6.411256 2.703349 -31.804758 
-5.744068 3.026218 -32.426127 
-5.768561 2.236771 -33.136455 
-5.528390 1.487451 -32.401314 
-5.807298 0.750864 -33.093249 
-6.699250 -1.059438 -33.376039 
-4.928758 -1.512594 -33.298012 
-5.224239 -0.637178 -33.779401 
-4.831682 0.294895 -32.920899 
-5.741282 -0.072214 -31.908634 
-5.038929 -0.316010 -31.180151 
-5.619773 0.452317 -30.783060 
-4.868107 1.131649 -31.081173 
-5.665295 1.864679 -31.058545 
-5.722529 2.424251 -30.190733 
-5.203873 3.496727 -29.476678 
-5.028603 4.842788 -30.018898 
-5.364217 5.258900 -29.129031 
-5.697329 4.505608 -28.432789 
-6.882473 5.067355 -28.662671 
-7.538207 4.551786 -29.424473 
-7.344579 4.463946 -30.505114 
-5.581864 2.868364 -27.747617 
-7.711619 0.086889 -24.302058 
-9.356114 -1.972441 -25.171629 
-9.895189 -2.748372 -25.298390 
-9.159366 -3.362918 -25.186143 
-8.281167 -3.209337 -25.744606 
-8.069791 -2.533230 -24.851763 
-7.550866 -2.547409 -23.847411 
-7.706522 -1.542371 -23.647509 
-7.797210 -1.562728 -24.685427 
-7.136951 -2.123155 -25.214930 
-7.088730 -3.315077 -25.203202 
-7.146866 -4.362561 -25.430764 
-6.668069 -4.495005 -26.601911 
-6.917728 -3.881356 -27.945936 
-6.944395 -3.662504 -28.961262 
-7.293171 -2.812736 -28.476406 
-7.907171 -3.644728 -28.465372 
-8.646790 -3.798449 -29.087637 
-9.291182 -4.194552 -29.685512 
-9.410209 -4.419915 -28.663691 
-9.810838 -2.835498 -28.660775 
-8.686879 -1.498478 -29.135805 
-7.346709 -1.068786 -28.819905 
-6.617733 0.048343 -29.471365 
-5.544376 0.596448 -29.771831 
-5.534831 1.759101 -28.363116 
-4.410446 3.225659 -28.144725 
-4.803441 4.187543 -28.143237 
-4.136568 4.118548 -28.939224 
-3.178035 6.584582 -29.604361 
