17.856889 13.987586 -3.697890 
18.563182 13.397536 -3.485407 
19.330707 12.718298 -3.279026 
20.256733 12.276215 -3.461197 
20.481217 11.837880 -4.400438 
20.297678 10.693312 -4.134944 
19.468618 10.541525 -4.650615 
19.490806 11.550933 -4.497550 
19.504462 12.543577 -4.975742 
19.595334 11.894032 -5.731184 
19.677664 10.888416 -6.035295 
19.061002 10.094420 -6.248883 
18.151722 9.972325 -6.783139 
17.874432 10.280858 -7.753081 
18.461056 10.949506 -7.147227 
17.809647 11.391113 -7.775017 
17.679023 11.506531 -8.725454 
16.681478 11.861791 -8.507220 
16.925765 11.849229 -7.607031 
16.398459 12.086931 -6.824693 
16.357896 12.021015 -5.801135 
15.938247 11.320734 -5.320745 
16.616998 11.015259 -6.053467 
17.251411 10.146700 -6.148616 
16.669558 9.609169 -5.583838 
17.736379 9.642964 -5.312132 
18.326201 9.026878 -4.631534 
17.337114 8.638410 -4.712567 
17.059088 8.186225 -3.684689 
18.047297 8.514375 -3.586015 
17.563551 9.350231 -3.204285 
17.562860 9.587812 -4.264146 
16.495513 9.327974 -4.363064 
16.681856 10.245026 -4.486388 
15.753719 10.551997 -4.746222 
14.742165 10.377961 -4.996926 
13.909147 10.117989 -5.540453 
14.222652 9.602086 -4.763131 
14.866553 8.945430 -5.231101 
15.539973 8.193145 -5.273826 
15.833721 8.391719 -4.354345 
15.081079 7.934534 -3.668515 
14.317172 7.315992 -3.935948 
13.692771 7.628057 -4.745040 
13.112946 7.759924 -5.641590 
13.651672 8.420627 -6.176312 
14.206068 7.608247 -6.597553 
13.919048 8.262828 -7.405843 
12.962812 8.555340 -7.756878 
12.391173 7.714911 -7.795191 
11.937387 8.625324 -7.582828 
12.433633 9.492833 -8.072206 
13.151814 9.510602 -7.327515 
12.627096 9.037109 -6.742438 
13.289373 9.245261 -6.025955 
14.138288 9.676351 -6.398493 
14.113306 9.225166 -7.339909 
14.027719 10.264190 -7.236871 
14.021819 11.054787 -7.797249 
13.354163 10.606245 -8.504029 
12.706930 10.863303 -9.336051 
12.954787 11.615120 -10.159540 
14.032187 11.793859 -9.805488 
14.190354 12.636546 -10.403633 
15.158348 12.698969 -10.065413 
15.091781 12.975659 -8.970561 
15.685844 12.167396 -9.311578 
15.186056 11.809564 -8.446504 
15.992284 11.878039 -7.847650 
15.534607 11.163666 -7.272722 
14.761024 10.871886 -6.773342 
14.427126 11.915413 -6.619893 
13.520844 11.710915 -7.041302 
12.946875 11.605371 -7.830767 
12.322299 10.909912 -4.093819 
14.003485 10.282514 -1.859552 
14.070888 9.475381 -1.247266 
13.810381 9.016622 -2.051289 
14.329436 8.269399 -1.850417 
13.998838 6.987533 -2.554593 
13.751876 6.223462 -3.872555 
14.051268 5.224940 -3.444137 
14.969534 4.868856 -4.077735 
14.769567 5.643137 -4.830785 
15.776405 6.243092 -5.176108 
15.600457 7.218029 -4.804621 
14.903173 6.763131 -5.618087 
14.460369 6.725887 -6.552651 
12.488846 5.709606 -5.069044 
13.201570 4.674936 -4.762472 
13.541168 3.731495 -3.595361 
13.243656 4.003653 -1.715032 
14.032932 4.644067 -1.650473 
14.660089 5.272206 -2.448320 
15.468665 6.481522 -2.352965 
16.081511 6.011820 -1.675364 
16.556684 6.241863 -2.610520 
16.374524 7.282005 -2.554103 
15.353800 7.451394 -2.737370 
16.600501 8.286161 -1.032599 
15.022810 3.704039 -2.740467 
16.628350 5.001323 -6.178431 
15.053586 6.087223 -8.695304 
15.065720 5.263666 -7.546656 
15.705854 5.646545 -8.329465 
16.042232 5.706800 -7.376215 
16.891238 6.129471 -8.012048 
16.998674 7.301383 -6.744378 
17.123437 5.467825 -6.761248 
18.427333 3.067826 -8.034009 
19.534628 3.875232 -9.947474 
20.368999 4.074052 -9.305985 
20.658769 4.936554 -8.794785 
19.563040 6.097261 -8.900666 
18.851454 7.141666 -8.512178 
20.302341 7.678932 -7.176993 
20.489944 9.648490 -7.807024 
21.638860 10.375452 -7.156993 
22.682751 10.474849 -6.735411 
21.090162 10.657111 -6.685541 
18.916721 9.253623 -7.354925 
19.181463 9.687381 -8.327611 
19.566979 8.768642 -8.274740 
20.428446 7.843406 -9.640609 
20.853728 7.326017 -8.483176 
21.267289 8.316524 -8.464611 
21.177549 8.728531 -9.449212 
21.052225 9.739324 -9.104664 
21.837591 10.515160 -9.194490 
22.613234 11.680439 -9.173829 
22.111913 8.263005 -11.406411 
22.235030 5.691631 -6.270774 
21.349656 7.022044 -5.439919 
23.291737 5.509226 -5.350222 
24.059072 6.654311 -6.324836 
23.593055 8.188534 -7.754458 
22.977328 7.950467 -7.178323 
22.083227 7.692426 -6.882874 
22.484495 8.409655 -6.142579 
21.615117 8.362202 -5.635061 
22.497126 8.486750 -5.029856 
23.409469 8.570205 -4.457138 
23.546642 7.792307 -3.792530 
23.400272 8.418455 -3.060617 
23.987200 9.206818 -3.416160 
23.921867 9.718253 -4.256310 
23.971221 10.566373 -3.654497 
24.883621 9.969028 -4.046963 
24.371859 10.727719 -4.824140 
23.826510 11.560105 -4.591666 
23.939514 11.934136 -5.633787 
22.672137 11.289476 -5.292445 
23.199062 10.506801 -4.934616 
22.166721 10.533115 -4.860032 
21.343888 10.174626 -5.266391 
20.566260 8.217699 -4.660257 
21.286383 8.099064 -4.330388 
22.064564 8.553323 -4.024597 
22.091257 9.146448 -3.115894 
22.400981 9.053381 -2.116868 
22.435272 8.187090 -2.689115 
21.576371 7.989124 -2.622949 
22.368404 7.523972 -3.710152 
23.288895 6.191710 -3.857402 
20.475216 5.574151 -5.347830 
17.624644 4.009214 -4.716577 
17.865652 2.721013 -4.123760 
17.489439 2.985903 -3.193014 
17.918676 3.832163 -3.246543 
18.124479 4.089262 -2.223110 
17.851287 3.117976 -1.919675 
18.487646 2.607365 -1.236705 
18.118847 1.553332 -1.369389 
17.749250 2.079092 -2.199815 
17.284967 2.449146 -1.368267 
16.505738 1.912538 -1.167104 
15.976684 1.108171 -0.642347 
16.873569 1.258700 -0.090824 
17.048226 0.566685 -0.736476 
16.996712 -0.418145 -0.695803 
16.674805 -0.472322 -1.671314 
16.750017 0.507122 -1.854070 
15.943091 0.946185 -2.477811 
16.224644 0.089441 -3.056032 
15.267872 0.001893 -2.757600 
16.427031 0.747348 -3.840606 
17.478427 1.412154 -4.491988 
18.880882 2.025825 -4.405139 
20.046166 2.244827 -5.329788 
19.925577 1.221725 -5.606228 
18.986661 3.047493 -5.284069 
18.578279 2.534624 -3.444462 
18.753218 1.440759 -3.436434 
17.999495 0.330069 -3.383893 
20.507028 -0.107588 -0.981936 
