-21.199589 -2.442121 -5.867213 
-21.185767 -2.548547 -4.819812 
-21.066834 -1.870504 -3.988372 
-21.615561 -1.451910 -4.778486 
-21.478696 -0.800588 -3.972826 
-21.253510 -1.042134 -2.966610 
-22.173131 -1.259391 -2.966070 
-22.655493 -2.172316 -2.776644 
-23.135388 -3.001505 -3.099940 
-24.143888 -2.656198 -2.965130 
-24.474716 -1.974138 -3.581513 
-23.636167 -1.693870 -4.130329 
-23.853234 -1.670494 -5.086914 
-24.756743 -1.380949 -4.865665 
-25.104015 -1.266846 -3.905459 
-25.231549 -2.120560 -4.417876 
-24.365802 -2.726722 -4.621314 
-23.393596 -3.049006 -4.435830 
-24.285633 -3.730338 -4.362060 
-24.161733 -4.479433 -5.145865 
-24.161113 -5.542522 -5.142994 
-24.882987 -5.161329 -4.527656 
-24.234762 -5.641245 -3.969436 
-24.056213 -6.383416 -3.405188 
-24.055537 -6.954420 -4.245665 
-23.061707 -6.722452 -4.030306 
-22.718198 -6.000138 -3.382533 
-21.627239 -6.000488 -3.252571 
-21.234326 -5.245699 -3.813202 
-21.789797 -6.035128 -4.236065 
-21.935462 -6.332869 -5.280021 
-22.344341 -5.760729 -5.895519 
-23.354363 -6.033029 -6.119194 
-23.272416 -6.820852 -6.753459 
-24.098081 -6.454054 -7.212101 
-23.508519 -6.338261 -8.001822 
-22.993003 -7.137091 -8.377389 
-22.641032 -6.638901 -9.200979 
-22.488854 -7.506543 -9.787492 
-21.605878 -7.192407 -9.442325 
-21.555145 -6.934979 -8.402818 
-20.763289 -7.038011 -8.939594 
-20.801511 -6.133520 -8.263300 
-19.830394 -5.937556 -8.554450 
-18.927017 -5.781517 -8.075956 
-18.557608 -6.778010 -8.313326 
-17.556017 -6.861786 -8.665726 
-18.168429 -6.466628 -9.353020 
-18.113237 -5.523681 -9.858358 
-19.050099 -5.457799 -9.413320 
-19.369158 -5.850608 -10.276181 
-18.512222 -5.936011 -10.955232 
-17.865357 -5.792534 -11.663639 
-18.937421 -5.568172 -11.852421 
-19.676166 -5.470710 -11.215602 
-19.480619 -4.488737 -10.946753 
-18.491782 -4.207895 -10.574279 
-19.161050 -4.566472 -9.923514 
-18.609762 -4.268378 -9.183226 
-19.386705 -4.492119 -8.560694 
-18.768656 -3.793886 -8.037592 
-18.732193 -3.316164 -8.984713 
-18.487625 -3.281950 -10.062742 
-18.616488 -2.506336 -10.749339 
-17.895252 -1.766737 -10.825389 
-17.884368 -0.740851 -11.381570 
-18.757076 -1.294185 -11.463273 
-19.188904 -1.211321 -10.464070 
-19.165537 -0.312177 -10.979717 
-18.692073 0.258489 -10.247653 
-17.982258 0.280574 -9.421887 
-17.624857 0.362841 -8.399495 
-17.120246 0.993712 -8.723696 
-16.160255 0.683512 -8.327785 
-13.923854 3.756229 -8.256424 
-10.891123 4.772600 -9.274403 
-11.335927 3.870419 -9.693207 
-10.735043 3.333494 -9.057594 
-10.388684 2.760206 -9.758384 
-10.252232 3.186264 -11.103849 
-10.453448 4.100309 -12.253407 
-10.149542 4.895492 -11.809625 
-10.411856 5.828675 -11.647067 
-10.498930 6.392638 -13.257540 
-9.856250 6.020845 -14.370321 
-9.292821 6.608211 -13.751215 
-8.962240 7.404837 -13.168118 
-8.247577 7.292945 -13.866407 
-7.348659 9.830849 -14.521107 
-9.404127 11.535410 -13.275461 
-11.067595 12.286422 -12.063434 
-11.837460 12.287870 -11.409203 
-12.307851 13.034311 -10.981903 
-12.791280 12.636405 -10.083294 
-12.222899 11.979711 -9.434233 
-12.019426 12.598769 -8.600970 
-13.011932 12.526726 -8.651199 
-13.179369 12.443360 -7.613478 
-13.448299 13.294313 -7.036381 
-11.249562 10.946819 -6.846745 
-8.349219 6.767951 -11.053022 
-9.727055 3.916279 -10.051016 
-12.333994 4.669348 -11.498601 
-12.361951 3.151107 -12.900160 
-12.126530 2.229861 -12.427359 
-12.639319 1.949093 -13.621226 
-12.600294 1.839603 -14.732867 
-14.300208 -2.184686 -15.568544 
-12.313838 -3.697745 -15.465574 
-11.187221 -4.586994 -15.342772 
-10.595608 -3.638441 -15.655693 
-10.284318 -2.967343 -16.160445 
-11.311782 -2.862217 -16.003009 
-10.410725 -1.500584 -16.352221 
-9.642854 -1.662870 -15.420284 
-9.130602 -1.632811 -16.592454 
-8.140132 1.097983 -17.002203 
-7.809210 2.841072 -17.450928 
-7.382270 3.342659 -16.994145 
-6.603821 2.088607 -14.952849 
-8.244642 2.266759 -14.116618 
-8.133164 1.269829 -13.600830 
-8.989128 1.366471 -14.073465 
-8.535191 0.237333 -14.672650 
-8.228615 -0.870235 -15.489441 
-8.022851 -0.269105 -16.342548 
-7.687873 -0.705042 -17.241195 
-8.245044 -0.799861 -18.129306 
-8.039052 -1.786296 -18.525462 
-8.153031 -1.966140 -19.479862 
-10.241006 -4.815569 -20.812045 
-11.843891 -5.421633 -21.437277 
-10.862545 -6.947113 -21.910333 
-9.148845 -6.172647 -22.646851 
-9.143706 -4.660801 -23.105746 
-8.170501 -3.978971 -23.703706 
-7.384016 -3.906483 -24.377958 
-7.203342 -4.853404 -23.818995 
-7.608611 -5.697794 -23.264977 
-6.884518 -6.218325 -22.593217 
-7.559441 -4.428207 -21.989807 
-8.642957 -3.064819 -22.725492 
-8.115861 -2.213599 -22.687172 
-7.450793 -1.880895 -21.906492 
-8.277879 -1.288419 -21.951370 
-8.675348 -2.222210 -21.784227 
-7.830646 -2.665393 -21.644971 
-7.527292 -2.757228 -20.032588 
-7.504618 -3.754394 -18.984176 
-8.297987 -3.680148 -18.335505 
-8.921931 -4.028592 -18.977805 
-9.741787 -5.115500 -19.284082 
-9.773109 -4.004587 -19.412707 
-9.274071 -3.790515 -20.282798 
-10.238105 -3.896832 -20.511464 
-11.031050 -4.616385 -20.884097 
-11.328946 -5.457665 -21.193775 
-12.220770 -6.325072 -21.909681 
-11.493683 -6.834913 -22.766537 
-11.120471 -7.800290 -22.515588 
-10.914256 -8.757155 -23.111540 
-11.166153 -7.718298 -24.013928 
-11.370966 -6.810623 -25.030744 
-10.349592 -6.769466 -25.768832 
-12.353538 -6.175613 -25.365653 
-10.910905 -7.592651 -27.423342 
-12.473055 -6.138323 -29.984028 
-11.854764 -6.622056 -30.677845 
-12.288250 -6.691620 -31.627042 
-13.143931 -7.398746 -31.403793 
-12.464939 -8.219188 -31.135055 
-11.765196 -8.827085 -30.614950 
-12.469832 -9.258694 -30.021737 
-13.423327 -8.920519 -29.859213 
-14.130405 -8.217952 -29.473453 
-14.910119 -9.020347 -29.203309 
-14.365854 -9.815486 -29.680286 
-13.724153 -10.893352 -29.681257 
-12.709329 -11.762140 -28.873457 
-12.087411 -10.999435 -29.182817 
-11.907954 -9.967061 -29.149536 
-11.372803 -9.333954 -29.798359 
-10.465460 -9.263448 -29.287630 
-10.392715 -9.968988 -28.584185 
-11.036296 -10.714285 -28.783841 
-9.241379 -11.005448 -28.868545 
-8.135836 -9.805124 -28.040467 
-8.432599 -9.169530 -26.918856 
-8.894771 -8.297600 -26.090045 
-8.006201 -7.967204 -25.878221 
-9.512302 -6.614475 -26.701619 
-12.149021 -7.102043 -26.352032 
-11.766640 -7.798408 -27.064383 
-11.124328 -8.629855 -27.031204 
-9.461115 -7.001605 -26.911870 
