9.449301 -15.928577 17.751588 
9.291696 -15.299828 16.955386 
9.195042 -14.548745 17.531433 
9.396040 -13.507968 17.497103 
8.897840 -13.270630 16.602056 
9.431652 -12.363170 16.505417 
10.400754 -12.016274 16.152239 
10.367511 -12.226818 15.208819 
9.284939 -12.111084 15.312948 
8.206968 -11.858385 15.490633 
7.785140 -12.744450 15.738620 
7.623528 -13.002723 14.828850 
7.607079 -13.978397 14.906329 
7.745179 -13.947245 15.954259 
8.400692 -14.546622 15.398578 
8.634774 -14.845866 14.521779 
8.759678 -15.558364 15.388540 
8.859855 -16.032217 16.309121 
9.701696 -16.593498 16.063387 
9.074655 -17.040132 16.780704 
8.902033 -17.678420 16.036973 
9.565506 -17.673031 15.251446 
9.143541 -18.671615 15.041290 
8.406766 -18.729402 15.755640 
7.832987 -19.606873 15.673641 
7.722871 -20.515778 16.312872 
8.807603 -20.407786 16.264057 
8.750310 -21.219604 16.834681 
8.015068 -20.497617 17.254697 
8.911381 -20.580605 17.878104 
8.687247 -19.774275 18.335546 
8.228505 -20.616878 18.649811 
8.428824 -21.243712 19.530522 
9.396226 -21.046293 19.057066 
9.486670 -19.980882 19.125490 
8.540216 -19.931437 19.437882 
9.079121 -19.165661 19.797713 
9.538706 -19.656032 20.485719 
9.720081 -19.196997 21.411727 
10.327665 -18.625879 21.894163 
11.084137 -19.098044 21.279934 
12.020055 -19.554695 21.106848 
12.788629 -20.039415 21.739082 
12.529779 -20.843201 21.211210 
11.591183 -20.661563 21.478008 
11.623407 -21.025395 20.554894 
11.959345 -20.008274 20.082588 
12.667762 -20.466942 19.217456 
13.448341 -20.642821 19.948008 
13.423022 -19.702404 19.916521 
13.868142 -18.865547 19.631008 
14.520622 -19.000667 18.725946 
13.532304 -19.295931 18.482194 
12.560272 -18.992899 18.471680 
12.208520 -18.056367 18.488625 
12.006528 -18.546608 19.414229 
11.741051 -18.857708 20.346380 
11.202892 -19.209435 19.527959 
11.128253 -18.215768 19.354142 
11.652316 -17.690669 20.085902 
12.593536 -17.909733 20.103552 
13.379006 -18.199220 20.654492 
12.866940 -19.009948 21.003568 
12.594055 -18.475327 21.853251 
13.512768 -18.043835 21.717234 
13.863894 -17.026714 21.782369 
13.885858 -17.198407 22.773342 
14.989761 -17.412471 22.844942 
15.270104 -17.861779 23.670943 
15.866504 -18.510369 23.201859 
16.428295 -17.608781 23.353031 
16.015008 -16.727155 23.146735 
16.249418 -16.602484 22.007297 
16.469875 -16.523396 20.913059 
16.204691 -14.931579 23.543911 
16.628982 -16.258375 25.394362 
15.904068 -16.525210 25.994645 
15.030673 -16.044932 26.306014 
14.481767 -15.574558 27.144088 
14.087154 -16.615736 26.959086 
13.578661 -17.346822 26.485866 
14.089824 -17.029783 25.645514 
14.923485 -17.380515 26.140628 
14.765296 -18.651598 25.426551 
16.164500 -19.302050 25.053765 
16.667242 -18.542202 24.462054 
16.045379 -17.961845 25.048602 
15.371192 -17.218939 24.806477 
13.994872 -14.855114 23.931702 
15.023344 -13.711724 24.761369 
13.106238 -14.908308 26.975374 
11.617148 -15.838435 28.151657 
12.422620 -16.562276 28.308857 
13.250473 -16.658987 27.720990 
12.368955 -16.199386 27.285775 
12.804974 -16.407568 26.315037 
12.623458 -17.144512 26.901739 
12.820222 -18.108657 26.501032 
12.446473 -17.731415 25.488651 
11.702977 -17.590267 21.832001 
13.824609 -11.909212 18.925526 
15.776579 -11.656981 17.148058 
12.394040 -16.797831 16.845787 
9.561364 -21.736961 16.517959 
9.139304 -21.343810 15.609252 
8.613859 -22.120155 16.132623 
8.147880 -22.769700 15.680003 
7.224161 -22.576443 16.462844 
6.241492 -25.199744 17.438082 
7.146313 -26.716295 17.538500 
7.148828 -26.167740 18.510931 
7.476664 -26.076087 19.527673 
8.301758 -26.498044 20.458531 
7.932236 -25.491744 21.080165 
7.171261 -25.495074 21.795524 
8.380007 -23.431015 21.673082 
10.639976 -21.921583 21.088521 
10.535215 -21.054817 19.395190 
10.427742 -20.074755 19.046653 
11.294318 -19.378659 17.608111 
13.196062 -19.953464 17.391234 
13.496460 -19.049606 17.523074 
14.398152 -18.555367 17.317254 
15.382459 -19.046560 16.975384 
16.681778 -18.367825 16.897137 
17.261788 -17.821782 17.482098 
16.695268 -18.295308 18.312819 
16.084386 -17.678960 18.857269 
15.501606 -18.229663 18.104050 
15.667900 -17.001481 18.947007 
15.807660 -16.953226 19.388579 
14.465355 -16.398442 17.362369 
14.458656 -14.323215 17.175656 
13.194892 -15.008854 16.689211 
13.428665 -15.745552 17.343955 
13.093864 -16.744386 18.078307 
13.922937 -16.915178 19.492458 
12.361990 -16.515834 19.139134 
10.860126 -15.215047 18.701267 
10.506120 -14.155249 18.893534 
11.319973 -13.082155 18.332422 
10.805373 -12.867158 17.184611 
10.301815 -13.697542 16.679669 
10.646137 -14.173117 17.513157 
10.994957 -15.027629 17.195829 
11.727600 -14.592198 16.521133 
11.896566 -13.621675 16.979640 
12.851843 -13.871059 17.395975 
12.582916 -15.199209 17.908138 
12.086778 -14.206392 18.104604 
11.920986 -14.704600 19.479431 
13.112009 -14.571478 19.679955 
14.018860 -14.431421 19.269208 
13.818761 -13.769277 18.547938 
14.614737 -13.050048 18.736710 
15.500108 -13.859802 18.099249 
16.199992 -14.888316 18.656782 
16.962250 -14.207853 18.374253 
17.111389 -15.265044 18.608015 
17.241427 -16.055858 18.030828 
16.818012 -16.360528 19.056611 
17.995888 -16.740438 18.652957 
18.916311 -17.917957 18.401394 
19.432389 -17.573725 19.541095 
18.158411 -17.456496 22.286810 
19.357820 -13.179143 25.277588 
18.192571 -14.393910 26.001010 
17.188540 -14.335074 26.543308 
16.255034 -14.376983 26.853216 
16.565172 -13.437477 26.956271 
16.286886 -12.607248 26.503730 
16.748005 -12.718104 25.585730 
16.790686 -13.535022 24.238458 
17.863236 -12.294443 23.547548 
18.165181 -13.129197 22.871064 
18.993583 -12.877218 22.500472 
19.329081 -13.794103 22.554870 
20.004645 -13.305973 23.215417 
20.101534 -14.144323 23.916580 
20.583829 -15.270627 23.462257 
20.851068 -15.829250 22.183013 
21.373618 -16.326229 22.903246 
20.621889 -17.056255 22.872185 
20.707908 -17.061510 21.755707 
19.639029 -16.971852 21.832253 
19.208306 -16.953650 22.458874 
18.811223 -16.167366 21.587971 
18.631227 -16.439478 20.624133 
18.429342 -16.679545 19.583171 
19.065531 -16.645758 18.804113 
20.050509 -15.948756 20.558580 
18.314683 -15.188980 21.385138 
17.370769 -14.914708 21.405251 
17.496822 -14.152883 22.051225 
18.595222 -13.980867 19.636117 
