14.024920 3.424338 6.102251 
13.903448 4.089495 5.264423 
14.032548 3.057121 5.160510 
15.140680 3.260801 5.064730 
15.121407 3.038894 6.131170 
15.767157 3.768738 6.260096 
15.057367 3.704003 6.978236 
14.121508 4.366712 6.911755 
13.633848 4.649234 7.635935 
13.210101 5.650194 7.552855 
13.885534 6.373726 8.006521 
13.800503 7.498896 7.863919 
14.752540 7.939400 8.014436 
15.743216 7.977718 8.323877 
15.879075 8.476741 7.366510 
15.140534 9.163170 7.195500 
15.442276 9.279137 8.171467 
16.412394 8.904008 8.696433 
16.608582 9.863986 8.855112 
16.981759 10.786345 8.888130 
16.814712 11.038477 10.008703 
16.161819 11.249652 9.344331 
15.368411 10.662910 9.027723 
15.769823 9.814017 9.696976 
15.641101 8.899798 10.135432 
16.241814 8.229586 9.672419 
15.827785 7.403703 10.131629 
15.485772 7.588105 11.085650 
14.555436 7.784636 11.465025 
15.075971 8.628146 11.225304 
16.056504 8.390999 10.791355 
16.261542 8.233664 11.884214 
16.506917 7.403863 11.397174 
17.486657 7.173860 11.731732 
17.268541 6.229340 11.543905 
16.188200 5.976171 11.756868 
15.567963 6.760097 12.180955 
14.516022 6.857115 12.095901 
14.938768 6.816366 12.968633 
14.773405 7.488140 13.804251 
14.589922 7.798194 14.739859 
13.894926 8.316430 15.263937 
13.634070 8.782671 16.226779 
14.408082 8.075333 16.631816 
15.122091 8.458303 17.236458 
16.005788 7.902100 17.288173 
16.850223 7.337550 16.921556 
16.333386 6.784741 17.655656 
17.305591 6.474447 17.295764 
17.331091 6.793053 18.284845 
16.569773 7.305636 18.693770 
16.129139 6.363622 18.501324 
16.280707 5.503160 18.031171 
16.155240 5.420594 16.927547 
16.474220 4.563715 17.339574 
15.798300 3.937475 16.772011 
15.962502 4.405827 15.887901 
15.315980 4.731839 16.682634 
14.688024 4.008860 16.444453 
14.418824 5.027958 16.004736 
13.831239 5.286856 15.124158 
13.043732 5.506771 15.549011 
13.257514 5.046014 16.361295 
13.869335 5.123884 17.102106 
14.643516 5.290562 17.790569 
14.809911 6.199536 17.723525 
13.881561 6.744772 17.687565 
13.989453 6.545943 18.708424 
14.319479 5.852315 19.364919 
15.195467 5.506800 18.925928 
15.687612 4.677927 18.525273 
15.994607 3.635975 18.494549 
16.515630 3.168525 17.726276 
17.055729 3.622523 17.024600 
16.315223 2.189851 15.650415 
18.134864 3.295606 14.104131 
18.125125 3.287506 15.141637 
18.713767 2.490295 14.840170 
18.595282 1.756415 14.065765 
18.320812 2.275381 13.210617 
17.479350 2.147449 12.410014 
16.432852 2.045167 12.686145 
16.336775 2.655782 13.509399 
15.131485 1.170754 13.789883 
14.263384 0.064836 13.815133 
13.441216 0.067555 14.341858 
13.777753 0.718212 15.157645 
14.715900 0.984499 15.498913 
14.511950 -0.406997 15.074835 
17.231232 -0.945358 12.864707 
16.272622 -0.150149 14.042541 
17.141128 1.070098 15.815873 
18.110440 1.476821 15.655835 
18.260698 0.516601 15.789910 
17.462208 -0.126135 15.999722 
16.951227 0.441837 16.903935 
17.890515 0.887439 16.765973 
17.911578 1.753117 17.311138 
17.298403 2.291980 17.866946 
18.952366 3.663426 16.910596 
19.499366 3.910102 13.020969 
21.049611 3.750506 12.698167 
19.678556 2.109328 12.788642 
19.513758 5.777622 10.268583 
20.446570 5.338971 9.836229 
20.213614 4.630226 10.522755 
19.351794 4.257605 10.189830 
17.727613 4.439100 8.042632 
14.572868 3.925408 3.951194 
14.534773 2.923688 2.608772 
15.370616 2.857551 3.398687 
14.993816 2.169321 4.040129 
15.416080 1.622078 5.019130 
16.368195 1.730218 6.044517 
16.886863 2.329624 5.405324 
17.028080 2.194698 7.325040 
17.623774 2.690225 9.875287 
18.143965 1.797200 9.315399 
18.629964 1.269366 8.435768 
18.580302 1.168683 7.214992 
17.141996 0.429058 6.994454 
16.598552 0.730899 6.121941 
16.110084 -0.100584 6.578837 
15.422429 -0.054756 7.381006 
14.830546 -1.684711 7.817851 
14.981548 -1.271172 8.776520 
15.163528 -0.273008 8.757452 
14.598499 0.352215 9.226168 
13.980383 -0.161532 8.533637 
13.339738 1.217868 7.693971 
11.031254 1.666444 5.271548 
12.516182 -0.371781 6.171312 
14.603225 1.126139 7.580729 
14.616837 1.690456 5.932157 
13.261789 2.452687 5.646211 
12.636163 1.223422 5.805970 
13.442983 0.193398 5.036837 
13.630799 -1.144393 4.089389 
15.012740 -1.183992 3.421132 
15.532865 -1.343925 4.254386 
16.766573 -1.209723 4.140435 
17.641329 -0.608305 4.957999 
17.369018 0.355583 4.704203 
16.567405 0.858717 5.020324 
16.561708 0.945272 3.959666 
17.125959 1.785352 4.269453 
16.235497 2.097352 4.531509 
16.980052 3.149341 5.184403 
18.085072 3.973418 5.232468 
17.944232 4.286114 4.327561 
17.677101 5.200544 3.805210 
18.453509 6.289279 3.235503 
17.847865 6.042481 2.570971 
18.719288 6.192680 2.025861 
18.513773 7.006416 2.494836 
18.914919 7.872437 1.592897 
19.434140 8.841175 0.711599 
18.436050 8.545051 0.471526 
18.814292 7.751315 -0.146289 
17.999248 7.677695 0.630114 
17.629314 6.905025 0.032686 
16.349820 6.056977 0.481707 
15.840875 5.049691 1.015653 
15.177229 5.606073 1.997886 
12.868172 7.560567 3.336092 
12.812835 7.281155 -1.415772 
11.582834 4.773384 -2.725947 
11.087975 4.161006 -2.038278 
11.877535 3.471875 -1.692281 
12.630830 3.567753 -0.952405 
12.351628 4.289831 -0.263063 
13.332414 4.237716 -0.696423 
13.669272 4.857922 0.794471 
14.318060 3.520964 1.242718 
14.772068 3.066428 0.477591 
15.673796 3.688381 0.603161 
15.842208 2.728640 1.083562 
16.675074 3.344875 1.394142 
15.631589 3.573395 1.746308 
15.678768 4.377042 2.609199 
16.033890 3.566157 2.985015 
16.423152 4.565120 3.264088 
17.280283 4.733700 2.834384 
16.571539 5.452216 2.612715 
16.937893 6.331865 2.151671 
15.521682 6.792382 2.060258 
13.845208 5.535146 0.179395 
13.588828 6.470806 0.287201 
12.878731 7.266063 0.631421 
12.330700 7.452686 -0.126416 
11.385598 8.220341 -2.264755 
10.804415 7.252749 -3.533843 
10.494855 6.197414 -3.782498 
9.498513 6.094872 -3.365849 
11.860417 5.726001 -1.324793 
