16.471902 8.407115 0.060202 
17.033790 7.654834 -0.373719 
16.359731 6.987529 -0.813255 
15.281988 7.344908 -1.175896 
14.402160 7.142761 -0.732751 
14.815852 6.239941 -0.617519 
14.929955 5.220595 -0.123346 
15.477149 4.814876 -0.962986 
15.371444 3.769749 -0.632235 
14.654968 4.020747 -1.232637 
14.178168 3.632895 -2.016514 
14.646723 2.702955 -1.936813 
14.583708 2.524018 -2.904621 
14.678381 2.838303 -3.905757 
14.788008 3.874849 -3.938417 
15.699807 4.006342 -4.620167 
16.149745 4.855660 -5.254525 
16.628350 5.001323 -6.178431 
15.565225 4.922695 -6.207361 
14.865229 5.605478 -6.264973 
13.901520 5.209528 -6.148033 
14.144308 5.356266 -7.211382 
13.735077 5.865943 -8.005158 
13.945995 5.711552 -8.996940 
14.189327 6.571983 -9.428498 
14.940426 7.204251 -9.089518 
14.324883 7.613666 -9.864710 
14.246456 6.778981 -10.503791 
15.245696 6.677596 -10.078589 
15.405927 5.635249 -10.162468 
15.356375 4.656909 -9.823379 
16.073248 4.916589 -9.075252 
16.023896 5.907017 -9.413796 
16.869154 6.379280 -9.801324 
16.123109 7.094981 -9.516022 
16.064607 6.572862 -8.556007 
15.435651 6.909588 -7.843348 
14.615614 6.154042 -7.915525 
15.065720 5.263666 -7.546656 
15.705854 5.646545 -8.329465 
16.042232 5.706800 -7.376215 
16.891238 6.129471 -8.012048 
17.989760 6.577810 -8.030733 
17.388020 7.262829 -8.633476 
17.374058 7.827562 -7.781027 
17.969970 8.756964 -7.843632 
17.365631 8.989016 -6.947423 
17.281907 8.304101 -6.205088 
16.274275 8.550130 -6.448211 
16.427240 7.592836 -6.513629 
15.390485 7.682835 -6.278340 
15.703003 6.782659 -6.456811 
15.923754 5.884958 -6.029958 
16.975144 5.751688 -5.505399 
18.062797 5.843709 -5.518052 
17.855391 6.412265 -6.229516 
16.831011 6.379401 -6.455044 
17.221539 5.495431 -6.845827 
17.317761 4.528644 -6.982874 
18.077692 3.756744 -6.846825 
17.968265 2.801908 -7.195496 
18.065641 3.318620 -8.144490 
18.828081 2.709011 -7.721805 
18.823295 2.532862 -8.774775 
18.801026 3.287813 -9.520662 
19.534628 3.875232 -9.947474 
20.368999 4.074052 -9.305985 
20.658769 4.936554 -8.794785 
20.044389 5.586563 -9.234333 
19.715595 6.526233 -9.059341 
18.929136 6.178987 -8.408323 
18.851454 7.141666 -8.512178 
19.897386 7.381425 -8.426903 
20.147402 7.296507 -7.385057 
21.285737 9.914274 -7.031369 
20.485792 10.441300 -6.785981 
19.664886 9.829878 -7.017220 
18.916721 9.253623 -7.354925 
19.181463 9.687381 -8.327611 
19.566979 8.768642 -8.274740 
20.068445 8.493726 -9.111572 
20.102562 8.311140 -10.099970 
20.323697 7.259499 -9.928348 
21.113366 7.650599 -8.790110 
21.177549 8.728531 -9.449212 
21.052225 9.739324 -9.104664 
21.837591 10.515160 -9.194490 
21.909584 11.399915 -8.737649 
22.652492 10.322364 -11.446119 
21.588105 6.310148 -12.240926 
21.605212 6.113378 -8.937505 
20.876109 5.325535 -7.192563 
21.749096 5.176995 -6.722496 
21.851161 4.181151 -6.977390 
22.545690 4.181830 -6.343342 
22.743410 5.320039 -6.353154 
22.927298 6.302234 -6.406505 
22.717408 6.920495 -5.604117 
23.110480 7.241781 -4.679452 
22.871943 7.261897 -6.158100 
23.863950 9.167647 -3.740755 
24.956265 10.036935 -4.545896 
22.351227 8.617196 -4.118240 
21.730024 5.185024 -5.394023 
21.121430 5.595334 -6.103025 
20.967627 6.470368 -6.725139 
20.062145 5.947857 -6.183433 
18.591872 4.429994 -4.511061 
18.169466 2.862671 -1.578190 
17.934048 1.816212 -1.784602 
17.284967 2.449146 -1.368267 
16.505738 1.912538 -1.167104 
16.425127 1.183435 -0.366586 
17.048226 0.566685 -0.736476 
16.996712 -0.418145 -0.695803 
16.172086 0.214464 -2.363365 
16.427031 0.747348 -3.840606 
17.478427 1.412154 -4.491988 
18.453605 1.763109 -4.286739 
19.600396 1.882454 -5.335024 
18.646359 2.704224 -6.194046 
18.878323 3.484330 -5.621445 
19.217002 3.979749 -4.754522 
18.800478 2.423274 -3.616895 
17.975965 0.777454 -3.573462 
18.023025 -0.117316 -3.194324 
18.297835 0.673719 -2.615115 
19.265400 1.021708 -2.439933 
19.946512 0.699331 -1.812692 
21.277524 0.009011 -0.692104 
18.288613 0.340044 1.880681 
16.154978 -0.286874 2.602866 
17.534522 -1.355548 1.888493 
18.073843 -0.937549 3.426505 
18.186744 -1.393986 4.472569 
17.198639 -2.548684 3.831621 
17.163039 -1.701656 2.948487 
16.592419 -2.350316 0.910133 
16.159612 -1.233800 -0.146004 
16.692545 -0.476961 0.282644 
17.384410 0.547587 0.590849 
17.279153 1.448128 1.146767 
17.048239 2.379052 0.792914 
16.617236 2.321244 1.705528 
17.164622 2.490718 2.587106 
17.704015 2.172540 1.785352 
18.390741 3.047024 1.967789 
18.658887 2.340053 2.864162 
17.882261 3.190729 3.163474 
18.498567 3.493782 3.882191 
19.329573 4.020008 2.676737 
20.284757 3.788040 2.978510 
19.753068 3.105812 2.366322 
19.863271 2.337664 1.810622 
19.943976 3.059459 1.127718 
20.409887 4.424895 1.637737 
19.810819 5.298810 2.444345 
19.572772 5.184231 1.426623 
18.702722 4.845055 2.063726 
18.716858 3.953543 1.731186 
18.017579 4.145726 0.992438 
17.256645 4.212609 -0.120696 
16.807078 3.387545 -1.137625 
16.321028 3.381655 -2.227495 
17.365610 5.077192 -1.824111 
20.076086 4.922673 -2.234846 
19.112303 3.083066 -1.957489 
19.150512 2.106320 -2.112736 
19.780238 2.638272 -2.594146 
20.319529 1.806997 -2.197530 
20.609000 1.569275 -1.261796 
21.495615 1.927726 -1.813587 
22.278804 1.320184 -0.565177 
21.893565 0.430159 0.281009 
20.787588 0.623771 0.488360 
20.092582 1.011460 1.273223 
20.096133 1.031545 2.348832 
20.391347 0.142546 1.908925 
21.015551 -0.315913 1.106639 
21.407798 -0.980788 2.384862 
20.325325 -1.482590 3.045188 
20.888212 -1.103262 3.832703 
20.105521 -0.490848 3.299050 
19.239547 -1.100555 3.176650 
19.454249 -0.312606 2.435726 
19.110766 1.678299 4.346038 
18.297647 2.897874 5.959193 
18.996150 3.390996 5.509050 
19.482827 2.942440 6.228860 
20.305773 2.754099 6.970209 
20.674966 2.457253 4.713155 
21.632682 1.561133 3.583754 
22.739159 1.738964 3.667326 
22.027011 2.100980 4.428076 
19.474866 -1.085586 5.515316 
