-14.167773 7.070391 20.621177 
-14.696746 7.631241 20.016243 
-15.003221 7.649615 19.022341 
-14.860328 8.437795 18.349931 
-13.807606 8.379278 18.687443 
-13.567277 9.423434 18.905074 
-13.707307 9.188629 17.892785 
-14.685214 9.691224 18.060599 
-15.414832 10.378858 17.923213 
-14.567125 10.888747 17.758886 
-13.922875 11.555540 18.147970 
-12.888334 11.238357 18.345522 
-13.304763 10.904930 19.232794 
-14.093143 10.374788 19.584888 
-13.816571 11.275640 20.139584 
-14.850240 11.613942 20.235031 
-15.666266 12.106468 20.098124 
-15.831789 12.958080 19.650226 
-15.440671 13.900193 19.771257 
-14.855597 14.054579 20.619738 
-14.323390 14.062735 21.624256 
-14.521751 14.848877 22.132643 
-15.546247 14.776863 22.002414 
-15.908880 15.390022 22.672514 
-15.242728 15.665370 23.405846 
-14.823399 16.626817 23.658314 
-15.025998 17.002920 22.712560 
-14.384575 17.711259 22.544195 
-13.375834 17.607864 22.684119 
-13.063731 16.577876 22.888145 
-13.600601 16.052990 22.171219 
-14.128835 15.832519 21.360074 
-14.703723 15.488877 20.592093 
-14.380765 15.860589 19.664166 
-15.021699 15.498357 18.904483 
-14.670606 14.981654 18.136482 
-15.372038 14.378843 18.877653 
-16.243233 14.338877 18.232182 
-16.571402 15.178909 18.843469 
-16.967055 14.619176 19.663786 
-17.045125 13.962736 18.883117 
-16.748441 12.938181 18.745350 
-17.518363 12.472740 18.220887 
-18.002598 11.962998 18.898099 
-18.964747 11.717552 18.739944 
-19.448006 11.415387 19.634100 
-20.299532 10.716084 19.689780 
-19.561051 9.954706 19.497042 
-18.690304 9.386478 19.428972 
-17.655167 9.428212 19.865708 
-17.413325 8.463694 19.861380 
-16.583350 9.001097 19.635687 
-16.214462 8.399298 20.325625 
-16.105066 7.653146 20.933899 
-15.809046 7.249426 19.948739 
-16.631353 6.665865 19.847103 
-16.320517 5.768908 19.688649 
-15.918195 4.880381 19.864964 
-16.271654 4.885857 18.855661 
-16.230989 3.886170 18.630329 
-16.008884 2.942279 18.233505 
-16.360345 2.587506 19.197008 
-16.851307 3.259406 19.931652 
-17.523397 3.292910 19.167856 
-17.432277 3.990886 18.517520 
-18.064304 4.032966 17.564843 
-18.265296 3.175199 16.972530 
-19.152869 2.865656 16.762624 
-19.809321 2.588597 17.605639 
-19.502730 3.488313 18.186489 
-20.158877 3.627448 19.047768 
-20.987935 3.873738 18.481281 
-21.340993 4.827392 18.397589 
-20.289426 5.141175 18.392400 
-19.797821 5.397765 17.645722 
-20.370374 5.428560 14.830685 
-20.077989 5.723743 15.784338 
-19.666248 6.407917 15.095075 
-18.903682 6.431725 14.358713 
-19.837083 7.046466 14.102217 
-20.796223 7.060902 13.759381 
-21.131792 6.093220 13.924795 
-21.741917 5.536905 13.250827 
-21.528986 4.216513 13.758164 
-20.382831 3.137355 14.146396 
-21.092713 2.517975 14.735711 
-20.960362 1.925203 15.552538 
-21.179005 0.878106 15.616046 
-22.088790 -1.180767 14.583742 
-20.938199 -3.333051 12.334551 
-20.935712 -5.117830 13.280377 
-22.199837 -5.135748 14.622277 
-21.180916 -4.887225 14.958346 
-20.264365 -5.303886 14.700395 
-20.315536 -5.923664 15.509390 
-20.971575 -6.624971 15.409990 
-20.801975 -7.588333 15.529105 
-21.268258 -7.390717 14.565261 
-20.996408 -8.270442 14.735282 
-20.956962 -11.048568 15.467845 
-22.546859 -7.727867 14.100676 
-22.475680 -6.052620 16.744921 
-24.397594 -2.148047 17.514347 
-22.762427 -0.686599 19.460767 
-22.936766 -0.651058 20.530188 
-23.223060 -0.270387 21.463629 
-22.587279 0.228452 20.896855 
-20.999047 -0.772849 18.420793 
-20.097704 0.298590 16.677211 
-19.580039 -1.041422 16.529224 
-19.514449 -2.491050 16.474926 
-18.668667 -1.955985 16.076323 
-18.248734 -2.797935 15.539751 
-18.534056 -3.282557 16.595011 
-18.254511 -4.229220 16.289376 
-18.329050 -4.120391 15.063710 
-17.475110 -2.650186 13.643232 
-17.227308 -1.175216 14.184303 
-16.794497 -1.974242 14.732669 
-17.764714 -0.990153 15.670247 
-19.194477 -0.291911 15.249235 
-18.290910 0.316551 15.258629 
-19.127518 0.539168 15.805615 
-19.601095 1.446493 15.707371 
-19.171022 1.725055 16.775110 
-18.630206 1.566661 17.618552 
-17.748469 1.783500 16.901993 
-16.843772 1.424462 16.787894 
-17.049103 0.406237 17.060532 
-18.346492 -0.267354 18.056994 
-18.673585 4.011301 18.775208 
-20.782350 6.257691 16.247886 
-21.027222 3.542740 15.097998 
-22.095396 3.399827 15.059664 
-21.270539 3.357034 16.343044 
-22.256570 1.713799 15.623586 
-22.215189 0.920730 14.025661 
-20.829455 -0.388727 13.864827 
-19.729812 -1.149249 15.210258 
-20.021833 -1.901872 15.828450 
-20.262782 -3.349876 15.554016 
-21.444905 -3.560844 15.307750 
-21.811090 -3.991879 14.433942 
-22.176759 -4.572934 13.638306 
-22.980099 -4.585161 14.140826 
-23.652971 -4.488900 13.296978 
-23.529720 -5.592068 13.251952 
-24.409763 -5.022026 12.456495 
-24.767606 -5.398896 13.292651 
-24.490816 -6.368649 13.661662 
-24.820688 -7.506331 13.321222 
-25.645999 -8.645497 13.854151 
-24.671912 -9.226473 14.126488 
-24.326524 -8.755479 13.064437 
-24.105856 -8.532121 12.025703 
-23.516306 -9.277669 12.248175 
-24.122283 -10.019878 13.438315 
-24.395727 -10.950583 13.711499 
-24.646876 -10.625187 12.732686 
-24.572787 -10.877611 11.685450 
-24.555097 -10.012107 11.245345 
-25.548237 -10.070943 11.813517 
-25.565315 -9.475662 10.636898 
-26.041390 -9.874571 9.821391 
-25.964812 -7.077452 9.532829 
-29.155207 -7.483664 10.689032 
-30.062932 -5.121457 9.503115 
-30.441949 -4.284121 9.945359 
-31.502232 -4.154856 9.577778 
-32.106550 -4.992669 9.726598 
-32.121582 -4.730331 8.658388 
-32.863993 -5.338797 8.141404 
-33.781676 -4.181162 7.189112 
-33.235991 -2.556801 6.705989 
-32.532252 -2.339492 7.539809 
-31.959996 -1.565719 7.261363 
-31.570961 -1.575910 6.287439 
-30.563714 -1.856291 6.370371 
-30.075194 -2.691050 6.123917 
-29.664273 -2.161836 6.954709 
-30.339064 -1.996189 7.872108 
-29.796103 -1.142524 8.183898 
-30.289257 -0.374342 7.709375 
-30.155806 0.058749 8.607857 
-29.371716 0.626829 8.314450 
-28.912335 1.266596 9.022151 
-29.078170 3.630014 8.123303 
-28.363802 2.948244 7.748766 
-28.269844 2.291180 7.006186 
-28.200483 1.948604 6.075006 
-29.606790 1.142095 5.417259 
-29.267523 2.116074 5.667114 
-29.339457 3.121993 5.252868 
-30.004073 2.914442 5.984760 
-31.657082 6.227616 7.939645 
