-9.220286 3.570891 28.215345 
-8.333758 3.949387 28.142946 
-8.299241 4.868804 28.630312 
-8.756012 5.833865 28.397916 
-8.420562 6.857998 28.531928 
-9.343022 6.711405 28.105188 
-10.199572 7.229828 28.407978 
-10.366225 6.249268 28.725345 
-10.751470 5.281067 28.589253 
-9.870480 5.035173 29.012685 
-10.438027 4.342359 28.509151 
-11.353016 4.279833 28.152414 
-12.090679 4.968501 28.165705 
-11.667380 5.025018 27.235492 
-10.971006 4.598325 26.543558 
-11.787369 4.100906 25.884408 
-11.748154 4.201899 24.888005 
-11.517738 3.245654 24.666342 
-11.966014 3.069410 25.543249 
-11.491689 3.098678 26.442748 
-11.076852 3.344261 27.308604 
-11.521852 2.780583 27.937779 
-10.833518 3.123256 28.556013 
-10.771688 2.278309 29.112502 
-11.075549 1.760502 29.975038 
-11.124175 2.360501 30.725253 
-11.803587 3.090947 30.975094 
-12.375792 2.136935 30.930162 
-12.919030 2.427170 30.092450 
-12.050257 2.457409 29.336312 
-12.173112 1.688046 28.698172 
-11.455462 1.045223 28.977415 
-12.194982 0.491864 28.431728 
-12.200333 0.453907 27.278947 
-11.684760 1.128040 27.763911 
-12.504549 1.337876 27.052268 
-11.532425 1.191481 26.702625 
-12.086658 1.129024 25.904642 
-11.286012 1.736470 25.564308 
-10.678429 2.186735 26.341890 
-10.184106 1.517843 25.791467 
-10.402334 0.603875 25.305080 
-9.567995 -0.101608 25.196683 
-9.992126 0.424516 26.097832 
-10.358552 -0.191210 26.707456 
-9.746319 0.412819 27.334712 
-10.095884 1.412788 27.118871 
-9.225453 1.958658 27.590070 
-8.814227 2.848485 27.606125 
-9.716972 3.271826 27.105762 
-9.594170 4.221282 27.495809 
-10.074131 4.991931 27.778143 
-9.984724 5.690290 27.046031 
-10.010088 6.740895 27.262410 
-10.244455 6.734983 26.264318 
-11.049456 6.339181 26.795598 
-11.494980 6.946470 26.082853 
-11.051228 7.438767 27.007320 
-11.910936 6.722819 27.348647 
-13.027263 6.443829 27.387086 
-12.891633 5.593158 26.745612 
-12.622433 4.679759 26.663087 
-12.083994 3.968176 27.137183 
-12.162435 3.547716 28.083667 
-13.191049 3.890804 28.196693 
-12.919024 2.875755 28.058971 
-12.718164 2.362350 27.187616 
-12.826114 1.842404 26.315912 
-12.623686 2.138137 25.342885 
-12.901757 3.035741 25.955206 
-13.766331 3.565703 26.285148 
-14.492598 3.119642 25.782181 
-14.967605 3.798771 26.549211 
-15.339489 3.256953 27.452631 
-11.470301 3.526546 29.335516 
-8.138926 3.621577 30.097536 
-7.794667 4.551396 29.896053 
-7.114071 5.396369 29.944570 
-7.127248 5.317748 28.823867 
-6.781253 6.262637 29.036177 
-5.922781 6.488644 28.420288 
-5.967308 7.349701 27.937975 
-6.739255 8.076424 28.059853 
-6.100228 8.768462 28.760942 
-7.586060 9.124268 28.221315 
-7.524894 9.365722 29.209941 
-7.735608 10.256259 29.835702 
-7.866476 9.529311 30.470977 
-9.069967 7.893990 29.918634 
-11.684620 9.149006 28.889558 
-9.820857 8.816996 28.229639 
-8.888400 9.655567 30.145905 
-9.746863 9.298389 30.485283 
-9.973803 9.155201 31.503187 
-9.996957 9.850664 32.292235 
-10.143005 10.856173 32.346502 
-9.421970 10.821474 31.559953 
-8.585436 10.129727 31.232227 
-8.266178 9.491425 31.964600 
-6.598377 5.548305 32.631386 
-5.814055 3.688656 31.441652 
-5.147190 2.592722 30.735453 
-3.871973 2.068217 32.304066 
-2.135394 4.412317 33.960834 
-1.246331 4.825360 33.929075 
-1.499271 4.821409 33.032262 
-1.585246 5.747675 32.728638 
-3.854791 10.014220 32.567704 
-7.937397 11.623261 30.893895 
-7.164989 11.736650 29.220287 
-7.860460 12.457382 28.008556 
-8.005655 12.749985 27.054655 
-8.390760 13.912211 26.598763 
-7.582066 15.250543 26.759466 
-6.502965 15.097666 27.108301 
-8.035189 17.063235 26.560590 
-10.961350 17.245384 25.444627 
-12.344819 16.068513 25.719008 
-12.031462 15.616517 24.829493 
-12.034820 15.863489 23.525955 
-12.033027 16.379662 22.476178 
-12.309240 17.322884 22.289949 
-11.427106 17.649768 22.853311 
-11.281553 18.142787 23.864203 
-10.389613 18.605991 24.902988 
-11.278770 19.004404 25.422812 
-11.118341 19.609423 26.202487 
-10.786618 18.781229 26.680470 
-11.591681 18.586004 27.455720 
-10.088395 17.676039 28.301836 
-9.027494 13.869632 28.123486 
-10.499162 11.066535 30.094681 
-12.078485 9.758902 30.202014 
-11.285618 8.509891 30.891162 
-12.147205 8.261507 31.587977 
-11.704730 7.182546 31.186390 
-10.350103 7.273100 30.434416 
-9.996979 6.064013 32.277213 
-11.249940 4.912773 32.323139 
-10.309247 4.551263 32.597345 
-9.249360 4.340172 32.833197 
-8.263288 5.294726 33.541066 
-7.606771 5.263081 32.759602 
-7.492609 4.376403 33.242381 
-8.102071 4.063361 32.571692 
-8.572421 4.853734 32.230740 
-9.199453 5.252656 31.321001 
-8.899570 3.742543 31.235782 
-8.964734 4.118688 30.322445 
-9.255596 5.007944 30.311940 
-9.430395 6.512113 29.950795 
-10.379091 6.317584 29.915039 
-11.056529 6.099484 30.664980 
-11.637088 5.737313 31.420264 
-12.226158 5.876146 30.504658 
-12.077661 5.945874 29.130778 
-11.578652 6.485396 28.309127 
-12.515654 6.976795 28.235306 
-12.675329 7.558190 27.446049 
-13.592671 7.943653 27.238545 
-13.903057 7.316433 26.496815 
-15.097813 6.738457 26.563368 
-15.769651 7.103164 27.462531 
-15.736560 8.101832 26.431422 
-18.289278 10.394308 25.868355 
-19.162570 15.142279 24.016934 
-20.675193 12.325215 22.769338 
-21.290995 13.005811 21.959367 
-21.735007 12.404483 22.580315 
-21.825382 11.780661 21.784710 
-22.576754 12.102028 22.384533 
-22.734009 11.190163 21.822722 
-22.877090 11.664626 23.098010 
-23.182482 12.889323 23.829454 
-24.154603 12.549871 24.034039 
-23.528657 12.058741 24.740163 
-24.227987 11.116536 24.757391 
-24.281703 10.086386 24.718654 
-24.015858 9.193085 24.113964 
-22.837674 8.611397 24.856409 
-21.555986 7.973686 24.780776 
-21.758471 7.213386 25.454430 
-20.688510 7.193282 25.384921 
-19.661628 7.218065 25.142433 
-19.971045 7.008289 26.126015 
-19.833857 5.626898 25.096148 
-21.075229 6.051545 24.076041 
-21.520220 5.633728 23.273877 
-21.864955 6.616412 23.264900 
-22.704836 7.163040 23.294393 
-22.264084 7.237765 24.293533 
-23.797149 7.198906 25.357160 
-23.797533 7.546853 24.382065 
-24.207401 6.675762 24.156330 
-24.695812 6.572718 21.265031 
