-20.998357 -17.039584 18.058529 
-21.557577 -16.466059 18.757821 
-21.152318 -16.960700 19.610245 
-20.871049 -15.945328 19.753629 
-20.346199 -15.868321 20.698788 
-19.979585 -14.942622 20.621340 
-19.518513 -14.419244 19.910851 
-18.734077 -14.129720 20.437401 
-19.417031 -13.384475 20.203654 
-20.464978 -13.305402 20.452861 
-21.280495 -13.190759 21.066431 
-22.256620 -13.095367 20.538538 
-21.874162 -12.245864 20.897681 
-21.732805 -11.161005 20.725007 
-21.555915 -10.237479 20.782498 
-21.322018 -9.653661 19.965094 
-21.564016 -10.385767 19.322392 
-20.893034 -10.740280 19.972158 
-20.728698 -11.619135 20.420979 
-19.919323 -11.975903 19.889195 
-20.142234 -12.835747 19.241535 
-21.051623 -12.667260 18.717338 
-20.825688 -11.838906 19.274772 
-21.850146 -11.571177 18.922050 
-22.692284 -11.149248 19.333683 
-22.879152 -12.132914 19.087183 
-23.360649 -11.512234 18.494656 
-24.223962 -11.446426 19.075904 
-23.592124 -11.924247 19.844959 
-24.003547 -10.989715 19.888346 
-23.856393 -9.958441 20.059845 
-23.857749 -8.882437 20.165231 
-23.748359 -7.975953 19.972849 
-23.179294 -7.572579 19.182993 
-23.425225 -7.102348 18.205829 
-23.658512 -6.117445 17.810930 
-24.012733 -6.580571 16.928545 
-24.401670 -5.900982 16.283222 
-25.059309 -6.733325 16.408601 
-24.378995 -6.675657 15.608413 
-24.310269 -7.628332 16.038536 
-23.402651 -7.311692 15.791596 
-22.375313 -7.375144 15.246989 
-22.605870 -8.037460 16.007364 
-22.312075 -7.238255 16.644125 
-22.062637 -7.835982 17.379289 
-21.087895 -7.400344 17.399152 
-20.248409 -6.892041 17.670749 
-19.881074 -5.944342 17.699505 
-20.052771 -6.198302 18.670677 
-20.617827 -5.931257 19.596353 
-19.625587 -6.027824 19.632982 
-18.779111 -6.043334 18.946137 
-18.417322 -6.929083 19.012837 
-17.586562 -6.448589 18.672008 
-17.337132 -5.984514 17.807812 
-18.131013 -5.567572 18.250443 
-17.454089 -5.414704 19.000511 
-17.046225 -4.587817 18.346375 
-17.835561 -3.972765 18.528798 
-18.858874 -4.034205 18.242501 
-18.756600 -4.921004 18.837356 
-19.572460 -4.945756 19.270573 
-19.929065 -4.823584 18.289556 
-20.950321 -4.456087 18.228146 
-20.297447 -3.741727 17.985967 
-21.089001 -3.204508 18.237655 
-21.236267 -2.302688 18.640217 
-20.348619 -2.188481 18.931228 
-20.508916 -2.072025 19.970817 
-19.715120 -2.641068 20.033770 
-19.143938 -1.730335 20.017699 
-18.432889 -2.161208 19.291462 
-17.492918 -2.323087 19.271828 
-18.354831 0.828490 19.082086 
-21.179961 1.797301 18.572534 
-20.664498 1.095607 19.153795 
-20.377238 0.531005 19.913186 
-20.662938 -0.462139 19.457629 
-19.988999 -1.179466 19.834182 
-19.501801 -0.363877 20.518743 
-18.628241 0.063528 21.093094 
-17.886507 0.072204 21.690953 
-16.570391 0.327383 21.018734 
-16.056269 0.981655 21.645936 
-15.709287 0.384736 22.511038 
-15.996269 -0.461006 21.999551 
-15.362313 -1.227093 22.113167 
-17.037959 -2.344216 21.603901 
-15.471500 -1.805683 19.575045 
-16.883936 -1.682040 17.527816 
-16.884685 -2.444927 15.758385 
-16.899600 -2.615370 16.818077 
-16.358935 -2.455165 17.610546 
-16.247608 -3.083764 18.346204 
-16.277180 -3.110873 19.403293 
-16.516366 -3.663990 20.198750 
-16.645132 -4.105066 19.196874 
-17.366534 -3.318587 19.312034 
-14.377521 -3.349241 20.952969 
-11.396251 1.570173 21.624640 
-12.770884 3.432938 21.892317 
-12.700848 6.622822 21.325069 
-17.666968 9.244873 20.871110 
-18.623296 8.658323 20.982925 
-18.627643 7.851754 20.387941 
-17.508011 7.682336 20.618155 
-15.811841 2.446590 20.555075 
-14.846911 -3.086936 20.461996 
-14.993538 -3.930935 19.945415 
-15.590809 -4.899981 19.360423 
-15.016513 -5.019203 20.243872 
-15.174781 -6.100643 19.887799 
-14.256612 -7.181848 19.694858 
-14.532112 -8.104957 19.455492 
-15.772213 -6.103258 18.138164 
-17.490450 -2.724233 16.895167 
-17.526830 -0.429177 15.934118 
-16.881577 0.350644 16.083032 
-17.914613 1.516730 15.866791 
-17.567312 3.539531 15.503068 
-17.077613 4.259654 14.999833 
-17.414919 4.476681 16.161305 
-16.484666 5.374721 16.309925 
-15.912315 6.271756 15.848207 
-16.747108 6.938543 16.005288 
-17.784210 7.133282 16.198281 
-17.686089 8.050944 15.920002 
-18.225138 8.820864 16.188271 
-19.541086 10.361861 16.538308 
-18.075815 8.701922 18.367702 
-14.086487 5.195805 18.975820 
-14.788995 3.567269 18.881223 
-14.926395 3.924979 19.778295 
-14.255009 2.709738 20.444594 
-13.405129 2.908388 19.567452 
-12.734010 2.910174 18.618050 
-11.150419 3.367450 18.902432 
-10.486671 2.484463 20.500045 
-11.027954 1.670367 20.537596 
-11.985387 1.582547 20.414819 
-12.499531 0.751697 20.660595 
-12.856204 1.396414 21.406864 
-12.691333 2.463032 21.509231 
-13.748967 2.420507 21.262328 
-14.118620 3.468582 21.114798 
-14.605335 4.374350 21.083207 
-13.298906 4.904856 21.590727 
-12.874820 5.749814 20.974422 
-13.338279 6.418082 20.471325 
-14.432260 7.350816 20.318710 
-15.003221 7.649615 19.022341 
-14.860328 8.437795 18.349931 
-13.807606 8.379278 18.687443 
-13.567277 9.423434 18.905074 
-14.196261 9.439927 17.976692 
-15.414832 10.378858 17.923213 
-14.567125 10.888747 17.758886 
-13.922875 11.555540 18.147970 
-12.888334 11.238357 18.345522 
-13.304763 10.904930 19.232794 
-14.253318 11.088123 19.986501 
-15.666266 12.106468 20.098124 
-15.636230 13.429137 19.710741 
-14.525737 15.837344 22.048820 
-16.647755 13.822729 18.740496 
-19.448006 11.415387 19.634100 
-20.299532 10.716084 19.689780 
-19.561051 9.954706 19.497042 
-18.690304 9.386478 19.428972 
-17.655167 9.428212 19.865708 
-17.413325 8.463694 19.861380 
-16.300959 8.351180 20.298404 
-15.809046 7.249426 19.948739 
-16.631353 6.665865 19.847103 
-16.320517 5.768908 19.688649 
-15.918195 4.880381 19.864964 
-16.271654 4.885857 18.855661 
-16.230989 3.886170 18.630329 
-16.184614 2.764893 18.715257 
-16.851307 3.259406 19.931652 
-17.523397 3.292910 19.167856 
-17.432277 3.990886 18.517520 
-18.064304 4.032966 17.564843 
-18.265296 3.175199 16.972530 
-20.158787 3.545191 18.080232 
-20.289426 5.141175 18.392400 
-19.951191 5.625178 19.242851 
-18.912622 5.720971 19.395681 
-18.571976 6.538006 18.753519 
-19.952839 5.793874 17.759485 
-20.372139 3.895710 16.787751 
-19.833961 3.827677 15.932032 
-20.214929 4.402393 15.079916 
-20.715145 4.722508 14.428748 
