9.426760 2.379398 26.046949 
8.492236 2.804581 25.677761 
8.939130 2.900157 24.712069 
8.416672 3.800680 24.909805 
9.455208 4.206359 24.811463 
10.042498 4.894093 24.415276 
10.062752 5.882681 24.735102 
10.633723 6.727302 24.747692 
11.205097 5.795192 24.411778 
11.925457 5.460653 23.691758 
12.716352 5.867659 24.191588 
13.610236 5.428356 24.469830 
14.506573 5.845301 24.090282 
13.911045 5.670572 23.280354 
13.267670 4.859019 22.876708 
12.396623 4.982660 22.402414 
13.005127 5.770788 22.292999 
12.138885 6.296862 22.474112 
11.362224 6.043418 21.718981 
11.566211 5.527090 22.465006 
11.217249 4.586081 22.034618 
10.280501 4.106561 22.300802 
10.545571 4.974838 23.080085 
11.049563 4.061596 23.184328 
11.753745 4.432307 23.814171 
12.330750 4.790999 24.553085 
11.841630 4.681384 25.452935 
10.889997 4.613449 25.732568 
10.686751 5.532124 25.672798 
9.972496 4.942470 26.067065 
9.454722 5.255790 25.351796 
8.603072 5.090594 25.948008 
7.825020 5.848591 25.656420 
6.912244 6.057677 25.908542 
6.820438 5.008682 25.522889 
6.670800 5.053815 26.640549 
6.154694 4.294612 27.116788 
5.311591 3.891452 26.712965 
5.635070 4.405888 25.887228 
5.452272 3.468231 25.649386 
4.921397 2.767542 26.108895 
4.216184 3.491793 25.898768 
3.420897 3.295169 25.230415 
3.269251 4.240489 25.671659 
2.379419 4.659422 25.522089 
1.455428 4.509750 25.194058 
0.437871 4.872808 24.972126 
0.228415 3.837124 24.812802 
-0.655216 3.454890 25.245593 
-0.587233 2.443749 25.040260 
-0.776163 2.293069 26.128337 
-1.574456 2.137051 26.876013 
-1.780287 3.170554 26.782345 
-1.018155 3.665542 26.412797 
-0.244546 3.906363 27.039525 
-0.057583 3.228246 26.194403 
0.904197 3.084165 26.422259 
0.706468 3.763854 25.635984 
1.239821 4.496615 26.203010 
0.965433 4.032784 27.042097 
1.903848 3.712702 26.805800 
2.383917 3.532520 25.918376 
2.187480 3.460947 24.844871 
2.476072 2.464079 24.621703 
1.797340 1.770214 24.264355 
2.227540 1.844966 23.284351 
1.592189 2.778366 23.282591 
0.678242 2.293278 23.860935 
1.196851 1.613081 23.226233 
1.679300 0.852178 23.693361 
0.989822 0.255413 23.262522 
0.599564 0.620938 22.346466 
-0.119095 -0.117668 22.224518 
-0.227310 0.557156 23.027541 
-3.937076 0.008536 24.030108 
-7.427023 0.090422 23.395393 
-8.207286 0.431061 24.144865 
-7.608095 0.939800 24.796975 
-6.957237 0.724893 24.054914 
-5.999223 0.976307 23.621949 
-6.411192 1.753094 23.140785 
-6.664070 2.806866 23.301391 
-5.725082 3.089323 22.952541 
-6.171821 4.503784 22.965351 
-7.019200 5.312646 23.869435 
-6.533766 6.255229 24.126747 
-6.094699 5.985466 25.098858 
-6.445605 5.097323 24.918445 
-3.088564 3.170518 23.595037 
-0.213960 5.053416 22.703748 
1.634248 4.108337 22.176999 
3.648765 4.236113 22.607550 
4.282011 3.555342 22.940104 
3.852044 3.389220 22.003444 
4.193963 2.815278 21.208598 
3.787570 3.094680 20.230411 
3.161237 2.315173 20.583783 
3.707218 2.074131 19.769296 
3.035309 1.329804 20.139028 
4.471539 -1.031620 21.776540 
4.724423 -0.078410 23.959996 
5.465852 1.421010 23.969363 
9.141871 1.004063 25.262515 
15.136938 4.400747 24.996847 
15.067966 3.497075 25.598049 
15.884756 3.441290 25.026460 
15.964822 2.578606 24.201765 
11.251072 3.546844 24.408967 
7.627458 7.207003 23.916284 
6.738598 6.703189 24.448528 
7.335802 5.839868 24.735866 
6.962272 5.021559 24.314213 
7.510522 5.457618 23.672613 
7.089157 5.706737 22.462903 
6.328176 6.317128 22.666724 
4.716449 6.738688 22.232860 
5.759569 4.905695 23.214465 
7.408826 3.937358 22.970545 
7.699629 3.320920 23.675236 
8.149141 2.332293 22.929621 
9.695259 1.707707 22.859432 
9.876937 0.895781 23.350436 
9.492652 0.471430 22.467898 
8.008315 0.167571 22.362492 
8.203527 -1.213473 21.637473 
9.091557 -0.594681 21.949703 
9.027122 -1.632636 21.984955 
8.333562 -2.418008 22.083836 
9.023203 -3.020487 22.629914 
8.206323 -4.605457 24.251333 
5.119882 -6.659000 23.087543 
1.758181 -6.987245 24.303355 
2.670069 -8.298830 25.070989 
2.018715 -9.261455 24.499953 
1.892589 -8.558987 23.712821 
1.465017 -9.673453 23.247454 
0.545754 -11.001605 22.742424 
-0.716053 -10.911374 21.504661 
-2.059785 -10.261533 21.819274 
-2.906797 -9.889103 21.436080 
-4.285452 -9.509273 21.556284 
-5.357485 -9.738171 22.304066 
-6.112152 -10.363090 21.902313 
-6.444302 -9.995003 22.865814 
-7.199761 -10.121441 23.508338 
-7.605795 -10.990720 23.822602 
-8.352888 -10.328081 23.409977 
-9.056330 -11.182876 22.885694 
-9.838931 -12.172847 22.342851 
-10.641953 -11.556902 22.168701 
-11.973264 -10.870818 21.773207 
-12.096725 -11.824949 21.689851 
-12.887031 -12.000564 22.165080 
-13.692752 -12.594336 22.035869 
-13.474187 -12.894515 23.060636 
-13.437102 -12.250323 24.187345 
-12.631125 -11.432025 24.059823 
-12.525592 -11.050304 24.960659 
-12.717451 -10.468454 24.062269 
-12.918213 -9.514942 23.703237 
-13.073839 -8.540941 23.741329 
-13.325502 -8.271040 24.961974 
-11.864081 -8.030519 24.826264 
-10.937607 -9.027837 24.076847 
-9.365473 -7.263086 23.744499 
-9.231029 -7.056174 25.837214 
-7.481877 -8.616663 24.006987 
-7.861545 -7.989412 23.157780 
-8.437674 -7.800615 22.217435 
-7.859446 -8.578385 21.869504 
-6.938189 -9.160120 21.880025 
-6.328801 -8.549855 21.219921 
-6.307429 -8.460055 22.568345 
-7.790031 -9.261148 23.020378 
-8.866626 -9.046201 22.979173 
-9.221258 -9.033940 22.062636 
-8.699629 -9.205492 21.161216 
-8.665152 -10.225231 21.500410 
-7.705700 -9.947576 20.968845 
-6.298405 -9.625013 20.947060 
-5.116603 -10.368431 21.504220 
-4.588697 -10.377267 22.385681 
-4.310996 -11.139241 21.627648 
-3.282370 -11.186907 21.740496 
-3.496027 -10.604619 22.521177 
-1.244724 -9.953681 23.724420 
0.785465 -11.062095 23.899982 
1.581214 -11.533418 24.423480 
1.821480 -10.947580 23.524800 
2.511892 -10.172201 23.878425 
1.757145 -10.096258 25.545373 
2.509274 -10.491425 26.903371 
3.153426 -11.229131 26.497837 
3.629081 -10.471899 27.112604 
7.748451 -8.799480 27.329808 
