1.413749 -17.845389 24.995099 
1.919177 -18.532870 24.424032 
2.933764 -18.775962 24.291104 
3.225541 -19.437294 25.025455 
2.252819 -19.559156 24.813069 
1.477145 -19.652252 25.476846 
1.268474 -20.632564 25.416699 
1.277397 -20.098654 24.483485 
0.369336 -20.182036 25.001043 
0.453866 -21.221588 24.944606 
-0.315051 -21.524204 25.686391 
-1.129381 -20.801220 25.793862 
-2.143520 -20.463824 26.016510 
-2.240942 -19.548068 26.496931 
-2.214853 -20.105060 27.398352 
-1.450497 -19.616946 27.972257 
-2.203983 -20.263623 28.512429 
-1.497373 -20.879660 28.150427 
-1.865384 -21.166437 27.354106 
-2.195030 -22.092709 27.217339 
-3.090505 -21.475837 27.656837 
-3.297193 -22.031514 26.744455 
-3.659637 -21.970984 25.745078 
-3.242737 -21.084762 25.847510 
-3.362161 -20.134794 25.696427 
-2.817125 -19.233744 25.741110 
-1.833907 -18.939694 25.491519 
-1.132585 -18.303053 26.011753 
-0.422986 -18.961946 25.833993 
0.388103 -19.651792 25.905515 
0.271336 -18.801379 26.583787 
0.570670 -18.319050 27.440546 
0.006088 -18.986115 28.121633 
0.871223 -19.749004 28.098376 
0.795959 -19.645353 27.115528 
-0.211802 -19.701314 27.363655 
-0.353333 -20.365573 26.643268 
-1.130337 -19.949440 27.048278 
-1.019483 -19.068955 26.760421 
-1.977815 -18.911094 27.219526 
-2.197969 -18.329885 26.328959 
-1.526643 -17.852093 26.932146 
-1.138426 -18.464899 27.603241 
-0.429458 -17.720788 27.554927 
-0.213991 -17.689743 26.543204 
-0.414130 -17.160951 25.742588 
-0.951593 -17.697799 25.122805 
-0.393154 -18.117629 24.326076 
0.157780 -18.611849 23.487144 
0.539402 -18.710849 22.586488 
0.439991 -19.567579 21.945454 
1.449850 -19.899990 22.048589 
2.334526 -19.772506 22.585174 
3.152354 -20.050695 23.182524 
4.084229 -20.318457 23.050808 
4.165325 -19.487514 23.725114 
5.128959 -19.539469 23.507776 
5.317448 -19.986148 24.377202 
4.475681 -19.543673 24.750824 
4.016994 -20.498514 24.546372 
4.899554 -21.081188 24.856014 
4.412447 -21.578904 25.732737 
3.825488 -21.348007 26.436050 
3.834843 -22.058145 27.219688 
3.204200 -22.191002 28.029025 
3.002079 -22.698427 27.142397 
2.234052 -23.392953 27.515656 
1.607114 -22.571302 27.790044 
0.978868 -22.157811 27.003383 
1.124610 -21.105476 27.337829 
1.930413 -20.650754 27.102279 
2.347665 -20.140310 26.291551 
2.900333 -20.837466 25.724571 
3.301210 -21.592292 25.129792 
4.276352 -22.867787 24.214817 
3.722720 -22.741742 22.874947 
3.174805 -22.151518 22.363117 
3.770546 -21.504285 21.824404 
3.374309 -21.180815 22.785179 
2.693516 -21.707747 23.208952 
2.491652 -22.055369 24.220303 
1.706072 -21.577758 24.862003 
2.313345 -20.780080 24.644062 
2.791956 -20.412855 24.006979 
1.346186 -19.328045 23.682978 
0.459921 -19.920061 23.520928 
0.823997 -20.810729 23.498055 
0.779648 -20.893975 22.400846 
-1.410318 -21.750776 23.538899 
-2.720991 -20.435691 24.339362 
-4.240497 -19.023135 22.806741 
-6.122230 -18.859019 23.797081 
-6.229233 -17.941645 24.492870 
-5.995668 -18.702251 25.198997 
-6.505585 -17.921112 25.596517 
-6.761641 -18.651385 26.269501 
-7.497329 -18.550758 26.893572 
-6.741877 -18.730987 27.551529 
-7.609049 -19.268654 27.796546 
-6.244934 -20.363197 25.202164 
-4.275952 -17.587383 24.699527 
-6.712052 -17.441690 23.644469 
-0.930873 -13.551491 22.540452 
3.077379 -8.078377 21.512449 
2.392606 -7.474099 21.255891 
2.767578 -6.656774 21.606771 
3.515061 -5.983341 22.124850 
7.391730 -8.251515 24.261296 
7.879498 -10.736619 24.619154 
7.493923 -12.094047 24.456647 
6.837083 -12.408038 23.928296 
7.212195 -13.340776 24.346286 
6.985034 -14.293798 25.275494 
6.117162 -15.215389 24.819253 
5.355945 -14.688612 25.472717 
4.264292 -15.758598 25.103029 
1.327179 -15.779044 23.422339 
0.001416 -15.757986 23.171488 
-0.629022 -15.023221 23.740906 
-1.380541 -13.795368 23.159207 
-1.229027 -12.118355 23.319199 
-1.324168 -11.330041 23.964615 
-0.383313 -11.366090 23.590967 
-0.389447 -9.848215 22.628514 
1.148724 -9.573176 22.229366 
1.638035 -10.458370 22.010554 
2.367929 -10.997895 21.789821 
3.332304 -11.118823 22.016836 
3.151796 -10.317448 21.475021 
3.165076 -9.104655 23.332794 
8.421279 -5.851646 25.724835 
12.193292 -5.277420 24.111112 
11.472189 -3.274365 25.311943 
10.175476 -3.219882 25.760354 
10.581819 -1.705945 26.260247 
9.454596 -0.968584 24.958002 
9.028693 -0.345272 23.451510 
7.858262 1.966954 24.263357 
6.034106 3.323936 24.420852 
5.097123 3.381801 24.382943 
5.097416 4.488563 24.061936 
4.596527 4.775026 24.914910 
3.764146 4.253087 24.665446 
3.521133 3.502604 23.992142 
3.089386 2.954000 23.273381 
3.890228 2.403617 23.233482 
3.351820 1.682354 22.760239 
2.460266 2.571305 21.942849 
2.332635 3.606819 21.329030 
2.733048 3.445200 20.450994 
3.776541 4.232502 21.054214 
4.798803 5.055098 20.567097 
4.917608 5.021141 19.637655 
5.718131 5.778791 19.621301 
6.396416 5.409186 18.879190 
6.184076 3.940024 18.839607 
7.119420 3.522954 18.503359 
7.589303 4.394781 18.136636 
8.309228 4.007906 18.646433 
8.789221 4.297139 19.398448 
9.456088 3.810698 20.042512 
10.498316 4.058233 20.315480 
10.360150 3.152871 21.719416 
11.486521 2.352053 21.752336 
12.079386 0.917803 24.300822 
8.244826 -0.238487 20.580200 
6.630200 2.204469 20.334324 
5.655183 1.670387 20.486668 
4.914993 2.318176 19.953362 
5.206392 1.399258 19.380084 
4.789004 0.373799 19.625314 
4.617635 -0.492509 19.241994 
3.904855 -0.640033 18.573461 
2.645410 -1.215107 19.386212 
2.125579 -2.128955 19.601510 
1.497694 -1.528513 19.202189 
0.501513 -1.249459 18.858726 
0.859065 -0.902839 19.906834 
0.779525 0.047055 19.658421 
-0.229904 -0.123375 20.637045 
0.684287 -0.009004 21.527258 
0.301637 -0.752532 20.932737 
1.355946 -0.553328 20.792069 
1.525842 0.427949 20.693299 
0.934758 1.238829 21.224986 
2.270959 1.879294 19.992864 
3.628552 0.969981 18.273811 
2.618074 0.992509 18.042649 
3.050393 1.378244 17.237056 
3.626869 2.138146 16.839268 
4.397749 1.293686 17.682396 
3.628067 0.799208 20.595947 
4.570660 1.291887 20.630641 
5.165930 1.252243 21.348671 
6.238630 2.022446 21.543932 
