22.131853 -17.847346 13.275402 
21.240877 -17.402387 12.870600 
21.549931 -16.398528 12.431497 
21.483334 -17.394223 11.876548 
20.866584 -17.710524 11.110587 
20.721374 -18.527844 11.709869 
20.525649 -18.423610 12.684595 
19.672862 -18.716457 12.124605 
18.716818 -18.533706 11.933034 
18.734436 -18.809448 10.968989 
18.708561 -17.874956 11.118641 
19.644178 -17.542913 10.898281 
19.313717 -16.877147 10.263627 
18.397913 -17.429465 10.142200 
18.519422 -16.953047 9.300117 
17.552248 -16.812954 9.712494 
17.264174 -15.808829 9.772472 
17.907356 -15.193890 9.128586 
18.933917 -15.329338 8.805403 
19.306182 -16.263868 8.688715 
20.055885 -16.697807 9.171055 
20.020000 -17.290996 8.383232 
19.145312 -17.645197 8.716068 
19.210608 -16.949348 7.867703 
18.698853 -16.127063 7.960003 
18.368764 -16.556500 7.123951 
18.020478 -16.899001 7.970641 
17.291341 -17.608579 7.812438 
16.416780 -17.925683 7.205293 
16.347464 -18.819684 6.480027 
15.276792 -19.048389 6.649237 
14.935291 -18.304469 5.913334 
15.032452 -17.680227 5.170653 
15.716642 -18.524532 5.305539 
16.579553 -19.155757 5.646174 
17.355596 -19.329562 6.323532 
17.162671 -19.666420 7.391455 
16.796415 -19.790788 8.383397 
16.989339 -19.946603 9.233231 
16.231985 -19.441789 9.444284 
15.467646 -19.539554 8.746854 
16.290493 -18.789690 8.518622 
15.231478 -18.475532 8.694503 
14.755394 -18.958032 7.970283 
14.200797 -19.731309 7.607799 
14.402127 -19.562545 6.648130 
13.499431 -19.203795 6.809805 
13.020145 -18.542177 7.513219 
12.141059 -18.748262 7.817978 
12.437641 -17.992171 8.475003 
12.070897 -17.016509 8.658655 
11.929584 -16.279616 9.244900 
12.908619 -16.330791 9.007314 
13.736412 -15.844270 9.491936 
13.580386 -15.177664 8.638859 
14.613905 -15.366525 8.709944 
15.239041 -15.509235 9.628738 
14.748080 -14.882664 10.221605 
14.011577 -14.239798 9.776508 
14.309546 -13.288791 9.473417 
14.460455 -14.143095 8.812066 
15.327277 -14.573715 8.830286 
15.393866 -15.586028 8.240090 
15.300122 -16.471003 8.845440 
14.271987 -16.503220 8.532737 
15.083435 -16.765739 7.996266 
15.796999 -16.547936 7.382879 
15.880426 -17.312681 6.696250 
15.241633 -16.485321 6.308195 
14.808803 -17.267182 6.738009 
13.998886 -17.568907 7.180889 
13.519250 -16.570493 7.387935 
14.108137 -16.430421 6.528307 
14.696437 -15.838972 7.044797 
11.777421 -15.242084 7.655968 
9.299270 -14.455870 7.945212 
9.619345 -14.202141 7.049109 
10.313266 -13.832662 6.393476 
11.183971 -13.318440 6.353074 
12.045587 -13.108415 6.773599 
11.934052 -13.148118 7.851406 
11.293448 -13.212394 8.577729 
10.843548 -13.125555 9.510838 
10.080296 -13.470567 8.648888 
9.127842 -12.572718 7.617514 
9.834626 -11.974023 7.145787 
10.534183 -11.874339 7.889728 
11.272109 -11.289339 7.351509 
12.207904 -13.018883 9.062406 
9.031617 -12.009013 10.794442 
8.155215 -8.808225 9.072117 
6.804917 -7.658378 9.428781 
6.603743 -7.334927 8.407150 
7.378892 -7.740891 7.860709 
7.779058 -6.940398 8.218482 
7.607897 -6.056024 7.615490 
7.175041 -6.940376 7.057168 
6.737249 -7.361010 6.185531 
5.897447 -7.884660 5.792875 
7.398385 -12.674505 6.582843 
8.460610 -14.534042 9.241356 
8.494631 -13.765416 8.336331 
7.079884 -14.484077 9.040823 
5.871569 -20.635333 11.310265 
6.540205 -19.797722 11.679607 
7.086882 -19.659831 12.470875 
7.576253 -20.418887 11.926425 
7.899037 -18.860845 9.351131 
7.616324 -18.183887 7.263669 
6.697068 -17.364911 7.969293 
5.620118 -17.109003 8.686785 
5.013490 -17.758657 9.208502 
5.049940 -17.936073 10.492280 
6.287833 -18.031788 10.383669 
6.249282 -17.664155 9.328482 
6.572899 -16.000096 10.273910 
6.153960 -13.346665 10.666407 
5.065756 -12.449008 12.464778 
4.220454 -11.986771 12.622887 
4.147425 -10.730434 11.114484 
3.795129 -9.558455 11.117664 
4.414583 -8.814884 10.974246 
5.237781 -9.098853 10.402062 
5.670618 -8.467162 9.192522 
6.801370 -9.002739 9.771314 
7.030575 -9.989686 10.007638 
7.113378 -10.985957 10.182517 
6.866885 -11.960287 10.264882 
7.547102 -11.749388 9.540451 
7.569551 -11.150535 8.003516 
5.462795 -9.475337 10.415339 
6.324741 -6.929219 12.880559 
8.620690 -8.240692 11.525039 
8.234055 -7.845011 10.392124 
8.909989 -6.415958 9.730401 
7.503907 -6.902731 10.500390 
5.886873 -7.510737 11.449829 
5.983268 -8.391274 11.845389 
6.992577 -8.974779 12.851305 
7.347795 -9.304969 13.785473 
7.273933 -10.600965 13.737984 
8.571168 -11.023495 13.081002 
8.012443 -11.172948 12.181231 
6.978921 -11.001555 12.223132 
7.328289 -9.996691 12.279624 
7.791698 -9.244654 11.682833 
7.502320 -9.863436 10.902781 
6.419729 -10.674233 11.390562 
6.571959 -11.539849 11.269454 
6.821262 -12.420718 11.764700 
7.931456 -12.580959 12.244141 
7.324831 -11.869995 12.932290 
6.645545 -11.145655 13.074244 
6.393764 -12.037879 13.023904 
6.575988 -13.094648 13.076051 
6.115327 -13.785162 13.724671 
5.487603 -12.712260 13.754336 
5.451388 -11.941054 14.398258 
6.435070 -11.864975 14.731325 
6.755042 -10.857260 14.884048 
7.650395 -10.702475 15.384432 
7.731995 -12.130751 14.348977 
7.948908 -13.624058 14.952420 
7.072323 -14.173023 15.096665 
3.842061 -12.331318 15.185706 
1.572086 -9.833567 16.322400 
-0.634629 -8.552960 17.120072 
-1.155986 -7.682393 17.247668 
-2.133190 -7.492713 17.350588 
-2.665643 -6.927462 17.883065 
-3.418203 -6.798042 17.222617 
-4.489829 -6.888761 16.911807 
-3.400821 -7.868112 16.429346 
-2.057780 -8.533865 16.638535 
-3.004021 -8.582260 17.254634 
-3.331899 -8.376585 18.156842 
-4.330267 -8.430816 18.360587 
-4.063841 -8.793954 17.344386 
-4.665541 -9.533599 17.281439 
-3.423030 -9.483760 16.260597 
-3.131486 -10.499394 15.661528 
-2.760257 -11.377503 15.625876 
-1.901108 -11.779841 15.980018 
-2.128223 -12.798751 15.730027 
-1.325623 -12.660839 16.490625 
-1.878690 -13.333278 18.128569 
-2.598307 -12.728625 18.635223 
-1.738057 -12.035986 18.347091 
-2.259717 -11.627823 17.612999 
-2.234863 -11.081053 16.683394 
-1.326473 -10.252674 15.613227 
-1.288820 -10.530722 16.712914 
-1.030666 -11.531057 16.721843 
-0.405683 -11.888866 15.912985 
0.187707 -12.916407 13.673898 
