19.061596 -10.221295 -19.041260 
20.044903 -10.527607 -19.326637 
20.518197 -9.758560 -19.821618 
20.330613 -9.508140 -18.808033 
19.341286 -8.997476 -18.851075 
18.754570 -8.615461 -19.509661 
17.798569 -8.309833 -19.921414 
18.582291 -8.050155 -20.572442 
18.051797 -7.279322 -20.317538 
17.641967 -7.395768 -19.445882 
18.298539 -6.562996 -19.258752 
18.639051 -6.008006 -20.053473 
18.500524 -5.791068 -21.035171 
17.840355 -5.113224 -21.228510 
17.467967 -5.970769 -21.700784 
17.020540 -6.854758 -21.346414 
16.946459 -6.142153 -20.534992 
17.197435 -5.314285 -19.861762 
17.603159 -5.462245 -18.840923 
17.529222 -5.088361 -17.858272 
18.150460 -5.250697 -17.140099 
19.217686 -5.359591 -17.267650 
18.538373 -5.938888 -17.852300 
18.768772 -5.327048 -18.745007 
19.845289 -4.906499 -18.493725 
20.627843 -5.120545 -17.940706 
20.479184 -4.224219 -18.197659 
21.388437 -4.620126 -18.594933 
21.497409 -5.597205 -18.997256 
21.580609 -6.666153 -18.845385 
21.568691 -6.244848 -17.785844 
21.913349 -5.199623 -17.750823 
22.900389 -5.155869 -17.307754 
23.061932 -4.590585 -18.160866 
22.526317 -4.147014 -17.475535 
22.933675 -3.721785 -16.595061 
23.033767 -3.090958 -15.760385 
23.314795 -2.507145 -16.551559 
24.349670 -2.426523 -16.819600 
24.183006 -1.658798 -17.518120 
23.868857 -0.820669 -18.044676 
23.312536 -1.221152 -17.142906 
22.617580 -1.951403 -17.351114 
22.400624 -1.588573 -18.315557 
22.887719 -2.404898 -18.483864 
22.965306 -3.407955 -18.261607 
23.608674 -3.257985 -17.566130 
23.506859 -4.181899 -17.218213 
23.993117 -3.902617 -16.299568 
23.965975 -4.468691 -15.493281 
23.585934 -5.014861 -16.236307 
23.546093 -5.888912 -16.648197 
23.006307 -6.631391 -17.204563 
22.926872 -6.850558 -18.222405 
23.993241 -6.937060 -17.892333 
23.854552 -7.794476 -17.289679 
23.823966 -8.594403 -17.935955 
24.126648 -9.500630 -17.547800 
23.554349 -8.874693 -16.879305 
22.977572 -9.602596 -16.323361 
22.665042 -10.296938 -17.029127 
23.138200 -11.065691 -17.587366 
23.682673 -11.710722 -18.094116 
23.638612 -12.199628 -19.217645 
24.479388 -12.470494 -19.080638 
24.204816 -13.151052 -18.300832 
24.897031 -13.964419 -18.210415 
24.242195 -14.248188 -18.926722 
23.435514 -14.853149 -18.536559 
22.578696 -15.003407 -19.170166 
23.078464 -15.404277 -19.905542 
23.439267 -16.252823 -19.290420 
22.537841 -16.858991 -19.348233 
22.638462 -16.530282 -18.411840 
24.360882 -15.992113 -16.536615 
23.878205 -13.566109 -15.182261 
24.837350 -13.036420 -14.908018 
25.166247 -12.349109 -14.051836 
25.589168 -11.753059 -14.937826 
26.530341 -11.488047 -14.631380 
26.798481 -12.279899 -15.242507 
27.677763 -12.558363 -15.334519 
27.743534 -11.952015 -16.156008 
28.311356 -10.635670 -15.912051 
27.045617 -10.042645 -14.900325 
27.442771 -9.080887 -15.048401 
28.002893 -9.459405 -14.443131 
28.496494 -9.471400 -13.639224 
29.626956 -7.254681 -15.510048 
28.303837 -5.305700 -15.171558 
25.832901 -4.805096 -13.969843 
25.168242 -6.172761 -13.304086 
25.319066 -5.631019 -14.218406 
25.431311 -5.031626 -15.127258 
26.466180 -4.823575 -15.706413 
25.471191 -4.656412 -16.266059 
25.261103 -4.156985 -17.185605 
25.475763 -3.495419 -17.906482 
25.323095 -3.009386 -17.061307 
24.716896 -1.345987 -16.341274 
21.786562 -0.126326 -17.486787 
23.913460 0.443328 -17.194894 
27.330206 -1.799205 -16.412736 
27.270580 -5.185885 -13.131250 
28.144326 -4.824710 -12.638966 
27.166431 -4.438717 -12.407205 
26.876337 -5.316839 -11.996483 
28.263942 -8.098225 -11.776004 
31.143770 -10.498490 -12.347160 
31.140826 -10.166176 -11.145917 
30.340071 -10.260061 -10.783978 
29.783809 -9.826136 -10.002122 
29.326842 -10.972461 -10.687758 
28.677461 -11.462941 -11.593924 
29.133096 -10.829942 -12.267773 
30.271407 -9.633955 -13.750554 
28.970385 -9.275432 -15.945285 
27.322696 -9.820880 -17.788917 
27.384244 -10.881813 -17.478592 
26.231801 -10.365482 -17.473124 
26.007588 -9.398892 -18.285095 
26.124550 -8.655080 -18.992503 
26.792921 -7.896165 -18.753898 
26.303068 -6.782595 -17.766050 
26.128353 -5.936471 -16.537041 
26.990751 -5.564975 -16.082722 
26.576303 -6.025806 -15.318953 
27.098286 -6.924695 -15.656718 
28.013066 -6.268075 -15.905903 
28.212275 -7.336712 -17.153906 
25.317377 -8.422257 -17.369562 
22.771461 -11.353792 -18.611561 
21.568898 -13.126467 -17.590808 
21.247787 -12.033430 -17.886882 
21.048878 -10.414001 -17.639019 
20.350784 -9.534387 -17.373061 
21.448903 -9.471314 -17.436491 
22.779588 -7.630981 -18.834379 
23.825027 -6.017545 -19.641097 
23.898781 -5.026807 -19.227413 
24.299551 -4.337569 -18.183689 
24.873135 -3.254564 -18.750676 
24.482674 -2.773648 -17.890266 
24.580072 -1.880991 -18.487007 
24.565571 -1.129468 -19.173153 
24.635373 -0.037696 -19.345158 
25.642041 0.285125 -19.072500 
26.540884 1.226071 -19.649079 
27.314779 1.604149 -20.634931 
27.061328 2.567966 -20.299535 
27.877849 3.686870 -20.200879 
27.588447 4.613401 -19.963563 
27.318965 4.139233 -19.079487 
26.746062 4.777769 -19.534695 
26.209706 4.340585 -20.466793 
25.471410 4.932006 -20.849681 
25.370507 4.169839 -19.851726 
25.785742 4.344772 -18.784399 
25.200706 5.107348 -19.296658 
25.330155 5.942974 -19.815181 
24.692578 6.851324 -19.715480 
24.809198 7.370546 -20.823987 
24.707660 6.406085 -22.333693 
24.371614 5.328892 -22.466254 
24.810683 3.542753 -20.724551 
26.749475 1.214139 -21.889278 
27.164426 4.098144 -21.704879 
26.873683 4.062141 -22.656612 
26.648788 4.898764 -22.153954 
26.399603 5.517834 -21.307486 
26.912813 6.528025 -21.326417 
26.728616 6.676365 -20.395986 
26.763402 6.375376 -19.275240 
27.134280 6.604326 -17.900875 
26.710088 5.879344 -17.434610 
25.712718 5.990384 -17.006099 
25.635358 5.601752 -17.937151 
24.936569 4.794746 -17.898974 
25.583008 4.066732 -17.560371 
26.367573 4.899759 -17.835543 
27.363493 4.880429 -18.229926 
27.694329 5.151251 -17.197536 
28.189079 5.442031 -16.370388 
27.573023 4.853654 -15.908479 
26.804362 5.193964 -16.359676 
27.305850 7.084151 -15.479757 
26.978179 8.563906 -13.619855 
27.919524 8.954773 -14.008220 
28.240987 8.390088 -14.839896 
29.207336 8.504857 -14.436360 
29.281596 9.453604 -13.326512 
29.411119 7.610246 -13.695899 
30.022497 6.841995 -13.408600 
30.675522 6.109561 -13.498416 
29.906406 7.012116 -13.451366 
