-6.287756 1.626094 32.116052 
-6.651255 2.246655 31.442414 
-6.793657 2.695770 32.247243 
-6.934842 3.735874 32.351357 
-6.117614 4.000416 32.952939 
-6.196009 3.423470 33.843688 
-6.350600 2.430781 33.585497 
-5.242391 2.372673 33.647546 
-4.515352 2.187858 32.980603 
-4.616540 1.143804 33.205154 
-5.053128 1.443096 32.300104 
-4.583394 0.512079 32.242720 
-4.321767 -0.218613 31.614297 
-3.618082 0.430425 31.324547 
-2.871173 -0.339407 30.971181 
-2.544866 -0.314762 32.051741 
-2.252875 0.608873 31.639131 
-2.195278 0.906302 32.558209 
-1.189036 1.222605 32.886117 
-1.451763 1.523202 31.994826 
-1.384604 2.534640 32.415562 
-1.458268 3.077309 31.531820 
-1.167572 3.994071 31.145912 
-1.046253 4.456874 32.220094 
-1.782782 3.829291 32.379677 
-2.409253 4.203355 33.058111 
-2.135394 4.412317 33.960834 
-1.246331 4.825360 33.929075 
-1.499271 4.821409 33.032262 
-1.585246 5.747675 32.728638 
-0.926033 6.557526 32.951844 
-0.932395 6.753226 34.065063 
-0.028790 7.243603 34.116547 
-0.823757 7.801166 33.907185 
-0.930870 8.561462 33.258969 
-1.472274 9.387988 33.049984 
-2.316622 9.321563 32.473705 
-2.886398 9.358601 33.361347 
-3.397443 10.084057 32.671366 
-3.753004 10.076899 31.764547 
-4.316100 10.822702 32.101360 
-5.204536 10.737560 32.615492 
-6.082292 11.313806 32.461575 
-5.726306 11.598712 31.659730 
-6.370661 12.391703 31.577598 
-7.374849 12.439416 31.727784 
-8.120325 13.129333 31.622848 
-8.723574 12.676639 30.831723 
-8.297222 11.780709 31.172700 
-7.577571 11.465812 30.615089 
-7.015937 11.438792 29.653166 
-7.314042 12.034508 28.787407 
-7.860460 12.457382 28.008556 
-8.005655 12.749985 27.054655 
-8.626112 13.388859 26.595385 
-8.155409 14.435562 26.602141 
-7.582066 15.250543 26.759466 
-6.502965 15.097666 27.108301 
-6.942029 15.738402 27.772547 
-7.412255 16.322606 26.996786 
-8.017336 17.153866 26.589796 
-8.614544 18.019228 26.129742 
-9.189780 18.082071 25.314081 
-9.786287 18.008844 26.145936 
-10.620809 17.590127 25.729102 
-11.020640 16.590156 25.505454 
-11.455895 17.467013 25.076650 
-11.923121 16.570781 24.765994 
-12.344819 16.068513 25.719008 
-12.031462 15.616517 24.829493 
-12.028532 14.951266 23.927104 
-11.969954 15.454665 23.081587 
-12.040019 16.112660 23.815351 
-12.100773 16.935365 23.279779 
-11.330710 18.217124 24.853113 
-10.709681 17.176995 28.293179 
-9.718809 17.493959 28.221186 
-8.735629 17.795440 28.332145 
-8.978036 16.948708 27.780141 
-9.727049 16.511935 27.219369 
-9.865006 14.954058 27.206895 
-10.093989 13.907653 27.305484 
-9.989319 13.007733 27.724867 
-8.777372 13.976166 27.783076 
-8.523546 13.419910 28.202468 
-7.809898 13.027673 28.912024 
-8.598273 12.938326 29.506942 
-8.096028 12.070442 29.760380 
-10.324472 11.004226 29.852990 
-11.353105 8.784061 30.488574 
-11.900745 7.726515 31.359873 
-10.809058 6.864637 31.403991 
-10.350103 7.273100 30.434416 
-9.921726 6.532052 31.531418 
-9.476414 5.882259 32.580539 
-10.141460 5.691742 33.369158 
-10.523571 5.681962 32.373533 
-11.249940 4.912773 32.323139 
-10.309247 4.551263 32.597345 
-9.158135 5.033802 31.549453 
-13.028677 6.747417 27.968455 
-15.653506 6.789564 26.497606 
-17.994679 10.488087 25.842303 
-19.565489 16.566399 23.461006 
-19.312039 16.345566 24.603092 
-18.473587 16.625891 25.141035 
-18.061508 16.150397 24.282697 
-21.180902 12.724197 22.914150 
-23.621914 12.499312 24.201219 
-23.292814 9.265415 24.680600 
-21.758471 7.213386 25.454430 
-20.688510 7.193282 25.384921 
-19.661628 7.218065 25.142433 
-19.921656 5.983476 25.856511 
-19.363090 4.867898 24.826191 
-20.230339 6.000724 24.595805 
-22.313987 6.887334 23.338806 
-22.124246 7.957560 23.815392 
-21.453158 7.001631 24.330385 
-23.438018 6.950227 24.731708 
-24.749692 6.093445 23.508399 
-24.108397 5.288202 23.504990 
-24.059405 5.333945 22.440238 
-24.268984 6.551150 21.975508 
-25.421725 7.989770 21.296471 
-26.303641 7.470496 21.223141 
-25.858347 7.224271 20.335847 
-25.306682 6.999540 19.506053 
-24.714566 7.802436 18.904783 
-24.279596 6.061357 20.117837 
-22.721535 2.092207 24.022745 
-19.623113 0.674109 28.312912 
-17.523591 2.090715 30.378841 
-16.733846 1.766935 28.710584 
-15.317264 0.968823 27.434871 
-14.186402 1.369330 27.665623 
-13.775894 1.211969 28.769593 
-14.212995 1.015250 29.555708 
-15.590836 1.441354 29.551860 
-16.561332 1.292274 29.679620 
-17.282451 0.102877 29.075303 
-17.429270 -1.160347 29.616063 
-16.661385 -0.999294 30.343335 
-16.952055 -1.880895 30.676155 
-17.354117 -2.595727 30.209440 
-16.842885 -3.454253 30.275117 
-17.773288 -3.565297 30.025435 
-18.790743 -3.824007 29.230061 
-20.015187 -3.148024 28.574636 
-20.020144 -2.505670 27.874386 
-20.959342 -2.973028 27.314885 
-21.973154 -3.076933 26.958721 
-21.954765 -2.805228 26.010558 
-21.866692 -1.783835 26.285373 
-22.282036 -1.550768 25.342949 
-23.018438 -0.685368 25.060937 
-24.211058 0.435701 24.296341 
-25.165398 0.203135 24.252338 
-24.518744 -0.302187 23.619458 
-25.275716 -0.921620 24.037664 
-26.110537 -0.855004 23.452893 
-24.312621 -0.806469 22.675305 
-24.009538 -1.803689 22.672582 
-25.088348 -3.625059 22.150776 
-23.619620 -6.078383 24.149580 
-20.460099 -5.066268 27.550289 
-18.337482 -5.022636 28.907595 
-18.459712 -6.008540 28.472415 
-17.830644 -6.767125 28.659361 
-17.233475 -7.441713 28.900571 
-16.523161 -6.782887 28.806399 
-16.213921 -6.141983 28.116326 
-16.005426 -5.236542 27.599539 
-15.464233 -4.827420 26.782907 
-15.884887 -3.856163 26.891535 
-15.576766 -3.320391 27.837344 
-14.991655 -4.050208 27.385633 
-15.121636 -4.196070 28.408737 
-14.129943 -4.221203 28.451822 
-14.064604 -5.050258 28.920423 
-14.666738 -5.878289 28.583168 
-15.273270 -5.146926 29.124766 
-15.787769 -4.216139 29.370456 
-15.268201 -3.495848 29.883891 
-14.554003 -3.162357 30.657452 
-14.291880 -2.240785 31.971890 
-12.602822 -2.529569 32.543856 
-12.890527 -3.427202 33.267859 
-11.987160 -3.643722 32.566275 
-11.779039 -4.165066 31.669689 
-11.825906 -5.715396 31.433205 
-13.326159 -5.692366 30.548533 
-13.905933 -5.895345 29.693000 
-13.506964 -7.111823 29.975620 
-12.990053 -9.492434 29.418829 
