25.635358 5.601752 -17.937151 
24.936569 4.794746 -17.898974 
25.583008 4.066732 -17.560371 
26.329603 4.712674 -17.341250 
26.405544 5.086844 -18.329837 
27.363493 4.880429 -18.229926 
27.694329 5.151251 -17.197536 
28.189079 5.442031 -16.370388 
27.573023 4.853654 -15.908479 
26.804362 5.193964 -16.359676 
27.336460 6.054742 -16.626603 
27.722090 6.367389 -15.802405 
27.184996 7.232352 -16.217324 
27.622290 7.532213 -15.315544 
26.731395 7.584955 -14.902075 
27.237867 7.733258 -14.014591 
26.978179 8.563906 -13.619855 
27.919524 8.954773 -14.008220 
28.240987 8.390088 -14.839896 
29.207336 8.504857 -14.436360 
28.833074 9.449651 -14.823984 
29.206051 9.762358 -13.924056 
29.010703 10.287456 -12.953955 
29.328303 9.659278 -12.229845 
29.607744 9.358909 -13.096772 
29.703701 8.203973 -12.930459 
29.411119 7.610246 -13.695899 
30.022497 6.841995 -13.408600 
30.675522 6.109561 -13.498416 
31.685933 6.078464 -13.191860 
32.550494 5.615659 -12.965885 
32.659439 6.616599 -13.173690 
31.857645 7.240230 -13.212585 
31.971116 8.083501 -13.833680 
31.015614 7.791632 -14.082140 
30.173112 8.276575 -14.354963 
29.921625 7.301158 -14.536228 
28.725301 7.032877 -14.585765 
29.201288 6.384556 -13.864461 
28.596704 6.905210 -13.117145 
28.165224 7.670232 -12.594722 
27.090834 7.459717 -12.549785 
27.565508 6.556400 -12.396381 
27.416251 6.168926 -13.311200 
26.814349 5.303865 -12.981881 
27.013766 5.341596 -13.988343 
26.409250 4.483124 -14.117359 
27.260696 4.537491 -14.687482 
27.846892 3.841410 -15.032856 
28.797663 4.025934 -14.430232 
29.406067 3.404435 -15.047937 
28.872818 3.365286 -15.914777 
29.116657 2.750447 -16.711125 
30.022650 3.222334 -16.461742 
30.491604 3.518890 -15.527974 
31.372109 4.096768 -15.457980 
31.731850 3.263593 -14.976731 
31.590277 2.890051 -14.059969 
31.323046 3.838524 -13.890968 
30.751174 4.511816 -13.970534 
30.364670 4.667501 -13.056028 
29.939965 5.570655 -12.709998 
30.826119 5.490128 -12.226754 
29.897424 5.624012 -11.701473 
29.082624 6.203429 -11.329870 
28.721873 5.529331 -10.765805 
28.665091 4.774213 -10.047863 
29.474805 4.265486 -10.029244 
29.761009 4.143119 -11.022317 
28.838255 4.682322 -11.308638 
28.748324 5.224293 -12.105213 
28.889850 4.643885 -12.886041 
28.253173 4.972143 -13.795093 
29.037872 5.326480 -14.507236 
29.222951 5.223310 -16.893925 
27.307841 3.095366 -17.833054 
26.317896 3.059270 -17.926662 
26.506007 2.005383 -18.427874 
26.609592 1.000557 -18.675714 
27.144306 0.625929 -17.979712 
28.106414 1.086184 -18.304102 
28.865872 1.714528 -18.452903 
28.757921 2.413011 -17.761746 
29.777469 1.414399 -18.365732 
28.726650 0.647278 -19.465180 
28.900484 -0.225069 -19.034904 
27.919697 -0.128745 -19.360076 
27.102809 0.024605 -19.902178 
26.514643 -1.549768 -20.020453 
23.943946 0.046585 -22.595658 
24.828541 -1.502610 -22.415863 
26.652548 -2.384948 -21.531448 
25.922507 -2.966607 -21.308067 
26.471932 -3.857609 -21.454816 
26.772283 -4.371501 -20.625719 
26.983358 -4.460955 -19.638387 
26.938235 -5.384048 -19.508079 
27.864265 -5.436786 -19.907504 
27.158495 -5.912571 -20.437303 
28.513315 -8.278980 -19.301905 
27.470920 -13.767205 -16.664500 
27.724003 -15.802753 -15.380825 
24.807685 -13.146198 -19.102509 
26.012389 -9.816627 -19.361261 
26.380190 -10.421556 -20.020768 
26.418675 -11.019775 -20.842607 
25.815956 -10.169763 -20.900051 
25.458860 -6.706133 -20.102621 
28.047957 -5.887756 -17.546471 
28.343586 -4.081634 -16.995864 
28.872798 -3.161711 -16.162775 
28.647857 -2.472858 -16.897287 
29.758653 -2.426526 -17.166660 
29.176637 -1.490251 -16.997258 
29.377173 -1.859449 -16.101866 
30.166163 -0.590753 -16.049723 
28.714373 0.404388 -16.812183 
29.204303 1.737450 -15.353110 
29.698183 1.665934 -16.265288 
31.119172 1.125147 -14.719581 
30.364472 -0.149987 -13.169773 
29.498539 -0.503569 -13.570590 
30.178470 -0.423340 -14.303983 
31.351470 -1.423527 -14.524019 
32.673273 -1.659018 -14.062004 
32.250906 -2.488786 -13.870303 
32.912810 -3.175229 -13.229262 
32.343240 -3.697258 -14.058945 
32.903128 -4.616184 -14.027844 
31.015778 -5.324640 -13.671798 
29.509791 -4.669931 -12.205599 
29.311455 -2.112081 -11.857384 
30.625893 -0.892755 -9.333913 
31.410600 -1.602909 -8.318256 
31.567655 -1.658366 -9.447546 
31.041613 -2.718648 -10.872478 
29.866914 -3.471549 -11.312640 
30.084273 -4.515945 -12.919398 
29.903724 -5.003156 -15.344877 
29.388762 -5.630452 -16.016167 
29.667540 -5.870109 -16.974756 
29.356456 -5.605524 -17.854128 
29.157769 -5.032763 -18.624433 
28.115996 -5.353898 -18.608402 
27.933365 -6.270722 -19.073016 
26.928396 -6.451139 -19.253483 
26.951506 -7.082956 -20.092983 
25.971756 -7.467909 -19.733698 
25.210489 -7.965489 -19.945414 
25.171760 -9.006286 -20.122932 
25.880249 -9.229437 -21.126454 
26.237025 -8.400709 -21.376756 
26.269992 -8.530687 -22.438118 
25.640893 -7.692276 -22.711639 
24.890493 -7.151350 -22.340036 
25.768047 -6.241245 -22.344902 
24.847684 -5.521455 -22.603635 
24.251466 -6.147178 -23.053852 
23.981211 -6.404797 -22.112482 
24.447159 -6.251032 -21.061264 
24.086918 -5.308101 -21.056171 
23.097513 -5.270384 -21.301720 
23.959125 -4.699075 -21.663691 
23.731020 -3.797482 -21.993164 
24.758207 -3.494231 -20.564383 
22.947920 -1.859799 -21.563965 
22.978654 -2.882252 -22.509992 
23.302704 -3.527343 -23.260530 
23.200002 -2.502339 -23.550998 
22.983542 -2.589379 -24.609921 
22.024173 -2.622223 -24.967489 
21.777040 -3.334920 -24.174906 
21.846249 -3.690033 -22.553549 
20.904097 -4.039681 -21.289015 
20.512535 -4.768890 -20.618144 
21.341067 -5.327997 -20.958029 
21.835338 -4.637439 -20.334706 
21.108207 -4.760671 -19.640665 
20.877663 -5.705623 -19.918478 
19.975936 -5.648893 -19.401993 
19.655239 -6.373686 -19.983194 
20.028911 -7.099202 -20.562673 
20.262470 -7.337315 -19.548305 
20.810617 -7.717288 -18.712417 
20.175706 -8.462998 -19.168594 
19.319689 -10.190185 -20.284227 
18.656591 -12.436198 -20.779236 
17.669133 -12.161987 -21.205122 
18.351676 -12.658889 -21.786412 
18.022197 -12.622238 -22.775891 
17.790992 -11.089498 -21.800126 
19.431941 -9.818362 -22.151504 
18.654366 -9.514007 -22.651272 
18.173679 -8.621659 -22.765811 
17.441185 -6.607365 -22.272826 
