-14.929410 19.882273 -21.175168 
-15.085650 18.887156 -21.156370 
-15.531252 18.566641 -21.953976 
-16.344258 18.488149 -22.569445 
-16.179760 19.221542 -23.424132 
-15.091692 19.236705 -23.221973 
-14.725030 20.016076 -23.707351 
-15.449204 20.681780 -23.408044 
-16.073312 20.238433 -22.664265 
-16.898809 19.496698 -22.617204 
-17.334553 19.393642 -23.594903 
-16.989096 18.492279 -23.561932 
-17.790910 17.841770 -23.315367 
-18.710529 17.658779 -22.987964 
-19.000117 17.914683 -22.002928 
-18.146706 17.418388 -21.715862 
-17.914660 16.695158 -20.843896 
-18.133224 17.731595 -20.707900 
-18.173280 18.627987 -20.234249 
-18.685394 19.225065 -19.528826 
-19.128926 18.316441 -19.933895 
-19.651285 18.796259 -20.776799 
-20.504970 19.030009 -20.360579 
-21.565529 19.218435 -20.220603 
-21.341271 18.766286 -19.339359 
-20.252084 18.693567 -19.350837 
-19.652775 19.169483 -18.730904 
-20.022091 19.692406 -17.811648 
-20.386792 20.253733 -16.934332 
-20.547603 21.219214 -17.348583 
-21.250957 22.000951 -16.887668 
-21.907847 21.402267 -16.247164 
-22.600639 21.926109 -15.602506 
-22.841894 20.929707 -15.840347 
-22.056188 20.293243 -16.109784 
-21.594786 19.387529 -15.756256 
-20.783580 19.881281 -15.391486 
-20.932497 20.772546 -15.892972 
-19.910350 20.779361 -15.616298 
-19.126338 20.166955 -15.787428 
-19.639870 20.046083 -14.943975 
-19.996471 19.951204 -14.037224 
-20.351347 19.042604 -13.761304 
-19.818702 18.394768 -13.139103 
-20.686317 18.266901 -12.571664 
-21.605056 18.216943 -13.163441 
-21.200076 17.223677 -13.184783 
-21.872160 16.448978 -13.608458 
-22.614420 16.152120 -12.948748 
-23.210882 17.029848 -12.673276 
-23.165607 17.070989 -13.771051 
-23.250306 16.400863 -14.469690 
-23.696540 15.632027 -14.403313 
-23.504801 15.754932 -15.361742 
-23.238929 15.132354 -16.295562 
-22.265726 14.861971 -15.882635 
-22.897834 14.084071 -16.063336 
-23.338309 14.405408 -15.054189 
-22.647918 13.720156 -14.889202 
-22.150503 12.805337 -14.780680 
-22.618748 11.866382 -14.929423 
-23.441595 11.686953 -15.399648 
-22.874705 12.360661 -15.747895 
-21.882191 12.453292 -15.923682 
-20.866490 12.826880 -15.899565 
-20.422050 12.336433 -16.779998 
-21.180533 12.985101 -17.272906 
-20.588154 12.537086 -18.067664 
-21.325685 12.216883 -18.821889 
-22.269682 12.254415 -18.364008 
-23.009049 12.784415 -18.661194 
-23.610776 12.925678 -17.801225 
-23.043517 13.697933 -17.744994 
-22.429534 14.358458 -18.262843 
-21.541867 14.496018 -18.473543 
-20.025263 15.874578 -17.602280 
-19.322169 15.211160 -18.015367 
-19.899137 14.449609 -18.563479 
-18.827390 14.227215 -18.667522 
-19.665533 13.776077 -19.249404 
-19.534859 13.467998 -18.300058 
-19.485975 12.423939 -18.347804 
-18.766052 12.496870 -19.094608 
-18.959008 12.670627 -20.095494 
-20.141184 13.385688 -20.909378 
-20.581979 12.507876 -20.248492 
-21.279180 13.053816 -19.679445 
-22.233737 12.846676 -20.190347 
-22.659762 11.115967 -19.514975 
-24.579439 10.943933 -20.000684 
-24.018844 9.428542 -19.635931 
-23.479120 7.698810 -19.135253 
-22.771000 8.202301 -19.626505 
-23.472567 8.062341 -20.411268 
-22.697892 8.446223 -20.930085 
-21.846241 7.728484 -21.026745 
-21.924495 8.272563 -21.916563 
-22.110969 8.936747 -22.720634 
-22.223732 9.927529 -22.261797 
-24.838288 9.045452 -20.970317 
-24.345117 10.978834 -23.077530 
-22.294270 11.617654 -20.801140 
-21.761224 13.552464 -22.477027 
-23.562160 16.542780 -20.214101 
-24.367512 16.391664 -19.470748 
-25.220023 16.154548 -18.848896 
-25.099927 15.381202 -18.103382 
-22.184879 16.780841 -18.857173 
-22.522685 19.726888 -16.769894 
-23.399070 18.908929 -16.981414 
-24.607800 18.627723 -17.634199 
-24.210148 17.602646 -17.804224 
-23.870337 16.596291 -16.936297 
-23.109656 16.948780 -16.153242 
-22.571121 17.253926 -17.066513 
-22.520294 17.738509 -15.456068 
-22.241907 16.267406 -15.814828 
-21.873062 15.128223 -17.711904 
-22.362463 14.638132 -17.034061 
-21.137355 15.318672 -16.829107 
-21.337195 17.178024 -16.062132 
-21.500096 18.152755 -15.696572 
-20.832959 18.497829 -15.005391 
-22.579597 19.031368 -14.371664 
-23.624271 18.796802 -13.723437 
-23.111745 18.121620 -13.107856 
-22.604750 19.141875 -13.087400 
-22.745451 19.737753 -12.374500 
-23.379727 20.070898 -12.976915 
-24.208776 19.762852 -12.360908 
-24.874787 19.655384 -10.909890 
-23.519196 19.009043 -10.810581 
-24.487051 18.078063 -11.085991 
-24.681022 18.365903 -12.921559 
-25.621276 17.789852 -13.540920 
-26.567108 16.463059 -13.559479 
-28.031491 16.499632 -14.008719 
-28.234377 14.768812 -14.179499 
-28.400810 14.739547 -14.637703 
-27.515616 14.964987 -15.050729 
-27.004444 14.114725 -16.042825 
-26.813400 13.485965 -17.199018 
-25.929071 13.083859 -16.697263 
-25.008901 12.594121 -16.398351 
-25.417800 12.061106 -17.217379 
-25.098976 12.936187 -17.800443 
-25.256077 13.905819 -17.438674 
-26.006400 14.769338 -16.896428 
-25.382300 16.234594 -16.594848 
-26.426163 16.155705 -16.220883 
-26.038484 17.377076 -15.522845 
-26.167509 16.940364 -14.637351 
-26.132608 15.866654 -14.698997 
-25.278752 15.318613 -14.611001 
-25.030726 16.193392 -14.433967 
-24.545189 17.065345 -14.549566 
-24.722030 17.126983 -15.603484 
-24.590673 16.209798 -15.663851 
-24.579537 15.665892 -16.508662 
-24.938856 14.646373 -16.274497 
-24.576807 14.715320 -17.153458 
-24.029980 14.002211 -16.214183 
-23.737904 12.773201 -16.249972 
-22.727667 12.906580 -17.085645 
-25.894333 9.826246 -17.796797 
-26.772821 7.356367 -19.649036 
-28.228345 5.700798 -19.602141 
-28.578469 4.717061 -19.771287 
-27.819632 4.023343 -19.778987 
-27.396280 4.927278 -20.087017 
-27.051287 5.530220 -20.843180 
-26.213555 5.806547 -20.136324 
-25.848184 5.527208 -19.329257 
-25.836682 6.351688 -18.067350 
-26.084863 5.422500 -18.272631 
-26.225666 5.508991 -17.280044 
-26.884852 6.344544 -17.031487 
-26.811916 6.489843 -18.009077 
-26.777574 5.960796 -18.938144 
-27.851860 6.469217 -18.466710 
-28.000342 8.059770 -18.380643 
-28.716943 8.667261 -18.065839 
-27.988895 8.508469 -17.280634 
-28.071568 8.173452 -16.376489 
-28.499198 8.075948 -15.420810 
-29.669914 7.973693 -15.002724 
-29.042069 9.850398 -13.852187 
-29.197588 10.311330 -14.827348 
-29.329054 11.037483 -15.616559 
-28.609536 10.224287 -15.713615 
-27.985849 11.909719 -16.416100 
-26.677712 11.674555 -17.154867 
-26.190829 11.813079 -16.242896 
-27.075317 12.036700 -15.932787 
-26.836326 8.205017 -15.281804 
