-25.509869 -13.503920 -4.888489 
-26.553810 -13.442063 -4.796989 
-27.065859 -12.943319 -4.101691 
-27.761036 -12.876397 -3.365574 
-27.444629 -12.974160 -2.331005 
-26.494134 -12.789659 -1.991184 
-27.049424 -12.332378 -1.079443 
-27.440207 -11.312711 -1.043873 
-27.738808 -10.979732 -2.002233 
-28.774723 -10.944676 -1.967856 
-28.902458 -11.456306 -2.845498 
-29.832893 -11.354299 -3.289657 
-29.178712 -10.570192 -3.167004 
-28.373604 -10.883200 -3.658913 
-28.687503 -11.817607 -4.075380 
-27.837339 -11.243639 -4.441352 
-28.731956 -10.708177 -4.671431 
-29.519238 -11.334821 -4.314123 
-29.807450 -10.973291 -5.338459 
-29.020908 -11.120407 -6.084529 
-28.919708 -12.083992 -5.984634 
-29.930387 -12.037081 -6.355637 
-30.416304 -12.468625 -5.553117 
-30.952061 -13.154809 -4.802129 
-30.827898 -13.898853 -5.582674 
-30.778964 -13.890968 -6.600485 
-30.885653 -14.880419 -6.235337 
-30.002215 -15.300254 -6.623959 
-29.053559 -15.928999 -6.584324 
-28.485247 -15.866199 -7.518880 
-27.876278 -16.237208 -6.657048 
-26.945499 -15.814986 -6.478715 
-26.172516 -16.500270 -6.713370 
-25.266583 -16.682402 -6.380642 
-25.331237 -17.684058 -6.161573 
-25.430594 -17.558913 -7.142246 
-25.264839 -17.502450 -8.151749 
-25.873008 -17.812914 -8.891663 
-26.330329 -18.510575 -8.158344 
-26.663946 -19.260724 -8.677396 
-27.063201 -18.478996 -9.205086 
-27.392304 -19.257161 -9.660870 
-28.097162 -18.913110 -10.278516 
-28.067153 -17.918065 -10.821307 
-27.941916 -17.830261 -9.738989 
-28.461144 -17.836509 -8.837941 
-28.767055 -16.999391 -8.454276 
-29.147537 -16.388382 -9.382734 
-28.733913 -15.687700 -8.791094 
-28.043411 -16.369491 -9.033210 
-27.958767 -16.748941 -9.949400 
-27.180752 -16.211236 -9.535524 
-26.581280 -16.902946 -9.165049 
-25.992777 -17.180176 -9.865739 
-26.483097 -16.425209 -10.183023 
-26.899672 -17.197985 -10.611098 
-26.994545 -17.776680 -11.579337 
-26.309257 -18.562023 -11.138689 
-26.544371 -19.489866 -10.611303 
-26.138352 -19.939543 -9.610551 
-25.591073 -19.502446 -8.905625 
-25.330025 -18.736939 -8.282652 
-25.640431 -19.455618 -7.556015 
-26.617213 -19.295088 -7.021615 
-26.922710 -19.671326 -6.158881 
-26.781459 -19.020133 -5.361977 
-27.237379 -18.580967 -6.157873 
-28.103594 -18.156131 -5.747515 
-27.876143 -17.165367 -6.049249 
-27.113542 -17.161940 -6.600126 
-26.403843 -18.042538 -6.676834 
-26.843111 -17.566521 -7.513644 
-27.680397 -17.974368 -8.046955 
-27.624487 -16.983324 -7.651679 
-29.333868 -15.430802 -5.162201 
-27.740225 -14.589796 -4.508449 
-28.598235 -15.210178 -4.724646 
-27.751664 -15.734367 -5.083732 
-27.701795 -16.028114 -4.135558 
-27.356275 -16.863688 -3.735569 
-26.501458 -16.332868 -4.093208 
-26.062209 -16.468582 -3.121081 
-25.614668 -15.624596 -3.314806 
-24.868246 -16.410699 -3.119971 
-24.724313 -17.793139 -4.142335 
-25.178110 -17.484201 -4.897610 
-26.085566 -17.355794 -5.364497 
-26.937169 -17.840534 -5.321209 
-28.087384 -19.573858 -3.825647 
-29.005823 -19.201564 -0.608500 
-27.740239 -17.760206 0.792601 
-25.922492 -17.554490 1.588030 
-26.687697 -17.157839 0.946427 
-26.606733 -17.072087 -0.158536 
-25.800508 -17.125798 -0.823275 
-25.831072 -17.526060 -1.753174 
-25.501752 -17.542917 -2.690480 
-25.526950 -18.458005 -3.337920 
-24.832508 -19.105888 -3.776442 
-23.991836 -19.909311 -0.060610 
-26.692530 -19.907866 1.289515 
-28.247584 -19.496982 2.528229 
-26.933609 -15.393699 2.482770 
-27.662132 -14.166512 3.148187 
-27.967913 -13.611731 3.887813 
-28.739477 -14.294314 3.735092 
-29.256265 -15.190257 4.055510 
-29.765639 -11.181470 2.243132 
-30.888027 -9.462276 0.416711 
-29.559356 -10.150282 -0.882842 
-29.273748 -11.332237 -0.769409 
-28.982536 -12.312357 -0.522281 
-28.802147 -12.709722 -1.347967 
-28.497775 -14.213246 -1.302331 
-28.034434 -15.150695 -1.574488 
-28.018694 -16.418865 -0.541495 
-28.918698 -17.711391 -3.084932 
-30.275059 -16.418201 -3.313212 
-29.594045 -16.207923 -2.517448 
-29.591049 -15.950404 -1.776875 
-29.869136 -15.252195 -3.153772 
-30.252914 -14.358165 -2.687383 
-31.202159 -14.013859 -2.975211 
-31.873054 -13.873292 -1.426736 
-30.415283 -13.537699 -0.663955 
-30.708164 -14.455871 -0.484573 
-29.717784 -14.684925 -0.441325 
-29.059617 -14.928316 0.372139 
-29.463220 -14.904496 1.320769 
-28.609926 -16.105626 1.603125 
-29.294088 -12.319508 0.223505 
-30.378149 -9.400906 -3.867816 
-30.967668 -9.193756 -5.523212 
-30.725377 -10.605600 -4.576347 
-31.619409 -10.541721 -4.673130 
-32.720119 -10.089716 -4.754633 
-34.198511 -9.573041 -4.549791 
-32.934370 -10.642718 -3.636074 
-31.058914 -9.745257 -2.208142 
-30.779549 -8.805406 -2.402260 
-30.594736 -8.621994 -1.158677 
-31.367478 -9.067286 -0.304522 
-31.884849 -9.922472 -0.638596 
-32.449385 -9.104269 -0.664618 
-32.999882 -8.906056 -1.465716 
-33.241542 -9.899141 -1.858183 
-33.396438 -10.137370 -2.884599 
-32.413215 -10.664701 -1.888381 
-31.836760 -11.421222 -1.018517 
-32.040829 -12.556853 -0.877434 
-31.003895 -11.686505 -1.369868 
-30.258101 -11.621330 -2.053577 
-31.115704 -11.876338 -2.545446 
-30.939477 -12.593759 -3.436949 
-31.329158 -12.075320 -4.294236 
-30.135215 -12.147799 -4.066261 
-29.126887 -12.485197 -2.856026 
-29.008921 -13.441356 -2.346337 
-28.196270 -14.072075 -2.697616 
-27.541943 -14.857371 -3.109461 
-27.091432 -15.653040 -3.229952 
-27.775935 -16.468094 -2.570637 
-26.605684 -15.648725 -1.880582 
-25.264548 -15.097559 -1.619686 
-24.052109 -15.514183 1.851367 
-26.748546 -11.606492 2.908041 
-27.866204 -10.563855 1.926905 
-28.443438 -11.413325 1.635522 
-27.660694 -10.920614 0.978136 
-26.726550 -11.005441 0.667606 
-25.854383 -10.652913 0.240212 
-26.079864 -9.964805 -0.382898 
-26.730071 -9.840630 -0.058647 
-25.832671 -8.463247 0.495669 
-26.885451 -7.949951 0.612020 
-27.171377 -8.651376 -0.106890 
-27.601988 -8.816646 -0.961137 
-28.032122 -8.001562 -0.651290 
-28.392392 -7.647968 0.300913 
-29.067211 -8.108838 -0.675742 
-28.101212 -8.086528 -1.807876 
-27.044711 -8.097909 -1.779257 
-26.237362 -8.303144 -2.279376 
-26.133171 -9.044424 -1.279092 
-25.403347 -8.889706 -0.548673 
-24.687254 -8.877615 0.637681 
-24.714916 -7.376162 0.349808 
-25.438559 -7.660043 1.051528 
-25.646542 -6.847101 0.301622 
-26.357143 -6.330031 0.723835 
-26.332482 -5.593234 1.677399 
-28.682415 -5.038362 2.880569 
-28.673498 -4.889463 3.870207 
-27.755651 -5.155757 3.802703 
-27.648248 -8.424276 3.443482 
