-13.723399 -18.508934 -5.096704 
-14.683843 -18.204324 -5.109370 
-14.005992 -17.822539 -5.811215 
-12.975077 -17.501445 -6.159006 
-12.316695 -17.321656 -6.818018 
-13.070176 -18.085131 -7.168711 
-12.767569 -19.037742 -7.455229 
-12.104203 -18.876496 -8.219212 
-12.738475 -18.043232 -8.603844 
-13.303982 -17.210255 -8.284671 
-12.304297 -16.979777 -8.131470 
-11.820303 -17.935376 -7.921679 
-10.934234 -17.297624 -7.952179 
-11.160362 -16.750061 -7.140949 
-11.131928 -17.637605 -6.592847 
-11.834538 -18.360720 -6.382903 
-11.491748 -18.953906 -7.200647 
-10.930473 -19.548110 -7.869014 
-10.677559 -19.122349 -8.777698 
-10.237794 -18.714331 -7.931771 
-9.322783 -19.135726 -7.600006 
-9.242411 -18.112713 -7.663738 
-9.407705 -18.067072 -6.615007 
-9.531757 -18.882532 -6.004727 
-10.510493 -18.887635 -5.410913 
-10.872180 -19.728878 -5.563899 
-11.034899 -19.448520 -4.590415 
-11.943303 -19.205518 -4.231763 
-12.899205 -18.968929 -4.698819 
-13.900250 -19.181582 -4.415673 
-14.425967 -19.293687 -5.310802 
-15.049601 -19.399077 -6.172099 
-15.499916 -20.211376 -6.340818 
-14.994108 -20.839079 -7.044056 
-15.235673 -20.793389 -8.162378 
-15.663831 -20.110661 -7.523945 
-16.339367 -20.790883 -7.538320 
-16.702752 -20.227339 -8.313361 
-15.884012 -19.507105 -8.571323 
-15.981362 -18.949398 -7.642663 
-16.052017 -19.522820 -6.719847 
-17.058562 -19.434184 -6.884390 
-18.084914 -19.399130 -6.666887 
-18.458990 -20.146744 -7.384210 
-18.947394 -20.902055 -7.978937 
-18.249040 -21.496480 -7.495676 
-17.547657 -21.034156 -8.235809 
-16.555702 -21.377722 -8.507029 
-16.001298 -22.320106 -8.378683 
-16.004662 -23.221767 -8.993886 
-15.339544 -22.544108 -9.613284 
-15.710187 -21.862000 -10.236838 
-16.419930 -21.735379 -9.389942 
-15.372296 -21.479494 -9.043412 
-14.854198 -21.880916 -8.244241 
-14.377564 -21.298175 -8.989742 
-13.474281 -21.825304 -9.216209 
-13.609407 -20.919035 -9.843709 
-14.289346 -21.741285 -10.427230 
-15.150916 -21.780230 -11.120959 
-14.963112 -21.813537 -12.091854 
-14.524564 -22.458471 -11.511981 
-13.924085 -23.218084 -11.949206 
-14.310160 -23.809029 -11.348280 
-13.940965 -23.772694 -10.294665 
-13.235205 -23.642698 -9.450036 
-13.366366 -23.199329 -8.515643 
-12.689051 -22.913228 -7.765657 
-11.876137 -23.477770 -7.513715 
-12.320679 -23.271410 -6.700964 
-12.262088 -22.279422 -6.288580 
-11.706284 -21.508808 -6.561900 
-11.732660 -20.628614 -7.147925 
-11.821852 -20.281953 -6.196962 
-15.007301 -21.208687 -4.801280 
-18.721284 -21.829923 -4.523414 
-19.094793 -22.072176 -5.459896 
-19.937960 -21.603156 -5.357196 
-20.895504 -21.199564 -5.526639 
-20.665774 -20.989816 -4.499543 
-20.770392 -20.380836 -3.537057 
-20.188526 -19.566756 -3.686583 
-19.284004 -19.642415 -4.290599 
-18.956725 -19.731307 -5.467837 
-17.914186 -20.301469 -6.486469 
-17.762295 -21.265510 -6.679849 
-17.000164 -21.917964 -6.627226 
-16.286981 -21.270721 -6.305242 
-17.376351 -22.407070 -6.780992 
-17.727197 -19.644161 -2.241027 
-15.764410 -19.484671 0.722952 
-13.663737 -20.700376 1.578708 
-13.103932 -21.121972 0.804511 
-13.124881 -22.156635 0.936712 
-12.583021 -21.865422 0.073758 
-12.429790 -20.784445 0.147052 
-13.305671 -20.306509 0.308187 
-12.750439 -19.788611 1.091970 
-13.125267 -19.115943 1.847867 
-11.202179 -21.243018 0.370155 
-14.549591 -22.539405 -1.508609 
-13.799880 -21.592705 -2.789828 
-16.339217 -18.687841 -2.678203 
-20.733031 -16.637273 -1.635675 
-20.233546 -17.205626 -0.793127 
-20.861651 -18.018449 -0.367629 
-20.721131 -17.583949 0.469704 
-17.384760 -19.350476 2.961908 
-15.004996 -23.023268 -0.135505 
-14.580359 -23.101871 0.550203 
-13.975575 -21.620470 0.496113 
-14.032786 -21.954357 1.532302 
-14.002123 -22.875929 1.834351 
-12.488936 -22.809329 2.038617 
-12.616557 -23.043622 1.080333 
-14.421523 -23.176584 2.515488 
-16.548592 -23.190667 4.107396 
-15.697820 -23.456544 5.516129 
-14.678525 -23.917346 5.623156 
-13.643779 -23.350539 3.994615 
-11.950866 -22.665522 4.005934 
-11.243691 -22.005217 4.246254 
-10.547298 -21.728036 3.656824 
-12.319645 -21.896343 3.040035 
-13.388045 -21.625190 3.757778 
-12.514998 -21.165824 3.630071 
-13.296813 -20.442281 3.563081 
-12.514625 -20.128682 2.897373 
-12.047338 -19.881512 3.810928 
-11.810525 -20.383656 5.136216 
-14.648170 -20.481951 5.187636 
-13.433186 -19.023010 3.723998 
-13.037759 -19.404302 5.953615 
-13.373460 -19.107332 6.939125 
-12.869472 -19.955972 8.081473 
-12.975492 -21.123335 8.766177 
-11.772552 -20.931836 9.075036 
-10.687643 -20.199969 8.894768 
-11.886274 -19.778147 7.505730 
-11.549499 -20.236722 6.738760 
-10.418918 -20.706624 6.469832 
-10.043638 -21.833314 6.263493 
-9.274783 -22.033511 6.876523 
-8.550685 -21.450980 7.111616 
-8.145186 -22.201402 6.579250 
-7.862143 -21.200045 6.304524 
-7.473164 -21.328763 7.188653 
-7.475726 -20.603732 8.164216 
-8.747719 -21.204961 8.623256 
-8.268824 -21.659688 9.384920 
-8.395653 -20.847134 10.426283 
-8.772602 -21.674228 11.354388 
-8.201391 -22.604033 11.575508 
-8.032796 -21.734638 12.066060 
-8.486737 -22.070579 12.965047 
-7.987989 -22.654836 13.867684 
-7.078058 -23.026745 14.750660 
-6.299733 -22.320073 14.661505 
-5.734515 -22.159268 15.560401 
-5.679810 -21.283534 15.005769 
-4.989435 -21.794531 14.470080 
-5.892069 -22.401019 13.743279 
-6.141947 -22.842927 12.709801 
-5.099134 -22.965827 12.454182 
-7.061024 -20.848591 9.958974 
-9.303005 -20.330327 9.080576 
-10.052141 -22.018159 12.202885 
-10.364538 -22.934821 12.275295 
-10.742320 -22.316551 13.097847 
-11.246070 -21.940690 12.337471 
-12.060396 -22.445211 12.192052 
-12.394515 -21.582153 12.598500 
-11.959342 -21.688480 14.066277 
-10.626969 -21.284201 13.803844 
-10.664098 -21.046959 12.655083 
-10.866990 -20.964038 11.633811 
-11.230825 -21.870807 11.281542 
-11.906899 -21.136186 11.587081 
-11.793315 -21.235891 10.623524 
-12.520153 -20.146076 9.903056 
-11.990534 -19.103561 9.167968 
-12.341932 -18.559691 8.388270 
-12.125137 -18.212447 7.486311 
-11.234615 -17.763408 7.960892 
-10.652164 -17.475281 7.274092 
-9.594350 -17.400379 5.931876 
-9.138884 -16.655719 4.831340 
-8.815165 -17.376013 4.219724 
-9.288764 -18.126043 3.740880 
-9.054962 -19.150545 3.805447 
-7.204483 -18.983154 4.265284 
-7.671261 -17.462936 5.072161 
-7.493450 -18.407404 4.760552 
-8.257351 -19.099686 5.182407 
-11.144553 -17.280127 5.383039 
