15.287321 -22.015871 8.196497 
15.696952 -21.160755 7.956551 
16.472215 -21.812391 8.432384 
16.217094 -20.887204 8.887839 
16.967781 -20.543780 9.591073 
17.859504 -20.701898 10.273033 
18.077449 -21.657755 10.221499 
18.249767 -22.733914 10.148730 
18.469251 -23.208030 11.023764 
17.517760 -23.119386 11.266050 
16.836328 -22.606917 11.884319 
15.975426 -22.656413 11.274048 
15.762759 -22.559666 12.354521 
15.808302 -23.532420 12.515484 
14.783198 -23.283679 12.119458 
14.872386 -24.289999 12.301356 
14.886495 -24.235543 13.390227 
15.844445 -24.557602 13.082239 
16.214399 -25.296295 12.401380 
15.858242 -25.955916 13.111861 
15.348126 -25.256922 13.617825 
14.866397 -25.142613 12.701893 
14.620030 -26.062570 12.737478 
15.147664 -26.855420 12.283010 
14.678883 -27.121409 11.409757 
14.447064 -26.138284 11.685644 
14.432984 -26.194041 10.690613 
13.488278 -26.069458 10.384281 
12.868976 -26.884055 10.595740 
12.717223 -26.377216 11.544504 
11.744226 -26.480398 11.109625 
12.267979 -25.967172 10.440586 
12.518815 -25.590428 9.511445 
11.510953 -25.511977 9.539930 
10.415336 -26.097528 9.608339 
10.453158 -26.391754 8.651897 
11.255224 -25.847683 8.375981 
11.056653 -25.937388 7.463312 
11.595140 -26.344020 6.597550 
11.356475 -26.282751 5.651137 
11.994160 -25.584498 5.509285 
12.169942 -24.528453 5.333866 
13.026825 -24.768704 4.711180 
12.819925 -23.772248 4.907722 
12.303579 -22.892609 4.937464 
11.500158 -22.824713 5.600985 
10.738494 -23.575858 5.465753 
10.254978 -22.854220 5.880135 
10.791173 -22.290674 6.609909 
10.794002 -23.000081 7.248981 
11.345804 -22.428463 7.819682 
10.788963 -22.919225 8.529003 
11.738218 -23.320962 9.050051 
11.800733 -22.337868 8.793995 
12.357419 -22.599725 7.978123 
13.330756 -22.455663 8.517859 
13.756481 -23.178814 9.136719 
14.562434 -23.458289 8.584182 
14.866747 -24.442048 8.317198 
14.195594 -25.289406 8.043216 
13.826215 -24.908270 8.957213 
13.122872 -25.427146 8.510714 
13.177386 -24.902402 7.610672 
12.959792 -24.241803 6.708746 
12.093262 -24.750745 6.632017 
11.904757 -24.180639 7.539164 
11.018214 -23.861585 7.168991 
11.937758 -23.557340 6.813576 
12.697102 -22.786590 6.766599 
13.557189 -22.441197 7.096716 
12.745671 -21.870356 6.751074 
12.593606 -21.038905 7.426042 
13.500595 -21.167367 6.914269 
14.203373 -21.407418 7.509509 
17.466201 -22.991433 7.061752 
18.672241 -22.021427 8.589858 
18.674410 -21.214828 9.122036 
19.121321 -21.052305 10.049099 
19.252830 -21.923342 9.431826 
19.896833 -21.960848 10.415984 
19.022041 -22.311897 10.739563 
18.236480 -21.952950 11.325633 
19.123713 -21.514231 11.736160 
20.373988 -21.492380 11.712755 
19.722653 -20.407839 11.061283 
19.919288 -20.157497 10.114558 
18.792285 -19.967501 10.243751 
17.898154 -19.907626 10.757432 
15.961666 -19.318015 10.782632 
15.045600 -18.510721 8.028331 
16.314080 -19.248958 7.197392 
15.384900 -20.532935 6.371688 
16.287939 -20.872427 6.369517 
16.260472 -21.534885 5.721737 
16.921093 -21.275334 5.021097 
17.341656 -21.041108 5.917760 
17.978191 -20.749764 4.914592 
18.557081 -20.440453 5.755355 
18.375945 -20.356546 6.736231 
20.075262 -19.703785 7.363332 
17.495701 -20.992861 11.348750 
17.548054 -21.282563 8.864030 
17.650213 -22.989117 4.949058 
13.400900 -24.890424 5.939449 
14.084575 -24.564110 6.750499 
13.937527 -23.557091 6.991380 
13.662816 -23.208894 7.924348 
12.831931 -24.536718 10.959350 
9.508904 -25.631208 10.824579 
8.903671 -24.430593 10.237392 
9.060978 -24.677664 8.788825 
8.398252 -24.329430 8.092185 
7.403867 -23.990659 7.555317 
7.787326 -24.132387 6.096345 
6.849021 -24.225482 5.723260 
5.560534 -24.880903 6.025940 
5.049976 -23.856403 7.324721 
4.616900 -23.799013 10.012121 
4.271862 -22.921351 10.585620 
5.412228 -22.226728 10.478203 
6.037015 -22.510672 11.948479 
6.934289 -22.406705 12.442214 
7.695022 -23.075344 12.150945 
8.573971 -23.014994 12.613766 
8.838901 -22.559977 13.442700 
9.813076 -22.510422 12.977539 
10.467119 -23.027824 12.590201 
11.418107 -23.172688 12.933766 
11.177231 -22.153297 13.125021 
11.709267 -23.330054 13.862586 
12.173078 -26.128395 16.421453 
10.449657 -24.708172 19.833314 
9.649626 -23.191413 20.860752 
8.222591 -23.911802 20.533006 
7.060573 -23.342427 21.748472 
6.553858 -22.377003 23.059145 
6.704751 -22.600336 24.819735 
5.258101 -21.933383 24.854359 
5.505718 -23.114932 24.634641 
5.055914 -23.080692 23.762233 
4.446813 -22.163674 23.846488 
3.572877 -21.820302 23.679797 
3.552241 -21.833046 22.534755 
4.219102 -22.638415 22.442405 
4.913392 -22.015161 22.702501 
5.320122 -22.671917 22.033100 
5.773403 -23.609648 22.048999 
6.351252 -23.947947 23.328737 
7.565403 -24.324071 23.886821 
7.349390 -24.605514 22.979514 
5.989234 -24.810214 23.151536 
4.978685 -24.050945 22.639971 
5.435327 -24.791055 22.109350 
5.365208 -24.430690 21.193659 
4.999306 -25.240322 20.843824 
4.550993 -25.342754 21.893614 
4.388332 -23.924041 21.594717 
3.409577 -23.781386 21.195459 
3.157007 -24.536160 20.599745 
3.054214 -23.767970 19.868754 
3.928804 -23.254723 19.255171 
2.345011 -22.815521 18.951130 
1.095458 -23.182850 18.884755 
1.601927 -24.490060 18.709902 
3.700564 -26.857759 16.928469 
5.349379 -28.271376 12.339861 
3.098615 -27.854115 12.753571 
3.947739 -27.229645 12.548144 
4.402064 -27.672248 13.287789 
3.851992 -28.329068 13.838019 
3.976187 -28.057573 14.881176 
3.268090 -27.349704 14.542798 
4.413899 -26.923472 15.656028 
4.315616 -26.114857 17.064161 
3.440773 -25.440266 17.184606 
4.323638 -25.413808 17.879475 
4.791628 -25.767026 18.703084 
5.102975 -26.667180 18.975226 
6.056944 -27.287829 19.043754 
7.042205 -27.934931 19.255139 
8.220659 -28.020364 18.900626 
8.982722 -28.413478 19.339346 
8.609428 -28.645098 20.372792 
8.317838 -27.638456 20.491062 
8.689687 -26.584300 20.613067 
8.282228 -26.093181 19.546270 
7.356636 -27.526606 18.395619 
7.671245 -26.763372 17.751214 
8.768038 -26.508433 17.987380 
9.042603 -26.851175 17.117208 
8.718261 -27.686176 16.266177 
6.820628 -27.155892 17.056455 
6.395756 -27.245940 18.034012 
5.408912 -27.478236 17.849146 
3.309594 -26.666743 20.424232 
