-0.156568 -22.804900 16.003513 
-0.650177 -22.052326 15.613924 
0.310153 -21.755783 15.965075 
-0.357780 -21.815944 16.711001 
-1.291036 -21.586280 16.853099 
-2.190861 -21.263097 17.240031 
-1.824731 -22.005507 17.911611 
-2.834483 -22.041444 18.030935 
-3.084823 -22.715446 17.203139 
-3.483425 -22.647968 16.247618 
-4.287750 -23.076952 15.676535 
-4.430822 -23.953619 15.174043 
-4.736498 -23.268713 14.324040 
-5.203053 -22.392998 13.930515 
-5.903431 -23.161278 14.080101 
-6.277654 -23.560813 14.985192 
-7.082798 -23.804075 14.323498 
-7.245529 -24.430223 13.606835 
-6.502137 -24.045499 12.850286 
-6.027783 -23.786643 11.942240 
-5.727456 -24.026143 10.944211 
-6.350354 -23.682640 10.168945 
-5.864779 -24.155004 9.428827 
-5.354144 -25.007878 9.275478 
-4.597658 -25.014554 8.555690 
-4.268889 -24.668559 9.489097 
-3.163738 -24.683939 9.753971 
-2.687005 -24.037628 9.146977 
-3.316399 -24.250954 8.328364 
-3.698129 -23.337066 8.742812 
-4.628452 -23.221931 8.313820 
-5.089980 -23.653820 7.556621 
-5.544021 -24.538387 7.917906 
-6.215799 -24.922092 7.399418 
-5.455727 -25.153344 6.687535 
-4.601008 -25.699817 6.632183 
-3.751526 -25.444433 6.983607 
-3.924556 -24.832998 7.850521 
-3.693279 -25.802833 8.331623 
-3.082527 -26.107079 7.618742 
-2.461543 -25.491264 7.229564 
-2.753828 -25.618822 6.188247 
-1.711669 -25.566932 6.132460 
-2.339781 -26.020679 5.313640 
-2.373629 -25.675804 4.382123 
-2.742663 -26.526578 3.858277 
-2.822784 -27.528109 3.331343 
-1.819705 -27.108288 3.290033 
-1.699769 -27.723619 4.079062 
-1.492811 -26.823363 4.532699 
-1.245998 -25.927248 5.075433 
-0.259594 -25.410646 5.305895 
-0.014880 -26.325541 5.842704 
0.632151 -27.231519 6.123709 
0.863006 -26.312461 6.558687 
0.794124 -25.590227 5.805109 
0.520691 -25.066232 6.645246 
-0.472554 -25.162256 6.993575 
0.420909 -24.767583 7.603526 
1.060423 -24.963472 8.435122 
1.687714 -24.321916 9.014859 
2.693877 -24.663442 9.229540 
3.727334 -24.834115 9.273550 
3.846614 -25.036696 10.282807 
3.380042 -24.167753 10.044764 
3.843820 -24.101925 11.074773 
2.808225 -23.926027 10.877732 
3.287105 -22.985040 11.022191 
2.638042 -23.173260 10.211672 
1.913950 -23.996003 9.951369 
2.425886 -24.817271 10.267842 
2.761215 -25.717796 9.929989 
1.724964 -25.763466 9.737313 
0.826655 -25.887625 9.276268 
-2.080305 -26.072759 9.633132 
-4.117192 -26.208802 9.410537 
-4.902702 -26.388707 10.179800 
-5.648059 -25.891006 9.892693 
-5.607475 -25.458252 10.870358 
-5.209112 -24.973725 11.678870 
-4.767798 -24.256776 12.312461 
-5.195588 -23.290000 11.942164 
-4.982218 -23.146569 12.836135 
-4.380340 -21.581451 12.614283 
-4.979290 -21.241132 11.328991 
-4.194475 -21.853255 11.105403 
-3.508825 -22.498347 11.293880 
-4.115065 -23.079035 10.699713 
-2.983331 -24.586853 11.343052 
-3.406380 -24.032401 12.557195 
-4.435396 -26.716438 12.951855 
-4.987490 -28.122724 15.060470 
-5.566124 -29.025363 14.977219 
-5.751729 -28.257954 15.734300 
-5.055723 -29.017934 15.780576 
-5.735202 -29.173123 16.457822 
-4.899996 -28.792892 16.864650 
-4.888382 -29.886538 16.551753 
-4.553531 -30.387019 15.748940 
-3.029786 -28.466175 11.887846 
-1.266811 -28.672266 5.038136 
-0.253961 -30.131981 2.781520 
-3.008236 -27.509907 2.172743 
-5.845039 -25.696461 4.662561 
-6.093303 -25.728287 5.640177 
-5.006373 -25.443955 5.792814 
-4.775771 -25.454298 4.838967 
-4.646997 -27.035839 6.117120 
-6.504148 -27.929930 6.145591 
-7.681733 -28.354582 5.926568 
-6.809270 -28.136841 5.251194 
-6.327319 -27.437803 4.848607 
-5.666524 -26.925337 5.382314 
-5.311652 -27.833582 5.092989 
-4.345572 -28.070614 5.392986 
-3.339642 -28.967446 5.051379 
-2.776909 -30.835743 5.041443 
-3.777187 -31.458630 3.315131 
-2.779782 -30.862829 3.062061 
-3.780997 -29.925966 3.173951 
-4.743143 -28.668386 3.463929 
-4.698762 -29.208602 2.407424 
-5.593666 -29.180867 2.860196 
-6.001908 -30.719884 3.484793 
-4.797769 -31.570308 3.309423 
-4.436110 -31.452844 4.330388 
-4.162994 -30.981454 5.235394 
-3.993947 -30.223786 5.881770 
-4.894856 -30.564985 5.908583 
-5.634355 -29.230180 4.591741 
-8.135871 -28.006863 6.237963 
-3.961246 -27.043271 8.135084 
-2.564044 -27.525964 6.368454 
-2.233408 -27.589435 5.268571 
-3.223925 -29.143787 4.518867 
-3.478341 -28.435378 3.081569 
-4.038787 -28.167881 1.445638 
-4.543489 -29.699664 0.858164 
-5.638124 -30.415779 0.491660 
-5.088947 -31.288425 0.416748 
-4.829038 -31.469421 1.824329 
-5.887631 -31.112658 2.514484 
-6.779779 -30.717411 2.066495 
-7.069557 -31.556930 2.501796 
-7.228990 -30.593745 3.149798 
-7.650131 -31.000856 3.967101 
-6.897079 -30.406503 4.422493 
-7.292160 -30.434928 5.231010 
-6.322666 -29.990517 5.447332 
-6.999649 -30.163082 6.271851 
-7.378415 -30.325867 7.159677 
-6.357723 -30.608302 7.346176 
-6.375896 -30.035278 8.224764 
-6.166714 -29.231119 7.679941 
-6.795297 -29.057946 8.465676 
-5.993687 -28.177927 9.315893 
-6.074655 -26.832593 9.240620 
-6.082998 -26.705865 10.177028 
-6.283314 -27.353266 11.006668 
-5.667688 -27.031763 11.736313 
-4.906997 -27.319284 11.131352 
-5.017239 -28.385061 10.765240 
-6.150052 -29.155396 10.736007 
-6.587568 -30.209868 10.868864 
-3.896499 -31.199461 10.411050 
-5.154309 -29.682460 11.186810 
-6.038934 -29.736135 13.152142 
-5.654339 -29.077320 12.287644 
-6.103040 -28.067641 12.105662 
-5.532590 -27.402895 12.752819 
-6.391734 -26.863096 12.554140 
-6.503816 -26.382172 11.720651 
-6.841079 -25.526045 10.316010 
-7.734349 -26.037601 10.037206 
-7.611004 -27.056207 10.261465 
-7.230815 -27.084114 11.366039 
-7.500629 -27.621245 12.254099 
-8.221941 -27.189935 12.749107 
-8.343568 -26.755564 11.715402 
-7.794335 -26.033071 12.373630 
-8.843826 -25.596353 12.970450 
-9.415729 -25.860987 12.145028 
-9.781202 -24.737359 12.046908 
-9.775776 -25.476297 11.297368 
-10.363891 -26.028635 10.607602 
-10.994817 -26.100310 12.324487 
-9.330328 -26.537538 13.250214 
-8.518703 -26.159771 13.851402 
-8.142391 -27.181326 14.039861 
-8.425405 -28.225486 14.261672 
-6.984416 -27.723548 13.921604 
-6.817961 -29.247756 14.741032 
-7.679014 -28.853413 14.879521 
-7.759419 -27.767545 14.904454 
-9.440088 -25.333114 18.068354 
