5.556662 -32.649617 -7.784244 
4.918541 -33.343231 -8.072028 
4.486967 -32.481154 -7.601872 
3.730729 -33.082588 -7.313256 
3.216265 -32.177016 -7.297286 
3.783067 -31.694882 -8.139495 
3.409771 -32.626048 -8.663170 
2.879394 -33.469709 -8.096617 
2.237361 -33.993983 -7.511387 
1.853994 -33.073794 -7.322243 
2.421443 -32.765356 -6.579231 
1.375717 -32.630010 -6.539383 
0.943839 -33.279898 -5.926824 
0.973537 -32.934588 -4.973405 
1.414806 -32.028367 -4.922921 
1.268617 -31.186472 -5.431993 
0.741129 -31.175259 -6.378733 
0.099238 -31.652958 -5.666012 
0.450535 -31.806729 -4.641460 
0.848664 -32.437702 -3.926858 
1.228131 -32.221633 -3.056127 
2.044668 -31.597300 -3.184949 
1.102634 -31.135298 -3.014107 
0.240395 -31.649108 -3.344067 
-0.212803 -32.553532 -3.210359 
0.056495 -33.470339 -3.401906 
-0.800701 -33.673815 -2.723498 
-0.649437 -34.197298 -3.583476 
-1.667916 -33.763320 -3.566701 
-1.899259 -34.743049 -3.051953 
-2.718129 -34.153600 -3.179794 
-3.555052 -34.009173 -3.841035 
-3.189049 -33.062088 -3.676819 
-3.789484 -33.160547 -2.870951 
-4.334171 -33.489173 -1.922276 
-4.548390 -32.455672 -1.847408 
-5.308394 -32.935544 -2.507652 
-4.846499 -32.206323 -2.856429 
-3.759647 -32.127817 -2.569583 
-4.002090 -31.860140 -3.506487 
-3.481306 -31.527722 -4.334781 
-4.302248 -31.267632 -5.006583 
-4.663231 -30.177708 -5.271220 
-4.294566 -29.733606 -6.031652 
-3.338909 -29.890260 -6.093069 
-3.232966 -30.883505 -6.286464 
-3.316561 -30.627386 -5.322920 
-2.619794 -30.358963 -4.597794 
-1.703603 -30.398448 -4.190234 
-0.850307 -29.880013 -3.594515 
-0.278586 -30.500375 -4.269379 
0.584688 -30.755171 -4.659805 
1.270388 -30.026190 -4.886605 
1.823716 -29.528292 -4.204563 
2.093723 -30.548790 -4.374637 
3.065197 -30.260516 -4.175132 
3.571662 -29.609283 -4.885883 
3.271310 -28.903933 -5.627365 
2.156139 -28.947172 -5.544990 
2.668523 -28.344079 -6.239977 
2.521477 -29.410908 -6.338688 
1.784824 -29.906040 -7.040704 
1.220488 -29.138974 -7.535574 
0.960075 -30.075457 -7.922017 
0.523896 -30.960306 -7.606660 
0.911555 -31.845114 -7.223477 
1.714796 -31.350875 -7.586583 
1.762039 -31.310637 -6.547057 
2.814907 -31.266966 -6.860533 
3.814166 -31.139595 -6.403818 
3.653665 -30.375464 -5.669777 
3.135514 -30.123408 -6.751288 
2.378002 -30.362910 -7.615734 
3.332219 -30.713287 -7.772932 
4.786831 -29.934670 -5.266629 
5.055207 -31.140356 -1.921970 
5.506753 -30.552457 -2.680335 
6.511707 -30.424765 -2.449666 
7.699684 -30.273367 -2.418342 
7.801819 -31.092775 -1.791537 
8.766540 -30.666650 -1.718263 
8.588186 -29.676813 -1.389798 
8.462782 -30.079525 -0.474381 
9.931891 -30.262651 -0.208818 
9.884430 -30.787726 -1.525924 
10.346399 -31.192903 -2.411743 
9.917956 -30.566257 -3.026211 
10.105617 -29.570055 -2.552777 
9.672488 -27.870904 -2.316118 
7.712501 -27.618828 -1.969774 
6.427587 -29.152352 -2.988454 
5.961118 -29.681244 -3.274247 
5.269723 -29.367424 -3.843322 
5.831705 -29.093655 -4.626537 
5.371491 -28.232431 -4.266122 
6.016123 -27.444199 -3.780389 
5.457362 -27.201549 -2.941579 
6.208188 -27.484193 -2.226903 
6.530868 -26.770552 -3.024161 
7.039442 -25.324624 -1.540991 
6.323249 -26.781389 0.647040 
7.346701 -26.936450 1.740613 
6.898269 -26.787146 3.633424 
5.468621 -24.341130 1.773912 
5.104856 -24.620675 0.873065 
5.563060 -25.107652 -0.025159 
6.215991 -25.339568 0.826249 
5.507841 -24.576527 -0.840919 
3.804165 -26.837801 -2.481364 
2.728788 -27.814518 -2.208410 
1.332762 -28.515352 -2.306906 
0.900821 -29.105216 -1.529206 
1.223369 -29.327927 -0.357561 
1.721017 -30.257536 -0.909412 
2.482902 -29.946626 -1.367037 
3.084654 -31.024468 -2.417539 
3.565683 -28.601139 -3.617971 
2.542648 -28.334149 -4.643224 
2.119860 -27.690260 -3.958402 
2.577527 -27.100767 -3.201979 
3.447775 -26.338032 -4.237322 
3.481084 -25.412464 -3.724498 
2.863963 -25.266792 -2.963938 
2.782265 -26.094797 -1.640852 
3.813507 -26.719406 -0.573400 
4.619624 -26.728622 0.003814 
4.737348 -26.080808 0.795735 
5.389653 -25.968624 1.533932 
5.772599 -26.457243 2.316193 
5.224045 -28.100904 2.902471 
4.033359 -26.705182 3.362303 
5.248168 -26.267112 4.417821 
4.296255 -25.172341 4.628696 
3.726887 -24.045457 4.672331 
4.859388 -22.848636 4.470966 
5.044557 -23.897208 3.422681 
5.279720 -23.755155 2.633702 
3.970874 -23.218854 1.296557 
4.239401 -23.665556 -0.618842 
4.277123 -23.344136 -1.622501 
4.441784 -23.668587 -2.627625 
4.696853 -23.330667 -3.765629 
5.448765 -23.944305 -3.651495 
5.774515 -24.111883 -4.593215 
6.741867 -23.922473 -4.396532 
7.367186 -24.643728 -4.089655 
8.192912 -25.110686 -3.891485 
9.275883 -24.977274 -4.140716 
10.259543 -23.901619 -4.551481 
9.782639 -24.618352 -5.058716 
9.596597 -26.077050 -4.938446 
9.259417 -27.450473 -5.260771 
9.684385 -27.630454 -4.354592 
10.493455 -27.285002 -3.899171 
10.484012 -26.899234 -4.882485 
11.309521 -27.797254 -4.717878 
12.580773 -28.160411 -4.213060 
13.526729 -27.882224 -4.314829 
13.734835 -26.934119 -4.810547 
14.218858 -26.320882 -5.564464 
14.530637 -26.538065 -6.426034 
13.534969 -27.058938 -6.366712 
12.785285 -26.141778 -5.354450 
12.354957 -25.113464 -4.341020 
12.157095 -24.095214 -1.101205 
14.601211 -20.595572 3.048148 
16.296918 -20.422825 4.585195 
17.136805 -20.424646 3.926846 
18.141610 -20.596430 3.609178 
19.149328 -20.467895 3.300756 
20.117806 -20.837506 3.586349 
20.476782 -21.665274 4.076025 
19.478317 -21.059374 5.102803 
18.750407 -19.627622 5.066617 
18.088672 -19.095327 5.645850 
17.157612 -18.926157 5.384015 
16.187854 -19.502148 5.849095 
15.630592 -18.718698 6.193846 
16.278536 -18.428243 5.380985 
17.043082 -17.559752 5.611929 
17.655604 -17.968125 4.911838 
18.500400 -17.487423 5.210127 
17.542690 -17.043018 4.816491 
18.233845 -17.033615 4.040370 
19.202542 -17.449007 3.815891 
20.255994 -16.487314 4.901240 
19.517005 -17.171205 5.847097 
18.784239 -16.478901 5.627829 
18.292514 -15.660351 6.100597 
17.914478 -15.745405 7.066162 
16.186473 -16.940128 8.013876 
13.772633 -17.353323 9.132893 
13.346700 -18.290892 8.906198 
12.410011 -18.340810 9.130366 
11.898685 -20.345670 9.242185 
