-28.687929 -9.650767 4.107197 
-28.987668 -10.185559 3.217067 
-29.488812 -10.961678 3.528853 
-30.173313 -11.090874 2.908354 
-30.881624 -11.689668 2.482904 
-29.947313 -12.079362 2.808333 
-29.861509 -11.927751 3.874688 
-30.343403 -12.157645 4.745813 
-31.105895 -12.308625 5.442760 
-31.634880 -11.480120 5.786154 
-32.274003 -11.060289 6.440229 
-32.412359 -10.729453 5.539526 
-32.634511 -11.825088 5.674775 
-32.875865 -12.724062 5.587388 
-31.876866 -12.832669 5.924874 
-31.997991 -13.725676 6.571533 
-31.371465 -13.142690 7.132819 
-30.360323 -13.422139 7.311664 
-29.327154 -13.247457 7.346190 
-29.826774 -12.749313 6.507001 
-29.108678 -12.841524 5.839558 
-30.028088 -13.236785 5.608142 
-29.769550 -13.713043 6.430362 
-30.640464 -14.477558 6.488222 
-30.980077 -15.482564 6.300528 
-31.896383 -15.099882 5.852148 
-31.528841 -15.171087 4.909424 
-31.053332 -15.610327 4.051185 
-30.803768 -16.389700 4.664582 
-29.954268 -16.394478 3.992314 
-28.904592 -16.306543 3.570243 
-27.893098 -16.380808 3.519520 
-27.265720 -16.472304 4.386119 
-26.437498 -15.819613 4.365928 
-26.698564 -16.128393 3.441912 
-27.314369 -16.039885 2.664290 
-27.722129 -15.318770 3.229578 
-28.422373 -15.004102 3.909920 
-28.791049 -15.708323 4.498752 
-28.266197 -15.217702 5.292955 
-27.613657 -15.673995 5.948562 
-26.858489 -16.299387 5.590020 
-27.802895 -16.609247 5.378097 
-27.119966 -17.240160 5.004960 
-27.446100 -18.011360 4.413119 
-28.522697 -17.945696 4.432827 
-29.265390 -18.238085 3.807161 
-28.478755 -17.649018 3.563537 
-29.466546 -17.455606 3.298627 
-30.528525 -17.515852 3.703386 
-30.464914 -16.662055 3.169771 
-31.051751 -16.303920 2.547324 
-31.635609 -15.566194 1.840480 
-32.140194 -15.024094 2.624463 
-31.260522 -15.038618 2.995750 
-30.319167 -14.606805 3.183336 
-30.267228 -14.979575 4.128406 
-30.351348 -14.991149 5.234815 
-30.897705 -14.263709 4.697990 
-31.582988 -14.482290 3.952831 
-31.604302 -13.526656 4.361733 
-30.948595 -12.842299 3.795327 
-31.978928 -12.495460 3.778623 
-32.054486 -11.484074 3.891379 
-33.061659 -11.198419 3.550241 
-33.403595 -10.900440 2.649391 
-32.559056 -10.455577 2.118167 
-32.583100 -9.519285 1.838368 
-31.695630 -9.110629 1.973772 
-31.246128 -9.867249 2.526312 
-30.809666 -9.420506 3.306548 
-30.548730 -8.753098 2.672110 
-29.460887 -8.928405 2.430660 
-28.824750 -8.168915 2.540947 
-28.904517 -6.451098 2.949483 
-30.611542 -6.418007 3.400595 
-30.110190 -6.036597 4.224790 
-29.892988 -7.004953 4.359760 
-29.109672 -6.290160 4.196151 
-28.208906 -6.255884 4.788310 
-27.173345 -6.663438 4.893356 
-26.277665 -6.314449 4.656245 
-26.904409 -5.556428 4.846308 
-27.384741 -4.659535 5.480418 
-27.581574 -4.879544 4.503559 
-27.498698 -4.171235 3.867188 
-26.551976 -4.032018 4.110920 
-26.659923 -4.468409 4.971481 
-27.586831 -2.750955 5.037442 
-29.683072 -3.675340 5.957885 
-30.787182 -3.544188 6.476826 
-32.445242 -2.738410 5.663338 
-32.453239 -1.838797 5.231981 
-32.476033 -2.189338 4.448416 
-31.421163 -2.243104 4.374950 
-30.365134 -2.159725 4.212002 
-30.759454 -2.295572 3.117136 
-30.034184 -2.880222 2.629156 
-31.029675 -3.128118 2.552333 
-28.830807 -6.507432 5.098160 
-24.913678 -6.341956 5.416704 
-22.918144 -7.261574 4.750719 
-24.279954 -4.693109 5.033366 
-28.211283 -1.007527 4.102889 
-28.175351 -0.173029 3.574680 
-28.324611 0.738754 3.086231 
-27.269646 0.763821 3.493703 
-28.866823 1.688336 2.573149 
-32.322427 1.392654 3.880157 
-32.300912 -0.333652 3.372880 
-32.926637 -2.294203 2.640890 
-31.928665 -2.611145 2.865320 
-31.639043 -1.833826 2.276380 
-31.736795 -1.687339 1.281433 
-30.528012 -1.396517 1.453797 
-29.414275 -0.149966 1.140658 
-30.201656 -0.162157 0.051936 
-30.904614 -1.002795 0.300120 
-29.641145 -1.667503 0.638316 
-29.640382 -2.698870 0.559023 
-30.522088 -3.065878 0.082041 
-30.918491 -3.659098 0.922578 
-31.420906 -3.713254 1.766279 
-32.606496 -4.515576 2.355712 
-32.613831 -5.945414 3.085868 
-32.649880 -6.324658 2.085552 
-31.884301 -5.656596 2.013623 
-31.727947 -6.589690 1.439922 
-31.077430 -5.948871 0.995635 
-30.045260 -5.094740 0.965741 
-29.336248 -2.296120 -2.310323 
-28.493100 1.293181 -3.128212 
-30.375300 1.368834 -2.000567 
-29.445609 0.200019 -1.263273 
-26.980079 -0.860365 -0.575989 
-27.292281 -1.325576 -1.693158 
-27.712469 -3.381145 -1.178185 
-28.193427 -3.175425 -0.067285 
-28.109117 -2.433976 0.486349 
-27.683737 -3.022601 1.148572 
-26.899271 -2.502866 1.522498 
-26.201329 -2.630593 2.264945 
-26.447777 -1.972268 2.959418 
-27.312836 -2.514140 3.085040 
-26.978677 -3.345261 2.465134 
-27.651603 -3.932683 1.875084 
-27.814866 -4.044624 0.915790 
-27.616514 -5.005750 0.796982 
-26.908958 -4.589957 1.993958 
-25.916778 -4.213887 2.224864 
-25.392249 -3.474638 1.505506 
-24.226260 -4.411131 1.674105 
-25.090259 -4.846005 1.206081 
-25.999268 -4.457422 0.692349 
-26.577820 -5.176960 1.079764 
-26.575615 -5.602595 2.371450 
-28.399187 -5.252977 2.212299 
-28.669491 -5.109257 3.107634 
-28.640250 -4.300783 2.368747 
-28.553571 -3.288836 2.156613 
-28.832039 -2.392453 2.728948 
-28.372456 -1.544422 2.785471 
-28.752490 -0.673985 2.086253 
-27.414225 -1.070478 0.830243 
-24.413908 0.661960 3.710925 
-24.660477 2.006544 5.020226 
-24.352344 3.103562 5.514976 
-24.021375 3.632666 4.609130 
-23.935841 4.263022 3.838335 
-23.119574 4.117260 4.335195 
-22.463446 4.314855 3.585586 
-23.029443 4.827438 2.865725 
-23.627376 4.617465 1.950773 
-24.326307 5.373162 1.659295 
-23.530337 5.719537 2.188852 
-24.312298 5.512191 2.721724 
-23.671858 6.262903 3.012563 
-23.913595 5.459422 3.650358 
-23.635729 5.703225 4.614183 
-22.633610 5.594890 4.449741 
-22.249962 5.743918 3.468830 
-22.190026 6.034623 2.468861 
-21.324841 6.537418 2.293361 
-22.028652 7.173722 2.693674 
-22.631261 6.914907 3.546037 
-23.018176 8.547057 4.537185 
-22.298151 9.822779 4.947746 
-22.088036 10.942148 4.521847 
-21.494022 11.707500 4.172342 
-22.392687 11.448742 3.662377 
-23.439643 11.933906 4.582842 
-24.802710 12.553578 3.939757 
-25.401722 13.413541 4.100355 
-26.635433 13.146983 3.700090 
-26.845897 10.254401 2.894335 
