-8.779973 -11.810603 26.231501 
-9.605613 -12.254912 25.919827 
-9.307884 -13.166963 25.735699 
-8.688414 -12.675023 25.004607 
-8.727120 -12.516438 23.973964 
-9.752001 -12.267378 23.972241 
-9.360952 -11.886179 24.922151 
-9.141148 -10.894927 25.141821 
-9.196444 -10.114748 25.700037 
-10.129546 -9.460041 25.796135 
-11.069958 -9.338134 25.641486 
-10.977255 -8.408294 25.924574 
-11.738776 -8.894736 26.299717 
-12.383100 -8.985710 25.408427 
-12.704936 -9.139778 24.458497 
-11.908771 -9.753465 24.767924 
-10.920975 -9.970826 24.843645 
-10.227981 -10.877783 24.753302 
-10.344450 -11.677567 25.473238 
-11.294015 -11.205781 25.416099 
-12.234186 -11.304906 25.045928 
-12.748058 -11.011365 25.807464 
-13.418262 -10.748118 26.695418 
-12.581986 -11.336757 26.818027 
-11.803680 -11.171143 26.274431 
-10.830177 -11.463785 26.333152 
-10.530861 -10.532687 26.106374 
-9.650691 -11.009471 26.214094 
-9.720608 -11.708604 27.039899 
-9.162967 -11.455524 27.838212 
-9.069625 -11.250524 28.816424 
-8.851214 -10.548001 28.138586 
-8.360699 -10.111695 28.931023 
-7.600450 -9.341229 28.721659 
-7.894853 -9.253684 29.741129 
-7.901198 -8.307925 29.590127 
-6.846761 -7.920099 29.386664 
-7.370485 -6.972836 29.461175 
-8.040375 -6.382244 30.167971 
-7.198352 -6.887856 30.472112 
-6.363815 -6.714005 29.812390 
-6.256052 -5.788731 29.816907 
-6.847270 -5.039375 30.413739 
-6.730882 -4.153764 29.800175 
-5.766571 -4.767370 29.677335 
-4.654953 -5.000572 29.346930 
-4.453502 -4.229272 28.751300 
-3.808508 -4.739866 28.145986 
-4.795503 -4.875343 27.723255 
-4.759133 -4.046334 27.035129 
-3.853147 -4.616366 27.078466 
-4.414032 -4.389442 26.226761 
-4.622874 -5.461925 26.455193 
-4.600572 -6.474376 26.517948 
-3.627758 -6.565432 26.481837 
-2.875407 -7.125254 25.903232 
-3.032467 -8.100931 25.654044 
-4.007825 -7.751511 25.762224 
-4.112779 -6.622544 25.562371 
-3.513410 -6.316705 24.784571 
-3.254928 -6.770291 23.912153 
-2.950928 -7.141907 24.822904 
-2.707942 -8.233250 24.439751 
-2.699685 -8.755842 23.536128 
-2.000701 -9.322761 22.902839 
-1.167679 -9.777890 22.761126 
-0.407190 -9.216153 23.110847 
0.264291 -8.986051 23.764854 
-0.475074 -8.232973 24.025664 
-0.532007 -7.629181 23.162312 
-0.831170 -6.851194 23.767430 
-1.068909 -5.733639 24.190308 
-1.694896 -6.127823 23.518625 
-1.945772 -7.196142 23.844052 
-1.391910 -5.700669 21.571061 
-0.405635 -6.711075 20.347488 
0.360861 -7.446587 20.115270 
-0.359640 -7.519654 20.844831 
-0.707240 -8.419802 20.934179 
-1.286764 -9.050163 20.377210 
-1.045998 -10.017820 20.466165 
-1.906643 -9.888688 19.894056 
-2.755491 -10.432483 19.834796 
-3.543434 -10.316635 20.541456 
-2.441005 -9.318659 21.368716 
-1.441338 -9.425948 21.355085 
-0.422868 -9.197566 21.474694 
0.371152 -9.008553 22.189714 
2.134631 -6.927046 24.540614 
4.612398 -7.121763 25.854734 
6.262346 -5.940060 27.797851 
7.531104 -5.453617 29.545346 
7.333695 -4.711910 28.717898 
8.315931 -4.814261 29.268898 
7.904004 -3.906810 28.939419 
8.494912 -3.535755 28.309075 
8.800573 -3.290948 29.183387 
8.984947 -2.428881 28.808179 
9.301219 -1.502982 28.446265 
7.698346 -2.196636 30.747689 
6.599374 -1.945667 32.431483 
5.210911 -1.895496 31.937295 
3.690155 -2.033345 30.921941 
2.230019 -4.005432 31.338519 
1.581290 -3.978639 30.474922 
1.232112 -4.929391 30.486921 
0.500592 -5.528824 29.925186 
3.584890 -4.757790 31.428674 
1.833322 -1.945743 33.868750 
0.865387 -1.759383 33.041578 
-0.205231 -1.665984 33.007617 
-0.175923 -0.874138 32.222298 
-0.343526 -1.749745 30.986862 
-0.958080 -2.693473 30.031845 
-0.524081 -2.677581 29.080969 
-1.824262 -3.162480 28.404418 
-0.922663 -5.125258 29.513018 
0.069500 -4.092866 29.417656 
1.041534 -3.932003 29.299997 
2.039855 -3.744667 29.745084 
1.797254 -4.724476 29.533298 
1.515032 -5.305587 28.760567 
2.588668 -5.098376 29.038614 
3.216772 -5.861292 28.687967 
5.196058 -5.575666 28.859848 
4.880394 -5.121654 27.894315 
4.056515 -5.817277 27.664448 
4.567583 -6.668733 27.883658 
5.356522 -6.799542 28.502117 
4.743688 -8.136314 29.108151 
2.457298 -7.559241 29.444069 
-0.417439 -6.527622 28.199061 
-3.014494 -6.972402 27.588317 
-4.472941 -6.475407 27.597061 
-5.533551 -7.394634 26.319962 
-6.573562 -7.270043 26.029674 
-6.425385 -8.190375 25.975191 
-5.436587 -9.352566 25.079613 
-3.926979 -8.364963 23.925382 
-3.836366 -9.019338 23.143123 
-3.392040 -10.060090 22.175829 
-2.274861 -10.080279 22.292250 
-1.527407 -10.464807 21.710858 
-2.072292 -10.786537 20.952674 
-2.128658 -11.333319 20.209360 
-2.317384 -12.240329 19.616513 
-1.548265 -12.775088 19.296582 
-0.242234 -12.957956 19.664143 
0.176061 -12.849927 18.615100 
0.209734 -13.635635 17.913110 
-0.031479 -14.343402 19.069009 
0.172802 -14.420561 20.599059 
0.864312 -14.146335 21.286316 
0.323030 -13.221260 21.192020 
1.049435 -13.465592 20.584214 
1.612447 -13.406353 19.830257 
1.974820 -12.811833 19.180100 
1.594463 -12.240660 19.917562 
0.471057 -12.351646 19.926059 
0.439488 -12.037552 20.962140 
1.233562 -12.243837 21.621385 
0.917966 -13.017974 22.939929 
1.152957 -12.675406 23.696543 
1.923474 -11.220619 23.857764 
0.840635 -10.471567 23.221417 
-2.034771 -13.416379 20.492391 
-2.479670 -14.088703 17.422680 
-1.789846 -13.526678 17.186152 
-0.820082 -13.116890 17.410029 
-0.902794 -12.899231 16.431341 
-1.660432 -12.753477 15.882366 
-0.698001 -12.372766 15.590852 
-0.821130 -13.912076 15.376548 
-1.066053 -15.038424 15.826981 
-1.238546 -15.438099 14.771553 
-1.861993 -15.705327 13.889211 
-1.810841 -15.994654 12.965149 
-1.465051 -16.969705 12.736880 
-0.882867 -16.954410 11.923160 
-1.101184 -18.318785 11.364211 
-1.360939 -19.283388 12.301982 
-0.479109 -19.582184 12.517892 
-0.005076 -19.161348 13.398015 
-0.002469 -18.749154 14.337910 
0.053131 -17.899865 14.869108 
-1.392850 -16.752442 15.452714 
-2.089930 -15.465201 16.681383 
-1.374819 -14.882891 16.971481 
-1.266006 -14.617186 17.924626 
-1.502926 -13.829074 18.506077 
-2.259915 -11.950419 17.989541 
-2.043777 -10.703489 17.512435 
-1.597069 -9.904621 18.029873 
-2.360575 -10.056253 18.650014 
-3.351589 -11.959982 20.816928 
