10.375936 -26.589123 1.321476 
10.591423 -26.093684 0.468135 
11.196893 -25.453198 1.047614 
11.156436 -24.427181 0.906490 
11.071285 -24.917300 0.067217 
10.407268 -24.206100 -0.197257 
9.863807 -24.675139 0.557581 
9.868785 -25.614950 0.916701 
10.336971 -24.817253 1.376454 
9.560383 -25.126058 1.983492 
8.724347 -24.510902 1.854864 
8.904486 -23.567870 1.344918 
9.706392 -23.593602 2.204433 
10.490671 -23.286533 2.814724 
10.792447 -24.096207 2.287644 
11.112030 -23.543032 1.442781 
10.819341 -22.495091 1.156424 
9.993113 -22.858278 1.289726 
10.589963 -22.557616 2.153033 
11.129090 -21.915048 2.739257 
10.190580 -21.784708 3.337592 
10.918253 -22.336520 3.632875 
11.767922 -22.617959 3.257777 
12.573381 -22.543879 3.791789 
12.996787 -23.372514 3.267974 
13.067366 -24.103596 2.609496 
13.769533 -24.461744 1.903555 
12.804712 -24.950974 1.763699 
12.877709 -25.951235 1.964179 
13.710721 -25.343783 2.397839 
14.274949 -26.052660 1.817079 
14.727691 -25.202548 1.578005 
14.118031 -24.804500 0.828600 
15.188884 -24.664594 0.611000 
15.575377 -23.743071 0.408619 
15.657321 -23.050780 1.195722 
14.865450 -22.435217 1.405724 
14.448478 -21.483054 1.515625 
15.000424 -21.725420 0.763619 
15.699792 -21.117916 0.096504 
16.615702 -21.135233 -0.322397 
17.366575 -20.966156 -1.073896 
17.643976 -21.387538 -1.971324 
17.931185 -22.282673 -2.518079 
17.144593 -22.176202 -3.027513 
16.355938 -22.529099 -2.426901 
15.577124 -23.100959 -2.178012 
14.882211 -22.806970 -1.204893 
15.056278 -21.884820 -1.672216 
14.857510 -21.473857 -0.637594 
15.812597 -21.980354 -0.535599 
15.176541 -22.521238 0.163334 
16.027886 -22.156842 0.714747 
15.958969 -21.825804 1.642679 
16.940261 -21.525350 1.908215 
16.575438 -22.559924 1.926090 
16.618370 -23.454077 1.375103 
16.065417 -23.240187 2.355509 
16.760766 -22.828267 3.141025 
16.607845 -22.996569 4.100728 
15.749751 -22.503229 3.933369 
14.851904 -22.600024 4.420965 
14.417530 -22.304651 3.641268 
13.912062 -22.199060 4.422705 
14.038517 -22.335555 5.427785 
14.161835 -23.426399 5.659547 
15.192407 -23.737661 5.687647 
16.095593 -23.969470 5.573974 
16.588414 -23.330361 6.221375 
16.959411 -23.582814 7.197425 
17.413402 -23.063354 7.899499 
17.703017 -23.626425 8.811852 
18.557607 -23.646653 9.191209 
18.887615 -23.253154 8.259182 
16.751058 -21.126361 10.627989 
15.080014 -22.025073 10.865309 
15.159042 -21.967058 9.879871 
15.596858 -21.358130 9.293820 
16.604794 -21.528657 9.134232 
16.200269 -21.662186 8.219824 
15.067585 -21.720784 8.062459 
14.298054 -22.257998 7.604259 
14.678693 -23.111462 7.883144 
14.927973 -22.375337 6.443710 
16.183403 -20.946553 6.865598 
15.906877 -19.996314 6.412131 
15.236101 -20.117360 7.162514 
15.618504 -19.424243 7.887348 
15.876243 -18.831872 10.417300 
15.126830 -20.718225 9.765562 
13.428344 -20.487639 8.025683 
13.575159 -21.791097 8.669353 
12.904878 -22.629540 8.215512 
13.308112 -22.643523 7.211290 
13.364037 -23.263327 6.488943 
13.155197 -24.188586 6.502522 
13.723104 -24.693610 7.113317 
14.829753 -24.328631 6.823813 
15.693842 -24.062693 7.363932 
15.629290 -20.315790 4.875347 
16.091718 -18.813598 2.567525 
14.800384 -19.693712 3.886223 
12.887607 -23.081433 3.871763 
10.619944 -24.923989 6.845401 
10.727109 -24.409108 7.662856 
10.103997 -23.666796 8.177784 
9.582088 -22.911465 8.122239 
8.951095 -27.003738 9.904844 
9.589761 -26.705509 10.798528 
10.180916 -25.582635 10.594887 
10.869981 -25.172885 11.412547 
11.818307 -24.778958 11.230951 
11.715898 -25.830467 10.722745 
11.273240 -26.542413 11.158399 
11.119118 -27.284226 12.021830 
11.688824 -26.622601 12.555434 
9.092060 -25.634929 12.800851 
7.962585 -24.165072 13.321956 
7.722225 -23.167573 13.544410 
7.941939 -23.485430 14.592572 
7.637833 -25.307330 15.490641 
8.417244 -25.801902 15.092939 
7.846407 -26.546230 15.591326 
9.101890 -26.790333 15.218423 
10.249978 -26.885158 15.052813 
10.928026 -27.111423 14.329133 
10.480719 -27.186363 13.477142 
9.633678 -27.733559 13.850565 
10.580540 -28.131087 13.338551 
9.459265 -28.700783 12.161098 
10.801432 -29.671266 12.765145 
9.834206 -27.545667 16.293570 
9.174075 -26.660507 17.539536 
8.140078 -27.956669 16.676064 
7.782772 -29.689834 16.340982 
7.788954 -29.405500 17.313830 
8.632558 -28.662295 16.772523 
7.757321 -27.960358 14.661483 
6.126550 -27.624232 12.577563 
6.335204 -27.123866 11.606206 
5.851317 -26.283963 11.727421 
4.590527 -26.690282 12.047648 
4.094291 -26.626093 13.032955 
4.281174 -26.607675 14.014491 
5.260854 -26.606701 13.774971 
4.940375 -25.682493 14.076744 
4.365350 -25.191354 14.733265 
4.869851 -24.436660 15.095617 
5.039279 -25.204196 15.605506 
5.753598 -25.503507 14.851069 
6.648280 -24.952021 15.400253 
6.086248 -24.107285 15.613752 
6.315506 -23.479858 16.410756 
7.000426 -23.202397 15.748236 
7.179464 -23.281949 16.799224 
6.808850 -23.491102 17.586933 
6.904423 -24.459560 17.321565 
7.183496 -24.479353 18.466608 
7.076479 -25.685691 18.391853 
7.481921 -25.209887 19.229297 
8.057936 -25.920912 19.528560 
8.178118 -26.865125 19.100078 
6.981929 -27.085564 20.236095 
7.404333 -25.960573 20.937862 
7.940210 -23.336959 21.956519 
9.418996 -23.377692 18.265192 
11.303155 -22.576858 15.806751 
11.231822 -22.212747 14.876235 
12.264796 -22.251910 14.954435 
13.178510 -22.381010 14.515779 
13.232392 -21.526835 15.174406 
13.515566 -20.426474 14.577774 
14.851802 -19.316143 14.032791 
14.762555 -17.831739 14.398360 
14.651254 -16.966609 14.073428 
13.636388 -16.810012 14.199503 
13.039401 -16.761132 15.179859 
13.162995 -17.897027 15.116436 
13.586414 -18.854771 15.102196 
14.137984 -17.725687 16.108738 
14.844240 -16.348106 16.553610 
14.395484 -15.469051 16.712494 
15.088541 -14.672210 16.566806 
14.431735 -13.939350 16.771709 
14.965535 -13.165271 16.393605 
14.650494 -15.004880 17.647353 
14.100271 -17.462663 17.624117 
13.733202 -18.362414 17.121620 
12.962337 -17.633222 16.715930 
12.669552 -17.389484 17.620387 
12.599362 -19.241949 17.434683 
11.458836 -20.153121 18.385198 
11.906637 -19.799856 19.304288 
11.201416 -20.158392 20.027540 
13.854809 -20.869746 21.377729 
