1.928874 -25.731688 -8.836763 
1.432972 -25.278737 -9.679527 
0.754664 -24.637252 -10.072565 
0.169823 -23.786247 -9.811386 
-0.291910 -23.022908 -10.417250 
-0.042673 -23.127053 -11.399992 
0.201333 -23.957521 -10.890126 
0.244215 -24.100875 -12.058410 
1.181230 -23.793336 -12.379082 
1.362393 -22.787602 -12.304355 
1.301047 -23.008703 -13.242575 
0.457308 -22.346922 -13.506065 
0.852015 -21.484539 -13.377164 
1.875804 -21.657328 -12.927688 
2.761934 -22.092662 -12.665469 
2.131975 -21.651522 -11.955743 
1.145993 -21.312882 -11.993045 
0.686164 -20.806414 -11.271140 
-0.065564 -20.168590 -11.004567 
-0.767230 -20.328380 -10.184515 
-1.212455 -20.601715 -11.111136 
-1.128345 -20.920930 -12.055334 
-0.330674 -21.510465 -12.465574 
-0.127811 -22.576180 -12.681248 
-0.726744 -23.217984 -12.265987 
-1.078546 -22.838394 -11.390017 
-1.417790 -21.946121 -11.631847 
-0.417700 -21.915585 -11.241352 
-0.004284 -21.262986 -10.555821 
-0.418111 -22.080647 -10.044905 
-1.303618 -21.450628 -10.287199 
-0.902060 -21.506203 -9.333457 
-0.064903 -20.893117 -9.462439 
0.741789 -20.435205 -9.167458 
1.295712 -20.942559 -9.934203 
2.067374 -20.680782 -10.618791 
2.787359 -21.329366 -10.200065 
2.829756 -22.017167 -9.392216 
3.107515 -21.708072 -8.470433 
2.064375 -22.303230 -8.688486 
1.047557 -22.586759 -8.704991 
0.986841 -23.142873 -9.645565 
0.888425 -22.175570 -9.908727 
1.666765 -22.461939 -10.457106 
1.689111 -23.010777 -11.258851 
1.510261 -23.698819 -10.431394 
1.913650 -24.427524 -9.807967 
2.216851 -23.698645 -9.031504 
1.504237 -23.401274 -8.327521 
2.494892 -23.213811 -7.915375 
2.280861 -23.146006 -6.951053 
1.477119 -22.579774 -6.617645 
1.550541 -22.870691 -5.601574 
2.098622 -22.249117 -4.851488 
1.078974 -22.364888 -4.714807 
0.781865 -23.088989 -3.881573 
1.472240 -23.784574 -3.419731 
0.822685 -23.534229 -2.803650 
-0.133938 -23.533586 -2.707884 
-0.738372 -24.052892 -1.970357 
-0.288433 -24.566790 -2.847733 
-1.171372 -25.110129 -2.365164 
-0.523174 -25.332381 -1.437276 
-1.299173 -25.914033 -1.753726 
-1.904173 -26.649776 -1.210041 
-1.644730 -25.732611 -0.780363 
-1.579676 -26.054588 0.250201 
-0.795963 -25.498558 0.799132 
-0.767304 -25.394760 1.834351 
-0.778889 -25.463568 2.859686 
-0.021349 -25.174317 3.502443 
-0.782137 -25.562197 3.867172 
-0.664863 -26.409564 3.370152 
-0.414672 -27.319000 3.005428 
2.052007 -26.545831 2.016088 
2.739198 -27.444461 -0.061783 
3.122117 -28.008932 0.720287 
2.069288 -27.753203 0.994998 
1.399247 -26.962818 0.811321 
0.792596 -26.865853 1.643524 
1.410812 -26.039062 1.892769 
1.505836 -25.370483 2.630242 
1.055199 -24.382915 2.321811 
1.170609 -23.977003 3.793166 
1.241179 -24.780852 4.682677 
2.140249 -25.291561 4.473834 
2.872349 -25.841691 4.206878 
3.515154 -26.169475 4.868290 
3.243660 -26.575266 6.542967 
4.204646 -23.987383 7.968591 
5.511825 -22.778178 6.516437 
6.242113 -24.015281 5.345881 
6.004731 -25.010363 4.980839 
5.602899 -24.153117 4.513836 
4.659565 -24.132863 4.148403 
4.732271 -23.617827 5.049932 
4.116027 -22.766967 4.835596 
3.495939 -22.219794 4.216650 
4.031530 -22.686476 3.442246 
4.815872 -18.682503 3.592729 
5.879330 -18.679953 -0.090287 
5.582189 -18.757808 0.314227 
6.848239 -18.244235 -1.841808 
10.076399 -17.904913 -5.955757 
10.093449 -17.109142 -6.632520 
9.723016 -16.208251 -6.487858 
10.609265 -16.210420 -6.924346 
11.127592 -14.896780 -6.484675 
9.306070 -13.067699 -7.170537 
11.151754 -13.202697 -7.356696 
12.587102 -13.026216 -7.574141 
13.498553 -13.422918 -7.557202 
14.780532 -12.560585 -7.522132 
14.508956 -11.970497 -6.920251 
13.781842 -11.675414 -7.639909 
13.763627 -12.376619 -8.732073 
12.364331 -12.242521 -9.891918 
13.959477 -13.102914 -11.026914 
13.911095 -12.093702 -11.448234 
12.155714 -12.419697 -11.426092 
11.227442 -14.077086 -12.447034 
10.712659 -14.672807 -13.091691 
10.621801 -14.547380 -14.091321 
11.964086 -15.958810 -14.114013 
11.376328 -16.818843 -13.830499 
10.753772 -16.872143 -12.979810 
10.565044 -17.905975 -12.957513 
9.917578 -18.553381 -13.414558 
9.668302 -19.354665 -14.029236 
8.336851 -19.044942 -15.020323 
7.861984 -22.872719 -16.092947 
8.869229 -24.486993 -17.428125 
8.771969 -24.788620 -15.163704 
9.914958 -24.513145 -15.623808 
10.085068 -23.885451 -16.921250 
10.038536 -23.035349 -15.489775 
10.822390 -24.033096 -14.110170 
8.783627 -22.723510 -13.779734 
8.136016 -20.778470 -14.157803 
8.302799 -21.083327 -15.100659 
9.130985 -21.194696 -15.801723 
9.407006 -20.194158 -15.688960 
10.079779 -19.877373 -14.827150 
10.171245 -20.549374 -14.071448 
11.050058 -20.279376 -13.645054 
11.245772 -19.999878 -14.610378 
11.199997 -19.067432 -14.932286 
11.163677 -18.003149 -14.378997 
12.151291 -18.106739 -15.155871 
13.052647 -18.031206 -14.633560 
13.526853 -16.924028 -14.269174 
13.024849 -15.711225 -13.808739 
12.818494 -15.639312 -12.672822 
12.962949 -14.629693 -12.793374 
13.742936 -13.948793 -13.086769 
14.902592 -13.527801 -13.084723 
14.333282 -12.796597 -13.441676 
13.461228 -13.225677 -13.798970 
12.709866 -13.926902 -13.961250 
11.780016 -13.627966 -13.504988 
12.484858 -12.858458 -13.291598 
13.018273 -12.613756 -12.248350 
13.472297 -13.299625 -12.226977 
12.649780 -14.126310 -11.416225 
14.654159 -14.008411 -10.852478 
16.485833 -16.618476 -11.742626 
13.337497 -16.587224 -12.774198 
12.882016 -17.482451 -12.396807 
13.596957 -18.240120 -12.540639 
14.189933 -19.007205 -12.660693 
14.273377 -18.294609 -13.476405 
15.071592 -19.038563 -13.409602 
14.286284 -19.690376 -13.562821 
13.048307 -20.445213 -12.574445 
13.972160 -20.653909 -12.321060 
14.139898 -20.586124 -13.288689 
14.791631 -20.874178 -14.181154 
14.797042 -21.186272 -15.106268 
13.777691 -21.004275 -15.355608 
12.518637 -20.372943 -14.786359 
12.443176 -19.447833 -14.905621 
11.746866 -19.851088 -15.549700 
10.748000 -19.614657 -15.811014 
11.068449 -20.619698 -15.850632 
10.492240 -21.345179 -15.490710 
10.118964 -22.844741 -17.273295 
8.447358 -23.509257 -17.448057 
8.862309 -22.748045 -16.832101 
8.588682 -22.012166 -16.024926 
8.142087 -22.680378 -15.356223 
9.794399 -22.354619 -13.848374 
11.193152 -21.866759 -11.408101 
12.174687 -22.036604 -11.408989 
11.732308 -21.130993 -11.399223 
12.139299 -17.952868 -10.966562 
