15.991928 -11.995027 21.761822 
16.651891 -11.257864 21.500131 
16.004587 -11.206068 20.697582 
15.071801 -11.713238 21.029798 
14.979656 -11.027654 20.175173 
15.116172 -10.470420 20.882266 
15.751506 -10.804258 21.615252 
15.386642 -9.938819 21.925840 
16.307748 -9.742280 21.869240 
15.686522 -9.058963 22.320511 
16.442136 -9.319520 22.896097 
17.011724 -10.135478 22.507443 
17.710273 -9.436290 22.726768 
17.582585 -10.293686 23.319916 
16.508251 -10.634573 23.462674 
17.121667 -11.374061 23.878169 
17.685620 -12.220161 24.109917 
17.120818 -13.010718 24.423041 
16.664785 -12.417293 25.228710 
16.790846 -11.532990 25.599964 
16.506875 -10.830796 24.983908 
16.908433 -10.150025 25.525767 
16.690624 -10.754274 26.530184 
15.774758 -10.176624 26.139376 
15.053795 -10.186940 26.872958 
15.187764 -9.207111 26.597959 
15.441820 -8.492016 25.807290 
14.650744 -8.752408 25.175964 
15.282097 -9.034996 24.352670 
15.609839 -8.453036 23.546031 
16.016676 -7.701110 23.008658 
16.336056 -7.511702 24.017557 
16.935685 -7.012559 23.379028 
17.142239 -6.631514 24.303808 
16.481080 -5.839432 24.362854 
16.022165 -6.101695 23.431002 
15.002495 -6.353277 23.243505 
14.895769 -5.908725 22.267400 
15.586505 -6.644082 22.141072 
14.983943 -7.034170 21.304742 
15.054322 -8.021982 21.011429 
15.021942 -9.070819 21.363426 
14.323399 -9.942361 21.305297 
13.584320 -10.561020 21.563479 
13.778462 -11.181567 20.653970 
13.311113 -12.010407 21.145971 
13.443192 -13.025506 21.323749 
13.296716 -12.852252 22.282278 
12.471561 -12.254753 22.359281 
11.963311 -11.388707 22.479233 
11.324225 -11.632028 23.201282 
10.771706 -12.223650 23.758445 
10.789452 -13.270639 23.762543 
10.165969 -14.080311 23.589178 
10.559986 -13.846243 24.656017 
11.454149 -13.741350 24.395788 
11.559121 -14.522542 23.625003 
11.375942 -15.075986 24.509378 
11.744754 -16.060755 24.881429 
11.998868 -17.018354 25.371154 
11.950228 -17.526749 24.533442 
11.738980 -18.418449 25.212795 
11.577796 -18.338182 26.299385 
10.914207 -19.025898 25.823306 
9.882663 -19.145872 25.920023 
10.133674 -18.320768 25.318660 
9.315305 -18.504049 24.653468 
8.284855 -18.730521 24.475569 
7.510260 -19.249014 24.128968 
8.182172 -18.799456 23.458041 
8.987730 -19.224256 22.925701 
8.574229 -19.970991 23.550821 
8.567776 -20.889596 23.009018 
7.741868 -20.402922 22.553433 
6.927709 -16.789872 21.537224 
6.471560 -14.805171 19.701389 
6.524029 -15.845996 19.856858 
7.156335 -16.535668 19.458932 
7.018122 -17.220472 20.255598 
7.955483 -17.084037 19.960281 
8.622071 -16.519937 19.512959 
8.810218 -16.437682 20.554924 
8.884919 -17.410117 20.868280 
9.733146 -17.982165 21.523139 
10.422514 -18.434849 21.343291 
10.466534 -19.006385 22.167860 
10.800790 -19.014726 23.088315 
10.161849 -18.225320 23.108982 
11.836437 -16.263134 23.477193 
14.611728 -14.764964 24.231071 
14.813864 -12.571430 23.321374 
15.319404 -14.271010 22.738807 
14.537631 -13.602930 22.894621 
15.104096 -12.951961 23.581998 
15.777802 -13.595924 23.894597 
16.417216 -12.967842 23.495106 
16.993658 -13.371102 22.672616 
16.842588 -14.383549 22.408579 
15.938890 -14.083000 21.781136 
15.863738 -9.609699 21.518042 
18.166747 -9.804384 21.122319 
16.832504 -10.422001 19.761718 
13.127629 -13.029378 20.463094 
11.802693 -11.880288 20.229605 
11.242624 -11.606793 19.524668 
12.172926 -11.771226 19.093706 
12.833286 -12.306757 19.685517 
11.632606 -14.869972 16.202862 
9.774950 -16.282857 15.527020 
9.242355 -16.780539 13.983611 
9.581017 -17.563580 13.372012 
9.312253 -18.142375 14.166407 
8.932927 -18.211761 12.712848 
9.206354 -17.129663 11.763534 
10.125073 -17.142287 12.199867 
10.818813 -15.465430 12.778566 
11.884587 -15.281771 12.001691 
12.844990 -15.644921 13.119860 
13.433770 -16.479316 13.186257 
13.774291 -16.203967 11.164664 
13.001559 -16.354408 8.824552 
12.023076 -16.136547 8.699568 
11.603218 -17.163853 8.566079 
10.188698 -16.386104 8.570555 
11.158891 -15.362141 7.909983 
12.172071 -15.316534 8.006178 
13.153717 -15.115796 8.117608 
13.405068 -15.276975 7.247570 
13.988617 -14.491750 7.270441 
14.780380 -14.865422 6.095987 
15.294707 -13.086131 9.035180 
15.567647 -9.504976 8.913013 
16.617888 -7.670492 9.656025 
15.663136 -8.225737 10.922986 
14.828510 -8.549781 12.049660 
14.461257 -8.949425 13.191594 
14.538915 -10.014152 13.767100 
13.656616 -11.020616 14.552482 
13.327308 -12.816848 14.625944 
13.264743 -13.606166 15.249453 
13.056686 -12.887770 16.389529 
11.897185 -12.950311 17.346933 
12.086810 -11.934811 17.491972 
12.736207 -11.719243 18.254929 
12.448429 -10.903287 18.571307 
11.870810 -10.905742 17.717199 
11.966580 -10.880849 16.666484 
12.605951 -10.170837 16.552891 
12.739508 -9.640119 17.841087 
13.716966 -9.426152 17.320392 
13.236124 -10.836111 16.935258 
13.640636 -11.673994 17.496002 
13.571747 -12.184027 16.589457 
13.301813 -12.069376 15.598982 
12.647299 -11.339548 15.684246 
11.691865 -11.647151 15.391728 
10.658928 -11.845066 15.454220 
10.519546 -12.658013 15.963028 
11.232070 -12.646940 16.688706 
10.605462 -13.492903 17.206568 
10.388564 -14.349418 16.533191 
9.700497 -15.070836 17.136046 
9.234654 -16.565984 16.807429 
9.788187 -16.450626 17.725426 
10.596882 -16.344125 19.379353 
9.795439 -16.198211 21.914445 
8.548343 -16.549171 25.072490 
9.090744 -17.426077 24.861237 
9.894851 -16.632945 24.887305 
10.652076 -16.206476 25.512704 
9.801180 -15.489712 25.739584 
8.920145 -15.670848 25.287597 
8.814809 -14.609949 24.121527 
9.492775 -13.097006 24.139703 
9.577096 -12.780708 25.223756 
9.447718 -13.818341 25.563838 
9.079548 -14.713438 25.683919 
10.001842 -14.585633 26.066373 
10.716758 -14.746919 25.469456 
11.974526 -14.897439 25.127856 
13.259568 -14.402632 24.735923 
13.754633 -14.148499 23.914618 
12.960858 -13.519642 23.693978 
12.911978 -12.493129 23.737275 
13.503803 -11.734799 23.402040 
13.367149 -11.733741 24.704990 
14.486203 -10.005347 24.962321 
13.677200 -10.221585 25.524088 
12.936823 -10.152909 26.310701 
11.907008 -9.892120 26.379139 
10.646616 -8.538122 24.538226 
12.022513 -7.939667 23.649717 
12.100059 -8.451603 24.489951 
11.909342 -9.001123 23.619314 
13.434621 -9.586620 20.159307 
