-4.861336 -27.665505 5.925426 
-5.631146 -27.257258 5.350215 
-5.583925 -26.780518 6.307649 
-5.843644 -26.875011 7.190176 
-6.068991 -25.952661 7.566795 
-6.943655 -26.417167 7.591219 
-7.504812 -25.980899 8.341458 
-7.576072 -25.185369 7.720822 
-7.691306 -24.209215 7.508556 
-6.664473 -24.590810 7.870202 
-6.195748 -25.420293 8.381081 
-6.960631 -25.465903 9.171021 
-6.723041 -24.490427 9.102583 
-7.760699 -24.386333 8.678056 
-8.831169 -24.538670 8.444869 
-8.761718 -23.587549 8.889250 
-9.767571 -24.054661 9.092957 
-10.066161 -23.009712 9.081752 
-9.410360 -22.232012 9.236113 
-9.855615 -21.921860 10.080145 
-9.359778 -22.291270 10.944608 
-8.857212 -22.963978 11.358766 
-8.616959 -23.328556 12.271572 
-9.231510 -24.074861 11.883843 
-8.444788 -24.450383 12.527612 
-7.668794 -23.963293 12.133999 
-7.715763 -24.068450 13.095354 
-6.714868 -24.304196 12.883857 
-6.091246 -24.730067 12.073094 
-6.792502 -25.358473 12.435939 
-6.163675 -25.266874 13.160123 
-6.720404 -25.497784 14.048577 
-6.508133 -26.396947 14.582904 
-6.937119 -26.850715 15.389361 
-7.144060 -27.182687 14.474701 
-6.292705 -27.884866 14.380685 
-6.321004 -27.023335 13.811940 
-6.342902 -26.380007 12.997889 
-6.222009 -26.377167 11.931691 
-5.532990 -26.324805 11.132716 
-6.176938 -27.080018 10.910947 
-6.320682 -27.006027 9.890215 
-6.231947 -26.348381 9.140102 
-5.382502 -25.885615 9.274293 
-6.077965 -25.331354 9.765745 
-5.661158 -25.367360 10.668394 
-5.957930 -24.349663 10.541777 
-6.927480 -24.842068 10.582328 
-6.659911 -24.192207 11.407425 
-7.161685 -23.454066 10.926114 
-8.050380 -23.941643 11.166971 
-7.992193 -23.406845 10.263105 
-8.365821 -24.437338 9.685126 
-9.264505 -24.381021 10.021005 
-10.199362 -24.757617 10.198872 
-10.295547 -24.953278 11.200317 
-11.323201 -24.463364 10.990882 
-11.601221 -24.511422 11.981183 
-12.638925 -24.377625 11.806287 
-13.319819 -23.542456 12.120776 
-12.901480 -22.657716 11.955770 
-13.103952 -21.615833 12.210566 
-13.892790 -21.677880 12.928499 
-13.498305 -22.430286 13.606343 
-13.035138 -23.058345 13.054034 
-12.282944 -23.608679 12.530869 
-12.948134 -24.285069 12.803242 
-13.032809 -23.908161 13.786826 
-13.319602 -24.494218 14.578978 
-12.693752 -23.795575 14.839177 
-12.028390 -24.347112 14.445182 
-11.127647 -23.975276 14.301385 
-11.440477 -23.597653 13.375363 
-11.209046 -23.460368 12.275453 
-11.434795 -24.739946 9.637295 
-11.256169 -25.637974 7.371815 
-11.474384 -25.886006 6.434258 
-12.293576 -26.539595 6.473374 
-11.845820 -26.981361 7.264764 
-11.512530 -27.260064 8.194186 
-10.583334 -27.390361 8.661389 
-10.013196 -27.043093 7.841789 
-10.223658 -28.139429 7.507177 
-9.094253 -28.114582 7.773694 
-9.646534 -28.511873 6.605447 
-9.484241 -28.039025 5.678885 
-10.248368 -28.751535 5.472190 
-9.723103 -28.502858 4.584253 
-8.149963 -28.180152 2.940436 
-6.905357 -28.619967 1.085336 
-7.702286 -30.079316 1.846801 
-7.426646 -29.990581 4.224457 
-8.163660 -29.686114 4.967159 
-8.421569 -28.853443 4.350046 
-7.370902 -28.823811 4.002549 
-7.461082 -28.171376 4.686682 
-7.332383 -28.414386 5.836587 
-8.325566 -28.375652 5.651800 
-7.898781 -27.861480 6.491894 
-8.002025 -28.389382 9.680424 
-8.627872 -30.519289 10.265719 
-6.475966 -29.508390 10.222977 
-1.401888 -31.971226 7.097400 
4.020466 -34.598318 6.443983 
5.014029 -34.360430 6.058663 
5.655268 -33.920629 5.430452 
5.820311 -32.943176 5.220160 
3.275965 -34.133956 2.477347 
0.614074 -32.224169 1.905187 
-0.477623 -33.519334 2.788920 
-1.343666 -32.717095 2.238583 
-1.594218 -32.444738 3.203244 
-2.850523 -32.281948 3.014819 
-4.094152 -32.739782 2.704305 
-4.682784 -32.395621 3.506344 
-3.499116 -32.501134 4.647298 
-3.465332 -30.802111 4.273152 
-2.791568 -29.634981 2.757480 
-3.459193 -30.412430 2.614311 
-4.773083 -30.812684 1.818872 
-5.731955 -31.370551 1.252848 
-5.487653 -31.442992 0.250191 
-5.316414 -32.324987 0.495447 
-5.962575 -33.024058 1.471750 
-6.125202 -33.262562 2.742482 
-6.318171 -34.313437 2.440551 
-7.217860 -33.854573 2.394534 
-8.182574 -33.468357 2.005333 
-8.238934 -32.843480 2.907651 
-7.239534 -31.975183 2.541376 
-7.523354 -31.296187 3.933715 
-10.352695 -29.260529 3.232497 
-12.150416 -27.830752 3.269884 
-12.027875 -28.559422 4.192932 
-12.702925 -28.837910 5.422348 
-13.184109 -29.263839 6.448799 
-14.074114 -29.743558 7.439317 
-13.308194 -27.856463 8.700700 
-11.809995 -28.106315 10.601109 
-10.938361 -28.166851 10.947877 
-11.504409 -27.153275 10.664591 
-12.253964 -26.459056 11.793277 
-12.731004 -25.643882 12.306329 
-13.064805 -25.500715 11.263479 
-11.986495 -25.416053 11.259007 
-12.036319 -25.113318 10.208483 
-12.405598 -26.002621 10.524490 
-13.006149 -27.122591 11.118467 
-12.786600 -28.260677 11.587666 
-12.326435 -27.637286 12.354471 
-13.673934 -27.496938 12.748013 
-14.142655 -26.736660 12.085843 
-14.630746 -26.063315 12.757080 
-15.067381 -26.111718 11.720993 
-14.378720 -26.629272 11.010070 
-15.848185 -26.316799 10.590519 
-15.716721 -25.842679 9.814134 
-15.988285 -25.144211 9.133207 
-15.505665 -24.806697 10.035342 
-15.595804 -24.217609 10.942470 
-15.108934 -25.173185 10.841627 
-14.064524 -24.925273 10.849375 
-14.429053 -26.315740 9.980455 
-13.745195 -26.739957 9.411278 
-13.905991 -29.737393 6.235676 
-8.572730 -30.140820 5.995058 
-6.600004 -31.267102 5.446824 
-6.083304 -31.313531 4.492695 
-5.451555 -31.084782 5.259164 
-5.087052 -31.394309 4.345157 
-5.595605 -32.388718 4.447008 
-5.456718 -33.325983 4.487805 
-5.331702 -34.047808 5.097046 
-5.277184 -34.055501 3.682012 
-4.402742 -33.612569 3.162503 
-4.065644 -34.542557 3.486497 
-3.369590 -33.807122 3.554597 
-3.215525 -33.495411 2.547844 
-2.698416 -34.292299 2.384199 
-2.166166 -33.560263 2.547513 
-1.684510 -34.291970 3.823922 
-2.566455 -34.032709 4.181577 
-2.285622 -32.981582 4.240147 
-1.874096 -32.023887 4.197471 
-2.013743 -31.319274 4.979408 
-1.722506 -32.663818 6.070037 
-3.884065 -34.291646 6.108333 
-4.591117 -33.499043 6.091234 
-5.012977 -32.991435 6.992143 
-5.381662 -31.875719 7.027872 
-6.778243 -31.089653 8.307688 
-6.256139 -31.610720 9.553724 
-6.124644 -31.449211 10.552233 
-7.072336 -31.669835 10.971119 
-8.335647 -29.098678 13.507478 
