-27.658145 -3.561352 -7.289625 
-28.618013 -3.214740 -7.201673 
-27.845441 -3.118581 -6.415612 
-26.809845 -3.088919 -6.498359 
-27.093240 -2.348312 -7.035595 
-26.445816 -1.642269 -7.066894 
-25.742839 -2.437676 -6.756529 
-25.326635 -2.712130 -7.746588 
-24.438324 -2.346782 -7.292899 
-24.966175 -1.389681 -7.687119 
-24.464904 -0.407520 -7.619017 
-24.421817 0.499879 -7.374283 
-25.239910 0.669403 -6.633844 
-25.685840 0.702354 -7.536853 
-25.567244 0.081055 -8.315834 
-26.282571 0.556122 -8.727531 
-25.442619 0.559830 -9.218779 
-25.678423 -0.476500 -9.317337 
-26.625693 -0.639482 -9.777781 
-27.020126 -0.607966 -8.824019 
-26.738281 -0.950494 -8.033587 
-25.932421 -1.566855 -8.194268 
-26.173970 -2.514187 -8.468978 
-25.531955 -2.292542 -9.230875 
-26.495424 -1.763213 -9.538876 
-27.131346 -1.904009 -10.223434 
-27.950735 -2.443397 -10.582634 
-27.139320 -3.174102 -10.297333 
-26.451733 -3.918699 -9.754700 
-26.723821 -3.514271 -8.927723 
-27.210635 -2.695545 -8.493933 
-27.547899 -1.799934 -8.709784 
-28.485833 -1.846838 -9.246407 
-29.498886 -1.863580 -9.128721 
-29.912350 -2.828976 -9.470448 
-29.937617 -3.454999 -10.344258 
-29.986743 -3.340185 -11.478720 
-30.014229 -4.175742 -12.138859 
-29.464958 -3.445050 -12.551938 
-29.472578 -2.758470 -13.363832 
-28.875304 -2.337521 -12.573863 
-29.420309 -1.526434 -12.932639 
-29.606861 -1.227435 -11.938566 
-29.891175 -0.237225 -11.874225 
-30.282811 -0.108859 -12.836464 
-30.980522 0.059213 -12.062435 
-31.961978 0.246483 -12.059172 
-32.441351 0.730630 -12.905622 
-33.181443 1.287238 -12.492765 
-32.961968 2.307647 -12.880912 
-32.591803 1.537695 -13.597824 
-32.370136 2.355689 -14.109271 
-31.532049 2.344181 -13.447815 
-31.396670 2.330941 -12.383252 
-31.743743 2.620028 -11.453811 
-32.429265 3.471479 -11.320629 
-31.976354 3.809879 -12.169633 
-31.783252 4.315562 -13.092723 
-31.948633 4.911475 -12.239228 
-32.654811 5.626388 -12.644551 
-31.885373 6.259248 -12.155498 
-32.355078 5.724961 -11.278344 
-31.893121 6.631796 -10.974715 
-30.959516 6.501493 -10.702709 
-30.950470 7.310618 -10.103365 
-30.388254 7.605825 -10.918046 
-30.297774 7.747256 -11.910217 
-29.676219 6.985001 -11.518104 
-29.252813 6.174204 -11.400288 
-29.617094 5.643711 -12.196646 
-30.225769 5.964138 -11.275722 
-29.950048 5.957587 -10.294428 
-29.895860 4.920173 -10.441228 
-29.569132 4.181429 -9.874435 
-30.017504 3.980951 -11.817885 
-28.783953 3.983845 -13.808524 
-28.299216 4.745232 -14.268437 
-28.773471 5.231429 -13.447379 
-28.703134 6.211822 -12.838355 
-28.528415 7.182449 -12.539235 
-27.668885 6.730829 -12.966038 
-27.174502 6.421691 -12.034638 
-27.202136 7.563504 -12.072002 
-26.053136 8.204871 -12.241025 
-25.642031 9.510804 -10.957082 
-25.986174 8.593573 -10.764645 
-25.961990 7.875573 -10.008160 
-25.923821 7.158324 -10.776414 
-28.818205 7.470722 -10.289390 
-30.366122 5.691874 -7.846802 
-28.818769 4.538900 -6.642328 
-29.251938 4.277187 -8.320982 
-28.852572 4.731096 -9.130323 
-28.392914 4.061253 -9.772694 
-27.429141 4.342349 -9.599206 
-28.099586 4.864819 -10.320700 
-28.331933 3.907142 -10.787628 
-28.830743 3.107709 -11.372666 
-29.526778 2.672437 -12.059021 
-28.776344 0.564666 -11.072848 
-28.962518 1.009184 -8.756792 
-30.100191 3.293238 -9.723879 
-31.521497 0.956997 -8.229738 
-33.346094 -0.807024 -10.485857 
-32.746004 -0.174133 -10.915467 
-32.342324 0.046146 -9.977132 
-32.292638 -0.976285 -9.732219 
-31.352254 0.866590 -9.727374 
-31.076467 5.744651 -9.671210 
-31.543508 6.891200 -9.588323 
-30.512062 6.831743 -8.468127 
-31.004569 7.737894 -8.473606 
-32.018633 7.433286 -8.340420 
-32.994592 7.132801 -8.210774 
-32.490429 6.304289 -8.558990 
-32.493413 4.245815 -7.864435 
-33.921238 4.309490 -5.906471 
-32.773834 5.420482 -6.148676 
-32.807186 6.273765 -5.561983 
-31.894703 5.602267 -6.959488 
-32.055347 5.017556 -7.627651 
-32.195357 4.726869 -6.609668 
-31.338101 5.050226 -6.135189 
-30.070493 3.613200 -6.397680 
-29.653580 2.862009 -5.167177 
-29.319132 1.955991 -5.535294 
-29.483542 1.926154 -4.581089 
-28.641792 2.368247 -4.128201 
-28.453431 1.754183 -5.182026 
-27.304844 2.524731 -6.140526 
-29.434322 0.009770 -6.436909 
-31.713929 1.140478 -3.830050 
-29.428913 3.179753 -3.186718 
-27.717940 3.434858 -2.656042 
-26.985690 4.415909 -3.988776 
-27.071391 5.615071 -4.789111 
-27.357313 4.665970 -5.589165 
-29.203727 3.625317 -4.596533 
-30.648939 2.306936 -5.357321 
-31.650222 2.011604 -5.198904 
-31.804493 1.004193 -5.739633 
-31.186091 1.047994 -6.278250 
-31.332979 1.316920 -7.206595 
-31.948707 0.541525 -7.523417 
-31.287847 -0.103396 -7.861098 
-32.006589 -0.729433 -7.885253 
-32.701582 -0.116545 -7.373213 
-33.836985 -0.872756 -7.335492 
-33.517884 -1.319115 -6.508588 
-34.128949 -2.067382 -5.980285 
-34.317839 -3.318328 -5.659004 
-33.612588 -4.601392 -5.089015 
-33.321122 -5.132593 -4.275527 
-32.764777 -6.025535 -4.258880 
-32.036120 -5.940474 -3.493397 
-31.194663 -4.946036 -3.207256 
-31.143441 -4.964757 -1.961747 
-30.036708 -4.888071 -1.935552 
-30.544177 -4.074984 -1.981558 
-29.867613 -4.258560 -2.713364 
-30.063924 -3.492902 -3.526087 
-29.046693 -3.558546 -2.711996 
-28.172270 -4.515314 -2.635995 
-27.670409 -4.061122 -3.908422 
-28.211645 -2.768584 -4.980872 
-30.587591 -0.575600 -4.219387 
-33.508010 -3.455958 -2.797543 
-34.029435 -3.204264 -3.636555 
-33.472031 -2.181460 -3.544476 
-33.439748 -2.052509 -4.524868 
-32.713264 -2.694914 -4.395650 
-33.040277 -2.360783 -5.447243 
-32.001038 -1.925522 -6.241600 
-31.622093 -1.869578 -7.646247 
-30.693499 -1.648120 -7.716636 
-30.333680 -2.652107 -7.692464 
-29.695050 -3.320478 -7.681770 
-29.200025 -2.412132 -7.755195 
-28.830505 -1.579198 -7.099782 
-28.150979 -1.073084 -6.378469 
-29.331207 -1.110806 -5.771110 
-29.993402 -1.702947 -5.234738 
-30.518113 -1.350387 -4.489501 
-31.207766 -1.876427 -5.150442 
-31.305941 -2.811005 -5.656641 
-31.268991 -4.630983 -4.998953 
-32.287265 -6.932165 -5.909947 
-32.774663 -6.802787 -6.895279 
-32.884952 -6.414565 -7.928704 
-32.991633 -5.697165 -8.725954 
-33.466814 -4.959115 -7.179476 
-34.277144 -3.745451 -8.071116 
-33.869136 -3.893363 -8.985520 
-33.072067 -4.173216 -8.304062 
-31.286789 -4.373604 -7.373652 
