-18.097398 -5.661854 -24.083650 
-18.506919 -4.709590 -23.611515 
-19.335286 -5.234976 -23.399969 
-20.259645 -5.290803 -23.962113 
-20.067808 -4.282358 -24.165879 
-20.981208 -3.999969 -24.625214 
-21.646962 -3.980123 -23.748020 
-22.215345 -3.033556 -23.411600 
-21.635683 -2.058090 -23.197050 
-21.454495 -2.938001 -22.452137 
-21.147894 -3.957569 -22.366443 
-20.610580 -3.253680 -21.805658 
-20.889691 -2.445014 -21.157517 
-21.478590 -2.726724 -20.346211 
-21.548463 -1.734738 -20.136321 
-21.428394 -0.842120 -19.598219 
-21.940608 0.125278 -19.588416 
-22.343957 -0.325162 -20.417084 
-22.715707 -0.724878 -19.543710 
-22.738304 -1.752247 -19.331910 
-22.085068 -2.020157 -18.508440 
-22.574040 -1.140139 -18.144962 
-22.207834 -0.194052 -18.394999 
-23.050959 0.028642 -17.841522 
-23.286037 0.823727 -17.415189 
-24.284352 1.280054 -17.656872 
-23.832731 2.118930 -17.357737 
-22.948834 2.216938 -17.426487 
-22.694336 2.926774 -16.765913 
-23.490363 2.536016 -16.054130 
-23.025928 1.637885 -16.043644 
-22.163787 1.849161 -15.478976 
-21.289497 2.140447 -15.057325 
-21.958902 2.369711 -14.277097 
-22.883977 2.007699 -13.775936 
-22.774384 1.066907 -13.914642 
-21.882863 0.997106 -13.364493 
-21.039609 0.376635 -13.682000 
-21.078771 -0.308607 -12.850197 
-20.359876 0.376062 -12.334244 
-20.808501 1.089699 -12.966601 
-21.473309 0.921282 -12.144276 
-22.232332 0.773953 -11.410067 
-23.122210 0.846436 -12.059679 
-22.901260 -0.174373 -11.922116 
-23.172241 -0.107701 -12.918722 
-23.630350 0.647027 -13.571129 
-23.757011 0.831807 -14.538589 
-24.617570 0.783590 -13.879310 
-25.533567 0.808762 -13.403659 
-25.264347 -0.046644 -13.083828 
-25.279360 -0.387190 -14.018534 
-24.441590 -1.017282 -14.284741 
-23.895867 -1.657844 -14.752986 
-23.560999 -0.786805 -15.275400 
-22.484381 -1.031188 -15.396089 
-22.187217 0.000399 -15.332340 
-22.784089 0.691203 -15.208613 
-23.171776 0.657343 -16.156318 
-22.949545 -0.209540 -16.576559 
-23.916879 -0.174491 -17.050831 
-24.607275 -0.540331 -16.336526 
-24.787745 0.512118 -16.448746 
-25.272852 -0.074585 -15.753308 
-26.050673 -0.037964 -15.021984 
-26.173721 0.575962 -15.809663 
-26.571236 0.959803 -14.923102 
-25.567690 1.095123 -15.050189 
-24.580530 1.133174 -14.934204 
-23.941643 1.933027 -14.834620 
-24.505339 2.514196 -14.225938 
-24.023448 1.927686 -13.420580 
-23.311411 1.611720 -12.760403 
-24.282559 1.250856 -12.390082 
-26.083349 0.455066 -11.814917 
-26.814237 -1.233024 -13.283015 
-27.729569 -1.368654 -13.126331 
-27.712797 -2.458969 -13.024737 
-27.935165 -2.996029 -13.807482 
-28.825638 -3.530007 -13.460554 
-29.472492 -3.319505 -14.211297 
-30.044851 -4.069085 -14.458261 
-29.400994 -4.541762 -13.954851 
-28.157153 -4.357699 -14.143795 
-27.760062 -4.034630 -13.157050 
-26.918476 -3.359837 -13.388342 
-26.793140 -2.387728 -14.002955 
-26.630806 -2.408440 -12.887123 
-27.423409 -3.203049 -15.347507 
-26.028903 -1.664273 -16.012716 
-27.230691 -1.500915 -14.822806 
-28.680767 -2.072237 -14.800006 
-29.076367 -1.881010 -15.734998 
-28.580760 -1.030295 -15.386974 
-29.488867 -1.108620 -14.895572 
-29.477520 -1.668951 -14.056166 
-30.322739 -0.984238 -13.854814 
-31.315152 -0.910050 -13.972171 
-32.259310 -0.502585 -13.937399 
-29.092244 -1.843635 -13.301165 
-26.863539 -6.859912 -9.786729 
-28.970827 -6.701596 -8.498549 
-30.922344 -6.241640 -4.096945 
-32.769813 -9.881310 -4.197577 
-33.460392 -10.544623 -4.197002 
-34.360100 -10.515692 -3.597802 
-34.040578 -10.670533 -2.680556 
-31.880859 -10.570051 -0.668143 
-30.869864 -9.606894 -4.115949 
-31.415006 -9.578267 -5.085206 
-31.652230 -8.629732 -5.828373 
-32.513330 -8.094081 -5.802099 
-32.158079 -7.990632 -7.182704 
-31.319758 -8.091820 -7.386707 
-31.400520 -9.188024 -7.535985 
-29.969892 -10.862225 -8.992555 
-29.374257 -12.222854 -11.913960 
-29.966007 -11.688642 -13.953492 
-29.950484 -12.744723 -13.894354 
-28.723565 -13.651894 -13.544581 
-27.149677 -14.319074 -12.551520 
-27.663607 -14.418383 -13.481321 
-26.796507 -14.804761 -13.763965 
-26.825848 -13.584053 -13.396484 
-28.211265 -12.360775 -13.446347 
-27.971307 -11.544661 -13.955325 
-28.697125 -11.668632 -14.529723 
-29.642751 -11.236387 -14.956254 
-29.813065 -10.693825 -14.149121 
-29.621031 -9.185060 -12.370737 
-28.930365 -9.025313 -10.397830 
-29.681983 -7.528119 -6.961018 
-30.654510 -9.010850 -5.919141 
-29.773241 -9.134214 -7.028212 
-28.871544 -9.361510 -7.978998 
-30.565971 -9.173377 -9.034557 
-31.932029 -9.252669 -9.076550 
-31.764880 -10.592409 -7.914990 
-30.102193 -11.710162 -7.547319 
-29.930597 -11.405757 -6.576131 
-28.902583 -11.226020 -7.308509 
-29.599671 -10.429769 -7.844610 
-29.664194 -11.305126 -8.439424 
-30.242323 -12.176016 -8.463412 
-30.429123 -13.011749 -8.891964 
-30.489503 -13.502520 -9.755517 
-29.722457 -13.370540 -10.431929 
-30.170456 -11.899189 -10.515291 
-30.503898 -10.421604 -10.616337 
-31.056327 -10.910263 -9.864399 
-31.478944 -10.597333 -11.281818 
-30.804407 -10.054429 -11.869017 
-30.606768 -10.712903 -12.512560 
-29.804575 -10.128109 -12.293792 
-30.491073 -9.268486 -12.339059 
-30.379742 -8.222497 -13.290404 
-30.432682 -7.142062 -14.329742 
-30.846215 -7.801776 -14.917118 
-30.828172 -8.960982 -14.751408 
-29.977362 -9.264543 -14.168936 
-29.084331 -8.738238 -13.931004 
-28.105219 -8.269878 -13.088997 
-27.949649 -8.097747 -12.095859 
-27.820413 -9.470429 -12.644395 
-25.913698 -7.904651 -14.630339 
-24.605728 -5.597623 -12.434585 
-26.469745 -6.789243 -12.395273 
-26.803594 -6.778014 -13.380947 
-25.957060 -6.070657 -13.641410 
-26.429795 -5.160549 -13.364234 
-25.903724 -4.845068 -14.165945 
-25.987774 -3.814103 -14.402450 
-24.994482 -4.447542 -15.576862 
-24.431481 -3.803377 -16.924719 
-24.761489 -3.109847 -17.560979 
-25.092918 -3.419687 -18.491000 
-24.186885 -3.593381 -19.053458 
-23.990552 -4.558345 -18.717799 
-23.701036 -4.454790 -17.871773 
-24.211655 -5.193103 -17.387951 
-24.718880 -5.969173 -17.069532 
-25.239355 -5.240797 -16.739415 
-25.398463 -4.234508 -17.018634 
-25.616296 -3.714093 -16.171106 
-24.953045 -2.972858 -15.922910 
-23.492273 -2.599553 -15.303143 
-23.425432 -1.464305 -16.542686 
-24.089167 -1.788220 -15.800550 
-24.324817 -2.189004 -16.763301 
-24.412997 -1.504268 -17.469117 
-22.951565 -2.998064 -17.210292 
-22.070465 -3.868101 -15.086053 
-22.242694 -4.604346 -14.341199 
-22.708211 -5.535057 -14.035980 
-23.391308 -5.064522 -14.558077 
