2.238559 26.301077 4.445406 
1.799827 25.334557 4.337527 
2.478727 25.529514 3.624211 
3.413186 25.943236 3.695924 
2.950981 26.808471 3.325629 
3.831416 26.953941 4.053299 
4.154765 27.520696 4.897796 
4.590549 26.523106 4.810460 
4.175815 26.583785 5.695446 
3.899543 25.589805 5.496678 
4.631797 25.395355 6.321277 
4.100931 24.934398 7.105156 
3.079324 24.941709 7.088669 
3.045291 24.469317 6.133499 
3.944716 24.026910 6.244787 
4.469408 24.286115 5.365424 
3.933825 23.450307 4.953969 
4.220207 22.812058 5.799349 
3.643335 21.994257 5.372455 
3.549486 22.026014 4.344758 
2.602571 22.488872 4.174635 
2.185954 23.207570 3.560455 
2.338401 22.977158 2.518331 
2.397254 22.636208 1.561477 
1.909033 21.656929 1.232820 
1.495699 21.802187 0.405591 
2.297715 22.250136 -0.112151 
3.038051 22.442599 0.581611 
2.402188 23.334114 0.713805 
2.917393 23.470092 1.582533 
2.113598 24.266158 1.502961 
1.923639 25.295315 1.890000 
2.292592 26.179280 2.448330 
2.765479 27.027587 2.049736 
3.043693 28.050119 2.471369 
3.721817 28.200217 3.122480 
4.755419 28.562082 3.380497 
5.016955 27.940883 2.596761 
5.256622 28.772002 1.886894 
4.243778 28.818241 1.606359 
4.412292 29.857025 1.321368 
3.864925 30.244441 2.172895 
3.969006 30.457087 3.183265 
3.320503 31.261704 2.899218 
4.173285 31.820961 3.154239 
3.989823 32.534873 3.847736 
3.907255 32.088081 4.844968 
4.355310 32.960899 4.863657 
5.355062 33.189321 4.956256 
6.137708 33.568905 5.409946 
6.001159 33.826500 4.413641 
7.001497 33.617683 4.495491 
6.517045 32.971081 3.783420 
5.534423 32.652781 3.553458 
5.298753 33.584290 3.484068 
4.345531 33.688461 3.205705 
3.755736 34.265920 3.800256 
3.185882 33.393541 4.073641 
2.191510 33.224227 3.693309 
2.449320 34.106599 2.971175 
1.928850 34.333683 3.742929 
1.254397 33.708742 3.373214 
0.405785 33.440788 4.042398 
0.975878 34.320069 4.241798 
-0.069810 34.251227 4.354604 
-0.595557 33.257367 4.279771 
-0.835739 32.825902 3.414723 
-1.130725 32.421212 2.555313 
-0.284637 31.848874 2.800400 
-0.847533 31.478731 3.626830 
-0.358176 31.985563 4.366175 
-0.145595 31.738665 5.499461 
-0.619489 32.646858 5.455468 
0.060787 32.721375 6.146429 
0.655047 31.367763 4.917208 
1.351237 33.364073 2.155980 
1.880266 32.611213 2.578383 
2.686990 32.252046 2.821089 
2.417621 31.329680 2.459337 
1.737765 30.864425 3.138002 
1.852940 30.509260 4.107471 
2.799753 30.777179 3.937912 
3.126806 29.965398 4.693248 
2.816948 30.780420 5.646454 
2.403402 31.958819 6.314007 
2.767160 31.979265 7.333106 
3.274468 32.930233 7.464805 
4.214325 33.412141 7.402506 
1.992282 31.300705 5.580364 
2.782542 27.806966 7.790813 
3.828437 26.709146 9.336771 
4.248867 25.155187 9.884933 
4.929895 24.693614 9.288479 
5.736634 24.352781 8.622269 
6.590499 23.577814 8.490035 
7.416926 24.154819 8.209877 
7.069447 24.910965 8.775205 
6.582111 25.152825 7.896501 
5.950949 25.767527 7.589549 
2.721011 27.726907 5.707108 
1.703485 28.821642 2.323918 
2.765453 29.438754 1.937410 
5.387637 28.553904 7.784623 
7.293991 25.018270 9.870774 
7.102509 23.969752 9.457714 
6.680684 24.123823 10.260735 
6.449250 23.185686 9.968544 
7.230476 20.201996 13.006966 
11.806795 19.760178 13.702417 
12.147805 20.656281 14.296464 
12.988765 21.788207 14.673093 
12.112576 21.609007 15.078271 
11.979053 20.583748 15.975871 
11.345398 19.466154 16.722332 
10.693092 19.278419 17.560444 
12.585744 17.902963 16.757226 
15.942963 17.108286 16.927550 
16.324651 17.177702 15.571411 
17.262957 17.139422 15.580146 
17.412908 16.092962 16.327357 
18.200943 15.914539 17.862465 
18.935239 15.573789 17.202220 
18.862065 14.977040 18.044405 
18.624028 13.940370 19.559864 
19.287246 13.636004 20.439631 
18.929322 12.940651 21.119983 
18.415862 13.611067 21.816821 
19.419466 13.767230 21.676397 
19.606206 14.430611 22.445111 
18.392591 15.108307 21.147415 
18.151153 14.426219 18.915267 
19.766773 12.417428 16.030007 
19.563120 11.157593 14.088587 
20.232585 10.795725 13.464835 
21.003756 10.329531 14.942484 
21.822775 10.941768 14.967976 
22.509147 10.211187 15.372129 
23.634040 10.060125 15.083303 
23.414221 10.896326 13.550291 
22.868691 10.284443 12.981847 
22.737004 10.083236 11.617722 
22.093536 9.299240 10.367759 
22.391528 8.677327 9.614403 
22.017809 9.514399 9.128869 
21.401379 10.304029 9.105974 
21.715667 10.280288 8.122358 
20.796390 10.632918 8.248165 
21.284749 12.055745 7.710764 
21.391662 13.656066 7.183769 
20.954574 14.467461 7.723565 
20.729008 15.308325 7.522184 
19.252201 15.347835 7.123434 
19.569639 16.328193 6.706968 
19.536983 16.761182 5.806331 
20.591339 16.800658 6.291195 
20.304398 15.791870 5.872197 
19.930360 14.597231 6.692315 
19.008177 14.627175 6.455637 
18.939487 15.038729 5.587236 
18.766856 15.935683 5.963139 
17.796086 16.518729 6.151022 
16.802862 16.851752 5.229776 
15.644784 17.663468 4.564824 
16.085303 17.938279 5.461168 
12.728084 17.858044 6.710956 
13.178644 17.709242 7.117525 
14.887553 15.469984 8.501837 
15.289693 15.303122 9.402739 
14.800713 15.357858 10.248650 
14.239107 14.740528 9.610653 
13.992153 15.744875 9.751299 
14.286370 16.818057 9.810471 
14.689194 17.660931 11.243027 
15.984356 18.109811 11.281439 
16.807776 17.599419 11.218075 
17.286354 17.332992 10.313713 
17.922068 16.658250 10.897630 
17.269621 15.868208 10.566295 
17.026802 15.368041 9.719870 
16.278329 16.133727 10.082733 
15.360340 16.382596 9.688130 
15.669731 17.393653 9.699821 
16.581597 17.413835 9.600009 
16.184971 16.446351 8.923349 
16.124564 15.793831 8.239453 
15.805427 16.484126 7.677299 
17.138996 17.231155 7.014052 
17.701849 16.496481 7.659139 
18.615783 16.550599 7.341863 
18.162175 17.503072 7.504596 
18.567174 18.875570 7.380195 
18.370229 17.807774 6.353079 
18.184935 17.301500 5.479186 
18.692171 16.601406 4.973582 
17.244262 18.424815 5.974026 
