-9.298950 22.912316 -19.809401 
-8.625537 22.897528 -19.034280 
-8.273512 22.033937 -18.720682 
-8.157297 21.424972 -19.494953 
-8.395252 21.134580 -20.427071 
-8.940256 20.830694 -21.171177 
-9.150827 19.694230 -20.626302 
-8.793109 19.357444 -19.773400 
-9.567251 18.532356 -19.577216 
-10.341780 17.945130 -19.843494 
-10.122889 17.020043 -19.489367 
-9.229110 17.431926 -19.872259 
-9.001170 16.472954 -19.938424 
-9.123946 16.947390 -20.871892 
-9.542672 16.323404 -21.418973 
-10.253838 16.285667 -22.219227 
-11.141823 15.794186 -22.144809 
-11.450331 14.902709 -22.312325 
-11.099046 14.466327 -21.287165 
-11.885002 14.810150 -20.838448 
-11.796035 13.977394 -20.266217 
-11.118157 13.518083 -19.729156 
-10.351653 13.759660 -19.137781 
-9.458848 14.302468 -19.070646 
-9.941440 14.098323 -18.155262 
-10.905170 14.418242 -17.840629 
-11.117170 15.351129 -17.454861 
-11.222001 16.102694 -16.861397 
-11.780352 16.440128 -17.633342 
-11.435353 17.282992 -17.015264 
-11.349572 17.087833 -15.876990 
-12.229207 17.738277 -16.317204 
-12.134523 18.220572 -15.315421 
-12.878575 18.208360 -14.432924 
-13.545105 17.460049 -14.023764 
-13.467173 16.742199 -14.649260 
-12.551005 16.409696 -14.880986 
-12.211363 16.530753 -15.858695 
-12.259643 15.916450 -16.723520 
-12.705517 16.863628 -17.214456 
-13.279747 16.754040 -18.039256 
-12.355310 17.176097 -18.248196 
-11.470972 17.782579 -18.118974 
-10.597408 17.588839 -18.753422 
-9.543051 17.551568 -18.296157 
-8.841064 17.345439 -18.910426 
-8.143410 16.653366 -19.187125 
-7.400599 16.762547 -19.916922 
-7.212636 15.940583 -20.426026 
-7.223641 16.312100 -21.471712 
-7.715740 17.317527 -21.473223 
-7.492958 17.815990 -20.683156 
-7.007981 18.542769 -21.121684 
-7.292443 19.060349 -20.327968 
-7.611644 19.854377 -19.813379 
-7.353262 20.875194 -19.985514 
-6.804138 21.043025 -20.855540 
-6.565946 22.239993 -20.963939 
-6.748810 23.177054 -21.046445 
-7.436508 23.392003 -21.740827 
-8.330175 23.211572 -21.458918 
-9.199153 22.960946 -22.037091 
-9.386806 21.921261 -21.826836 
-9.249051 21.199672 -22.431776 
-9.749837 20.366642 -22.163643 
-9.041779 19.821683 -21.618851 
-8.582533 18.990705 -21.787032 
-8.408261 18.511796 -20.928862 
-8.451438 18.190409 -19.888018 
-7.717294 18.598335 -19.148003 
-7.169331 17.700476 -19.452352 
-6.358442 18.359083 -19.733234 
-5.306268 18.442491 -19.857034 
-4.439984 17.871988 -20.135768 
-6.414034 19.516583 -21.393945 
-5.515222 18.546123 -23.636985 
-5.154781 17.750595 -24.061712 
-5.464955 16.745863 -24.171657 
-5.572173 15.928628 -24.936476 
-6.260569 15.917340 -24.140097 
-7.040985 15.549472 -24.639778 
-7.445709 14.995813 -25.414276 
-7.855048 14.689855 -24.392001 
-7.470659 15.636317 -23.529702 
-7.960136 14.875450 -22.628641 
-8.264764 15.780473 -22.212729 
-7.961420 16.688206 -22.619378 
-8.726091 17.205395 -22.099308 
-5.781520 18.107590 -23.839185 
-6.451438 16.883976 -23.681881 
-4.013914 17.262735 -22.717276 
-4.620655 17.794360 -21.260208 
-5.518597 17.575419 -21.153367 
-6.536003 17.423177 -21.154239 
-6.218270 17.014871 -22.053126 
-5.225393 16.503441 -21.949555 
-5.850950 15.660367 -21.948644 
-6.043726 16.252953 -21.183891 
-5.830481 16.954987 -20.275609 
-6.410063 19.231676 -20.577492 
-7.924688 23.337319 -18.786950 
-9.473338 24.602373 -16.169270 
-9.556139 24.084766 -11.927795 
-10.383990 21.329734 -10.839004 
-9.431455 20.955558 -10.967582 
-9.528881 21.951216 -10.670306 
-8.579195 22.202597 -10.962096 
-8.372753 21.523885 -14.546305 
-8.858164 19.002057 -16.031466 
-8.961735 19.543976 -14.841984 
-8.876759 18.651326 -15.018235 
-9.601995 17.890963 -15.447935 
-10.182892 17.004473 -15.344075 
-10.796427 15.994653 -15.409155 
-11.753084 15.688196 -15.034463 
-12.211635 14.756896 -14.972505 
-12.866406 14.484631 -13.015695 
-11.308420 14.377853 -11.151465 
-11.874464 15.130509 -11.600789 
-10.498633 15.284439 -11.831972 
-10.041152 16.298217 -11.542943 
-10.116740 17.192100 -10.933113 
-11.175072 17.386836 -11.005926 
-11.502784 17.029727 -10.246151 
-11.359160 15.449741 -10.295324 
-11.544860 15.403823 -9.339120 
-12.258721 15.616752 -10.057955 
-12.515292 14.958681 -10.855459 
-12.250055 14.017395 -10.877305 
-13.159958 13.353249 -12.335684 
-12.903801 9.720410 -14.299110 
-16.342767 4.875155 -11.422750 
-17.434264 3.852856 -10.991604 
-18.457940 3.363825 -9.641152 
-18.799054 4.346324 -8.387596 
-17.475906 5.893781 -8.134200 
-17.431327 7.464203 -8.292273 
-17.460853 9.326071 -8.695558 
-16.391147 9.091040 -9.691351 
-16.464026 8.547728 -10.473785 
-17.722365 8.034732 -11.116055 
-18.294950 7.450546 -10.626491 
-18.631425 6.652074 -10.110479 
-18.852051 5.743587 -10.250839 
-18.724046 5.274748 -9.327109 
-19.333722 5.192896 -8.397585 
-18.587351 5.915906 -7.728169 
-18.317425 5.255895 -7.184790 
-17.831967 6.478463 -6.960144 
-17.968392 7.474719 -6.437703 
-18.837140 8.435454 -6.057787 
-18.951562 9.294366 -7.234546 
-19.766840 9.111244 -7.691115 
-20.284583 8.499972 -8.342049 
-20.668761 7.603006 -7.870486 
-21.060730 6.595921 -8.054803 
-20.536420 5.889760 -7.311201 
-20.370294 4.758615 -7.074912 
-20.048497 3.835288 -7.541987 
-19.925302 2.876549 -7.876605 
-19.828724 2.161085 -8.592409 
-18.853925 2.099559 -8.214615 
-18.032793 3.321017 -8.975466 
-17.120046 4.535454 -9.611218 
-20.088121 2.298636 -9.229712 
-19.586607 -1.109686 -12.430214 
-17.236960 -3.040293 -16.266076 
-17.223437 -1.952445 -16.263607 
-16.620958 -1.149276 -16.442417 
-16.179285 -0.791755 -15.554058 
-15.905970 0.254448 -15.388247 
-16.477931 0.173602 -16.352342 
-16.614194 0.029341 -17.639363 
-15.567139 0.482441 -17.620218 
-15.299365 0.892866 -18.629996 
-14.609754 1.257828 -19.124611 
-14.244937 0.862853 -18.295059 
-13.261180 1.283392 -18.436044 
-13.582414 2.280312 -18.708566 
-12.960408 2.422029 -19.356338 
-14.043768 2.576726 -19.643476 
-13.762653 2.505135 -20.697722 
-12.879347 2.675863 -21.033255 
-12.454174 1.785157 -20.822996 
-11.394968 1.883476 -20.140736 
-9.720473 3.284006 -20.152050 
-8.750482 2.423014 -20.926871 
-8.708609 1.386030 -20.993532 
-9.568442 1.815203 -21.445336 
-9.178864 2.635831 -22.016539 
-10.727257 2.130465 -21.951590 
-11.928785 3.633633 -21.310286 
-12.304749 3.660135 -20.385823 
-11.794747 4.508064 -20.643193 
-11.893447 3.940253 -16.775129 
