-19.818828 -7.056290 -16.781971 
-19.773740 -6.102365 -16.586512 
-19.082180 -5.513604 -16.000358 
-18.442004 -6.285374 -15.933056 
-17.996835 -5.953706 -16.638006 
-17.524670 -6.266002 -17.478990 
-17.392534 -7.240421 -17.523786 
-17.395201 -7.630328 -18.474639 
-17.965954 -6.784487 -18.522436 
-17.667141 -6.034293 -19.290977 
-17.158001 -6.160967 -20.229669 
-16.695204 -5.284598 -20.200813 
-15.959686 -5.589550 -20.903728 
-15.500978 -6.122569 -21.665228 
-15.215613 -5.857492 -22.612169 
-14.298580 -5.487567 -22.334328 
-13.508500 -5.052868 -22.941393 
-13.633672 -4.537536 -23.874511 
-13.104174 -4.241525 -24.671921 
-14.043617 -3.611887 -24.442001 
-13.280733 -3.516242 -23.621239 
-12.320072 -3.225695 -24.047528 
-11.316881 -3.404741 -24.458035 
-11.920124 -4.190011 -24.621109 
-12.130401 -3.458929 -25.449864 
-13.185100 -3.819584 -25.590922 
-12.661186 -3.949529 -26.422515 
-13.281258 -4.790501 -26.355950 
-13.096312 -5.758852 -26.451533 
-13.186071 -6.775284 -26.365184 
-13.196938 -7.759231 -25.862722 
-12.909814 -8.653422 -25.386816 
-13.230942 -9.297860 -26.128287 
-14.186151 -9.590910 -25.755660 
-14.616967 -9.948813 -24.892660 
-14.735979 -9.084806 -24.304076 
-14.938040 -8.182434 -24.164514 
-14.634656 -7.267120 -23.997321 
-14.902291 -7.047558 -24.995750 
-15.471929 -6.918824 -25.954812 
-14.408258 -7.069764 -26.071030 
-14.067397 -6.803304 -27.067463 
-13.030284 -7.227243 -27.340455 
-12.968283 -6.749683 -28.190979 
-12.087161 -6.373944 -28.542239 
-11.103585 -6.243344 -28.372705 
-10.622031 -5.916800 -29.108945 
-11.485076 -5.884414 -29.605761 
-10.676369 -6.018911 -30.337365 
-10.133618 -6.807986 -30.186221 
-9.252471 -6.532462 -30.016183 
-9.224856 -5.432420 -29.762412 
-8.663501 -5.701748 -28.867494 
-8.325319 -4.744224 -28.663242 
-7.641424 -4.661173 -27.897068 
-8.353415 -4.648183 -27.232607 
-8.491389 -3.585818 -27.267673 
-9.235606 -3.386026 -26.497528 
-8.864233 -4.248821 -26.132015 
-8.553953 -4.267176 -25.160597 
-7.827200 -5.085671 -25.101243 
-7.669926 -6.005434 -25.552004 
-6.874739 -5.818500 -26.115438 
-7.651077 -5.538696 -26.789176 
-6.697904 -5.994614 -27.126975 
-6.571436 -5.170935 -27.882952 
-7.068680 -5.831672 -28.346818 
-7.967443 -6.251587 -27.961940 
-7.832401 -6.614267 -26.982755 
-6.860517 -6.937982 -27.323933 
-7.225002 -7.898522 -27.159517 
-7.118663 -8.143974 -28.170874 
-7.733440 -8.892940 -28.590597 
-7.573669 -8.934431 -29.523714 
-11.159613 -8.325205 -29.193191 
-13.297905 -10.225150 -28.663779 
-12.943737 -10.850638 -27.868205 
-13.375509 -11.383987 -27.073951 
-13.811538 -11.568461 -26.124791 
-13.897080 -12.520428 -25.928380 
-14.123241 -13.250716 -25.107896 
-14.737759 -13.084127 -25.894810 
-14.406787 -12.291423 -26.697710 
-15.421027 -11.987580 -26.627091 
-16.629121 -11.832428 -26.642878 
-16.098096 -11.017252 -27.203758 
-15.712524 -10.135397 -26.882608 
-15.329034 -10.568004 -26.107973 
-18.079977 -10.387924 -22.806895 
-18.692009 -9.744292 -20.242077 
-17.397124 -11.027522 -21.472696 
-18.935529 -11.279319 -22.644153 
-18.257652 -11.780521 -23.354472 
-19.070951 -12.423279 -23.041825 
-19.156190 -12.033619 -24.005531 
-18.845887 -12.847119 -24.746868 
-19.409039 -13.446884 -24.162748 
-19.550163 -14.326582 -24.590632 
-20.053470 -14.991276 -24.018580 
-22.516487 -12.269496 -21.240387 
-27.668571 -10.936523 -17.051253 
-26.985063 -9.610100 -17.093551 
-24.931673 -13.202768 -17.172189 
-25.109933 -15.502115 -16.430347 
-24.248097 -16.046699 -16.756581 
-24.358989 -17.039476 -16.862163 
-25.230739 -17.657095 -16.939695 
-23.328027 -14.491621 -20.522389 
-18.718777 -15.197084 -22.969456 
-18.893206 -14.120591 -23.315190 
-18.231882 -13.522995 -22.971971 
-17.289306 -13.182301 -23.171201 
-17.656298 -13.622636 -24.254397 
-17.596142 -15.088952 -24.108675 
-18.374155 -15.213343 -24.769218 
-17.222693 -13.689180 -26.071915 
-14.102300 -14.776838 -25.106166 
-13.471628 -16.088740 -25.238747 
-14.306832 -16.790906 -25.370753 
-15.914842 -16.032071 -25.766172 
-16.506797 -14.487614 -25.983690 
-15.739308 -13.710455 -25.800264 
-16.500380 -13.618798 -25.129397 
-16.638131 -12.272195 -24.654615 
-16.769217 -12.251089 -23.099747 
-16.419630 -12.011982 -22.133137 
-16.498548 -11.217978 -22.764849 
-15.928396 -10.537603 -22.393945 
-16.041058 -9.573194 -23.039706 
-14.829021 -8.755975 -23.367867 
-16.517945 -10.463534 -26.607122 
-18.392840 -10.759200 -25.776765 
-17.663508 -8.750773 -27.307508 
-18.124139 -8.026139 -27.596628 
-17.311909 -7.753678 -26.676394 
-16.254688 -8.786856 -26.527361 
-15.144729 -9.402074 -27.721417 
-14.854068 -11.398187 -28.584585 
-15.528656 -12.709088 -28.219359 
-14.594696 -13.173229 -28.118469 
-13.328786 -12.370999 -27.971887 
-12.571833 -13.043422 -28.644800 
-12.863409 -13.148040 -29.659861 
-12.084079 -12.486533 -29.866113 
-11.398587 -12.634513 -30.624187 
-10.474046 -12.974987 -31.031898 
-9.516465 -13.190383 -31.164653 
-8.641652 -13.392943 -30.236803 
-8.077868 -12.513727 -30.773200 
-7.649969 -11.844526 -31.504503 
-8.560194 -11.165626 -31.250061 
-8.747282 -9.749870 -31.695635 
-9.216059 -8.887786 -31.807045 
-9.123397 -8.230862 -31.057283 
-9.479991 -9.171667 -30.830892 
-10.107155 -10.447342 -31.348665 
-10.393311 -9.964524 -32.040707 
-10.743358 -9.131306 -32.431167 
-10.240193 -8.517602 -31.693348 
-10.758984 -7.714463 -31.598431 
-9.867546 -7.484967 -31.850238 
-10.325266 -6.237579 -32.047454 
-11.343447 -4.824522 -32.084468 
-10.473789 -5.051325 -31.579335 
-12.229467 -5.191625 -30.241930 
-11.125914 -3.941755 -29.361636 
-8.409810 -4.753274 -31.620584 
-8.562954 -5.507398 -32.310066 
-8.426238 -4.564189 -32.856971 
-7.613492 -3.941140 -33.007511 
-7.584865 -4.976912 -33.060630 
-6.949168 -5.641698 -33.484019 
-7.262022 -6.901105 -33.758312 
-7.619499 -8.389824 -33.042710 
-7.692501 -8.373135 -32.180151 
-7.994805 -8.732300 -31.305208 
-8.139383 -7.753054 -31.220418 
-7.395712 -6.960271 -31.436692 
-8.175534 -6.205560 -31.246540 
-8.500796 -5.076024 -30.624662 
-7.676723 -5.476187 -30.719660 
-7.258705 -5.479478 -29.753486 
-7.017635 -4.978098 -28.899512 
-6.524431 -4.733471 -29.686867 
-6.077499 -4.418015 -28.725913 
-4.804923 -2.762103 -26.906144 
-2.874315 -1.070267 -25.688223 
-3.837620 -0.925053 -26.046444 
-3.467018 -0.039273 -25.959777 
-3.909468 0.037860 -27.011410 
-5.776692 -0.354913 -27.276083 
-6.332376 -1.063355 -25.440974 
-6.568790 -0.157666 -25.890715 
-6.621106 0.902551 -25.641651 
-7.213255 -1.802411 -27.532953 
