-22.045302 5.341822 -11.395704 
-22.593486 5.012614 -10.652155 
-21.762833 5.260604 -10.100607 
-20.838091 5.599166 -9.993464 
-20.010120 5.666992 -9.382669 
-19.446765 6.179168 -8.685055 
-19.716427 7.208057 -8.347524 
-19.071919 7.313964 -9.118943 
-18.102129 7.674386 -9.290946 
-17.156840 7.763524 -9.774092 
-16.326898 7.469366 -10.465763 
-16.903742 7.710732 -11.373552 
-16.424280 7.729167 -12.318463 
-15.457617 8.210960 -12.510394 
-14.723626 8.684411 -13.158045 
-15.518577 9.175904 -13.553010 
-14.713525 9.088009 -14.195492 
-14.301634 8.924751 -15.160225 
-13.959323 8.078872 -15.707206 
-13.633683 7.093494 -15.783585 
-13.841659 7.586234 -16.597956 
-14.746367 7.704732 -17.141052 
-14.500943 8.516982 -17.778947 
-15.397697 8.024952 -18.232416 
-16.348399 7.443266 -18.289265 
-16.537813 6.506710 -18.476014 
-16.558188 5.724530 -19.193964 
-16.351364 5.028615 -18.597105 
-16.907834 4.299589 -18.750770 
-17.891811 4.437164 -18.316486 
-18.539587 4.506755 -17.521131 
-19.552865 4.707434 -17.482040 
-19.562278 3.720017 -17.067530 
-20.463565 3.768228 -17.638672 
-20.491496 3.214254 -18.554776 
-19.911795 2.372668 -18.623082 
-18.908832 2.644379 -18.694050 
-18.312040 1.830579 -18.262192 
-19.182150 1.534316 -18.537493 
-18.874262 1.774874 -19.562842 
-19.293449 0.752903 -19.652712 
-20.010039 1.589818 -19.493952 
-20.839210 1.858299 -18.873943 
-21.583075 2.594241 -18.535178 
-21.927957 1.713449 -18.507434 
-21.389055 1.056384 -17.946474 
-21.286451 0.025753 -18.197492 
-21.635207 -0.812644 -18.520308 
-21.452672 -0.855180 -17.356634 
-21.430357 -1.924828 -17.523136 
-21.195043 -2.709453 -16.945789 
-20.685211 -2.316033 -16.057292 
-20.790302 -2.537075 -15.103137 
-20.039658 -2.312071 -14.401647 
-19.445946 -1.681502 -15.093144 
-19.093133 -1.278930 -16.012535 
-18.040442 -1.042104 -16.310769 
-17.804191 -1.576854 -17.086285 
-17.358348 -2.490644 -17.664417 
-17.943207 -3.296104 -17.224349 
-18.211882 -3.882285 -18.199153 
-18.237478 -3.936702 -19.215703 
-18.013412 -3.041840 -19.098461 
-19.067499 -2.913941 -19.313146 
-19.453516 -3.863374 -19.648842 
-20.014322 -4.821793 -19.449078 
-19.556540 -5.574874 -18.917525 
-20.246838 -6.081170 -18.385399 
-20.986083 -5.572509 -19.076542 
-20.604816 -5.259121 -18.100395 
-20.687553 -4.178431 -18.121566 
-21.310806 -3.643681 -17.336708 
-22.092121 -4.451663 -17.406774 
-23.195573 -4.421737 -17.544765 
-21.999116 -6.558077 -18.001446 
-22.323582 -9.022654 -16.702574 
-23.024267 -9.564865 -16.230684 
-23.561865 -8.800099 -16.465881 
-23.007025 -8.976761 -17.433847 
-23.702692 -8.433244 -17.787495 
-23.794894 -7.696456 -18.505583 
-23.281254 -8.424432 -18.927085 
-23.238329 -8.189704 -19.850065 
-22.351127 -8.492443 -19.042321 
-21.432813 -8.662483 -18.210793 
-20.728730 -7.800186 -18.380567 
-20.034160 -8.540022 -18.370150 
-20.084413 -9.113037 -19.274789 
-19.611084 -7.886597 -21.703185 
-19.218184 -9.373363 -24.777146 
-16.925962 -8.232353 -24.523333 
-17.442178 -6.671828 -23.769332 
-17.479633 -7.472892 -23.127156 
-17.656568 -6.618968 -22.730966 
-17.882296 -5.909088 -22.008795 
-17.520494 -6.272708 -21.144229 
-18.533598 -6.047458 -20.733536 
-18.656285 -5.395759 -21.687361 
-19.572544 -5.808461 -22.028137 
-17.201934 -3.844758 -23.249563 
-14.148684 -1.594183 -24.093357 
-16.108037 -0.051420 -23.239451 
-17.018171 1.936776 -18.731019 
-16.179018 4.400784 -16.979163 
-15.363385 4.917390 -17.524242 
-15.104656 5.012027 -16.467710 
-15.272944 6.007805 -16.227175 
-14.057715 9.233060 -17.510046 
-9.232991 11.731726 -19.609668 
-9.252099 10.084379 -20.203287 
-9.902957 10.578550 -21.010657 
-10.102539 11.379532 -21.665356 
-11.340988 10.715386 -21.464247 
-12.702176 10.290112 -21.188061 
-12.610092 9.389763 -21.622257 
-13.624033 8.093358 -20.795033 
-14.292864 3.998947 -20.001763 
-15.299486 1.332264 -20.628797 
-15.588412 0.271109 -20.589190 
-14.909584 0.347482 -21.958203 
-13.793777 -0.761965 -21.380551 
-14.874953 -0.879355 -21.480355 
-15.025651 -0.936160 -20.380956 
-15.546916 -1.832192 -20.985332 
-16.285266 -0.836327 -22.604853 
-16.644673 -1.811558 -22.826777 
-17.362820 -1.791027 -23.567739 
-16.536542 -1.224077 -24.019254 
-17.464502 -1.105919 -24.435053 
-18.170057 -0.950794 -23.498078 
-17.165236 -3.471548 -23.355953 
-15.341257 -3.568994 -22.823644 
-16.333283 -6.088879 -23.279036 
-17.461277 -5.502836 -24.749649 
-18.680960 -5.199076 -25.916433 
-17.256296 -3.878466 -25.778047 
-17.433285 -2.556240 -26.522122 
-16.215770 -1.217176 -26.977128 
-14.355257 -0.518375 -27.635953 
-13.919502 -1.123167 -28.328840 
-13.055953 -1.164008 -29.162279 
-14.033471 -0.380523 -29.673194 
-13.876921 0.593204 -29.593091 
-14.362011 1.165491 -28.884143 
-13.486397 1.887360 -28.528812 
-12.687716 1.274871 -28.599398 
-12.317795 0.685996 -29.376825 
-12.343203 -0.549392 -30.172082 
-13.087712 -1.218394 -30.837965 
-13.813037 -2.025030 -30.965250 
-13.909596 -2.458686 -29.495416 
-13.072539 -2.507573 -28.912019 
-13.305557 -3.504668 -29.234169 
-12.790972 -3.349240 -30.110309 
-12.198020 -2.459077 -30.544241 
-12.248645 -1.851284 -29.540700 
-11.288060 -1.668013 -30.199413 
-10.752793 -2.163325 -30.779739 
-11.363270 -2.745883 -31.356571 
-11.615039 -1.860464 -31.641242 
-11.463741 -2.671366 -32.386201 
-13.054333 -3.471948 -31.686397 
-13.732273 -3.611115 -30.446059 
-14.878898 -3.612855 -30.857638 
-15.268522 -5.573566 -30.495042 
-16.926103 -7.611304 -28.183811 
-18.742591 -6.127811 -26.496161 
-17.771278 -6.386103 -26.936778 
-17.797332 -6.894985 -25.964498 
-18.421712 -7.261532 -25.295993 
-17.752239 -7.794982 -24.694468 
-16.807969 -7.567462 -24.778604 
-16.595546 -6.525536 -25.177236 
-15.493381 -5.423337 -24.373630 
-14.614172 -5.436141 -24.937913 
-14.529245 -5.952053 -24.024011 
-14.450965 -5.134520 -23.480630 
-14.680483 -4.471577 -22.630905 
-13.868732 -4.521364 -22.041425 
-13.852120 -3.097402 -22.127057 
-13.248992 -1.692993 -21.924544 
-12.949961 -0.846844 -22.397318 
-11.950249 -0.687218 -21.796797 
-12.028246 -0.938836 -22.921365 
-12.314863 0.141288 -22.753846 
-12.286572 1.281864 -24.891805 
-14.193261 0.742389 -26.521759 
-14.190244 0.470727 -27.432673 
-13.977467 0.201127 -28.426803 
-13.356866 -0.178756 -27.630587 
-13.343089 -2.505249 -26.899150 
-15.392833 -3.199074 -26.033508 
-15.924726 -3.344931 -25.255800 
-16.449218 -3.752629 -24.477584 
-15.414550 -5.134614 -26.878967 
