0.000000
0.000000
0.000000
0.000000
0.000000
0.000000
0.000000
1.000000
1.000000
1.000000
1.000000
1.000000
2.000000
2.000000
2.000000
2.000000
3.000000
3.000000
3.000000
3.000000
3.000000
4.000000
4.000000
5.000000
5.000000
5.000000
5.000000
5.000000
5.000000
5.000000
5.000000
5.000000
5.000000
5.000000
6.000000
6.000000
6.000000
7.000000
7.000000
7.000000
7.000000
7.000000
7.000000
7.000000
7.000000
7.000000
7.000000
8.000000
8.000000
8.000000
8.000000
8.000000
8.000000
8.000000
8.000000
9.000000
9.000000
9.000000
9.000000
9.000000
10.000000
10.000000
10.000000
10.000000
11.000000
11.000000
11.000000
11.000000
11.000000
11.000000
11.000000
12.000000
12.000000
12.000000
13.000000
13.000000
13.000000
13.000000
13.000000
13.000000
14.000000
14.000000
14.000000
14.000000
14.000000
14.000000
14.000000
14.000000
15.000000
15.000000
15.000000
15.000000
15.000000
16.000000
16.000000
16.000000
16.000000
17.000000
17.000000
17.000000
17.000000
18.000000
18.000000
18.000000
18.000000
19.000000
19.000000
20.000000
20.000000
20.000000
21.000000
21.000000
21.000000
21.000000
22.000000
22.000000
23.000000
24.000000
24.000000
24.000000
25.000000
25.000000
25.000000
25.000000
27.000000
28.000000
28.000000
28.000000
28.000000
33.000000
35.000000
36.000000
37.000000
40.000000
40.000000
44.000000
46.000000
47.000000
47.000000
48.000000
49.000000
49.000000
50.000000
50.000000
50.000000
50.000000
53.000000
59.000000
60.000000
63.000000
66.000000
74.000000
88.000000
89.000000
99.000000
105.000000
110.000000
120.000000
120.000000
127.000000
140.000000
143.000000
143.000000
163.000000
167.000000
192.000000
197.000000
203.000000
216.000000
221.000000
255.000000
268.000000
269.000000
297.000000
305.000000
335.000000
337.000000
350.000000
370.000000
389.000000
403.000000
413.000000
429.000000
462.000000
473.000000
509.000000
525.000000
530.000000
554.000000
