0.000000
0.000000
1.000000
1.000000
1.000000
1.000000
1.000000
1.000000
2.000000
2.000000
2.000000
2.000000
2.000000
2.000000
3.000000
3.000000
3.000000
3.000000
3.000000
3.000000
3.000000
3.000000
3.000000
3.000000
3.000000
3.000000
4.000000
4.000000
4.000000
4.000000
4.000000
4.000000
4.000000
5.000000
5.000000
5.000000
5.000000
5.000000
5.000000
5.000000
5.000000
6.000000
6.000000
6.000000
6.000000
6.000000
6.000000
7.000000
7.000000
7.000000
7.000000
7.000000
7.000000
7.000000
7.000000
7.000000
8.000000
8.000000
8.000000
8.000000
8.000000
8.000000
8.000000
9.000000
9.000000
9.000000
9.000000
9.000000
10.000000
10.000000
10.000000
10.000000
10.000000
10.000000
10.000000
10.000000
11.000000
11.000000
11.000000
11.000000
12.000000
13.000000
13.000000
13.000000
13.000000
14.000000
14.000000
14.000000
14.000000
14.000000
14.000000
14.000000
14.000000
14.000000
15.000000
15.000000
15.000000
16.000000
16.000000
16.000000
17.000000
17.000000
17.000000
18.000000
18.000000
18.000000
19.000000
19.000000
19.000000
19.000000
19.000000
19.000000
20.000000
20.000000
20.000000
21.000000
21.000000
21.000000
22.000000
23.000000
23.000000
23.000000
23.000000
23.000000
24.000000
26.000000
27.000000
27.000000
28.000000
29.000000
32.000000
32.000000
33.000000
35.000000
35.000000
36.000000
38.000000
40.000000
40.000000
40.000000
42.000000
44.000000
44.000000
46.000000
46.000000
48.000000
49.000000
50.000000
52.000000
55.000000
55.000000
59.000000
60.000000
72.000000
74.000000
74.000000
85.000000
86.000000
90.000000
107.000000
109.000000
121.000000
122.000000
137.000000
141.000000
158.000000
180.000000
188.000000
198.000000
222.000000
258.000000
264.000000
286.000000
291.000000
316.000000
324.000000
354.000000
363.000000
372.000000
388.000000
415.000000
426.000000
451.000000
454.000000
471.000000
474.000000
488.000000
489.000000
508.000000
