0.000000
0.000000
0.000000
0.000000
1.000000
1.000000
1.000000
1.000000
1.000000
1.000000
1.000000
1.000000
1.000000
2.000000
2.000000
2.000000
2.000000
2.000000
2.000000
2.000000
2.000000
2.000000
2.000000
2.000000
3.000000
3.000000
3.000000
3.000000
3.000000
3.000000
3.000000
3.000000
3.000000
3.000000
4.000000
4.000000
4.000000
4.000000
4.000000
4.000000
4.000000
4.000000
5.000000
5.000000
5.000000
5.000000
5.000000
5.000000
6.000000
6.000000
6.000000
6.000000
6.000000
6.000000
6.000000
6.000000
6.000000
7.000000
7.000000
7.000000
7.000000
7.000000
7.000000
7.000000
7.000000
7.000000
7.000000
7.000000
8.000000
8.000000
8.000000
9.000000
9.000000
9.000000
9.000000
9.000000
10.000000
10.000000
10.000000
10.000000
11.000000
11.000000
11.000000
11.000000
11.000000
11.000000
11.000000
11.000000
12.000000
12.000000
12.000000
12.000000
13.000000
13.000000
13.000000
13.000000
13.000000
13.000000
14.000000
14.000000
14.000000
14.000000
15.000000
15.000000
15.000000
15.000000
15.000000
16.000000
16.000000
16.000000
16.000000
17.000000
18.000000
18.000000
18.000000
19.000000
19.000000
19.000000
20.000000
20.000000
20.000000
21.000000
22.000000
22.000000
22.000000
26.000000
27.000000
27.000000
28.000000
28.000000
29.000000
30.000000
30.000000
31.000000
31.000000
31.000000
33.000000
35.000000
36.000000
38.000000
40.000000
42.000000
42.000000
44.000000
44.000000
49.000000
51.000000
52.000000
53.000000
60.000000
61.000000
62.000000
63.000000
65.000000
77.000000
92.000000
105.000000
106.000000
107.000000
120.000000
124.000000
124.000000
129.000000
145.000000
152.000000
154.000000
169.000000
177.000000
178.000000
185.000000
200.000000
200.000000
226.000000
251.000000
252.000000
276.000000
285.000000
300.000000
300.000000
327.000000
365.000000
366.000000
387.000000
400.000000
424.000000
440.000000
463.000000
493.000000
522.000000
