0.000000
0.000000
0.000000
0.000000
1.000000
1.000000
1.000000
1.000000
1.000000
1.000000
1.000000
2.000000
2.000000
2.000000
2.000000
2.000000
2.000000
2.000000
2.000000
2.000000
2.000000
2.000000
2.000000
2.000000
2.000000
3.000000
3.000000
3.000000
4.000000
4.000000
4.000000
4.000000
4.000000
4.000000
4.000000
4.000000
4.000000
4.000000
4.000000
5.000000
5.000000
5.000000
5.000000
5.000000
5.000000
5.000000
5.000000
5.000000
5.000000
6.000000
6.000000
6.000000
6.000000
6.000000
6.000000
6.000000
7.000000
7.000000
7.000000
7.000000
7.000000
7.000000
8.000000
8.000000
8.000000
9.000000
9.000000
9.000000
9.000000
9.000000
9.000000
9.000000
9.000000
9.000000
9.000000
9.000000
10.000000
10.000000
10.000000
10.000000
10.000000
11.000000
11.000000
11.000000
12.000000
12.000000
12.000000
12.000000
12.000000
13.000000
13.000000
13.000000
13.000000
13.000000
13.000000
14.000000
14.000000
14.000000
14.000000
14.000000
14.000000
15.000000
15.000000
15.000000
15.000000
15.000000
15.000000
15.000000
16.000000
16.000000
16.000000
16.000000
17.000000
17.000000
17.000000
17.000000
17.000000
18.000000
19.000000
19.000000
20.000000
21.000000
21.000000
21.000000
21.000000
21.000000
21.000000
23.000000
24.000000
24.000000
25.000000
26.000000
27.000000
27.000000
30.000000
30.000000
30.000000
31.000000
32.000000
32.000000
32.000000
33.000000
35.000000
36.000000
36.000000
37.000000
45.000000
47.000000
48.000000
49.000000
49.000000
50.000000
50.000000
54.000000
54.000000
55.000000
57.000000
58.000000
60.000000
61.000000
61.000000
61.000000
68.000000
83.000000
84.000000
84.000000
103.000000
109.000000
132.000000
135.000000
151.000000
190.000000
222.000000
257.000000
274.000000
290.000000
308.000000
338.000000
339.000000
366.000000
422.000000
431.000000
442.000000
468.000000
475.000000
499.000000
507.000000
516.000000
547.000000
