0.000000
0.000000
0.000000
0.000000
0.000000
0.000000
0.000000
0.000000
1.000000
1.000000
1.000000
1.000000
1.000000
1.000000
1.000000
1.000000
1.000000
2.000000
2.000000
2.000000
2.000000
2.000000
2.000000
2.000000
3.000000
3.000000
3.000000
4.000000
4.000000
4.000000
4.000000
4.000000
5.000000
5.000000
5.000000
5.000000
5.000000
6.000000
6.000000
6.000000
6.000000
6.000000
6.000000
6.000000
6.000000
6.000000
6.000000
7.000000
7.000000
7.000000
7.000000
7.000000
7.000000
7.000000
8.000000
8.000000
8.000000
8.000000
8.000000
8.000000
8.000000
8.000000
8.000000
8.000000
9.000000
9.000000
10.000000
10.000000
10.000000
10.000000
11.000000
11.000000
11.000000
11.000000
11.000000
11.000000
12.000000
12.000000
12.000000
12.000000
12.000000
13.000000
13.000000
13.000000
13.000000
13.000000
13.000000
13.000000
13.000000
13.000000
13.000000
13.000000
14.000000
14.000000
14.000000
15.000000
15.000000
16.000000
16.000000
16.000000
17.000000
17.000000
17.000000
17.000000
18.000000
18.000000
19.000000
21.000000
21.000000
21.000000
22.000000
22.000000
22.000000
24.000000
24.000000
25.000000
25.000000
26.000000
26.000000
26.000000
26.000000
27.000000
27.000000
27.000000
28.000000
28.000000
29.000000
29.000000
30.000000
31.000000
32.000000
35.000000
37.000000
40.000000
42.000000
42.000000
43.000000
44.000000
45.000000
47.000000
48.000000
50.000000
50.000000
51.000000
53.000000
56.000000
63.000000
67.000000
67.000000
69.000000
71.000000
72.000000
76.000000
80.000000
87.000000
89.000000
89.000000
90.000000
105.000000
110.000000
114.000000
122.000000
143.000000
144.000000
146.000000
150.000000
163.000000
183.000000
198.000000
208.000000
217.000000
245.000000
246.000000
264.000000
296.000000
307.000000
343.000000
366.000000
372.000000
380.000000
394.000000
432.000000
471.000000
493.000000
496.000000
512.000000
530.000000
534.000000
547.000000
