0.000000
0.000000
0.000000
1.000000
1.000000
1.000000
1.000000
1.000000
1.000000
1.000000
1.000000
1.000000
1.000000
1.000000
1.000000
1.000000
2.000000
2.000000
2.000000
2.000000
2.000000
2.000000
3.000000
3.000000
3.000000
3.000000
3.000000
3.000000
4.000000
4.000000
4.000000
4.000000
4.000000
4.000000
4.000000
5.000000
5.000000
5.000000
5.000000
5.000000
5.000000
5.000000
6.000000
6.000000
6.000000
6.000000
6.000000
6.000000
6.000000
6.000000
6.000000
6.000000
7.000000
7.000000
7.000000
7.000000
7.000000
7.000000
8.000000
8.000000
8.000000
8.000000
8.000000
9.000000
9.000000
9.000000
9.000000
9.000000
9.000000
9.000000
10.000000
10.000000
10.000000
10.000000
10.000000
10.000000
10.000000
10.000000
11.000000
11.000000
11.000000
11.000000
12.000000
12.000000
12.000000
12.000000
12.000000
12.000000
13.000000
13.000000
13.000000
13.000000
13.000000
13.000000
13.000000
13.000000
14.000000
14.000000
14.000000
15.000000
16.000000
16.000000
16.000000
16.000000
16.000000
17.000000
17.000000
17.000000
17.000000
17.000000
18.000000
18.000000
18.000000
19.000000
19.000000
19.000000
19.000000
19.000000
20.000000
21.000000
21.000000
21.000000
23.000000
23.000000
24.000000
25.000000
25.000000
25.000000
26.000000
26.000000
27.000000
29.000000
34.000000
34.000000
36.000000
38.000000
38.000000
40.000000
41.000000
43.000000
43.000000
43.000000
44.000000
47.000000
50.000000
51.000000
56.000000
56.000000
59.000000
62.000000
63.000000
64.000000
64.000000
71.000000
80.000000
80.000000
93.000000
101.000000
116.000000
118.000000
141.000000
141.000000
142.000000
149.000000
156.000000
160.000000
160.000000
164.000000
181.000000
181.000000
205.000000
214.000000
215.000000
240.000000
262.000000
264.000000
288.000000
321.000000
330.000000
336.000000
351.000000
363.000000
364.000000
388.000000
401.000000
404.000000
427.000000
457.000000
486.000000
