0.000000
0.000000
0.000000
0.000000
1.000000
1.000000
1.000000
1.000000
1.000000
2.000000
2.000000
2.000000
3.000000
3.000000
3.000000
3.000000
3.000000
3.000000
3.000000
3.000000
4.000000
4.000000
4.000000
4.000000
4.000000
4.000000
4.000000
4.000000
4.000000
4.000000
5.000000
5.000000
5.000000
5.000000
5.000000
5.000000
5.000000
5.000000
6.000000
6.000000
6.000000
6.000000
6.000000
6.000000
6.000000
6.000000
6.000000
6.000000
6.000000
6.000000
7.000000
7.000000
7.000000
7.000000
7.000000
7.000000
8.000000
8.000000
8.000000
8.000000
8.000000
9.000000
9.000000
9.000000
9.000000
9.000000
9.000000
10.000000
10.000000
10.000000
10.000000
10.000000
10.000000
10.000000
10.000000
10.000000
11.000000
11.000000
11.000000
11.000000
12.000000
12.000000
12.000000
13.000000
13.000000
13.000000
13.000000
13.000000
14.000000
14.000000
14.000000
14.000000
15.000000
15.000000
15.000000
15.000000
15.000000
16.000000
16.000000
17.000000
17.000000
17.000000
17.000000
17.000000
17.000000
20.000000
20.000000
20.000000
21.000000
21.000000
22.000000
22.000000
22.000000
23.000000
23.000000
23.000000
23.000000
24.000000
24.000000
24.000000
25.000000
29.000000
31.000000
31.000000
32.000000
32.000000
33.000000
35.000000
38.000000
42.000000
42.000000
43.000000
46.000000
47.000000
47.000000
47.000000
54.000000
55.000000
58.000000
59.000000
59.000000
61.000000
64.000000
66.000000
72.000000
73.000000
85.000000
90.000000
91.000000
95.000000
95.000000
103.000000
108.000000
108.000000
117.000000
121.000000
125.000000
128.000000
132.000000
146.000000
158.000000
161.000000
164.000000
169.000000
189.000000
196.000000
197.000000
199.000000
227.000000
228.000000
242.000000
251.000000
281.000000
305.000000
305.000000
329.000000
354.000000
363.000000
376.000000
413.000000
417.000000
445.000000
447.000000
471.000000
478.000000
492.000000
511.000000
528.000000
537.000000
