0.000000
0.000000
0.000000
0.000000
1.000000
1.000000
1.000000
1.000000
1.000000
1.000000
1.000000
1.000000
1.000000
1.000000
2.000000
2.000000
2.000000
2.000000
2.000000
2.000000
2.000000
2.000000
3.000000
3.000000
3.000000
3.000000
3.000000
3.000000
3.000000
3.000000
3.000000
3.000000
4.000000
4.000000
4.000000
4.000000
4.000000
4.000000
5.000000
5.000000
5.000000
5.000000
5.000000
5.000000
5.000000
5.000000
5.000000
5.000000
5.000000
6.000000
6.000000
6.000000
6.000000
6.000000
6.000000
6.000000
7.000000
7.000000
7.000000
7.000000
7.000000
7.000000
8.000000
8.000000
8.000000
8.000000
8.000000
9.000000
9.000000
10.000000
10.000000
10.000000
10.000000
10.000000
11.000000
11.000000
11.000000
11.000000
12.000000
12.000000
12.000000
13.000000
13.000000
13.000000
13.000000
13.000000
13.000000
14.000000
14.000000
14.000000
14.000000
15.000000
15.000000
16.000000
16.000000
16.000000
16.000000
16.000000
16.000000
17.000000
17.000000
17.000000
17.000000
17.000000
18.000000
18.000000
18.000000
18.000000
18.000000
18.000000
19.000000
19.000000
19.000000
20.000000
20.000000
20.000000
20.000000
21.000000
22.000000
22.000000
22.000000
22.000000
22.000000
23.000000
24.000000
24.000000
26.000000
26.000000
27.000000
30.000000
32.000000
33.000000
33.000000
34.000000
36.000000
37.000000
37.000000
37.000000
37.000000
38.000000
41.000000
43.000000
43.000000
44.000000
46.000000
49.000000
49.000000
49.000000
50.000000
57.000000
58.000000
58.000000
59.000000
60.000000
66.000000
67.000000
69.000000
71.000000
74.000000
78.000000
84.000000
92.000000
105.000000
108.000000
117.000000
120.000000
123.000000
132.000000
132.000000
143.000000
147.000000
150.000000
151.000000
158.000000
169.000000
169.000000
194.000000
196.000000
206.000000
226.000000
259.000000
283.000000
300.000000
331.000000
386.000000
425.000000
462.000000
524.000000
554.000000
