0.000000
0.000000
0.000000
0.000000
1.000000
1.000000
1.000000
1.000000
1.000000
2.000000
2.000000
2.000000
2.000000
2.000000
2.000000
2.000000
2.000000
3.000000
3.000000
3.000000
3.000000
4.000000
4.000000
4.000000
4.000000
4.000000
4.000000
5.000000
5.000000
5.000000
5.000000
5.000000
5.000000
5.000000
5.000000
5.000000
5.000000
5.000000
6.000000
6.000000
6.000000
6.000000
6.000000
6.000000
6.000000
6.000000
6.000000
6.000000
6.000000
6.000000
6.000000
7.000000
7.000000
7.000000
7.000000
7.000000
7.000000
8.000000
8.000000
8.000000
8.000000
8.000000
9.000000
9.000000
9.000000
9.000000
9.000000
9.000000
9.000000
10.000000
10.000000
10.000000
10.000000
10.000000
10.000000
10.000000
10.000000
10.000000
10.000000
10.000000
11.000000
11.000000
11.000000
11.000000
11.000000
11.000000
12.000000
12.000000
12.000000
12.000000
12.000000
13.000000
13.000000
13.000000
13.000000
13.000000
13.000000
13.000000
14.000000
14.000000
14.000000
14.000000
14.000000
14.000000
14.000000
14.000000
15.000000
15.000000
15.000000
15.000000
15.000000
15.000000
15.000000
16.000000
16.000000
16.000000
16.000000
17.000000
18.000000
18.000000
18.000000
19.000000
19.000000
19.000000
20.000000
21.000000
22.000000
22.000000
25.000000
25.000000
25.000000
25.000000
25.000000
26.000000
27.000000
27.000000
28.000000
28.000000
31.000000
36.000000
38.000000
38.000000
38.000000
39.000000
41.000000
41.000000
42.000000
43.000000
44.000000
46.000000
47.000000
48.000000
49.000000
49.000000
49.000000
50.000000
51.000000
53.000000
65.000000
66.000000
67.000000
68.000000
69.000000
73.000000
86.000000
91.000000
96.000000
120.000000
145.000000
154.000000
171.000000
186.000000
187.000000
221.000000
238.000000
254.000000
303.000000
330.000000
344.000000
374.000000
386.000000
406.000000
439.000000
463.000000
467.000000
480.000000
504.000000
511.000000
543.000000
