0.000000
0.000000
0.000000
0.000000
1.000000
1.000000
1.000000
1.000000
1.000000
2.000000
2.000000
2.000000
2.000000
2.000000
2.000000
3.000000
3.000000
3.000000
3.000000
3.000000
3.000000
4.000000
4.000000
4.000000
4.000000
4.000000
5.000000
5.000000
5.000000
5.000000
5.000000
5.000000
5.000000
6.000000
6.000000
6.000000
6.000000
6.000000
6.000000
6.000000
6.000000
6.000000
6.000000
6.000000
7.000000
7.000000
7.000000
7.000000
7.000000
7.000000
8.000000
8.000000
8.000000
8.000000
8.000000
8.000000
8.000000
9.000000
9.000000
9.000000
9.000000
9.000000
9.000000
9.000000
10.000000
10.000000
11.000000
11.000000
11.000000
11.000000
11.000000
11.000000
11.000000
11.000000
11.000000
12.000000
12.000000
12.000000
13.000000
13.000000
13.000000
13.000000
13.000000
13.000000
13.000000
13.000000
13.000000
14.000000
14.000000
14.000000
14.000000
14.000000
14.000000
14.000000
15.000000
15.000000
15.000000
16.000000
16.000000
16.000000
16.000000
17.000000
18.000000
18.000000
19.000000
19.000000
20.000000
20.000000
20.000000
21.000000
21.000000
21.000000
22.000000
22.000000
22.000000
22.000000
22.000000
22.000000
23.000000
23.000000
23.000000
23.000000
23.000000
24.000000
24.000000
25.000000
25.000000
27.000000
28.000000
28.000000
28.000000
29.000000
31.000000
32.000000
32.000000
33.000000
36.000000
37.000000
38.000000
38.000000
39.000000
41.000000
42.000000
43.000000
44.000000
46.000000
47.000000
47.000000
47.000000
47.000000
48.000000
54.000000
55.000000
56.000000
57.000000
58.000000
61.000000
62.000000
65.000000
67.000000
69.000000
74.000000
80.000000
80.000000
81.000000
86.000000
97.000000
103.000000
106.000000
112.000000
117.000000
118.000000
127.000000
139.000000
148.000000
158.000000
162.000000
177.000000
181.000000
182.000000
200.000000
204.000000
224.000000
248.000000
279.000000
313.000000
342.000000
370.000000
391.000000
