0.000000
0.000000
0.000000
0.000000
0.000000
1.000000
1.000000
1.000000
1.000000
1.000000
1.000000
1.000000
1.000000
1.000000
2.000000
2.000000
2.000000
2.000000
2.000000
2.000000
2.000000
2.000000
3.000000
3.000000
3.000000
4.000000
4.000000
4.000000
4.000000
4.000000
4.000000
4.000000
5.000000
5.000000
5.000000
5.000000
6.000000
6.000000
6.000000
6.000000
6.000000
6.000000
6.000000
7.000000
7.000000
7.000000
7.000000
7.000000
7.000000
7.000000
7.000000
7.000000
8.000000
8.000000
8.000000
9.000000
9.000000
9.000000
9.000000
10.000000
10.000000
10.000000
10.000000
10.000000
10.000000
11.000000
11.000000
11.000000
11.000000
11.000000
11.000000
11.000000
11.000000
11.000000
11.000000
11.000000
11.000000
12.000000
12.000000
12.000000
12.000000
12.000000
12.000000
12.000000
12.000000
13.000000
13.000000
13.000000
13.000000
13.000000
14.000000
14.000000
14.000000
14.000000
14.000000
14.000000
14.000000
14.000000
15.000000
16.000000
16.000000
16.000000
16.000000
17.000000
17.000000
17.000000
17.000000
18.000000
18.000000
18.000000
19.000000
19.000000
19.000000
19.000000
19.000000
21.000000
23.000000
23.000000
23.000000
23.000000
24.000000
24.000000
24.000000
25.000000
25.000000
27.000000
27.000000
34.000000
35.000000
36.000000
38.000000
39.000000
40.000000
41.000000
43.000000
44.000000
47.000000
49.000000
50.000000
54.000000
54.000000
56.000000
58.000000
60.000000
61.000000
61.000000
63.000000
66.000000
72.000000
76.000000
84.000000
86.000000
95.000000
102.000000
107.000000
124.000000
125.000000
131.000000
141.000000
146.000000
156.000000
163.000000
167.000000
176.000000
179.000000
180.000000
189.000000
199.000000
233.000000
233.000000
257.000000
261.000000
291.000000
299.000000
304.000000
314.000000
341.000000
353.000000
373.000000
377.000000
406.000000
426.000000
439.000000
465.000000
489.000000
509.000000
519.000000
543.000000
545.000000
