0.000000
0.000000
0.000000
0.000000
0.000000
1.000000
1.000000
1.000000
1.000000
1.000000
1.000000
1.000000
1.000000
1.000000
2.000000
2.000000
2.000000
2.000000
3.000000
3.000000
3.000000
3.000000
3.000000
3.000000
3.000000
4.000000
4.000000
4.000000
4.000000
5.000000
5.000000
5.000000
5.000000
5.000000
5.000000
5.000000
5.000000
5.000000
5.000000
6.000000
6.000000
6.000000
6.000000
6.000000
6.000000
6.000000
6.000000
6.000000
6.000000
6.000000
6.000000
7.000000
7.000000
7.000000
7.000000
7.000000
7.000000
7.000000
7.000000
7.000000
8.000000
9.000000
9.000000
9.000000
9.000000
9.000000
9.000000
9.000000
9.000000
9.000000
10.000000
10.000000
10.000000
10.000000
10.000000
10.000000
10.000000
10.000000
10.000000
11.000000
11.000000
11.000000
11.000000
11.000000
11.000000
12.000000
12.000000
12.000000
12.000000
13.000000
13.000000
13.000000
13.000000
13.000000
14.000000
14.000000
14.000000
14.000000
14.000000
14.000000
14.000000
14.000000
15.000000
15.000000
15.000000
15.000000
15.000000
15.000000
16.000000
17.000000
17.000000
17.000000
17.000000
19.000000
19.000000
20.000000
20.000000
20.000000
21.000000
21.000000
22.000000
22.000000
23.000000
23.000000
24.000000
24.000000
25.000000
25.000000
25.000000
25.000000
26.000000
28.000000
28.000000
29.000000
29.000000
29.000000
30.000000
32.000000
33.000000
35.000000
35.000000
39.000000
40.000000
41.000000
42.000000
42.000000
43.000000
45.000000
48.000000
49.000000
49.000000
52.000000
56.000000
58.000000
59.000000
62.000000
66.000000
67.000000
67.000000
85.000000
97.000000
100.000000
121.000000
136.000000
145.000000
146.000000
171.000000
185.000000
204.000000
240.000000
241.000000
262.000000
264.000000
281.000000
291.000000
314.000000
330.000000
344.000000
366.000000
367.000000
383.000000
422.000000
434.000000
444.000000
472.000000
488.000000
501.000000
512.000000
535.000000
