0.000000
0.000000
0.000000
0.000000
0.000000
0.000000
1.000000
1.000000
1.000000
1.000000
1.000000
1.000000
2.000000
2.000000
2.000000
2.000000
2.000000
2.000000
2.000000
3.000000
3.000000
3.000000
3.000000
4.000000
4.000000
4.000000
5.000000
5.000000
5.000000
5.000000
6.000000
6.000000
6.000000
6.000000
6.000000
6.000000
6.000000
6.000000
6.000000
6.000000
6.000000
6.000000
6.000000
7.000000
7.000000
7.000000
7.000000
7.000000
7.000000
7.000000
7.000000
7.000000
8.000000
9.000000
9.000000
9.000000
10.000000
10.000000
10.000000
10.000000
10.000000
10.000000
10.000000
10.000000
10.000000
10.000000
11.000000
11.000000
11.000000
11.000000
12.000000
12.000000
12.000000
12.000000
12.000000
12.000000
13.000000
13.000000
13.000000
13.000000
14.000000
14.000000
14.000000
14.000000
15.000000
15.000000
15.000000
15.000000
15.000000
15.000000
15.000000
16.000000
16.000000
16.000000
16.000000
16.000000
17.000000
18.000000
18.000000
18.000000
19.000000
19.000000
19.000000
19.000000
20.000000
20.000000
20.000000
20.000000
21.000000
21.000000
22.000000
22.000000
22.000000
23.000000
23.000000
24.000000
24.000000
24.000000
25.000000
25.000000
28.000000
28.000000
29.000000
30.000000
34.000000
36.000000
36.000000
39.000000
40.000000
40.000000
40.000000
40.000000
41.000000
44.000000
44.000000
44.000000
47.000000
47.000000
47.000000
48.000000
49.000000
49.000000
49.000000
50.000000
52.000000
55.000000
55.000000
57.000000
62.000000
65.000000
67.000000
70.000000
71.000000
71.000000
84.000000
88.000000
101.000000
103.000000
104.000000
105.000000
112.000000
117.000000
128.000000
130.000000
132.000000
141.000000
142.000000
160.000000
164.000000
167.000000
182.000000
186.000000
188.000000
205.000000
224.000000
236.000000
253.000000
295.000000
301.000000
338.000000
375.000000
450.000000
459.000000
475.000000
492.000000
499.000000
529.000000
530.000000
543.000000
