0.000000
0.000000
0.000000
1.000000
1.000000
1.000000
1.000000
1.000000
1.000000
1.000000
1.000000
1.000000
2.000000
2.000000
2.000000
2.000000
2.000000
2.000000
3.000000
3.000000
3.000000
3.000000
3.000000
3.000000
3.000000
3.000000
4.000000
4.000000
4.000000
4.000000
4.000000
4.000000
5.000000
5.000000
5.000000
5.000000
5.000000
5.000000
5.000000
5.000000
6.000000
6.000000
6.000000
6.000000
6.000000
6.000000
6.000000
6.000000
6.000000
6.000000
6.000000
6.000000
7.000000
7.000000
7.000000
7.000000
7.000000
7.000000
7.000000
7.000000
7.000000
7.000000
8.000000
8.000000
8.000000
8.000000
8.000000
8.000000
8.000000
8.000000
8.000000
8.000000
9.000000
9.000000
9.000000
9.000000
10.000000
10.000000
10.000000
10.000000
10.000000
10.000000
11.000000
11.000000
11.000000
11.000000
11.000000
11.000000
11.000000
11.000000
12.000000
12.000000
12.000000
12.000000
12.000000
13.000000
13.000000
13.000000
14.000000
15.000000
15.000000
16.000000
16.000000
16.000000
16.000000
16.000000
17.000000
17.000000
17.000000
18.000000
18.000000
18.000000
18.000000
19.000000
19.000000
19.000000
19.000000
19.000000
20.000000
20.000000
21.000000
22.000000
22.000000
22.000000
23.000000
23.000000
23.000000
24.000000
25.000000
26.000000
26.000000
26.000000
26.000000
27.000000
29.000000
30.000000
30.000000
31.000000
31.000000
35.000000
35.000000
37.000000
38.000000
39.000000
39.000000
41.000000
42.000000
43.000000
43.000000
44.000000
45.000000
46.000000
46.000000
51.000000
51.000000
61.000000
64.000000
64.000000
66.000000
84.000000
95.000000
100.000000
100.000000
109.000000
157.000000
182.000000
204.000000
207.000000
221.000000
226.000000
240.000000
255.000000
277.000000
278.000000
300.000000
308.000000
317.000000
330.000000
366.000000
398.000000
403.000000
419.000000
436.000000
458.000000
465.000000
480.000000
524.000000
538.000000
548.000000
