0.000000
0.000000
0.000000
0.000000
0.000000
0.000000
1.000000
1.000000
1.000000
1.000000
1.000000
1.000000
1.000000
1.000000
1.000000
2.000000
2.000000
2.000000
2.000000
2.000000
2.000000
2.000000
2.000000
2.000000
3.000000
3.000000
3.000000
4.000000
4.000000
4.000000
4.000000
4.000000
4.000000
4.000000
5.000000
5.000000
5.000000
6.000000
6.000000
6.000000
6.000000
6.000000
6.000000
6.000000
6.000000
6.000000
7.000000
7.000000
7.000000
7.000000
7.000000
7.000000
7.000000
7.000000
7.000000
7.000000
8.000000
8.000000
8.000000
8.000000
8.000000
8.000000
8.000000
9.000000
9.000000
10.000000
10.000000
10.000000
10.000000
10.000000
10.000000
11.000000
11.000000
11.000000
11.000000
11.000000
11.000000
11.000000
12.000000
12.000000
12.000000
12.000000
13.000000
13.000000
13.000000
13.000000
13.000000
14.000000
14.000000
14.000000
14.000000
16.000000
17.000000
17.000000
17.000000
17.000000
18.000000
18.000000
19.000000
19.000000
19.000000
20.000000
20.000000
22.000000
22.000000
23.000000
23.000000
24.000000
24.000000
25.000000
25.000000
26.000000
26.000000
28.000000
28.000000
28.000000
28.000000
29.000000
29.000000
29.000000
29.000000
30.000000
31.000000
31.000000
31.000000
32.000000
32.000000
33.000000
34.000000
36.000000
37.000000
38.000000
38.000000
40.000000
43.000000
44.000000
45.000000
45.000000
48.000000
48.000000
50.000000
53.000000
56.000000
58.000000
61.000000
61.000000
62.000000
64.000000
65.000000
66.000000
66.000000
69.000000
70.000000
73.000000
82.000000
82.000000
91.000000
91.000000
92.000000
95.000000
100.000000
106.000000
110.000000
110.000000
119.000000
124.000000
127.000000
133.000000
157.000000
160.000000
164.000000
184.000000
202.000000
204.000000
229.000000
258.000000
266.000000
296.000000
303.000000
325.000000
367.000000
378.000000
403.000000
427.000000
458.000000
494.000000
508.000000
531.000000
545.000000
