0.000000
0.000000
1.000000
1.000000
1.000000
1.000000
1.000000
1.000000
1.000000
2.000000
2.000000
2.000000
2.000000
2.000000
2.000000
3.000000
3.000000
3.000000
3.000000
3.000000
3.000000
3.000000
3.000000
4.000000
4.000000
4.000000
4.000000
5.000000
5.000000
5.000000
5.000000
5.000000
5.000000
6.000000
6.000000
6.000000
6.000000
6.000000
6.000000
6.000000
6.000000
6.000000
6.000000
6.000000
6.000000
7.000000
7.000000
7.000000
7.000000
7.000000
7.000000
7.000000
7.000000
7.000000
7.000000
8.000000
8.000000
8.000000
8.000000
8.000000
8.000000
8.000000
8.000000
8.000000
9.000000
9.000000
9.000000
9.000000
9.000000
9.000000
9.000000
9.000000
9.000000
10.000000
10.000000
10.000000
10.000000
10.000000
11.000000
11.000000
11.000000
11.000000
11.000000
11.000000
11.000000
11.000000
11.000000
11.000000
11.000000
12.000000
12.000000
12.000000
12.000000
12.000000
12.000000
12.000000
13.000000
13.000000
13.000000
13.000000
13.000000
14.000000
14.000000
14.000000
14.000000
14.000000
15.000000
15.000000
15.000000
16.000000
16.000000
16.000000
17.000000
17.000000
18.000000
18.000000
19.000000
20.000000
20.000000
21.000000
21.000000
21.000000
22.000000
22.000000
22.000000
22.000000
23.000000
23.000000
23.000000
24.000000
24.000000
25.000000
26.000000
27.000000
29.000000
31.000000
31.000000
32.000000
33.000000
34.000000
36.000000
42.000000
43.000000
45.000000
49.000000
51.000000
53.000000
54.000000
58.000000
60.000000
60.000000
61.000000
61.000000
62.000000
65.000000
70.000000
81.000000
82.000000
86.000000
87.000000
103.000000
103.000000
111.000000
134.000000
139.000000
163.000000
164.000000
181.000000
186.000000
239.000000
254.000000
292.000000
301.000000
321.000000
326.000000
351.000000
365.000000
384.000000
394.000000
417.000000
421.000000
441.000000
444.000000
461.000000
485.000000
507.000000
510.000000
546.000000
547.000000
