0.000000
0.000000
0.000000
0.000000
0.000000
0.000000
1.000000
1.000000
1.000000
2.000000
2.000000
2.000000
2.000000
2.000000
3.000000
3.000000
3.000000
4.000000
4.000000
4.000000
4.000000
4.000000
4.000000
4.000000
4.000000
4.000000
4.000000
5.000000
5.000000
5.000000
5.000000
5.000000
5.000000
5.000000
5.000000
5.000000
5.000000
5.000000
6.000000
6.000000
6.000000
6.000000
6.000000
7.000000
7.000000
7.000000
7.000000
8.000000
8.000000
8.000000
8.000000
8.000000
8.000000
8.000000
8.000000
9.000000
9.000000
9.000000
10.000000
10.000000
10.000000
10.000000
10.000000
11.000000
11.000000
11.000000
11.000000
11.000000
12.000000
12.000000
13.000000
13.000000
13.000000
13.000000
13.000000
13.000000
13.000000
14.000000
14.000000
14.000000
14.000000
14.000000
14.000000
14.000000
14.000000
15.000000
15.000000
15.000000
16.000000
16.000000
16.000000
16.000000
17.000000
17.000000
17.000000
17.000000
17.000000
18.000000
18.000000
18.000000
18.000000
19.000000
20.000000
20.000000
21.000000
21.000000
21.000000
22.000000
22.000000
22.000000
23.000000
23.000000
23.000000
24.000000
24.000000
24.000000
25.000000
26.000000
26.000000
26.000000
28.000000
30.000000
30.000000
31.000000
33.000000
33.000000
34.000000
36.000000
38.000000
39.000000
40.000000
43.000000
43.000000
44.000000
47.000000
47.000000
48.000000
49.000000
50.000000
54.000000
55.000000
55.000000
56.000000
56.000000
56.000000
61.000000
63.000000
66.000000
68.000000
71.000000
75.000000
82.000000
94.000000
98.000000
103.000000
107.000000
107.000000
111.000000
118.000000
121.000000
125.000000
130.000000
133.000000
136.000000
145.000000
148.000000
149.000000
158.000000
158.000000
165.000000
174.000000
185.000000
195.000000
199.000000
199.000000
235.000000
270.000000
295.000000
312.000000
319.000000
350.000000
366.000000
386.000000
400.000000
404.000000
433.000000
437.000000
470.000000
475.000000
