0.000000
0.000000
0.000000
0.000000
0.000000
1.000000
1.000000
1.000000
1.000000
1.000000
1.000000
1.000000
1.000000
1.000000
1.000000
1.000000
2.000000
2.000000
2.000000
2.000000
3.000000
3.000000
3.000000
4.000000
4.000000
4.000000
4.000000
4.000000
4.000000
4.000000
5.000000
5.000000
5.000000
5.000000
5.000000
5.000000
5.000000
5.000000
6.000000
6.000000
6.000000
6.000000
6.000000
6.000000
7.000000
7.000000
7.000000
7.000000
7.000000
7.000000
8.000000
8.000000
8.000000
8.000000
9.000000
9.000000
9.000000
9.000000
9.000000
9.000000
9.000000
9.000000
9.000000
9.000000
9.000000
10.000000
10.000000
11.000000
12.000000
12.000000
12.000000
12.000000
12.000000
12.000000
12.000000
12.000000
13.000000
13.000000
13.000000
13.000000
14.000000
14.000000
15.000000
15.000000
16.000000
16.000000
17.000000
17.000000
17.000000
18.000000
18.000000
18.000000
18.000000
19.000000
19.000000
19.000000
19.000000
19.000000
19.000000
19.000000
19.000000
19.000000
20.000000
21.000000
21.000000
21.000000
21.000000
21.000000
22.000000
22.000000
22.000000
22.000000
23.000000
24.000000
24.000000
25.000000
26.000000
27.000000
27.000000
30.000000
30.000000
31.000000
31.000000
31.000000
31.000000
32.000000
33.000000
33.000000
35.000000
36.000000
36.000000
37.000000
39.000000
41.000000
41.000000
42.000000
44.000000
45.000000
46.000000
47.000000
47.000000
48.000000
50.000000
50.000000
53.000000
54.000000
55.000000
58.000000
59.000000
62.000000
63.000000
64.000000
72.000000
73.000000
74.000000
78.000000
80.000000
85.000000
86.000000
103.000000
111.000000
120.000000
136.000000
141.000000
144.000000
152.000000
161.000000
174.000000
182.000000
192.000000
215.000000
235.000000
270.000000
271.000000
289.000000
294.000000
308.000000
317.000000
368.000000
421.000000
440.000000
444.000000
458.000000
466.000000
475.000000
503.000000
504.000000
541.000000
543.000000
