0.000000
1.000000
1.000000
1.000000
1.000000
2.000000
2.000000
2.000000
2.000000
2.000000
2.000000
2.000000
3.000000
3.000000
3.000000
3.000000
3.000000
3.000000
3.000000
3.000000
3.000000
4.000000
4.000000
4.000000
4.000000
5.000000
5.000000
5.000000
5.000000
5.000000
5.000000
5.000000
6.000000
6.000000
6.000000
6.000000
6.000000
7.000000
7.000000
7.000000
7.000000
7.000000
7.000000
7.000000
7.000000
7.000000
7.000000
8.000000
8.000000
8.000000
8.000000
8.000000
8.000000
9.000000
9.000000
9.000000
9.000000
9.000000
9.000000
9.000000
10.000000
10.000000
10.000000
11.000000
11.000000
11.000000
12.000000
12.000000
12.000000
12.000000
12.000000
12.000000
12.000000
12.000000
13.000000
13.000000
13.000000
13.000000
13.000000
14.000000
14.000000
14.000000
14.000000
14.000000
14.000000
14.000000
14.000000
15.000000
15.000000
15.000000
15.000000
15.000000
15.000000
16.000000
16.000000
16.000000
17.000000
17.000000
17.000000
18.000000
18.000000
18.000000
19.000000
19.000000
19.000000
19.000000
20.000000
20.000000
20.000000
21.000000
21.000000
21.000000
22.000000
22.000000
22.000000
23.000000
24.000000
24.000000
24.000000
24.000000
25.000000
25.000000
26.000000
27.000000
29.000000
29.000000
30.000000
32.000000
33.000000
33.000000
34.000000
34.000000
38.000000
39.000000
41.000000
43.000000
43.000000
43.000000
48.000000
49.000000
51.000000
52.000000
53.000000
53.000000
54.000000
54.000000
57.000000
57.000000
61.000000
63.000000
69.000000
71.000000
74.000000
83.000000
84.000000
85.000000
91.000000
96.000000
104.000000
107.000000
127.000000
135.000000
135.000000
156.000000
156.000000
159.000000
161.000000
178.000000
185.000000
219.000000
232.000000
252.000000
269.000000
301.000000
305.000000
333.000000
334.000000
367.000000
371.000000
386.000000
393.000000
425.000000
437.000000
449.000000
473.000000
494.000000
498.000000
518.000000
548.000000
