0.000000
0.000000
1.000000
1.000000
1.000000
2.000000
2.000000
2.000000
2.000000
3.000000
3.000000
3.000000
3.000000
4.000000
4.000000
4.000000
4.000000
4.000000
4.000000
4.000000
5.000000
5.000000
5.000000
5.000000
5.000000
5.000000
5.000000
6.000000
6.000000
6.000000
6.000000
6.000000
6.000000
6.000000
6.000000
6.000000
6.000000
6.000000
7.000000
7.000000
7.000000
7.000000
7.000000
7.000000
7.000000
8.000000
8.000000
8.000000
8.000000
8.000000
8.000000
8.000000
8.000000
8.000000
8.000000
8.000000
8.000000
8.000000
8.000000
8.000000
9.000000
9.000000
10.000000
10.000000
11.000000
11.000000
11.000000
11.000000
11.000000
12.000000
12.000000
12.000000
12.000000
13.000000
13.000000
13.000000
13.000000
13.000000
13.000000
13.000000
14.000000
14.000000
14.000000
14.000000
14.000000
15.000000
15.000000
15.000000
15.000000
16.000000
16.000000
16.000000
17.000000
17.000000
17.000000
17.000000
17.000000
18.000000
18.000000
18.000000
19.000000
19.000000
20.000000
20.000000
20.000000
21.000000
21.000000
21.000000
21.000000
22.000000
22.000000
22.000000
22.000000
23.000000
23.000000
24.000000
24.000000
24.000000
24.000000
25.000000
25.000000
27.000000
28.000000
30.000000
30.000000
33.000000
33.000000
36.000000
38.000000
38.000000
39.000000
41.000000
41.000000
41.000000
44.000000
44.000000
45.000000
46.000000
46.000000
48.000000
49.000000
51.000000
54.000000
56.000000
57.000000
57.000000
58.000000
63.000000
69.000000
69.000000
72.000000
73.000000
77.000000
85.000000
86.000000
92.000000
95.000000
106.000000
109.000000
110.000000
115.000000
124.000000
136.000000
140.000000
143.000000
152.000000
152.000000
164.000000
165.000000
168.000000
185.000000
192.000000
204.000000
228.000000
258.000000
279.000000
286.000000
292.000000
316.000000
332.000000
334.000000
355.000000
360.000000
385.000000
393.000000
408.000000
414.000000
435.000000
473.000000
