0.000000
0.000000
0.000000
0.000000
0.000000
1.000000
1.000000
1.000000
1.000000
1.000000
1.000000
1.000000
2.000000
2.000000
3.000000
3.000000
3.000000
3.000000
3.000000
3.000000
3.000000
3.000000
4.000000
4.000000
4.000000
4.000000
5.000000
5.000000
5.000000
5.000000
5.000000
5.000000
5.000000
5.000000
5.000000
5.000000
6.000000
6.000000
6.000000
6.000000
6.000000
6.000000
6.000000
6.000000
7.000000
7.000000
7.000000
7.000000
7.000000
8.000000
8.000000
8.000000
8.000000
8.000000
9.000000
9.000000
9.000000
9.000000
9.000000
9.000000
9.000000
9.000000
9.000000
9.000000
9.000000
9.000000
10.000000
10.000000
10.000000
10.000000
10.000000
11.000000
11.000000
11.000000
11.000000
11.000000
11.000000
11.000000
11.000000
12.000000
12.000000
12.000000
12.000000
13.000000
13.000000
13.000000
14.000000
14.000000
14.000000
14.000000
14.000000
15.000000
15.000000
15.000000
15.000000
15.000000
15.000000
15.000000
15.000000
15.000000
16.000000
16.000000
16.000000
17.000000
17.000000
18.000000
18.000000
18.000000
19.000000
20.000000
20.000000
20.000000
21.000000
21.000000
22.000000
22.000000
22.000000
23.000000
23.000000
26.000000
26.000000
29.000000
30.000000
31.000000
32.000000
33.000000
33.000000
35.000000
36.000000
37.000000
37.000000
37.000000
40.000000
42.000000
42.000000
42.000000
42.000000
44.000000
45.000000
45.000000
49.000000
51.000000
52.000000
52.000000
54.000000
55.000000
55.000000
58.000000
59.000000
60.000000
61.000000
67.000000
67.000000
75.000000
75.000000
83.000000
84.000000
94.000000
95.000000
99.000000
99.000000
100.000000
108.000000
121.000000
138.000000
141.000000
156.000000
161.000000
188.000000
199.000000
199.000000
235.000000
251.000000
258.000000
272.000000
306.000000
325.000000
353.000000
385.000000
404.000000
404.000000
422.000000
439.000000
467.000000
480.000000
502.000000
505.000000
530.000000
540.000000
