0.000000
0.000000
0.000000
0.000000
1.000000
1.000000
1.000000
1.000000
1.000000
1.000000
1.000000
1.000000
1.000000
2.000000
2.000000
2.000000
2.000000
3.000000
3.000000
3.000000
3.000000
4.000000
4.000000
4.000000
4.000000
4.000000
4.000000
4.000000
5.000000
5.000000
5.000000
5.000000
5.000000
5.000000
5.000000
5.000000
6.000000
6.000000
6.000000
6.000000
7.000000
7.000000
7.000000
7.000000
7.000000
7.000000
7.000000
7.000000
7.000000
7.000000
8.000000
8.000000
8.000000
8.000000
8.000000
9.000000
9.000000
9.000000
9.000000
9.000000
9.000000
9.000000
10.000000
10.000000
10.000000
10.000000
10.000000
10.000000
10.000000
10.000000
10.000000
10.000000
11.000000
11.000000
12.000000
12.000000
12.000000
12.000000
12.000000
13.000000
14.000000
14.000000
14.000000
15.000000
15.000000
15.000000
15.000000
15.000000
15.000000
15.000000
16.000000
16.000000
16.000000
16.000000
16.000000
16.000000
16.000000
17.000000
17.000000
17.000000
18.000000
18.000000
18.000000
18.000000
18.000000
18.000000
19.000000
20.000000
20.000000
23.000000
23.000000
23.000000
24.000000
24.000000
25.000000
25.000000
26.000000
28.000000
28.000000
29.000000
29.000000
29.000000
30.000000
30.000000
31.000000
32.000000
34.000000
39.000000
40.000000
40.000000
42.000000
43.000000
44.000000
49.000000
49.000000
51.000000
52.000000
53.000000
53.000000
55.000000
57.000000
60.000000
62.000000
63.000000
64.000000
66.000000
67.000000
73.000000
74.000000
82.000000
91.000000
92.000000
107.000000
110.000000
113.000000
120.000000
125.000000
137.000000
142.000000
154.000000
154.000000
158.000000
160.000000
161.000000
176.000000
182.000000
185.000000
188.000000
191.000000
206.000000
209.000000
233.000000
237.000000
256.000000
275.000000
277.000000
315.000000
336.000000
359.000000
378.000000
402.000000
409.000000
441.000000
446.000000
471.000000
498.000000
519.000000
531.000000
549.000000
