0.000000
0.000000
0.000000
0.000000
1.000000
1.000000
1.000000
1.000000
1.000000
1.000000
1.000000
1.000000
1.000000
1.000000
1.000000
2.000000
2.000000
2.000000
2.000000
2.000000
2.000000
2.000000
2.000000
2.000000
2.000000
3.000000
3.000000
3.000000
3.000000
4.000000
4.000000
4.000000
4.000000
4.000000
4.000000
5.000000
5.000000
5.000000
5.000000
5.000000
5.000000
5.000000
6.000000
6.000000
6.000000
6.000000
6.000000
6.000000
6.000000
7.000000
7.000000
7.000000
7.000000
7.000000
8.000000
8.000000
8.000000
8.000000
8.000000
8.000000
8.000000
9.000000
9.000000
9.000000
10.000000
10.000000
10.000000
10.000000
10.000000
10.000000
10.000000
10.000000
10.000000
10.000000
10.000000
10.000000
11.000000
11.000000
11.000000
11.000000
11.000000
12.000000
12.000000
12.000000
12.000000
12.000000
12.000000
13.000000
13.000000
13.000000
14.000000
14.000000
15.000000
15.000000
16.000000
16.000000
16.000000
16.000000
16.000000
17.000000
17.000000
17.000000
17.000000
17.000000
17.000000
18.000000
18.000000
18.000000
18.000000
18.000000
19.000000
19.000000
19.000000
19.000000
19.000000
20.000000
25.000000
26.000000
26.000000
26.000000
27.000000
28.000000
28.000000
29.000000
29.000000
29.000000
30.000000
31.000000
33.000000
34.000000
34.000000
35.000000
40.000000
40.000000
42.000000
43.000000
44.000000
45.000000
45.000000
46.000000
46.000000
48.000000
55.000000
56.000000
58.000000
59.000000
59.000000
61.000000
62.000000
64.000000
67.000000
70.000000
73.000000
74.000000
74.000000
86.000000
94.000000
97.000000
101.000000
102.000000
109.000000
118.000000
121.000000
127.000000
127.000000
128.000000
136.000000
155.000000
160.000000
163.000000
179.000000
193.000000
196.000000
197.000000
230.000000
240.000000
267.000000
294.000000
332.000000
342.000000
361.000000
367.000000
391.000000
403.000000
422.000000
458.000000
472.000000
509.000000
542.000000
