0.000000
1.000000
1.000000
1.000000
1.000000
1.000000
1.000000
1.000000
1.000000
1.000000
1.000000
2.000000
2.000000
2.000000
2.000000
2.000000
3.000000
3.000000
3.000000
3.000000
3.000000
3.000000
3.000000
3.000000
3.000000
3.000000
4.000000
4.000000
4.000000
4.000000
4.000000
4.000000
4.000000
4.000000
5.000000
5.000000
5.000000
5.000000
5.000000
5.000000
5.000000
6.000000
6.000000
6.000000
6.000000
6.000000
7.000000
7.000000
7.000000
7.000000
7.000000
7.000000
7.000000
7.000000
8.000000
8.000000
8.000000
8.000000
8.000000
8.000000
8.000000
9.000000
9.000000
9.000000
9.000000
9.000000
9.000000
9.000000
9.000000
9.000000
9.000000
9.000000
10.000000
10.000000
10.000000
10.000000
10.000000
10.000000
10.000000
10.000000
10.000000
10.000000
10.000000
11.000000
11.000000
11.000000
11.000000
11.000000
12.000000
12.000000
12.000000
12.000000
12.000000
12.000000
12.000000
13.000000
13.000000
13.000000
13.000000
14.000000
14.000000
15.000000
15.000000
15.000000
15.000000
15.000000
15.000000
15.000000
15.000000
15.000000
16.000000
16.000000
17.000000
17.000000
18.000000
18.000000
18.000000
19.000000
19.000000
19.000000
20.000000
20.000000
20.000000
21.000000
21.000000
22.000000
22.000000
23.000000
23.000000
24.000000
25.000000
26.000000
26.000000
27.000000
27.000000
28.000000
29.000000
35.000000
35.000000
36.000000
37.000000
38.000000
39.000000
40.000000
41.000000
42.000000
45.000000
47.000000
48.000000
49.000000
50.000000
51.000000
55.000000
55.000000
57.000000
63.000000
68.000000
68.000000
74.000000
79.000000
81.000000
82.000000
97.000000
104.000000
120.000000
130.000000
133.000000
155.000000
155.000000
156.000000
175.000000
204.000000
236.000000
266.000000
294.000000
329.000000
346.000000
359.000000
362.000000
396.000000
411.000000
435.000000
438.000000
490.000000
494.000000
514.000000
521.000000
538.000000
547.000000
