0.000000
0.000000
0.000000
0.000000
1.000000
1.000000
1.000000
1.000000
1.000000
1.000000
1.000000
1.000000
1.000000
1.000000
2.000000
2.000000
2.000000
2.000000
2.000000
2.000000
2.000000
2.000000
3.000000
3.000000
3.000000
3.000000
3.000000
3.000000
3.000000
4.000000
4.000000
4.000000
4.000000
4.000000
4.000000
4.000000
4.000000
5.000000
5.000000
5.000000
5.000000
5.000000
5.000000
5.000000
5.000000
5.000000
5.000000
6.000000
6.000000
6.000000
6.000000
6.000000
6.000000
6.000000
7.000000
7.000000
7.000000
7.000000
7.000000
7.000000
7.000000
7.000000
7.000000
8.000000
8.000000
8.000000
8.000000
8.000000
8.000000
8.000000
9.000000
9.000000
9.000000
9.000000
9.000000
9.000000
9.000000
9.000000
9.000000
10.000000
10.000000
10.000000
10.000000
10.000000
11.000000
11.000000
11.000000
11.000000
12.000000
12.000000
12.000000
13.000000
13.000000
13.000000
13.000000
13.000000
14.000000
14.000000
14.000000
14.000000
14.000000
14.000000
14.000000
14.000000
14.000000
15.000000
15.000000
15.000000
15.000000
15.000000
15.000000
15.000000
16.000000
16.000000
17.000000
17.000000
18.000000
18.000000
18.000000
19.000000
19.000000
20.000000
20.000000
20.000000
21.000000
21.000000
21.000000
21.000000
21.000000
23.000000
24.000000
24.000000
24.000000
24.000000
28.000000
30.000000
31.000000
32.000000
32.000000
32.000000
34.000000
36.000000
37.000000
37.000000
38.000000
39.000000
45.000000
45.000000
45.000000
45.000000
45.000000
46.000000
48.000000
49.000000
49.000000
53.000000
56.000000
61.000000
66.000000
68.000000
72.000000
73.000000
84.000000
94.000000
97.000000
99.000000
115.000000
119.000000
120.000000
139.000000
168.000000
191.000000
258.000000
272.000000
293.000000
302.000000
310.000000
326.000000
375.000000
395.000000
402.000000
432.000000
458.000000
471.000000
478.000000
511.000000
526.000000
535.000000
552.000000
