0.000000
0.000000
0.000000
0.000000
1.000000
1.000000
1.000000
1.000000
1.000000
1.000000
1.000000
1.000000
1.000000
1.000000
1.000000
2.000000
2.000000
2.000000
3.000000
3.000000
3.000000
3.000000
3.000000
3.000000
3.000000
3.000000
3.000000
3.000000
4.000000
4.000000
4.000000
4.000000
4.000000
5.000000
5.000000
5.000000
5.000000
5.000000
5.000000
5.000000
6.000000
6.000000
6.000000
7.000000
7.000000
7.000000
7.000000
7.000000
7.000000
8.000000
8.000000
8.000000
8.000000
8.000000
8.000000
8.000000
8.000000
8.000000
8.000000
8.000000
8.000000
8.000000
9.000000
9.000000
9.000000
9.000000
9.000000
9.000000
9.000000
9.000000
10.000000
10.000000
10.000000
10.000000
10.000000
11.000000
11.000000
11.000000
11.000000
11.000000
11.000000
11.000000
12.000000
12.000000
12.000000
12.000000
12.000000
12.000000
12.000000
13.000000
13.000000
13.000000
13.000000
13.000000
13.000000
13.000000
13.000000
13.000000
14.000000
14.000000
14.000000
14.000000
14.000000
14.000000
14.000000
15.000000
15.000000
15.000000
15.000000
16.000000
16.000000
16.000000
16.000000
16.000000
16.000000
17.000000
17.000000
17.000000
18.000000
18.000000
18.000000
19.000000
19.000000
20.000000
21.000000
21.000000
21.000000
23.000000
24.000000
24.000000
25.000000
26.000000
27.000000
27.000000
28.000000
28.000000
29.000000
29.000000
29.000000
30.000000
31.000000
31.000000
31.000000
33.000000
37.000000
41.000000
44.000000
46.000000
46.000000
47.000000
47.000000
48.000000
52.000000
56.000000
62.000000
63.000000
64.000000
64.000000
65.000000
67.000000
91.000000
104.000000
109.000000
132.000000
154.000000
167.000000
183.000000
206.000000
229.000000
236.000000
254.000000
258.000000
279.000000
293.000000
312.000000
326.000000
349.000000
364.000000
372.000000
389.000000
393.000000
438.000000
466.000000
475.000000
489.000000
491.000000
513.000000
530.000000
552.000000
