0.000000
0.000000
0.000000
0.000000
0.000000
0.000000
1.000000
1.000000
1.000000
1.000000
1.000000
1.000000
1.000000
2.000000
2.000000
2.000000
2.000000
2.000000
2.000000
2.000000
2.000000
3.000000
3.000000
3.000000
3.000000
4.000000
4.000000
4.000000
4.000000
4.000000
4.000000
4.000000
4.000000
4.000000
5.000000
5.000000
5.000000
5.000000
5.000000
5.000000
5.000000
5.000000
5.000000
6.000000
6.000000
6.000000
6.000000
6.000000
6.000000
6.000000
6.000000
7.000000
7.000000
7.000000
7.000000
7.000000
7.000000
8.000000
8.000000
8.000000
8.000000
8.000000
9.000000
9.000000
9.000000
9.000000
9.000000
9.000000
9.000000
9.000000
9.000000
10.000000
10.000000
10.000000
11.000000
11.000000
11.000000
11.000000
11.000000
11.000000
11.000000
11.000000
11.000000
11.000000
12.000000
12.000000
12.000000
12.000000
13.000000
13.000000
13.000000
13.000000
13.000000
13.000000
14.000000
14.000000
14.000000
14.000000
14.000000
14.000000
15.000000
16.000000
16.000000
16.000000
17.000000
17.000000
17.000000
17.000000
17.000000
17.000000
17.000000
17.000000
18.000000
18.000000
18.000000
18.000000
19.000000
19.000000
19.000000
20.000000
20.000000
21.000000
21.000000
22.000000
22.000000
22.000000
23.000000
24.000000
26.000000
27.000000
27.000000
30.000000
30.000000
31.000000
31.000000
31.000000
33.000000
33.000000
35.000000
35.000000
37.000000
38.000000
42.000000
45.000000
46.000000
48.000000
49.000000
49.000000
50.000000
52.000000
53.000000
56.000000
57.000000
61.000000
62.000000
78.000000
79.000000
85.000000
88.000000
98.000000
103.000000
110.000000
133.000000
135.000000
136.000000
149.000000
168.000000
172.000000
181.000000
205.000000
228.000000
245.000000
276.000000
294.000000
298.000000
327.000000
331.000000
347.000000
350.000000
380.000000
386.000000
402.000000
408.000000
452.000000
470.000000
476.000000
499.000000
508.000000
537.000000
