0.000000
0.000000
0.000000
0.000000
0.000000
1.000000
1.000000
1.000000
1.000000
1.000000
2.000000
2.000000
2.000000
2.000000
2.000000
2.000000
2.000000
2.000000
3.000000
3.000000
3.000000
4.000000
4.000000
4.000000
4.000000
4.000000
4.000000
4.000000
5.000000
5.000000
5.000000
5.000000
5.000000
5.000000
6.000000
6.000000
6.000000
6.000000
6.000000
6.000000
6.000000
6.000000
6.000000
6.000000
7.000000
7.000000
7.000000
7.000000
7.000000
7.000000
7.000000
7.000000
7.000000
7.000000
8.000000
8.000000
8.000000
8.000000
8.000000
8.000000
9.000000
9.000000
9.000000
9.000000
9.000000
9.000000
9.000000
10.000000
10.000000
10.000000
11.000000
11.000000
11.000000
12.000000
12.000000
12.000000
12.000000
12.000000
12.000000
12.000000
13.000000
13.000000
13.000000
13.000000
13.000000
14.000000
14.000000
14.000000
14.000000
14.000000
15.000000
15.000000
16.000000
16.000000
16.000000
16.000000
17.000000
17.000000
17.000000
17.000000
17.000000
18.000000
19.000000
20.000000
21.000000
21.000000
21.000000
22.000000
22.000000
23.000000
23.000000
23.000000
24.000000
24.000000
25.000000
26.000000
26.000000
27.000000
28.000000
31.000000
32.000000
32.000000
33.000000
34.000000
35.000000
36.000000
37.000000
39.000000
41.000000
46.000000
47.000000
49.000000
49.000000
49.000000
49.000000
49.000000
50.000000
51.000000
51.000000
53.000000
55.000000
55.000000
58.000000
58.000000
61.000000
63.000000
66.000000
67.000000
72.000000
74.000000
76.000000
77.000000
77.000000
86.000000
88.000000
93.000000
95.000000
102.000000
111.000000
113.000000
115.000000
121.000000
123.000000
140.000000
146.000000
147.000000
154.000000
159.000000
170.000000
171.000000
190.000000
198.000000
205.000000
208.000000
223.000000
230.000000
247.000000
271.000000
278.000000
307.000000
314.000000
328.000000
365.000000
384.000000
398.000000
438.000000
476.000000
505.000000
547.000000
