0.000000
0.000000
0.000000
0.000000
0.000000
1.000000
1.000000
1.000000
2.000000
2.000000
2.000000
2.000000
2.000000
2.000000
2.000000
3.000000
3.000000
3.000000
3.000000
3.000000
3.000000
3.000000
3.000000
3.000000
3.000000
3.000000
3.000000
3.000000
4.000000
4.000000
4.000000
4.000000
4.000000
5.000000
5.000000
5.000000
5.000000
6.000000
6.000000
6.000000
6.000000
6.000000
7.000000
7.000000
7.000000
7.000000
8.000000
8.000000
8.000000
8.000000
9.000000
9.000000
9.000000
9.000000
9.000000
9.000000
9.000000
10.000000
10.000000
10.000000
10.000000
10.000000
10.000000
10.000000
10.000000
10.000000
10.000000
10.000000
10.000000
10.000000
11.000000
11.000000
11.000000
11.000000
11.000000
11.000000
12.000000
12.000000
12.000000
12.000000
12.000000
12.000000
13.000000
14.000000
14.000000
14.000000
14.000000
14.000000
14.000000
15.000000
15.000000
15.000000
15.000000
15.000000
15.000000
16.000000
16.000000
16.000000
16.000000
17.000000
17.000000
17.000000
17.000000
17.000000
17.000000
18.000000
18.000000
18.000000
18.000000
19.000000
19.000000
20.000000
20.000000
21.000000
21.000000
21.000000
22.000000
22.000000
23.000000
23.000000
23.000000
23.000000
25.000000
25.000000
25.000000
28.000000
28.000000
28.000000
31.000000
33.000000
34.000000
35.000000
35.000000
38.000000
39.000000
40.000000
43.000000
44.000000
44.000000
45.000000
45.000000
47.000000
52.000000
53.000000
53.000000
54.000000
54.000000
57.000000
58.000000
58.000000
58.000000
59.000000
61.000000
61.000000
62.000000
63.000000
72.000000
76.000000
84.000000
84.000000
87.000000
94.000000
96.000000
107.000000
109.000000
115.000000
119.000000
126.000000
139.000000
149.000000
150.000000
157.000000
187.000000
194.000000
219.000000
238.000000
279.000000
296.000000
297.000000
338.000000
359.000000
394.000000
413.000000
416.000000
434.000000
455.000000
458.000000
489.000000
529.000000
