0.000000
0.000000
0.000000
1.000000
1.000000
1.000000
1.000000
1.000000
1.000000
2.000000
2.000000
2.000000
2.000000
2.000000
3.000000
3.000000
3.000000
3.000000
3.000000
3.000000
4.000000
4.000000
4.000000
4.000000
4.000000
4.000000
5.000000
5.000000
5.000000
5.000000
5.000000
6.000000
6.000000
6.000000
6.000000
6.000000
6.000000
6.000000
6.000000
7.000000
7.000000
7.000000
7.000000
7.000000
7.000000
7.000000
8.000000
8.000000
8.000000
8.000000
8.000000
8.000000
8.000000
8.000000
8.000000
9.000000
9.000000
9.000000
9.000000
9.000000
9.000000
9.000000
10.000000
10.000000
10.000000
10.000000
10.000000
10.000000
10.000000
11.000000
11.000000
11.000000
11.000000
11.000000
11.000000
12.000000
12.000000
12.000000
12.000000
12.000000
13.000000
13.000000
13.000000
13.000000
13.000000
13.000000
13.000000
13.000000
14.000000
14.000000
14.000000
14.000000
15.000000
15.000000
15.000000
15.000000
16.000000
16.000000
16.000000
16.000000
16.000000
17.000000
17.000000
17.000000
17.000000
17.000000
18.000000
18.000000
19.000000
19.000000
20.000000
21.000000
22.000000
22.000000
22.000000
22.000000
22.000000
23.000000
23.000000
23.000000
23.000000
25.000000
26.000000
31.000000
32.000000
32.000000
33.000000
34.000000
36.000000
36.000000
37.000000
38.000000
38.000000
39.000000
39.000000
39.000000
40.000000
44.000000
46.000000
46.000000
48.000000
48.000000
49.000000
50.000000
51.000000
51.000000
54.000000
55.000000
59.000000
62.000000
63.000000
64.000000
68.000000
70.000000
71.000000
72.000000
73.000000
78.000000
91.000000
96.000000
100.000000
101.000000
105.000000
144.000000
152.000000
157.000000
158.000000
216.000000
228.000000
234.000000
250.000000
258.000000
288.000000
294.000000
327.000000
327.000000
352.000000
352.000000
390.000000
390.000000
408.000000
418.000000
435.000000
451.000000
453.000000
472.000000
487.000000
510.000000
524.000000
