0.000000
0.000000
0.000000
1.000000
1.000000
1.000000
1.000000
1.000000
1.000000
1.000000
1.000000
1.000000
1.000000
2.000000
2.000000
2.000000
3.000000
3.000000
3.000000
4.000000
4.000000
4.000000
4.000000
4.000000
4.000000
4.000000
4.000000
5.000000
5.000000
5.000000
5.000000
5.000000
5.000000
5.000000
5.000000
5.000000
5.000000
5.000000
6.000000
6.000000
6.000000
6.000000
6.000000
6.000000
6.000000
6.000000
6.000000
7.000000
7.000000
7.000000
7.000000
7.000000
8.000000
8.000000
8.000000
9.000000
9.000000
9.000000
9.000000
9.000000
9.000000
9.000000
10.000000
10.000000
10.000000
10.000000
11.000000
11.000000
11.000000
11.000000
11.000000
11.000000
11.000000
12.000000
12.000000
12.000000
12.000000
12.000000
12.000000
12.000000
12.000000
13.000000
13.000000
13.000000
13.000000
13.000000
14.000000
14.000000
14.000000
14.000000
15.000000
15.000000
15.000000
15.000000
15.000000
15.000000
16.000000
16.000000
16.000000
16.000000
17.000000
17.000000
17.000000
17.000000
17.000000
18.000000
18.000000
18.000000
19.000000
19.000000
19.000000
19.000000
20.000000
21.000000
21.000000
22.000000
23.000000
23.000000
23.000000
23.000000
23.000000
23.000000
24.000000
24.000000
24.000000
25.000000
30.000000
31.000000
33.000000
34.000000
35.000000
36.000000
36.000000
37.000000
40.000000
40.000000
41.000000
42.000000
43.000000
43.000000
43.000000
46.000000
47.000000
49.000000
50.000000
50.000000
58.000000
59.000000
60.000000
63.000000
70.000000
71.000000
73.000000
74.000000
78.000000
83.000000
85.000000
99.000000
102.000000
108.000000
111.000000
112.000000
118.000000
122.000000
134.000000
136.000000
148.000000
152.000000
159.000000
175.000000
180.000000
186.000000
186.000000
205.000000
213.000000
231.000000
234.000000
265.000000
290.000000
316.000000
332.000000
408.000000
456.000000
466.000000
494.000000
514.000000
521.000000
536.000000
540.000000
