0.000000
0.000000
0.000000
0.000000
0.000000
0.000000
1.000000
1.000000
1.000000
1.000000
1.000000
1.000000
1.000000
1.000000
1.000000
2.000000
2.000000
2.000000
2.000000
2.000000
2.000000
3.000000
3.000000
3.000000
3.000000
3.000000
3.000000
4.000000
4.000000
4.000000
4.000000
4.000000
5.000000
5.000000
5.000000
5.000000
5.000000
5.000000
5.000000
5.000000
6.000000
6.000000
6.000000
6.000000
6.000000
6.000000
6.000000
6.000000
6.000000
6.000000
6.000000
6.000000
7.000000
7.000000
7.000000
7.000000
7.000000
7.000000
7.000000
7.000000
7.000000
8.000000
8.000000
8.000000
8.000000
8.000000
8.000000
8.000000
8.000000
8.000000
8.000000
9.000000
9.000000
9.000000
10.000000
10.000000
10.000000
10.000000
10.000000
10.000000
11.000000
11.000000
11.000000
11.000000
11.000000
11.000000
11.000000
11.000000
12.000000
12.000000
12.000000
13.000000
13.000000
13.000000
13.000000
13.000000
13.000000
14.000000
14.000000
14.000000
14.000000
15.000000
15.000000
15.000000
15.000000
15.000000
16.000000
16.000000
16.000000
16.000000
16.000000
16.000000
17.000000
17.000000
17.000000
17.000000
18.000000
19.000000
20.000000
21.000000
21.000000
21.000000
21.000000
21.000000
21.000000
22.000000
22.000000
23.000000
23.000000
25.000000
26.000000
27.000000
28.000000
28.000000
28.000000
28.000000
28.000000
28.000000
30.000000
31.000000
33.000000
36.000000
38.000000
40.000000
40.000000
41.000000
41.000000
41.000000
42.000000
44.000000
44.000000
49.000000
54.000000
55.000000
55.000000
60.000000
62.000000
64.000000
64.000000
73.000000
73.000000
81.000000
101.000000
131.000000
168.000000
190.000000
193.000000
218.000000
219.000000
242.000000
243.000000
257.000000
272.000000
276.000000
294.000000
313.000000
336.000000
353.000000
362.000000
400.000000
402.000000
429.000000
439.000000
455.000000
494.000000
502.000000
516.000000
525.000000
549.000000
