0.000000
0.000000
0.000000
0.000000
0.000000
0.000000
0.000000
0.000000
0.000000
0.000000
0.000000
0.000000
0.000000
0.000000
0.000000
0.000000
0.000000
0.000000
0.000000
0.000000
0.000000
0.000000
0.000000
0.000000
0.007800
0.022500
0.000000
0.000000
0.000000
0.000000
0.052300
0.000000
0.006000
0.000000
0.026500
0.038600
0.018700
0.040500
0.048700
0.000000
0.000000
0.000000
0.000000
0.000000
0.000000
0.000000
0.000000
0.000000
0.000000
0.000000
0.000000
0.000000
0.007000
0.000000
0.000000
0.000000
0.000000
0.000000
0.000000
0.000000
0.000000
0.000000
0.037700
0.035800
0.000000
0.000000
0.000000
0.000000
0.000000
0.000000
0.000000
0.000000
0.000000
0.015000
0.000000
0.000000
0.000000
0.000000
0.000000
0.000000
0.000000
0.023600
0.026000
0.000000
0.000000
0.000000
0.000000
0.000000
0.000000
0.000000
0.000000
0.000000
0.000000
0.016000
0.000000
0.000000
0.000000
0.000000
0.000000
0.000000
0.000000
0.000000
0.000000
0.000000
0.000000
0.000000
0.000000
0.000000
0.000000
0.000000
0.000000
0.000000
0.000000
0.000000
0.000000
0.000000
0.019400
0.000000
0.000000
0.000000
0.000000
0.000000
0.000000
0.000000
0.000000
0.000000
0.000000
0.000000
0.000000
0.000000
0.007700
0.019000
0.000000
0.000000
0.000000
0.000000
0.000000
0.000000
0.000000
0.000000
0.000000
0.000000
0.000000
0.000000
0.050700
0.000000
0.000000
0.000000
0.000000
0.040300
0.000000
0.000000
0.000000
0.000000
0.006800
0.000000
0.000000
0.000000
0.000000
0.000000
0.000000
0.000000
0.000000
0.018000
0.000000
0.018400
0.000000
0.000000
0.000000
0.000000
0.000000
0.000000
0.000000
0.000000
0.000000
0.000000
0.023200
0.000000
0.000000
0.000000
0.000000
0.000000
0.000000
0.000000
0.033000
0.000000
0.004600
0.000000
0.000000
0.000000
0.000000
0.000000
0.000000
0.000000
0.000000
0.000000
0.000000
0.021900
0.000000
0.000000
0.000000
0.000000
0.000000
0.000000
0.000000
0.000000
0.000000
0.000000
0.000000
0.000000
0.000000
0.000000
0.000000
0.000000
0.000000
0.000000
0.000000
0.000000
0.000000
0.000000
0.000000
0.000000
0.000000
0.000000
0.018900
0.000000
0.000000
0.000000
0.000000
0.032200
0.000000
0.000000
0.000000
0.000000
0.000000
0.000000
0.000000
0.000000
0.000000
0.000000
0.022800
0.000000
0.000000
0.000000
0.000000
0.011500
0.000000
0.000000
0.037000
0.018700
0.021100
0.000000
0.000000
0.000000
0.027300
0.000000
0.000000
0.000000
0.000000
0.000000
0.000000
0.000000
0.031400
0.000000
0.011500
0.000000
0.000000
0.000000
0.000000
0.000000
0.004100
0.000000
0.000000
0.000000
0.000000
0.004700
0.013200
0.034600
0.000000
0.000000
0.000000
0.000000
0.000000
0.000000
0.000000
0.000000
0.000000
0.000000
0.000000
0.000000
0.000000
0.000000
0.000000
0.000000
0.000000
0.000000
0.000000
0.000000
0.028000
0.019800
0.000000
0.000000
0.045100
0.000000
0.000000
0.000000
0.000000
0.000000
0.000000
0.000000
0.000000
0.000000
0.019700
0.000000
0.000000
0.000000
0.000000
0.000000
0.000000
0.000000
0.000000
0.000000
0.000000
0.000000
0.000000
0.000000
0.000000
0.000000
0.000000
0.000000
0.000000
0.000000
0.000000
0.050100
0.000000
0.000000
0.000000
0.000000
0.007400
0.000000
0.000000
0.000000
0.000000
0.045700
0.000000
0.000000
0.000000
0.000000
0.000000
0.000000
0.000000
0.000000
0.000000
0.000000
0.000000
0.000000
0.000000
0.000000
0.000000
0.017400
0.000000
0.000000
0.000000
0.000000
0.000000
0.000000
0.000000
0.000000
0.000000
0.000000
0.000000
0.000000
0.005000
0.000000
0.021700
0.000000
0.020500
0.017200
0.000000
0.000000
0.000000
0.000000
0.000000
0.000000
0.000000
0.000000
0.000000
0.000000
0.000000
0.036900
0.000000
0.000000
0.000000
0.000000
0.000000
0.015300
0.000000
0.000000
0.015300
0.000000
0.000000
0.000000
0.000000
0.000000
0.000000
0.000000
0.000000
0.000000
0.000000
0.000000
0.000000
0.000000
0.000000
0.000000
0.000000
0.000000
0.000000
0.000000
0.000000
0.000000
0.000000
0.000000
0.000000
0.000000
0.000000
0.017300
0.000000
0.000000
0.019600
0.000000
0.000000
0.000000
0.000000
0.000000
0.000000
0.000000
0.000000
0.000000
0.000000
0.000000
0.000000
0.000000
0.000000
0.000000
0.000000
0.000000
0.000000
0.000000
0.000000
0.000000
0.000000
0.000000
0.000000
0.000000
0.000000
0.000000
0.000000
0.000000
0.000000
0.000000
0.000000
0.000000
0.000000
0.000000
0.000000
0.020500
0.000000
0.000000
0.000000
0.040800
0.000000
0.000000
0.000000
0.016000
0.000000
0.000000
0.000000
0.018000
0.000000
0.000000
0.000000
0.000000
0.000000
0.000000
0.000000
0.000000
0.000000
0.000000
0.000000
0.013700
0.000000
0.000000
0.000000
0.000000
0.000000
0.004700
0.000000
0.000000
0.000000
0.000000
0.000000
0.000000
0.000000
0.000000
0.023400
0.000000
0.000000
0.000000
0.000000
0.000000
0.044700
0.004700
0.000000
0.000000
0.000000
0.000000
0.000000
0.000000
0.000000
0.024500
0.000000
0.000000
0.024700
0.000000
0.000000
0.000000
0.000000
0.000000
0.000000
0.000000
0.000000
0.000000
0.000000
0.000000
0.019800
0.000000
0.000000
0.000000
0.017100
0.000000
0.000000
0.000000
0.000000
0.000000
0.000000
0.022500
0.000000
0.000000
0.000000
0.000000
0.000000
0.017800
0.000000
0.000000
0.000000
0.000000
0.000000
0.016400
0.015700
0.000000
0.000000
0.000000
0.000000
0.000000
0.026200
0.000000
0.000000
0.006000
0.000000
0.000000
0.000000
0.004600
0.000000
0.000000
0.000000
0.000000
0.000000
0.000000
0.000000
0.000000
0.000000
0.000000
0.000000
0.000000
0.000000
0.000000
0.000000
0.000000
0.000000
0.025000
0.000000
0.000000
0.000000
0.000000
0.000000
0.000000
0.000000
0.000000
0.000000
0.000000
0.000000
0.000000
0.000000
0.000000
0.000000
0.000000
0.000000
0.000000
0.022000
0.000000
0.000000
0.030100
0.000000
0.000000
0.000000
0.000000
0.000000
0.000000
0.000000
0.000000
0.000000
0.000000
0.020500
0.000000
0.000000
0.000000
0.000000
0.000000
0.000000
0.000000
0.000000
0.000000
0.000000
0.022200
0.000000
0.000000
0.000000
0.000000
0.000000
0.000000
0.000000
0.000000
0.000000
0.000000
0.000000
0.000000
0.020400
0.000000
0.000000
0.000000
0.000000
0.000000
0.000000
0.000000
0.000000
0.000000
0.000000
0.000000
0.000000
0.000000
0.000000
0.000000
0.000000
0.000000
0.000000
0.000000
0.000000
0.000000
0.000000
0.000000
0.000000
0.000000
0.000000
0.000000
0.000000
0.000000
0.000000
0.000000
0.000000
0.000000
0.000000
0.000000
0.000000
0.000000
0.000000
0.000000
0.000000
0.000000
0.000000
0.000000
0.000000
0.000000
0.000000
0.000000
0.000000
0.000000
0.000000
0.000000
0.000000
0.000000
0.000000
0.000000
0.000000
0.000000
0.000000
0.000000
0.000000
0.000000
0.000000
0.000000
0.000000
0.000000
0.000000
0.000000
0.000000
0.000000
0.000000
0.000000
0.000000
0.000000
0.000000
0.000000
0.000000
0.000000
0.000000
0.000000
0.000000
0.000000
0.000000
0.000000
0.000000
0.000000
0.000000
0.000000
0.000000
0.000000
0.000000
0.000000
0.000000
0.000000
0.000000
0.000000
0.000000
0.000000
0.000000
0.000000
0.000000
0.000000
0.000000
0.000000
0.000000
0.000000
0.000000
0.000000
0.000000
0.000000
0.000000
0.000000
0.000000
0.000000
0.000000
0.000000
0.000000
0.000000
0.000000
0.000000
0.000000
0.025600
0.000000
0.000000
0.000000
0.000000
0.038900
0.000000
0.000000
0.000000
0.000000
0.000000
0.000000
0.000000
0.000000
0.000000
0.020900
0.000000
0.000000
0.000000
0.000000
0.000000
0.000000
0.000000
0.000000
0.000000
0.000000
0.000000
0.000000
0.000000
0.000000
0.000000
0.000000
0.000000
0.000000
0.000000
0.000000
0.000000
0.000000
0.000000
0.000000
0.000000
0.000000
0.000000
0.000000
0.000000
0.000000
0.000000
0.000000
0.000000
0.000000
0.000000
0.000000
0.000000
0.016400
0.000000
0.000000
0.000000
0.000000
0.000000
0.000000
0.000000
0.000000
0.000000
0.000000
0.000000
0.000000
0.000000
0.000000
0.000000
0.000000
0.000000
0.000000
0.000000
0.000000
0.000000
0.000000
0.000000
0.000000
0.000000
0.000000
0.000000
0.000000
0.000000
0.000000
0.000000
0.000000
0.000000
0.000000
0.000000
0.000000
0.000000
0.000000
0.000000
0.000000
0.000000
0.000000
0.000000
0.000000
0.000000
0.000000
0.000000
0.000000
0.073100
0.000000
0.000000
0.000000
0.000000
0.000000
0.000000
0.000000
0.000000
0.000000
0.000000
0.000000
0.000000
0.000000
0.000000
0.000000
0.000000
0.000000
0.000000
0.000000
0.000000
0.000000
0.000000
0.000000
0.000000
0.000000
0.000000
0.000000
0.000000
0.000000
0.000000
0.000000
0.000000
0.000000
0.000000
0.000000
0.000000
0.000000
0.000000
0.000000
0.000000
0.000000
0.000000
0.000000
0.000000
0.000000
0.000000
0.000000
0.000000
0.000000
0.028600
0.021500
0.000000
0.022000
0.000000
0.000000
0.000000
0.000000
0.000000
0.000000
0.000000
0.000000
0.000000
0.000000
0.000000
0.000000
0.000000
0.000000
0.000000
0.000000
0.000000
0.000000
0.000000
0.000000
0.000000
0.000000
0.000000
0.000000
0.000000
0.000000
0.000000
0.021800
0.000000
0.000000
0.000000
0.000000
0.000000
0.000000
0.000000
0.000000
0.000000
0.000000
0.000000
0.000000
0.000000
0.000000
0.000000
0.000000
0.000000
0.000000
0.000000
0.000000
0.000000
0.000000
0.000000
0.000000
0.000000
0.000000
0.000000
0.000000
0.000000
0.000000
0.000000
0.000000
0.000000
0.000000
0.000000
0.000000
0.000000
0.000000
0.000000
0.000000
0.003700
0.006500
0.000000
0.000000
0.000000
0.000000
0.000000
0.000000
0.000000
0.000000
0.071300
0.000000
0.000000
0.000000
0.000000
0.000000
0.017800
0.000000
0.000000
0.000000
0.045200
0.000000
0.000000
0.000000
0.000000
0.000000
0.000000
0.000000
0.000000
0.000000
0.000000
0.000000
0.000000
0.000000
0.000000
0.000000
0.000000
0.000000
0.000000
0.000000
0.000000
0.000000
0.000000
0.000000
0.000000
0.000000
0.000000
0.000000
0.000000
0.000000
0.000000
0.000000
0.000000
0.000000
0.000000
0.000000
0.000000
0.000000
0.000000
0.000000
0.000000
0.000000
0.000000
0.000000
0.000000
0.000000
0.000000
0.000000
0.000000
0.000000
0.000000
0.000000
0.000000
0.000000
0.016000
0.000000
0.000000
0.000000
0.000000
0.000000
0.000000
0.000000
0.000000
0.000000
0.000000
0.000000
0.000000
0.000000
0.000000
0.000000
0.000000
0.000000
0.000000
0.000000
0.000000
0.000000
0.000000
0.000000
0.000000
0.000000
0.000000
0.000000
0.000000
0.000000
0.000000
0.000000
0.000000
0.000000
0.000000
0.000000
0.000000
0.000000
0.000000
0.000000
0.000000
0.000000
0.000000
0.000000
0.000000
0.000000
0.000000
0.000000
0.000000
0.000000
0.000000
0.000000
0.000000
0.000000
0.000000
0.000000
0.000000
0.000000
0.000000
0.000000
0.000000
0.000000
0.000000
0.000000
0.000000
0.000000
0.000000
0.000000
0.000000
0.000000
0.000000
0.000000
0.000000
0.000000
0.000000
0.000000
0.000000
0.000000
0.000000
0.000000
0.000000
0.000000
0.000000
0.000000
0.000000
0.000000
0.000000
0.000000
0.000000
0.000000
0.000000
0.000000
0.000000
0.000000
0.000000
0.000000
0.000000
0.000000
0.000000
0.000000
0.000000
0.000000
0.019500
0.000000
0.000000
0.000000
0.022200
0.000000
0.000000
0.000000
0.000000
0.000000
0.000000
0.000000
0.000000
0.000000
0.000000
0.000000
0.000000
0.000000
0.034000
0.000000
0.000000
0.000000
0.000000
0.000000
0.000000
0.000000
0.000000
0.000000
0.000000
0.000000
0.000000
0.000000
0.000000
0.000000
0.000000
0.000000
0.000000
0.000000
0.000000
0.000000
0.000000
0.000000
0.000000
0.000000
0.000000
0.000000
0.000000
0.000000
0.000000
0.000000
0.000000
0.000000
0.000000
0.000000
0.000000
0.000000
0.000000
0.000000
0.000000
0.000000
0.000000
0.000000
0.000000
0.000000
0.000000
0.000000
0.000000
0.018600
0.000000
0.000000
0.000000
0.000000
0.000000
0.000000
0.000000
0.000000
0.000000
0.000000
0.000000
0.000000
0.000000
0.000000
0.000000
0.000000
0.000000
0.000000
0.000000
0.000000
0.000000
0.000000
0.000000
0.000000
0.000000
0.000000
0.000000
0.000000
0.000000
0.021700
0.000000
0.000000
0.000000
0.000000
0.000000
0.000000
0.000000
0.000000
0.000000
0.018100
0.036500
0.017300
0.000000
0.000000
0.000000
0.000000
0.000000
0.000000
0.000000
0.000000
0.000000
0.000000
0.000000
0.000000
0.000000
0.000000
0.000000
0.000000
0.000000
0.000000
0.000000
0.000000
0.000000
0.019500
0.000000
0.000000
0.000000
0.000000
0.000000
0.000000
0.000000
0.000000
0.000000
0.000000
0.000000
0.000000
0.000000
0.000000
0.000000
0.000000
0.000000
0.000000
0.000000
0.000000
0.024000
0.000000
0.000000
0.000000
0.000000
0.000000
0.000000
0.000000
0.000000
0.000000
0.000000
0.000000
0.000000
0.000000
0.000000
0.000000
0.000000
0.000000
0.000000
0.000000
0.000000
0.000000
0.000000
0.000000
0.000000
0.000000
0.000000
0.000000
0.000000
0.000000
0.000000
0.000000
0.000000
0.021000
0.019600
0.000000
0.000000
0.000000
0.000000
0.000000
0.000000
0.000000
0.000000
0.000000
0.000000
0.000000
0.000000
0.000000
0.000000
0.000000
0.000000
0.000000
0.000000
0.000000
0.000000
0.000000
0.000000
0.020500
0.000000
0.000000
0.000000
0.000000
0.000000
0.000000
0.000000
0.000000
0.000000
0.000000
0.000000
0.000000
0.000000
0.000000
0.000000
0.000000
0.000000
0.000000
0.000000
0.000000
0.000000
0.000000
0.000000
0.000000
0.000000
0.000000
0.000000
0.000000
0.000000
0.000000
0.000000
0.000000
0.000000
0.000000
0.000000
0.000000
0.000000
0.000000
0.000000
0.000000
0.000000
0.000000
0.000000
0.020000
0.000000
0.000000
0.000000
0.000000
0.000000
0.000000
0.000000
0.000000
0.000000
0.000000
0.000000
0.000000
0.000000
0.000000
0.000000
0.000000
0.000000
0.000000
0.000000
0.000000
0.000000
0.000000
0.000000
0.000000
0.000000
0.000000
0.000000
0.000000
0.019600
0.000000
0.000000
0.000000
0.000000
0.000000
0.000000
0.000000
0.000000
0.000000
0.000000
0.000000
0.000000
0.000000
0.000000
0.000000
0.000000
0.000000
0.000000
0.000000
0.000000
0.000000
0.000000
0.000000
0.000000
0.000000
0.000000
0.000000
0.000000
0.000000
0.000000
0.000000
0.000000
0.000000
0.000000
0.000000
0.000000
0.018800
0.000000
0.000000
0.000000
0.020800
0.000000
0.000000
0.000000
0.000000
0.000000
0.000000
0.000000
0.000000
0.000000
0.000000
0.000000
0.004600
0.000000
0.000000
0.000000
0.000000
0.000000
0.000000
0.000000
0.000000
0.000000
0.000000
0.000000
0.000000
0.000000
0.000000
0.018400
0.000000
0.000000
0.000000
0.000000
0.000000
0.000000
0.000000
0.000000
0.000000
0.000000
0.000000
0.000000
0.000000
0.000000
0.000000
0.000000
0.000000
0.000000
0.000000
0.000000
0.000000
0.000000
0.000000
0.000000
0.000000
0.000000
0.000000
0.000000
0.000000
0.000000
0.000000
0.000000
0.000000
0.000000
0.000000
0.000000
0.000000
0.000000
0.000000
0.000000
0.000000
0.000000
0.000000
0.000000
0.000000
0.000000
0.000000
0.000000
0.000000
0.000000
0.000000
0.000000
0.000000
0.000000
0.000000
0.000000
0.000000
0.000000
0.000000
0.000000
0.000000
0.000000
0.000000
0.000000
0.000000
0.000000
0.000000
0.000000
0.000000
0.000000
0.006700
0.000000
0.000000
0.000000
0.000000
0.000000
0.000000
0.000000
0.000000
0.000000
0.000000
0.000000
0.000000
0.000000
0.000000
0.000000
0.000000
0.000000
0.000000
0.000000
0.000000
0.000000
0.000000
0.000000
0.000000
0.000000
0.000000
0.000000
0.000000
0.000000
0.000000
0.000000
0.000000
0.000000
0.000000
0.022800
0.000000
0.000000
0.000000
0.000000
0.000000
0.000000
0.000000
0.000000
0.000000
0.000000
0.000000
0.000000
0.000000
0.000000
0.000000
0.000000
0.000000
0.000000
0.000000
0.000000
0.000000
0.021400
0.000000
0.000000
0.000000
0.000000
0.000000
0.000000
0.022000
0.000000
0.000000
0.032300
0.000000
0.000000
0.000000
0.000000
0.022500
0.000000
0.023100
0.000000
0.000000
0.000000
0.000000
0.000000
0.000000
0.000000
0.000000
0.000000
0.000000
0.000000
0.000000
0.040000
0.000000
0.000000
0.000000
0.000000
0.000000
0.000000
0.000000
0.000000
0.000000
0.000000
0.000000
0.000000
0.000000
0.000000
0.000000
0.000000
0.000000
0.000000
0.000000
0.000000
0.062300
0.000000
0.017500
0.000000
0.000000
0.000000
0.000000
0.000000
0.000000
0.000000
0.000000
0.000000
0.000000
0.000000
0.000000
0.000000
0.000000
0.000000
0.000000
0.000000
0.000000
0.000000
0.000000
0.000000
0.000000
0.000000
0.000000
0.000000
0.000000
0.000000
0.000000
0.000000
0.000000
0.000000
0.000000
0.000000
0.000000
0.000000
0.000000
0.000000
0.000000
0.000000
0.000000
0.000000
0.000000
0.000000
0.000000
0.000000
0.000000
0.000000
0.000000
0.000000
0.000000
0.000000
0.000000
0.000000
0.000000
0.000000
0.000000
0.015700
0.000000
0.000000
0.000000
0.000000
0.017000
0.000000
0.000000
0.014200
0.000000
0.000000
0.043700
0.000000
0.000000
0.000000
0.000000
0.000000
0.000000
0.000000
0.000000
0.000000
0.000000
0.000000
0.019200
0.000000
0.000000
0.042300
0.000000
0.055600
0.000000
0.000000
0.000000
0.000000
0.000000
0.000000
0.000000
0.022200
0.000000
0.019700
0.000000
0.000000
0.000000
0.000000
0.000000
0.020200
0.000000
0.000000
0.000000
0.034900
0.000000
0.000000
0.000000
0.000000
0.000000
0.000000
0.000000
0.000000
0.000000
0.000000
0.000000
0.000000
0.000000
0.000000
0.000000
0.000000
0.000000
0.000000
0.000000
0.000000
0.000000
0.022800
0.000000
0.000000
0.000000
0.000000
0.000000
0.000000
0.000000
0.000000
0.000000
0.000000
0.000000
0.000000
0.000000
0.000000
0.000000
0.000000
0.000000
0.000000
0.046600
0.000000
0.000000
0.008500
0.000000
0.000000
0.000000
0.000000
0.000000
0.000000
0.000000
0.000000
0.000000
0.000000
0.000000
0.023900
0.000000
0.000000
0.000000
0.000000
0.000000
0.000000
0.000000
0.000000
0.000000
0.000000
0.000000
0.000000
0.000000
0.000000
0.000000
0.000000
0.000000
0.018400
0.000000
0.000000
0.000000
0.000000
0.045600
0.042100
0.000000
0.000000
0.000000
0.039000
0.000000
0.000000
0.000000
0.000000
0.000000
0.000000
0.000000
0.000000
0.000000
0.000000
0.000000
0.000000
0.000000
0.000000
0.000000
0.000000
0.000000
0.000000
0.000000
0.000000
0.019900
0.000000
0.000000
0.000000
0.000000
0.017100
0.000000
0.000000
0.000000
0.000000
0.000000
0.000000
0.000000
0.000000
0.017900
0.000000
0.000000
0.000000
0.000000
0.000000
0.000000
0.000000
0.000000
0.000000
0.000000
0.000000
0.000000
0.000000
0.000000
0.000000
0.000000
0.000000
0.000000
0.038000
0.000000
0.000000
0.000000
0.000000
0.000000
0.000000
0.000000
0.000000
0.000000
0.000000
0.000000
0.000000
0.000000
0.000000
0.000000
0.000000
0.000000
0.000000
0.039600
0.000000
0.000000
0.000000
0.000000
0.000000
0.000000
0.000000
0.000000
0.000000
0.000000
0.000000
0.000000
0.000000
0.000000
0.000000
0.022600
0.000000
0.000000
0.000000
0.000000
0.000000
0.000000
0.000000
0.000000
0.000000
0.000000
0.000000
0.000000
0.000000
0.000000
0.000000
0.000000
0.000000
0.023400
0.000000
0.000000
0.000000
0.000000
0.000000
0.000000
0.000000
0.000000
0.000000
0.000000
0.000000
0.000000
0.000000
0.000000
0.000000
0.000000
0.000000
0.000000
0.022100
0.000000
0.000000
0.000000
0.006100
0.000000
0.000000
0.000000
0.000000
0.000000
0.000000
0.000000
0.000000
0.000000
0.000000
0.000000
0.000000
0.000000
0.000000
0.000000
0.000000
0.000000
0.000000
0.000000
0.000000
0.000000
0.000000
0.000000
0.000000
0.000000
0.000000
0.000000
0.000000
0.000000
0.000000
0.000000
0.000000
0.000000
0.000000
0.000000
0.000000
0.000000
0.000000
0.000000
0.000000
0.000000
0.000000
0.000000
0.000000
0.000000
0.000000
0.000000
0.000000
0.000000
0.000000
0.000000
0.000000
0.000000
0.000000
0.015100
0.000000
0.000000
0.000000
0.000000
0.000000
0.000000
0.000000
0.000000
0.000000
0.000000
0.000000
0.000000
0.000000
0.000000
0.000000
0.000000
0.000000
0.000000
0.000000
0.000000
0.018400
0.000000
0.000000
0.000000
0.000000
0.000000
0.000000
0.000000
0.000000
0.000000
0.000000
0.000000
0.000000
0.000000
0.000000
0.000000
0.000000
0.000000
0.000000
0.000000
0.000000
0.000000
0.000000
0.000000
0.000000
0.000000
0.000000
0.000000
0.000000
0.000000
0.000000
0.000000
0.000000
0.000000
0.000000
0.003600
0.000000
0.000000
0.000000
0.000000
0.000000
0.000000
0.000000
0.000000
0.018300
0.000000
0.000000
0.000000
0.000000
0.000000
0.000000
0.000000
0.000000
0.000000
0.000000
0.000000
0.000000
0.000000
0.000000
0.000000
0.000000
0.000000
0.000000
0.000000
0.000000
0.000000
0.004600
0.000000
0.000000
0.000000
0.000000
0.000000
0.000000
0.000000
0.000000
0.000000
0.000000
0.000000
0.000000
0.000000
0.000000
0.000000
0.000000
0.000000
0.000000
0.000000
0.000000
0.000000
0.000000
0.000000
0.000000
0.000000
0.000000
0.000000
0.000000
0.000000
0.000000
0.000000
0.000000
0.000000
0.000000
0.000000
0.000000
0.020300
0.000000
0.000000
0.000000
0.000000
0.000000
0.000000
0.000000
0.000000
0.000000
0.018900
0.000000
0.000000
0.000000
0.000000
0.000000
0.000000
0.047600
0.000000
0.000000
0.000000
0.000000
0.000000
0.000000
0.000000
0.000000
0.000000
0.000000
0.000000
0.000000
0.000000
0.000000
0.000000
0.000000
0.000000
0.000000
0.000000
0.000000
0.000000
0.000000
0.000000
0.000000
0.000000
0.000000
0.000000
0.000000
0.000000
0.000000
0.023400
0.000000
0.000000
0.000000
0.000000
0.000000
0.000000
0.000000
0.000000
0.000000
0.000000
0.026000
0.000000
0.017300
0.000000
0.000000
0.000000
0.000000
0.000000
0.017700
0.000000
0.000000
0.000000
0.000000
0.000000
0.000000
0.000000
0.000000
0.000000
0.000000
0.000000
0.000000
0.000000
0.000000
0.000000
0.021100
0.000000
0.000000
0.000000
0.000000
0.000000
0.000000
0.000000
0.000000
0.000000
0.026400
0.000000
0.000000
0.000000
0.000000
0.000000
0.000000
0.000000
0.000000
0.000000
0.000000
0.000000
0.000000
0.000000
0.000000
0.000000
0.000000
0.000000
0.000000
0.000000
0.000000
0.000000
0.023100
0.000000
0.000000
0.000000
0.000000
0.000000
0.000000
0.000000
0.016400
0.000000
0.000000
0.000000
0.000000
0.000000
0.000000
0.000000
0.000000
0.000000
0.000000
0.000000
0.000000
0.000000
0.023300
0.008700
0.000000
0.000000
0.000000
0.000000
0.000000
0.000000
0.000000
0.000000
0.000000
0.000000
0.000000
0.000000
0.000000
0.000000
0.015800
0.000000
0.000000
0.000000
0.000000
0.000000
0.000000
0.000000
0.000000
0.000000
0.000000
0.000000
0.000000
0.000000
0.000000
0.000000
0.000000
0.000000
0.000000
0.000000
0.000000
0.000000
0.000000
0.000000
0.000000
0.000000
0.000000
0.000000
0.000000
0.000000
0.000000
0.000000
0.000000
0.000000
0.000000
0.000000
0.000000
0.000000
0.000000
0.000000
0.000000
0.000000
0.000000
0.000000
0.000000
0.000000
0.000000
0.000000
0.000000
0.000000
0.000000
0.000000
0.000000
0.000000
0.000000
0.000000
0.000000
0.000000
0.000000
0.000000
0.000000
0.000000
0.000000
0.000000
0.000000
0.000000
0.000000
0.000000
0.000000
0.000000
0.000000
0.000000
0.000000
0.000000
0.000000
0.000000
0.000000
0.000000
0.000000
0.000000
0.000000
0.000000
0.000000
0.000000
0.000000
0.000000
0.000000
0.000000
0.000000
0.000000
0.000000
0.000000
0.000000
0.000000
0.019200
0.000000
0.000000
0.000000
0.000000
0.000000
0.000000
0.000000
0.019300
0.000000
0.000000
0.000000
0.000000
0.000000
0.000000
0.000000
0.000000
0.000000
0.000000
0.000000
0.000000
0.000000
0.000000
0.000000
0.000000
0.000000
0.000000
0.000000
0.000000
0.000000
0.000000
0.000000
0.000000
0.000000
0.000000
0.000000
0.000000
0.000000
0.000000
0.000000
0.000000
0.000000
0.000000
0.000000
0.000000
0.000000
0.000000
0.000000
0.000000
0.000000
0.000000
0.000000
0.000000
0.000000
0.003700
0.012900
0.025400
0.000000
0.000000
0.000000
0.000000
0.000000
0.000000
0.019900
0.000000
0.000000
0.000000
0.000000
0.000000
0.000000
0.000000
0.000000
0.000000
0.000000
0.000000
0.000000
0.000000
0.000000
0.011500
0.031400
0.000000
0.000000
0.000000
0.000000
0.018100
0.007600
0.025100
0.000000
0.000000
0.000000
0.000000
0.000000
0.000000
0.000000
0.012900
0.000000
0.000000
0.000000
0.000000
0.000000
0.000000
0.000000
0.000000
0.000000
0.000000
0.000000
0.000000
0.000000
0.000000
0.000000
0.000000
0.000000
0.041200
0.000000
0.000000
0.000000
0.000000
0.000000
0.000000
0.000000
0.000000
0.000000
0.000000
0.000000
0.024300
0.000000
0.000000
0.000000
0.000000
0.000000
0.000000
0.000000
0.004500
0.000000
0.000000
0.000000
0.000000
0.000000
0.000000
0.000000
0.004400
0.000000
0.000000
0.000000
0.000000
0.000000
0.000000
0.000000
0.000000
0.000000
0.000000
0.000000
0.000000
0.000000
0.000000
0.000000
0.000000
0.000000
0.000000
0.000000
0.000000
0.000000
0.000000
0.000000
0.000000
0.000000
0.000000
0.000000
0.000000
0.000000
0.018900
0.000000
0.000000
0.000000
0.000000
0.000000
0.000000
0.000000
0.000000
0.000000
0.000000
0.000000
0.000000
0.000000
0.000000
0.000000
0.000000
0.000000
0.000000
0.000000
0.000000
0.000000
0.000000
0.000000
0.000000
0.000000
0.000000
0.000000
0.000000
0.000000
0.000000
0.000000
0.000000
0.000000
0.000000
0.000000
0.000000
0.000000
0.000000
0.000000
0.000000
0.000000
0.000000
0.000000
0.000000
0.000000
0.000000
0.000000
0.000000
0.000000
0.000000
0.000000
0.000000
0.000000
0.000000
0.000000
0.000000
0.000000
0.000000
0.000000
0.000000
0.000000
0.000000
0.000000
0.000000
0.000000
0.000000
0.000000
0.000000
0.000000
0.000000
0.000000
0.000000
0.000000
0.000000
0.000000
0.000000
0.000000
0.000000
0.000000
0.000000
0.000000
0.000000
0.000000
0.000000
0.000000
0.000000
0.000000
0.000000
0.000000
0.000000
0.000000
0.000000
0.000000
0.000000
0.000000
0.000000
0.000000
0.000000
0.000000
0.000000
0.000000
0.000000
0.000000
0.000000
0.000000
0.000000
0.000000
0.000000
0.000000
0.000000
0.000000
0.000000
0.000000
0.000000
0.000000
0.000000
0.000000
0.000000
0.000000
0.000000
0.000000
0.000000
0.000000
0.000000
0.000000
0.000000
0.000000
0.000000
0.000000
0.000000
0.000000
0.000000
0.000000
0.000000
0.000000
0.000000
0.000000
0.000000
0.000000
0.000000
0.000000
0.000000
0.000000
0.000000
0.000000
0.000000
0.000000
0.000000
0.000000
0.000000
0.000000
0.000000
0.000000
0.000000
0.000000
0.000000
0.000000
0.000000
0.000000
0.000000
0.000000
0.000000
0.000000
0.000000
0.000000
0.000000
0.000000
0.000000
0.000000
0.000000
0.000000
0.000000
0.000000
0.000000
0.000000
0.000000
0.000000
0.000000
0.000000
0.000000
0.000000
0.000000
0.000000
0.000000
0.000000
0.000000
0.000000
0.000000
0.000000
0.000000
0.000000
0.000000
0.000000
0.000000
0.000000
0.000000
0.000000
0.000000
0.000000
0.000000
0.000000
0.000000
0.000000
0.000000
0.000000
0.000000
0.000000
0.000000
0.000000
0.000000
0.000000
0.000000
0.000000
0.000000
0.000000
0.000000
0.000000
0.000000
0.000000
0.000000
0.000000
0.000000
0.000000
0.000000
0.000000
0.000000
0.000000
0.000000
0.000000
0.000000
0.000000
0.000000
0.000000
0.000000
0.000000
0.000000
0.000000
0.000000
0.000000
0.000000
0.000000
0.000000
0.000000
0.000000
0.000000
0.000000
0.000000
0.000000
0.000000
0.000000
0.000000
0.000000
0.000000
0.000000
0.000000
0.000000
0.000000
0.000000
0.000000
0.000000
0.000000
0.000000
0.000000
0.000000
0.000000
0.000000
0.000000
0.000000
0.000000
0.000000
0.000000
0.000000
0.000000
0.000000
0.000000
0.000000
0.000000
0.000000
0.000000
0.000000
0.000000
0.000000
0.000000
0.000000
0.000000
0.000000
0.000000
0.000000
0.000000
0.000000
0.000000
0.000000
0.000000
0.000000
0.000000
0.000000
0.000000
0.000000
0.000000
0.000000
0.000000
0.000000
0.000000
0.000000
0.000000
0.000000
0.000000
0.000000
0.000000
0.000000
0.000000
0.000000
0.000000
0.000000
0.000000
0.000000
0.000000
0.000000
0.000000
0.000000
0.000000
0.000000
0.000000
0.000000
0.000000
0.000000
0.000000
0.000000
0.000000
0.000000
0.000000
0.000000
0.000000
0.000000
0.000000
0.000000
0.051600
0.000000
0.034300
0.000000
0.000000
0.000000
0.000000
0.000000
0.000000
0.000000
0.000000
0.000000
0.000000
0.000000
0.000000
0.000000
0.000000
0.000000
0.000000
0.000000
0.000000
0.000000
0.000000
0.000000
0.000000
0.000000
0.000000
0.000000
0.000000
0.000000
0.000000
0.000000
0.000000
0.000000
0.000000
0.000000
0.000000
0.000000
0.000000
0.000000
0.000000
0.000000
0.000000
0.000000
0.000000
0.056200
0.000000
0.000000
0.000000
0.000000
0.000000
0.000000
0.022500
0.000000
0.024000
0.000000
0.000000
0.000000
0.020500
0.008200
0.000000
0.000000
0.005100
0.000000
0.000000
0.000000
0.073500
0.021400
0.008700
0.056900
0.000000
0.000000
0.000000
0.000000
0.063600
0.031700
0.022600
0.032600
0.059500
0.000000
0.008800
0.055700
0.000000
0.000000
0.012800
0.009000
0.000000
0.000000
0.000000
0.047900
0.000000
0.000000
0.000000
0.000000
0.000000
0.000000
0.000000
0.000000
0.000000
0.000000
0.000000
0.000000
0.000000
0.000000
0.000000
0.013700
0.000000
0.017600
0.000000
0.000000
0.016400
0.041600
0.000000
0.000000
0.000000
0.000000
0.000000
0.000000
0.018500
0.000000
0.016800
0.000000
0.000000
0.000000
0.053200
0.000000
0.000000
0.000000
0.000000
0.009800
0.000000
0.000000
0.000000
0.000000
0.000000
0.000000
0.000000
0.000000
0.000000
0.022400
0.000000
0.000000
0.047500
0.000000
0.114200
0.000000
0.000000
0.000000
0.000000
0.019600
0.000000
0.000000
0.000000
0.066600
0.000000
0.019300
0.014000
0.000000
0.000000
0.019400
0.000000
0.000000
0.040400
0.000000
0.000000
0.034200
0.086200
0.018600
0.000000
0.000000
0.000000
0.000000
0.000000
0.019900
0.016000
0.000000
0.025400
0.048000
0.000000
0.000000
0.000000
0.045700
0.000000
0.043100
0.027000
0.063600
0.000000
0.000000
0.000000
0.000000
0.023900
0.020600
0.000000
0.000000
0.000000
0.000000
0.000000
0.019000
0.000000
0.023200
0.000000
0.000000
0.000000
0.000000
0.000000
0.000000
0.000000
0.000000
0.000000
0.000000
0.016900
0.000000
0.000000
0.000000
0.000000
0.019100
0.000000
0.000000
0.000000
0.000000
0.017700
0.000000
0.000000
0.000000
0.000000
0.000000
0.000000
0.000000
0.000000
0.007500
0.039700
0.000000
0.000000
0.000000
0.000000
0.000000
0.000000
0.000000
0.102500
0.007600
0.050900
0.019400
0.019500
0.031700
0.000000
0.000000
0.000000
0.000000
0.000000
0.000000
0.000000
0.022900
0.000000
0.000000
0.000000
0.000000
0.000000
0.021800
0.000000
0.000000
0.000000
0.000000
0.000000
0.000000
0.000000
0.000000
0.000000
0.000000
0.000000
0.000000
0.000000
0.000000
0.000000
0.000000
0.000000
0.000000
0.000000
0.020100
0.000000
0.039400
0.033600
0.000000
0.055700
0.000000
0.000000
0.000000
0.000000
0.000000
0.000000
0.037500
0.000000
0.000000
0.000000
0.000000
0.000000
0.000000
0.000000
0.000000
0.000000
0.000000
0.000000
0.000000
0.000000
0.000000
0.000000
0.000000
0.000000
0.038300
0.057800
0.000000
0.000000
0.018800
0.000000
0.026600
0.000000
0.000000
0.019300
0.000000
0.000000
0.000000
0.046500
0.018400
0.000000
0.000000
0.000000
0.000000
0.000000
0.000000
0.000000
0.000000
0.000000
0.000000
0.000000
0.000000
0.000000
0.000000
0.000000
0.000000
0.021900
0.064400
0.030900
0.000000
0.020300
0.000000
0.000000
0.002900
0.000000
0.000000
0.000000
0.000000
0.000000
0.006100
0.000000
0.019100
0.000000
0.000000
0.000000
0.000000
0.000000
0.000000
0.034000
0.000000
0.000000
0.022900
0.000000
0.000000
0.021600
0.000000
0.000000
0.000000
0.000000
0.000000
0.000000
0.004800
0.000000
0.000000
0.042500
0.000000
0.000000
0.022500
0.000000
0.000000
0.000000
0.000000
0.000000
0.000000
0.000000
0.000000
0.000000
0.000000
0.020400
0.000000
0.000000
0.000000
0.000000
0.000000
0.049100
0.000000
0.000000
0.000000
0.018000
0.000000
0.000000
0.000000
0.000000
0.000000
0.000000
0.000000
0.000000
0.000000
0.000000
0.021300
0.000000
0.000000
0.000000
0.000000
0.000000
0.000000
0.026500
0.000000
0.000000
0.000000
0.000000
0.018300
0.000000
0.024900
0.000000
0.023300
0.000000
0.040200
0.000000
0.000000
0.000000
0.000000
0.000000
0.008800
0.047300
0.010900
0.000000
0.000000
0.000000
0.000000
0.034600
0.000000
0.000000
0.000000
0.000000
0.000000
0.000000
0.016100
0.021000
0.000000
0.044000
0.000000
0.013100
0.003500
0.000000
0.000000
0.000000
0.000000
0.000000
0.000000
0.000000
0.000000
0.020000
0.020200
0.000000
0.005300
0.039600
0.000000
0.173400
0.000000
0.000000
0.000000
0.000000
0.016000
0.000000
0.000000
0.000000
0.000000
0.000000
0.007300
0.000000
0.019200
0.000000
0.018900
0.000000
0.024900
0.033500
0.000000
0.000000
0.000000
0.000000
0.044700
0.035100
0.000000
0.000000
0.000000
0.000000
0.025800
0.000000
0.000000
0.000000
0.013800
0.170000
0.000000
0.009900
0.012300
0.000000
0.016000
0.040500
0.000000
0.000000
0.022100
0.000000
0.049800
0.042100
0.093900
0.000000
0.000000
0.000000
0.000000
0.000000
0.000000
0.000000
0.024200
0.000000
0.045800
0.000000
0.013000
0.000000
0.000000
0.000000
0.000000
0.000000
0.000000
0.000000
0.000000
0.017200
0.000000
0.000000
0.000000
0.000000
0.000000
0.000000
0.000000
0.000000
0.000000
0.000000
0.000000
0.000000
0.000000
0.000000
0.000000
0.000000
0.000000
0.003900
0.079300
0.000000
0.000000
0.000000
0.000000
0.020200
0.000000
0.000000
0.000000
0.021600
0.000000
0.000000
0.000000
0.046700
0.005300
0.000000
0.005800
0.000000
0.000000
0.000000
0.000000
0.000000
0.000000
0.000000
0.022400
0.020300
0.000000
0.000000
0.000000
0.000000
0.000000
0.000000
0.019500
0.013900
0.000000
0.000000
0.000000
0.000000
0.000000
0.047400
0.018700
0.000000
0.023000
0.000000
0.018100
0.000000
0.000000
0.020700
0.036500
0.000000
0.027900
0.061200
0.027600
0.000000
0.000000
0.000000
0.000000
0.000000
0.033000
0.000000
0.000000
0.000000
0.000000
0.015000
0.000000
0.040300
0.000000
0.000000
0.000000
0.000000
0.000000
0.043400
0.000000
0.021600
0.000000
0.000000
0.000000
0.000000
0.000000
0.000000
0.000000
0.000000
0.000000
0.000000
0.022100
0.000000
0.000000
0.000000
0.000000
0.000000
0.016000
0.000000
0.000000
0.017300
0.000000
0.000000
0.000000
0.000000
0.020200
0.000000
0.018700
0.000000
0.000000
0.000000
0.000000
0.000000
0.003400
0.000000
0.000000
0.000000
0.000000
0.000000
0.000000
0.035500
0.016700
0.000000
0.018100
0.016800
0.000000
0.037200
0.000000
0.000000
0.000000
0.000000
0.032000
0.000000
0.000000
0.000000
0.000000
0.000000
0.000000
0.000000
0.000000
0.000000
0.000000
0.000000
0.000000
0.000000
0.000000
0.006000
0.000000
0.000000
0.000000
0.000000
0.000000
0.009900
0.010800
0.022100
0.000000
0.015700
0.000000
0.000000
0.000000
0.000000
0.000000
0.000000
0.000000
0.000000
0.000000
0.104600
0.000000
0.004000
0.000000
0.000000
0.000000
0.000000
0.005300
0.000000
0.023300
0.019100
0.000000
0.066000
0.061100
0.000000
0.000000
0.000000
0.000000
0.021500
0.005400
0.000000
0.000000
0.000000
0.000000
0.024600
0.020600
0.019900
0.021400
0.014200
0.000000
0.014200
0.000000
0.000000
0.000000
0.000000
0.000000
0.000000
0.000000
0.000000
0.000000
0.000000
0.000000
0.049500
0.000000
0.000000
0.000000
0.000000
0.000000
0.000000
0.000000
0.000000
0.000000
0.000000
0.000000
0.000000
0.000000
0.000000
0.016600
0.000000
0.000000
0.000000
0.000000
0.000000
0.000000
0.000000
0.002200
0.018400
0.021700
0.039500
0.000000
0.000000
0.000000
0.000000
0.028000
0.000000
0.000000
0.000000
0.000000
0.000000
0.019500
0.000000
0.000000
0.015900
0.000000
0.000000
0.000000
0.005600
0.000000
0.005900
0.034400
0.018900
0.102500
0.000000
0.092300
0.000000
0.000000
0.000000
0.029300
0.000000
0.007500
0.027500
0.020000
0.000000
0.003900
0.000000
0.000000
0.000000
0.000000
0.000000
0.020200
0.000000
0.000000
0.000000
0.000000
0.000000
0.021000
0.000000
0.000000
0.020800
0.015700
0.000000
0.000000
0.000000
0.000000
0.000000
0.000000
0.000000
0.000000
0.000000
0.000000
0.021200
0.000000
0.000000
0.012900
0.000000
0.000000
0.000000
0.000000
0.000000
0.000000
0.000000
0.000000
0.000000
0.000000
0.000000
0.000000
0.000000
0.000000
0.000000
0.000000
0.000000
0.000000
0.000000
0.000000
0.000000
0.000000
0.000000
0.000000
0.000000
0.000000
0.000000
0.000000
0.000000
0.000000
0.000000
0.000000
0.000000
0.000000
0.000000
0.000000
0.000000
0.000000
0.000000
0.000000
0.000000
0.000000
0.000000
0.000000
0.000000
0.000000
0.046300
0.000000
0.000000
0.000000
0.000000
0.000000
0.000000
0.000000
0.000000
0.000000
0.000000
0.000000
0.000000
0.000000
0.000000
0.020900
0.000000
0.000000
0.000000
0.018200
0.000000
0.000000
0.000000
0.000000
0.000000
0.000000
0.000000
0.000000
0.000000
0.000000
0.000000
0.000000
0.000000
0.000000
0.000000
0.000000
0.000000
0.000000
0.060600
0.000000
0.000000
0.000000
0.000000
0.020600
0.000000
0.000000
0.000000
0.000000
0.000000
0.000000
0.000000
0.000000
0.000000
0.000000
0.000000
0.000000
0.000000
0.000000
0.000000
0.000000
0.000000
0.000000
0.000000
0.000000
0.000000
0.000000
0.000000
0.000000
0.000000
0.000000
0.022600
0.000000
0.000000
0.003100
0.000000
0.000000
0.000000
0.000000
0.000000
0.000000
0.017800
0.000000
0.000000
0.000000
0.000000
0.000000
0.000000
0.000000
0.000000
0.000000
0.063200
0.017100
0.000000
0.000000
0.000000
0.000000
0.000000
0.000000
0.000000
0.000000
0.000000
0.000000
0.000000
0.000000
0.000000
0.000000
0.000000
0.000000
0.022000
0.000000
0.000000
0.000000
0.000000
0.000000
0.000000
0.000000
0.000000
0.009100
0.000000
0.005000
0.018600
0.024900
0.000000
0.000000
0.000000
0.000000
0.000000
0.000000
0.000000
0.000000
0.000000
0.000000
0.000000
0.000000
0.000000
0.000000
0.000000
0.022000
0.000000
0.000000
0.000000
0.019800
0.000000
0.000000
0.000000
0.000000
0.000000
0.058100
0.038900
0.000000
0.018000
0.021700
0.000000
0.000000
0.000000
0.000000
0.000000
0.000000
0.018000
0.000000
0.000000
0.000000
0.000000
0.000000
0.000000
0.000000
0.000000
0.000000
0.000000
0.000000
0.039700
0.000000
0.000000
0.000000
0.000000
0.000000
0.000000
0.000000
0.048200
0.037800
0.000000
0.000000
0.000000
0.017700
0.000000
0.021300
0.055200
0.000000
0.000000
0.000000
0.000000
0.000000
0.000000
0.000000
0.000000
0.000000
0.000000
0.000000
0.000000
0.000000
0.000000
0.000000
0.019800
0.000000
0.000000
0.000000
0.000000
0.000000
0.000000
0.000000
0.000000
0.000000
0.000000
0.000000
0.000000
0.000000
0.000000
0.000000
0.000000
0.019000
0.000000
0.000000
0.021100
0.000000
0.000000
0.000000
0.000000
0.000000
0.000000
0.000000
0.000000
0.000000
0.000000
0.000000
0.000000
0.000000
0.000000
0.000000
0.000000
0.000000
0.000000
0.000000
0.000000
0.000000
0.000000
0.000000
0.000000
0.017500
0.000000
0.000000
0.000000
0.000000
0.041900
0.000000
0.000000
0.041900
0.000000
0.000000
0.000000
0.000000
0.000000
0.000000
0.000000
0.000000
0.000000
0.000000
0.016700
0.000000
0.000000
0.000000
0.000000
0.000000
0.000000
0.000000
0.000000
0.000000
0.000000
0.000000
0.000000
0.000000
0.000000
0.000000
0.000000
0.000000
0.000000
0.000000
0.000000
0.024700
0.000000
0.000000
0.002400
0.000000
0.021600
0.000000
0.000000
0.000000
0.000000
0.000000
0.000000
0.000000
0.000000
0.000000
0.000000
0.000000
0.000000
0.000000
0.000000
0.000000
0.000000
0.000000
0.000000
0.000000
0.000000
0.010000
0.024300
0.000000
0.000000
0.000000
0.000000
0.000000
0.000000
0.000000
0.000000
0.000000
0.000000
0.000000
0.000000
0.000000
0.000000
0.000000
0.000000
0.000000
0.000000
0.000000
0.000000
0.000000
0.000000
0.000000
0.000000
0.000000
0.000000
0.000000
0.000000
0.000000
0.000000
0.000000
0.000000
0.000000
0.000000
0.000000
0.000000
0.000000
0.000000
0.000000
0.000000
0.000000
0.000000
0.027300
0.000000
0.000000
0.000000
0.000000
0.034800
0.024800
0.000000
0.000000
0.000000
0.000000
0.050200
0.000000
0.000000
0.033600
0.000000
0.000000
0.011900
0.000000
0.000000
0.000000
0.000000
0.000000
0.000000
0.000000
0.014300
0.007500
0.000000
0.008900
0.000000
0.031100
0.000000
0.000000
0.016000
0.000000
0.000000
0.000000
0.000000
0.000000
0.000000
0.019100
0.000000
0.000000
0.000000
0.000000
0.000000
0.019400
0.038100
0.020600
0.017800
0.000000
0.018100
0.016800
0.000000
0.035400
0.000000
0.031400
0.000000
0.000000
0.000000
0.000000
0.000000
0.000000
0.000000
0.020100
0.018500
0.000000
0.000000
0.000000
0.000000
0.000000
0.000000
0.000000
0.077100
0.000000
0.000000
0.000000
0.000000
0.000000
0.000000
0.000000
0.027700
0.000000
0.000000
0.000000
0.020100
0.000000
0.025000
0.000000
0.000000
0.000000
0.000000
0.000000
0.000000
0.000000
0.000000
0.000000
0.000000
0.000000
0.003800
0.000000
0.042100
0.000000
0.000000
0.000000
0.019500
0.002500
0.010300
0.000000
0.000000
0.000000
0.000000
0.000000
0.000000
0.000000
0.046300
0.000000
0.000000
0.000000
0.021200
0.018200
0.000000
0.000000
0.000000
0.000000
0.000000
0.000000
0.014000
0.000000
0.000000
0.000000
0.023100
0.000000
0.000000
0.000000
0.000000
0.000000
0.000000
0.000000
0.038900
0.000000
0.000000
0.000000
0.000000
0.000000
0.000000
0.000000
0.000000
0.000000
0.039300
0.007100
0.003400
0.043300
0.015100
0.034800
0.000000
0.000000
0.000000
0.000000
0.038900
0.000000
0.000000
0.000000
0.000000
0.000000
0.021500
0.000000
0.017900
0.000000
0.000000
0.000000
0.020200
0.000000
0.000000
0.000000
0.000000
0.000000
0.000000
0.000000
0.000000
0.000000
0.000000
0.000000
0.000000
0.000000
0.000000
0.000000
0.000000
0.000000
0.000000
0.020000
0.033100
0.000000
0.000000
0.022300
0.043900
0.000000
0.000000
0.000000
0.000000
0.000000
0.000000
0.000000
0.000000
0.000000
0.000000
0.014300
0.018900
0.010100
0.014900
0.020100
0.025400
0.035700
0.000000
0.015100
0.000000
0.000000
0.000000
0.000000
0.000000
0.000000
0.000000
0.000000
0.000000
0.000000
0.000000
0.000000
0.000000
0.000000
0.000000
0.000000
0.000000
0.000000
0.000000
0.000000
0.000000
0.020600
0.000000
0.066500
0.000000
0.000000
0.000000
0.023600
0.000000
0.032000
0.034800
0.000000
0.045100
0.000000
0.000000
0.003900
0.000000
0.000000
0.098700
0.000000
0.000000
0.000000
0.004300
0.000000
0.000000
0.000000
0.004200
0.000000
0.000000
0.000000
0.000000
0.000000
0.000000
0.034500
0.020400
0.000000
0.012500
0.000000
0.000000
0.000000
0.004600
0.000000
0.000000
0.000000
0.000000
0.017800
0.023800
0.000000
0.000000
0.000000
0.000000
0.000000
0.000900
0.018300
0.059000
0.000000
0.000000
0.000000
0.042600
0.021300
0.000000
0.000000
0.000000
0.017300
0.000000
0.084700
0.000000
0.000000
0.021700
0.000000
0.000000
0.000000
0.000000
0.000000
0.000000
0.000000
0.000000
0.000000
0.000000
0.000000
0.000000
0.000000
0.000000
0.000000
0.000000
0.017700
0.021200
0.000000
0.000000
0.000000
0.000000
0.000000
0.000000
0.026300
0.000000
0.000000
0.000000
0.015400
0.000000
0.000000
0.017700
0.000000
0.021400
0.021800
0.000000
0.000000
0.054200
0.000000
0.000000
0.008800
0.000000
0.000000
0.000000
0.000000
0.023200
0.000000
0.000000
0.025800
0.000000
0.000000
0.000000
0.019800
0.000000
0.044600
0.039900
0.000000
0.000000
0.017800
0.000000
0.017900
0.000000
0.000000
0.000000
0.000000
0.000000
0.000000
0.000000
0.000000
0.000000
0.000000
0.041600
0.000000
0.000000
0.000000
0.000000
0.000000
0.000000
0.003800
0.000000
0.015700
0.051100
0.000000
0.042600
0.011000
0.000000
0.000000
0.000000
0.000000
0.022900
0.000000
0.128600
0.000000
0.027600
0.011500
0.038700
0.000000
0.000000
0.000000
0.000000
0.000000
0.000000
0.000000
0.000000
0.000000
0.019200
0.033300
0.016100
0.024200
0.019600
0.000000
0.000000
0.000000
0.043700
0.000000
0.000000
0.020800
0.000000
0.000000
0.000000
0.000000
0.000000
0.000000
0.000000
0.000000
0.000000
0.000000
0.000000
0.003800
0.016100
0.000000
0.064000
0.000000
0.000000
0.000000
0.000000
0.000000
0.017500
0.000000
0.000000
0.000000
0.000000
0.000000
0.010400
0.000000
0.000000
0.000000
0.000000
0.020600
0.000000
0.000000
0.000000
0.000000
0.000000
0.000000
0.000000
0.000000
0.000000
0.000000
0.000000
0.045400
0.000000
0.019500
0.000000
0.000000
0.000000
0.000000
0.000000
0.000000
0.000000
0.000000
0.000000
0.000000
0.000000
0.000000
0.000000
0.000000
0.000000
0.000000
0.021900
0.036700
0.000000
0.000000
0.000000
0.000000
0.000000
0.000000
0.000000
0.000000
0.000000
0.000000
0.000000
0.000000
0.000000
0.000000
0.000000
0.000000
0.000000
0.003200
0.000000
0.000000
0.000000
0.000000
0.000000
0.000000
0.000000
0.004400
0.000000
0.000000
0.000000
0.002900
0.015900
0.000000
0.000000
0.000000
0.000000
0.054100
0.033200
0.039300
0.014800
0.027600
0.000000
0.000000
0.000000
0.000000
0.000000
0.000000
0.000000
0.000000
0.000000
0.000000
0.000000
0.000000
0.000000
0.004600
0.000000
0.000000
0.000000
0.026100
0.040900
0.000000
0.000000
0.038000
0.000000
0.000000
0.000000
0.000000
0.000000
0.000000
0.000000
0.000000
0.000000
0.000000
0.000000
0.000000
0.000000
0.000000
0.000000
0.000000
0.054000
0.007700
0.000000
0.000000
0.000000
0.000000
0.015200
0.000000
0.000000
0.000000
0.000000
0.000000
0.000000
0.000000
0.073400
0.000000
0.059600
0.027900
0.000000
0.000000
0.000000
0.000000
0.000000
0.002900
0.000000
0.000000
0.000000
0.000000
0.000000
0.000000
0.000000
0.000000
0.000000
0.018600
0.000000
0.000000
0.037900
0.000000
0.000000
0.016600
0.000000
0.000000
0.000000
0.000000
0.000000
0.000000
0.000000
0.000000
0.000000
0.005800
0.000000
0.000000
0.000000
0.000000
0.000000
0.005600
0.000000
0.000000
0.007700
0.000000
0.000000
0.000000
0.000000
0.009000
0.028300
0.018700
0.036600
0.035100
0.000000
0.020400
0.000000
0.024000
0.000000
0.000000
0.000000
0.000000
0.019100
0.000000
0.000000
0.000000
0.000000
0.019300
0.000000
0.000000
0.021100
0.016700
0.000000
0.051800
0.000000
0.017000
0.000000
0.000000
0.003900
0.036000
0.000000
0.000000
0.037200
0.000000
0.039000
0.028700
0.000000
0.000000
0.000000
0.000000
0.000000
0.039800
0.000000
0.000000
0.010300
0.043200
0.000000
0.000000
0.000000
0.000000
0.094200
0.047400
0.000000
0.022800
0.000000
0.022400
0.000000
0.000000
0.000000
0.000000
0.062300
0.000000
0.000000
0.000000
0.029100
0.000000
0.000000
0.000000
0.000000
0.035000
0.000000
0.000000
0.000000
0.000000
0.000000
0.015900
0.000000
0.000000
0.018500
0.004200
0.000000
0.000000
0.054100
0.000000
0.000000
0.000000
0.000000
0.000000
0.000000
0.000000
0.000000
0.003800
0.000000
0.000000
0.000000
0.000000
0.000000
0.015000
0.000000
0.000000
0.080500
0.000000
0.000000
0.000000
0.086300
0.000000
0.000000
0.020600
0.037400
0.000000
0.000000
0.047400
0.000000
0.000000
0.000000
0.000000
0.000000
0.000000
0.000000
0.000000
0.000000
0.000000
0.019600
0.005000
0.000000
0.000000
0.000000
0.094600
0.000000
0.000000
0.000000
0.000000
0.000000
0.000000
0.005600
0.000000
0.000000
0.019400
0.037100
0.000000
0.043300
0.000000
0.000000
0.000000
0.000000
0.000000
0.000000
0.017800
0.018600
0.000000
0.000000
0.000000
0.019000
0.000000
0.000000
0.000000
0.000000
0.000000
0.000000
0.000000
0.000000
0.000000
0.000000
0.000000
0.000000
0.000000
0.000000
0.000000
0.000000
0.009800
0.000000
0.000000
0.000000
0.000000
0.000000
0.000000
0.000000
0.000000
0.015600
0.000000
0.003400
0.007400
0.000000
0.000000
0.000000
0.009000
0.000000
0.000000
0.000000
0.000000
0.000000
0.000000
0.000000
0.039200
0.045500
0.024500
0.027500
0.000000
0.000000
0.000000
0.070200
0.000000
0.000000
0.000000
0.000000
0.013900
0.000000
0.000000
0.000000
0.000000
0.000000
0.014700
0.023000
0.000000
0.000000
0.000000
0.000000
0.000000
0.035900
0.000000
0.019700
0.038500
0.000000
0.000000
0.000000
0.000000
0.018500
0.000000
0.000000
0.034900
0.015100
0.018900
0.000000
0.016100
0.000000
0.000000
0.000000
0.000000
0.000000
0.000000
0.008300
0.017400
0.000000
0.000000
0.000000
0.000000
0.000000
0.000000
0.000000
0.000000
0.016100
0.000000
0.017500
0.000000
0.000000
0.018400
0.000000
0.000000
0.000000
0.000000
0.000000
0.000000
0.000000
0.059100
0.000000
0.000000
0.000000
0.000000
0.000000
0.020900
0.000000
0.000000
0.000000
0.000000
0.000000
0.000000
0.000000
0.020300
0.000000
0.000000
0.017200
0.018600
0.000000
0.010900
0.000000
0.000000
0.000000
0.000000
0.000000
0.000000
0.000000
0.015700
0.019100
0.000000
0.000000
0.000000
0.000000
0.018500
0.000000
0.000000
0.000000
0.000000
0.000000
0.000000
0.000000
0.016800
0.016600
0.000000
0.000000
0.000000
0.000000
0.000000
0.016800
0.000000
0.000000
0.000000
0.000000
0.000000
0.000000
0.000000
0.000000
0.000000
0.000000
0.019400
0.000000
0.000000
0.000000
0.000000
0.000000
0.000000
0.000000
0.000000
0.000000
0.004200
0.000000
0.023100
0.020500
0.000000
0.000000
0.000000
0.019800
0.003700
0.021100
0.000000
0.000000
0.000000
0.024200
0.036000
0.018200
0.090000
0.007700
0.000000
0.000000
0.004300
0.019300
0.000000
0.000000
0.040000
0.000000
0.043700
0.000000
0.000000
0.006900
0.000000
0.004200
0.000000
0.000000
0.034100
0.000000
0.000000
0.016500
0.052800
0.000000
0.000000
0.006500
0.000000
0.000000
0.000000
0.018300
0.000000
0.000000
0.000000
0.000000
0.000000
0.000000
0.000000
0.000000
0.000000
0.000000
0.022300
0.000000
0.069600
0.019500
0.004800
0.000000
0.000000
0.000000
0.000000
0.021500
0.001800
0.035900
0.000000
0.000000
0.000000
0.000000
0.028100
0.000000
0.000000
0.000000
0.021600
0.019900
0.000000
0.000000
0.000000
0.052000
0.000000
0.000000
0.000000
0.000000
0.000000
0.000000
0.000000
0.000000
0.030000
0.000000
0.000000
0.000000
0.000000
0.000000
0.000000
0.000000
0.000000
0.000000
0.000000
0.000000
0.000000
0.000000
0.022900
0.000000
0.000000
0.000000
0.040900
0.000000
0.000000
0.000000
0.000000
0.026700
0.000000
0.000000
0.000000
0.000000
0.017500
0.000000
0.000000
0.000000
0.000000
0.000000
0.022300
0.000000
0.000000
0.018400
0.019200
0.000000
0.000000
0.000000
0.000000
0.016900
0.000000
0.020700
0.000000
0.000000
0.000000
0.000000
0.000000
0.000000
0.000000
0.000000
0.000000
0.000000
0.003300
0.000000
0.000000
0.000000
0.017100
0.000000
0.000000
0.000000
0.000000
0.000000
0.000000
0.000000
0.000000
0.000000
0.000000
0.000000
0.000000
0.000000
0.000000
0.000000
0.000000
0.000000
0.000000
0.000000
0.000000
0.000000
0.000000
0.000000
0.000000
0.000000
0.000000
0.000000
0.000000
0.020600
0.000000
0.000000
0.000000
0.000000
0.000000
0.000000
0.000000
0.000000
0.000000
0.000000
0.000000
0.000000
0.000000
0.000000
0.000000
0.044000
0.000000
0.000000
0.000000
0.000000
0.000000
0.000000
0.000000
0.000000
0.052300
0.000000
0.000000
0.000000
0.010800
0.000000
0.000000
0.000000
0.000000
0.020500
0.000000
0.015000
0.000000
0.000000
0.000000
0.000000
0.000000
0.000000
0.000000
0.000000
0.019300
0.000000
0.000000
0.000000
0.000000
0.000000
0.000000
0.000000
0.000000
0.000000
0.000000
0.000000
0.000000
0.000000
0.000000
0.000000
0.000000
0.000000
0.026800
0.000000
0.000000
0.000000
0.000000
0.039800
0.000000
0.000000
0.000000
0.000000
0.000000
0.000000
0.000000
0.016700
0.000000
0.000000
0.000000
0.040100
0.000000
0.000000
0.000000
0.000000
0.000000
0.000000
0.000000
0.000000
0.023900
0.000000
0.000000
0.000000
0.023300
0.000000
0.000000
0.000000
0.000000
0.000000
0.000000
0.020000
0.000000
0.000000
0.000000
0.000000
0.000000
0.000000
0.000000
0.000000
0.000000
0.000000
0.000000
0.000000
0.000000
0.000000
0.000000
0.000000
0.000000
0.000000
0.042800
0.000000
0.000000
0.000000
0.000000
0.000000
0.018100
0.020200
0.000000
0.020800
0.003400
0.000000
0.000000
0.000000
0.000000
0.000000
0.000000
0.000000
0.000000
0.000000
0.000000
0.000000
0.058200
0.000000
0.000000
0.000000
0.000000
0.000000
0.000000
0.000000
0.000000
0.000000
0.082000
0.018000
0.004500
0.033400
0.000000
0.020400
0.006700
0.000000
0.000000
0.000000
0.000000
0.024600
0.000000
0.000000
0.000000
0.000000
0.004900
0.000000
0.019700
0.014100
0.021200
0.040100
0.000000
0.000000
0.000000
0.016900
0.000000
0.016500
0.035200
0.000000
0.000000
0.000000
0.000000
0.000000
0.000000
0.000000
0.000000
0.000000
0.000000
0.000000
0.000000
0.000000
0.000000
0.000000
0.000000
0.000000
0.037200
0.000000
0.016900
0.000000
0.000000
0.000000
0.000000
0.000000
0.000000
0.000000
0.034900
0.000000
0.018900
0.006100
0.048900
0.000000
0.039900
0.000000
0.000000
0.000000
0.000000
0.000000
0.000000
0.000000
0.000000
0.000000
0.000000
0.075900
0.000000
0.000000
0.000000
0.000000
0.024800
0.000000
0.019200
0.000000
0.000000
0.000000
0.000000
0.000000
0.000000
0.000000
0.020900
0.000000
0.000000
0.000000
0.000000
0.000000
0.008500
0.000000
0.000000
0.020100
0.000000
0.000000
0.000000
0.000000
0.000000
0.030000
0.000000
0.000000
0.000000
0.000000
0.000000
0.054100
0.000000
0.000000
0.015800
0.000000
0.000000
0.000000
0.009500
0.000000
0.000000
0.018700
0.000000
0.000000
0.000000
0.056800
0.037500
0.023700
0.000000
0.000000
0.000000
0.000000
0.003100
0.000000
0.000000
0.021400
0.000000
0.094100
0.000000
0.020900
0.000000
0.000000
0.000000
0.000000
0.000000
0.000000
0.000000
0.000000
0.000000
0.000000
0.000000
0.000000
0.000000
0.026800
0.000000
0.000000
0.000000
0.000000
0.000000
0.000000
0.000000
0.000000
0.000000
0.000000
0.000000
0.000000
0.000000
0.000000
0.000000
0.000000
0.000000
0.056300
0.000000
0.000000
0.000000
0.039000
0.000000
0.000000
0.000000
0.000000
0.000000
0.000000
0.039200
0.019500
0.000000
0.020900
0.000000
0.021600
0.000000
0.018600
0.008400
0.000000
0.000000
0.024300
0.019900
0.000000
0.000000
0.063600
0.000000
0.018400
0.000000
0.000000
0.000000
0.000000
0.000000
0.003400
0.000000
0.019400
0.000000
0.005500
0.000000
0.000000
0.000000
0.003500
0.018100
0.000000
0.000000
0.018700
0.014900
0.037200
0.000000
0.000000
0.000000
0.000000
0.000000
0.000000
0.019500
0.000000
0.036600
0.040900
0.000000
0.000000
0.000000
0.000000
0.000000
0.000000
0.021900
0.003000
0.031000
0.000000
0.000000
0.000000
0.000000
0.021000
0.000000
0.018400
0.000000
0.000000
0.000000
0.000000
0.000000
0.021100
0.000000
0.000000
0.000000
0.000000
0.000000
0.020400
0.000000
0.000000
0.000000
0.000000
0.021000
0.000000
0.006100
0.000000
0.000000
0.000000
0.012000
0.002400
0.000000
0.000000
0.037600
0.017300
0.000000
0.000000
0.000000
0.000000
0.000000
0.016200
0.000000
0.000000
0.022300
0.000000
0.017900
0.000000
0.018000
0.000000
0.058800
0.000000
0.000000
0.000000
0.000000
0.000000
0.000000
0.000000
0.000000
0.000000
0.020800
0.020300
0.000000
0.000000
0.000000
0.000000
0.017500
0.000000
0.000000
0.000000
0.000000
0.000000
0.000000
0.000000
0.000000
0.000000
0.000000
0.000000
0.000000
0.000000
0.000000
0.000000
0.000000
0.000000
0.000000
0.058200
0.017300
0.000000
0.000000
0.019600
0.018900
0.015100
0.000000
0.000000
0.000000
0.000000
0.000000
0.000000
0.000000
0.000000
0.000000
0.000000
0.004900
0.041000
0.000000
0.000000
0.022000
0.000000
0.000000
0.000000
0.022100
0.000000
0.000000
0.000000
0.019000
0.000000
0.016900
0.000000
0.000000
0.000000
0.000000
0.000000
0.000000
0.019600
0.000000
0.000000
0.009500
0.000000
0.000000
0.000000
0.000000
0.000000
0.000000
0.000000
0.000000
0.000000
0.000000
0.000000
0.000000
0.024400
0.000000
0.000000
0.000000
0.000000
0.000000
0.000000
0.000000
0.000000
0.000000
0.000000
0.000000
0.000000
0.000000
0.025600
0.000000
0.000000
0.000000
0.000000
0.000000
0.023800
0.000000
0.000000
0.000000
0.000000
0.000000
0.000000
0.000000
0.000000
0.000000
0.000000
0.000000
0.000000
0.000000
0.000000
0.000000
0.000000
0.017800
0.000000
0.000000
0.022200
0.000000
0.000000
0.018000
0.003500
0.000000
0.000000
0.044200
0.000000
0.000000
0.027700
0.000000
0.000000
0.000000
0.000000
0.000000
0.000000
0.000000
0.000000
0.000000
0.000000
0.022200
0.000000
0.000000
0.000000
0.000000
0.000000
0.000000
0.000000
0.016200
0.000000
0.000000
0.000000
0.000000
0.000000
0.000000
0.000000
0.000000
0.042200
0.000000
0.003900
0.000000
0.000000
0.000000
0.000000
0.000000
0.000000
0.000000
0.000000
0.000000
0.016900
0.000000
0.000000
0.038400
0.000000
0.033100
0.021400
0.043400
0.038700
0.037900
0.076600
0.000000
0.000000
0.000000
0.000000
0.000000
0.041600
0.000000
0.000000
0.000000
0.000000
0.000000
0.000000
0.000000
0.021900
0.000000
0.000000
0.000000
0.021000
0.000000
0.000000
0.000000
0.000000
0.000000
0.000000
0.000000
0.000000
0.000000
0.019900
0.046700
0.000000
0.000000
0.000000
0.000000
0.000000
0.000000
0.000000
0.000000
0.000000
0.000000
0.000000
0.050700
0.091500
0.070000
0.004400
0.000000
0.000000
0.043800
0.000000
0.039100
0.000000
0.003800
0.015900
0.000000
0.000000
0.006000
0.000000
0.025900
0.000000
0.023200
0.000000
0.007800
0.000000
0.103700
0.000000
0.019200
0.042400
0.021400
0.064200
0.015200
0.039200
0.027400
0.000000
0.000000
0.060200
0.137700
0.000000
0.000000
0.000000
0.081300
0.000000
0.039200
0.034700
0.037600
0.000000
0.000000
0.000000
0.000000
0.000000
0.000000
0.000000
0.000000
0.007300
0.025200
0.000000
0.000000
0.019000
0.000000
0.000000
0.000000
0.000000
0.020200
0.000000
0.000000
0.000000
0.000000
0.000000
0.000000
0.000000
0.000000
0.034500
0.022300
0.000000
0.004900
0.000000
0.000000
0.006800
0.000000
0.000000
0.041900
0.026900
0.081200
0.000000
0.000000
0.000000
0.005100
0.046900
0.000000
0.000000
0.000000
0.000000
0.000000
0.000000
0.000000
0.000000
0.036800
0.000000
0.037300
0.037300
0.000000
0.062200
0.000000
0.000000
0.000000
0.000000
0.000000
0.040500
0.000000
0.000000
0.000000
0.000000
0.019600
0.021300
0.000000
0.000000
0.000000
0.000000
0.000000
0.000000
0.016900
0.052700
0.003500
0.015800
0.024300
0.000000
0.002700
0.000000
0.044500
0.014000
0.023600
0.034900
0.032500
0.009600
0.038800
0.080500
0.000000
0.000000
0.034900
0.000000
0.000000
0.000000
0.014700
0.023700
0.000000
0.000000
0.024300
0.000000
0.000000
0.011500
0.000000
0.020600
0.000000
0.039800
0.037200
0.000000
0.000000
0.024200
0.000000
0.015800
0.000000
0.000000
0.000000
0.000000
0.000000
0.000000
0.018400
0.000000
0.000000
0.000000
0.000000
0.000000
0.084600
0.000000
0.000000
0.000000
0.000000
0.023100
0.000000
0.050900
0.019800
0.056200
0.041500
0.034500
0.000000
0.020200
0.018700
0.041500
0.021800
0.000000
0.000000
0.000000
0.017100
0.022900
0.014800
0.000000
0.032600
0.000000
0.077200
0.000000
0.064300
0.008600
0.000000
0.000000
0.036900
0.023400
0.019900
0.000000
0.018200
0.000000
0.000000
0.094500
0.000000
0.029300
0.028300
0.000000
0.000000
0.034700
0.027500
0.024500
0.027500
0.053800
0.022500
0.000000
0.000000
0.008500
0.000000
0.017400
0.000000
0.000000
0.000000
0.000000
0.000000
0.000000
0.003600
0.000000
0.000000
0.000000
0.000000
0.002900
0.013900
0.000000
0.090400
0.000000
0.000000
0.056100
0.000000
0.000000
0.000000
0.018000
0.023000
0.034000
0.000000
0.000000
0.031700
0.000000
0.057900
0.000000
0.000000
0.000000
0.009500
0.031900
0.067900
0.000000
0.000000
0.011700
0.000000
0.000000
0.000000
0.036100
0.000000
0.018100
0.033500
0.000000
0.000000
0.018600
0.000000
0.000000
0.000000
0.000000
0.020200
0.016400
0.000000
0.022500
0.025000
