0
0
0
0
0
0
0
0
0
0
0
0
0
0
0
0
0
0
0
0
0
0
0
0
0
0
0
0
0
0
0
0
0
0
0
0
0
0
0
0
0
0
0
0
0
0
0
0
0
0
0
0
0
0
0
0
0
0
0
0
0
0
0
0
0
0
0
0
0
0
0
0
0
0
0
0
0
0
0
0
0
0
0
0
0
0
0
0
0
0
0
0
0
0
0
0
0
0
0
0
0
0
0
0
0
0
0
0
0
0
0
0
0
0
0
0
0
0
0
0
0
0
0
0
0
0
0
0
0
0
0
0
0
0
0
0
0
0
0
0
0
0
0
0
0
0
0
0
0
0
0
0
0
0
0
0
0
0
0
0
0
0
0
0
0
0
0
0
0
0
0
0
0
0
0
0
0
0
0
0
0
0
0
0
0
0
0
0
0
0
0
0
0
0
0
0
0
0
0
0
0
0
0
0
0
0
0
0
0
0
0
0
0
0
0
0
0
0
0
0
0
0
0
0
0
0
0
0
0
0
0
0
0
0
0
0
0
0
0
0
0
0
0
0
0
0
0
0
0
0
0
0
0
0
0
0
0
0
0
0
0
0
0
0
0
0
0
0
0
0
0
0
0
0
0
0
0
0
0
0
0
0
0
0
0
0
0
0
0
0
0
0
0
0
0
0
0
0
0
0
0
0
0
0
0
0
0
0
0
0
0
0
0
0
0
0
0
0
0
0
0
0
0
0
0
0
0
0
0
0
0
0
0
0
0
0
0
0
0
0
0
0
0
0
0
0
0
0
0
0
0
0
0
0
0
0
0
0
0
0
0
0
0
0
0
0
0
0
0
0
0
0
0
0
0
0
0
0
0
0
0
0
0
0
0
0
0
0
0
0
0
0
0
0
0
0
0
0
0
0
0
0
0
0
0
0
0
0
0
0
0
0
0
0
0
0
0
0
0
0
0
0
0
0
0
0
0
0
0
0
0
0
0
0
0
0
0
0
0
0
0
0
0
0
0
0
0
0
0
0
0
0
0
0
0
0
0
0
0
0
0
0
0
0
0
0
0
0
0
0
0
0
0
0
0
0
0
0
0
0
0
0
0
0
0
0
0
0
0
0
0
0
0
0
0
0
0
0
0
0
0
0
0
0
0
0
0
0
0
0
0
0
0
0
0
0
0
0
0
0
0
0
0
0
0
0
0
0
0
0
0
0
0
0
0
0
0
0
0
0
0
0
0
0
0
0
0
0
0
0
0
0
0
0
0
0
0
0
0
0
0
0
0
0
0
0
0
0
0
0
0
0
0
0
0
0
0
0
0
0
0
0
0
0
0
0
0
0
0
0
0
0
0
0
0
0
0
0
0
0
0
0
0
0
0
0
0
0
0
0
0
0
0
0
0
0
0
0
0
0
0
0
0
0
0
0
0
0
0
0
0
0
0
0
0
0
0
0
0
0
0
0
0
0
0
0
0
0
0
0
0
0
0
0
0
0
0
0
0
0
0
0
0
0
0
0
0
0
0
0
0
0
0
0
0
0
0
0
0
0
0
0
0
0
0
0
0
0
0
0
0
0
0
0
0
0
0
0
0
0
0
0
0
0
0
0
0
0
0
0
0
0
0
0
0
0
0
0
0
0
0
0
0
0
0
0
0
0
0
0
0
0
0
0
0
0
0
0
0
0
0
0
0
0
0
0
0
0
0
0
0
0
0
0
0
0
0
0
0
0
0
0
0
0
0
0
0
0
0
0
0
0
0
0
0
0
0
0
0
0
0
0
0
0
0
0
0
0
0
0
0
0
0
0
0
0
0
0
0
0
0
0
0
0
0
0
0
0
0
0
0
0
0
0
0
0
0
0
0
0
0
0
0
0
0
0
0
0
0
0
0
0
0
0
0
0
0
0
0
0
0
0
0
0
0
0
0
0
0
0
0
0
0
0
0
0
0
0
0
0
0
0
0
0
0
0
0
0
0
0
0
0
0
0
0
0
0
0
0
0
0
0
0
0
0
0
0
0
0
0
0
0
0
0
0
0
0
0
0
0
0
0
0
0
0
0
0
0
0
0
0
0
0
0
0
0
0
0
0
0
0
0
0
0
0
0
0
0
0
0
0
0
0
0
0
0
0
0
0
0
0
0
0
0
0
0
0
0
0
0
0
0
0
0
0
0
0
0
0
0
0
0
0
0
0.008
0
0
0
0
0
0
0
0
0
0
0
0
0
0
0
0
0
0.1426
0.3834
0.0211
0
0
0
0
0
0
0
0
0
0
0
0
0
0
0
0
0
0
0
0
0
0
0
0
0
0
0
0
0
0
0
0
0
0
0
0
0
0
0
0
0
0
0
0
0
0
0
0
0
0
0
0
0
0
0
0
0
0
0
0
0
0
0
0
0
0
0
0
0
0
0
0
0
0
0
0
0
0
0
0
0
0
0
0
0
0.0072
0
0
0
0
0
0
0
0.0074
0
0
0
0.0245
0
0
0
0.0057
0
0
0
0
0
0
0
0
0
0
0.0033
0
0.0059
0
0
0
0
0.0207
0
0
0
0
0.0316
0
0
0
0
0
0
0
0
0
0
0
0
0
0
0
0
0
0
0
0
0
0
0
0
0
0
0
0
0
0
0
0
0
0
0
0
0
0
0
0
0
0
0
0
0
0
0
0
0
0
0
0
0
0
0
0
0
0
0
0
0
0
0
0
0
0
0
0
0
0
0
0
0
0
0
0
0
0
0
0
0
0
0
0
0
0
0
0
0
0
0
0
0
0
0
0
0
0
0
0
0
0
0
0
0
0
0
0
0
0
0
0
0
0
0
0
0
0
0
0
0
0
0
0
0
0
0
0
0
0
0
0
0
0
0
0
0
0
0
0
0
0
0
0
0
0
0
0
0
0
0
0
0
0
0
0
0
0
0
0
0
0
0
0
0
0
0
0
0
0
0
0
0
0
0
0
0
0
0
0
0
0
0
0
0
0
0
0
0
0
0
0
0
0
0
0
0
0
0
0
0
0
0
0
0
0
0
0
0
0
0
0
0
0
0
0
0
0
0
0
0
0
0
0
0
0
0
0
0
0
0
0
0
0
0
0
0
0
0
0
0
0
0
0
0
0
0
0
0
0
0
0
0
0
0
0
0
0
0
0
0
0
0
0
0
0
0
0
0
0
0
0
0
0
0
0
0
0
0
0
0
0
0
0
0
0
0
0
0
0
0
0
0
0
0
0
0
0
0
0
0
0
0
0
0
0
0
0
0
0
0
0
0
0
0
0
0
0
0
0
0
0
0
0
0
0
0
0
0
0
0
0
0
0
0
0
0
0
0
0
0
0
0
0
0
0
0
0
0
0
0
0
0
0
0
0
0
0
0
0
0
0
0
0
0
0
0
0
0
0
0
0
0
0
0
0
0
0
0
0.0227
0
0
0
0
0
0
0
0
0
0
0
0
0
0
0
0
0
0
0
0
0
0
0
0
0
0
0
0
0
0
0
0
0
0
0
0
0
0.0151
0
0
0
0
0
0
0
0
0
0
0
0.0472
0
0
0
0
0
0.0237
0
0
0
0.0148
0
0
0
0
0
0
0
0
0.0332
0
0
0
0
0
0
0.0222
0
0
0
0
0
0
0
0
0
0
0.0161
0
0.0217
0
0
0
0.0302
0
0
0
0
0
0
0
0.0266
0.0889
0
0
0
0
0
0.0095
0
0
0.012
0
0
0.0239
0
0
0
0.0222
0.0051
0
0
0
0.0349
0
0.007
0
0
0
0
0
0
0
0
0
0
0
0
0
0
0
0
0.0196
0
0
0
0
0
0
0
0
0
0
0
0.0676
0
0
0
0
0
0
0.0198
0.0054
0
0.0225
0.0191
0
0
0
0.045
0
0
0
0
0
0
0
0
0
0
0
0
0
0
0
0
0
0
0
0
0
0
0
0
0
0
0
0
0
0
0
0
0
0
0
0
0
0
0
0
0
0
0
0.0224
0
0
0
0
0
0
0.0199
0.0495
0.0038
0.0402
0
0
0.0358
0
0
0
0
0
0
0
0
0
0
0
0
0
0
0
0
0
0
0
0
0
0
0
0
0
0
0
0
0
0
0
0
0
0
0
0
0
0
0
0
0.0181
0
0
0
0
0
0
0
0
0
0
0
0
0
0
0
0
0
0
0
0
0
0
0.0066
0
0
0
0
0
0
0
0
0
0
0
0
0
0
0
0
0
0
0
0
0
0
0
0
0
0
0
0
0
0
0
0.0204
0
0
0
0
0
0
0
0.0163
0
0
0.016
0
0
0
0.0199
0
0
0
0
0
0
0
0
0
0
0
0
0
0
0
0
0
0
0
0
0
0
0
0
0
0
0
0
0
0
0
0
0
0
0
0
0
0.0216
0.0222
0
0
0
0
0
0
0
0
0
0
0
0
0
0
0
0.0087
0
0
0
0
0
0
0
0
0
0
0
0
0
0
0
0
0.0214
0.0057
0
0
0
0
0
0
0
0.0155
0
0
0
0
0
0
0
0.0106
0
0
0
0
0
0
0
0
0
0
0
0
0
0
0
0
0
0
0
0
0
0
0
0
0
0
0
0
0
0
0
0
0
0
0
0
0
0
0.0269
0
0
0
0
0
0
0.0481
0.046
0
0
0
0
0.0213
0
0
0
0
0
0
0
0
0
0
0
0
0
0
0
0
0
0
0
0
0
0
0
0.038
0
0
0.0177
0
0
0
0
0
0
0
0
0
0
0
0
0
0
0
0
0
0
0
0
0
0.0052
0
0
0
0
0
0
0
0
0
0
0
0
0
0
0
0
0
0
0
0.0567
0
0
0
0.0041
0
0
0
0
0
0
0
0
0
0
0
0
0.0436
0.0203
0
0
0
0
0
0
0
0
0
0.0489
0
0
0.0257
0
0
0
0.0393
0
0
0
0
0.0171
0.0117
0
0
0
0
0
0
0
0
0
0
0
0
0
0
0
0
0
0
0
0.0139
0.0199
0
0
0
0.0158
0
0
0
0
0
0
0
0
0
0
0
0
0
0
0
0
0
0
0
0.026
0
0
0
0
0
0
0
0
0
0
0
0
0
0
0.0062
0
0
0
0
0
0
0
0.0091
0
0
0
0
0
0
0
0
0
0
0
0
0
0
0
0
0
0
0.0178
0
0
0
0
0
0
0
0
0
0
0
0
0
0
0
0
0
0
0
0
0
0
0
0
0
0
0
0
0
0
0
0
0
0
0
0
0
0
0
0
0
0
0
0
0
0
0
0
0
0
0
0
0
0
0
0
0
0.0116
0
0
0
0
0
0
0
0.0241
0
0
0
0
0
0
0
0
0
0
0
0
0.0377
0
0.0033
0
0
0
0
0
0.0072
0
0
0
0.019
0
0.0039
0
0
0
0
0
0
0
0
0
0
0
0.011
0
0
0
0
0
0
0
0.018
0.0397
0
0
0
0
0
0
0
0
0
0
0
0
0
0.0271
0.0057
0
0
0
0
0
0
0
0
0
0
0
0
0
0
0
0
0
0
0
0
0
0.0056
0
0
0
0
0
0
0.0064
0
0
0
0
0
0
0
0
0
0
0
0
0
0
0
0
0
0
0
0
0
0
0
0
0
0
0
0
0
0
0
0
0
0
0
0
0
0
0
0
0
0
0
0
0
0
0
0
0
0
0
0
0
0
0.0376
0
0.018
0
0
0
0
0
0
0
0
0
0
0
0
0.0278
0
0
0
0
0
0
0
0.0357
0
0
0
0
0
0
0
0
0
0
0
0
0
0
0
0
0
0
0
0
0
0
0
0
0
0
0
0
0
0
0
0
0
0
0
0
0
0
0
0
0
0
0
0
0
0
0
0
0
0
0
0
0
0
0
0
0
0.0042
0
0
0
0
0
0
0
0
0
0
0
0
0
0
0
0
0
0
0
0
0
0
0
0
0
0
0
0
0
0
0
0
0
0
0
0
0
0
0
0
0
0
0
0
0
0
0
0
0
0
0
0
0
0
0
0
0
0
0
0
0
0
0
0
0
0
0
0
0
0
0
0
0
0
0
0
0
0
0
0
0
0
0
0
0
0
0
0
0
0
0
0
0
0
0.0167
0.0077
0
0
0
0
0
0
0
0
0
0.007
0
0
0
0
0.0232
0
0
0
0
0
0
0
0
0
0
0
0
0
0
0
0
0
0
0
0
0
0
0
0
0
0
0
0
0
0
0
0
0
0
0
0
0
0
0
0
0
0
0
0
0
0
0
0
0
0
0
0
0
0
0.0635
0
0.006
0
0
0
0
0
0
0
0
0
0
0
0
0
0
0
0
0
0
0
0
0
0
0
0
0
0
0
0.02
0
0
0
0.0212
0
0.0245
0
0
0
0
0
0
0
0
0
0
0
0
0
0
0
0
0.0183
0
0
0
0
0
0
0
0
0
0
0
0
0
0
0
0
0
0
0
0
0
0
0.0058
0
0
0
0
0
0
0
0
0.0437
0.0433
0
0
0
0
0
0
0
0
0
0
0
0
0
0
0
0
0
0
0
0
0.0059
0
0
0
0
0
0
0
0
0
0
0.0167
0
0.0055
0
0
0
0
0
0
0
0.0225
0
0
0
0
0
0
0
0
0
0
0
0
0
0
0
0
0
0
0
0
0
0
0
0
0
0
0
0.0254
0
0.0074
0
0
0
0.0268
0
0
0
0
0
0
0
0
0
0
0
0
0
0
0
0
0
0
0
0
0
0
0
0
0
0
0
0
0
0
0
0
0
0
0
0
0
0
0
0
0
0
0
0
0
0
0
0
0
0
0
0
0
0
0
0
0
0.0221
0.0044
0.0048
0.0106
0
0
0
0
0
0
0.0235
0
0
0
0
0
0
0
0
0
0
0
0
0
0
0
0
0
0
0
0
0
0
0
0
0
0
0
0
0
0
0
0
0.015
0
0
0
0
0
0
0
0
0
0
0
0
0
0
0.0083
0
0
0
0
0
0
0
0
0
0
0
0
0
0
0
0
0
0
0
0
0
0
0
0
0
0
0
0
0
0
0.0094
0
0
0
0
0
0
0
0
0
0
0
0
0.0185
0.0209
0
0
0
0
0
0
0
0
0
0
0
0.0177
0.0077
0.0354
0
0
0
0
0
0.035
0
0
0
0
0
0
0
0
0
0
0
0
0
0
0
0
0
0
0
0
0
0
0
0
0
0
0
0
0
0.0156
0
0
0
0
0
0
0
0
0
0
0
0.0164
0.0431
0
0
0.0192
0
0
0
0.0182
0
0
0
0
0
0
0.0083
0.0238
0
0
0.0195
0.0084
0.0146
0
0.0208
0
0
0
0.0267
0
0.0106
0.0993
0
0
0.0244
0.04
0.0075
0.0212
0.0313
0
0
0
0
0.0319
0.0249
0
0
0
0
0
0
0
0
0
0
0
0.0199
0
0.0203
0.0279
0.0191
0
0
0
0
0
0
0.0324
0
0
0
0
0
0
0
0
0
0
0
0
0
0
0
0
0
0
0
0
0
0
0
0.0399
0.0209
0.0236
0
0
0
0
0
0
0
0
0.0247
0
0
0.0197
0
0
0
0
0
0.0068
0
0
0.0522
0
0
0
0.0192
0
0
0
0
0
0
0
0
0
0
0
0
0.0233
0
0
0
0
0
0
0
0
0
0
0
0
0
0
0
0
0
0
0.0393
0
0
0
0
0
0
0
0
0
0
0
0
0
0
0
0
0
0
0
0
0
0
0
0
0
0
0
0
0
0
0
0
0
0
0
0
0.0228
0.0072
0
0
0
0
0
0
0
0
0
0
0
0
0
0
0
0.0163
0
0
0
0
0
0
0
0
0
0
0
0
0
0
0
0
0
0
0
0.0178
0
0
0
0
0
0
0.0037
0
0
0.0197
0
0
0
0
0
0.0373
0
0
0
0
0
0
0
0
0
0
0
0
0
0
0
0
0
0
0
0
0.02
0
0
0
0
0
0.023
0
0.0196
0
0
0
0
0
0
0
0
0.0209
0
0
0
0
0.0087
0.014
0
0
0
0.0032
0
0
0.0275
0
0
0
0.004
0
0
0
0
0.0063
0.0197
0.0163
0
0.0192
0
0
0
0.0199
0.0042
0
0
0.0382
0
0
0
0
0
0
0
0
0
0
0
0
0
0
0
0
0.0197
0
0
0
0
0
0
0.0307
0
0
0
0
0
0
0.0205
0
0
0
0.0298
0
0.0372
0
0
0
0
0
0.0197
0
0.0221
0
0.0164
0.0233
0
0
0
0
0.0163
0
0
0.0599
0
0.0244
0.0198
0
0
0.0606
0
0
0
0.0072
0
0.0221
0.0378
0.022
0.0581
0
0
0
0.0184
0.0201
0.0218
0
0.0042
0.0177
0
0
0
0
0
0
0
0
0
0.0037
0
0
0
0.0396
0
0
0
0
0
0.014
0
0.0222
0
0
0
0
0
0
0
0
0.007
0
0
0
0
0
0
0
0
0
0
0
0
0
0
0
0
0
0.0093
0
0
0
0.0207
0
0
0
0
0.0405
0
0
0
0
0.0298
0
0
0
0
0
0.0569
0.0218
0
0
0.0062
0.0264
0.0665
0
0.0424
0
0
0
0
0
0
0
0.0411
0.0204
0
0
0
0.0367
0.0609
0.0287
0.0325
0
0
0
0
0
0
0
0.0281
0
0
0
0
0
0
0
0
0
0
0.0064
0
0
0
0
0
0
0
0
0
0
0
0
0
0.0126
0
0
0
0
0
0.0105
0
0.0074
0
0.0559
0
0.0053
0.0179
0.0205
0
0
0.0302
0
0
0
0
0.005
0
0
0.0229
0
0
0
0
0.0175
0
0
0
0
0
0.0048
0
0
0
0
0
0
0
0
0
0
0
0
0
0
0
0
0
0
0
0
0
0
0
0
0
0
0
0.0408
0
0
0
0
0
0
0
0.0286
0
0
0
0
0
0
0
0
0
0.0072
0
0.019
0
0
0
0
0
0
0.0238
0
0.0475
0
0
0.0443
0
0.008
0
0
0
0
0
0
0
0
0
0
0
0
0
0
0.0089
0.0066
0
0
0
0
0
0
0.0419
0
0
0
0.0102
0
0
0
0
0
0
0
0
0
0
0
0
0
0
0
0.022
0.0158
0
0
0.0169
0
0
0
0
0
0
0
0
0
0
0
0
0
0.0054
0
0
0
0
0
0
0
0
0
0
0
0
0
0
0
0
0
0
0
0
0
0
0
0
0
0
0
0
0
0
0
0
0
0
0
0
0
0
0
0
0
0
0
0
0
0
0
0
0
0
0
0
0
0
0.0044
0
0
0.016
0.0306
0.0408
0
0.0133
0
0.0048
0.0111
0
0.0884
0.0534
0.0141
0
0
0
0
0
0
0.0093
0
0
0
0
0
0.0315
0
0.0382
0.0434
0.0457
0.0156
0
0
0.0102
0
0
0
0.0356
0
0.0022
0.0424
0
0
0
0
0
0
0
0
0.0233
0
0
0
0
0
0
0
0
0
0
0
0
0
0
0
0
0
0
0.033
0
0
0
0
0
0
0.0221
0
0
0
0
0
0
0
0
0
0
0
0
0
0
0
0
0.0282
0
0
0
0.044
0
0
0
0
0
0.0866
0.039
0
0
0
0
0
0
0
0
0
0
0
0
0
0.0232
0
0.0234
0
0.0615
0.019
0
0
0
0
0
0
0.0033
0
0
0
0
0
0
0.0258
0.0285
0
0
0.0402
0.0199
0
0
0.0031
0
0
0
0.0158
0
0
0.026
0
0
0
0
0
0
0
0
0
0
0.0173
0
0
0
0
0
0
0
0
0
0
0
0
0
0
0
0
0
0
0
0
0
0
0
0
0
0
0
0
0
0
0
0
0
0
0
0
0
0
0
0
0
0.0215
0
0.0206
0.0081
0
0
0
0
0
0
0
0
0
0.0376
0.0077
0
0
0
0
0
0
0
0.0084
0
0
0
0
0.0083
0
0.0223
0
0
0
0
0
0.0198
0
0
0.056
0
0
0
0
0
0
0
0
0
0.0193
0
0
0
0
0
0
0
0
0
0
0
0
0
0
0
0
0
0
0
0
0
0.0531
0
0
0
0
0
0.0224
0.0195
0
0
0
0
0.0053
0
0
0.0189
0
0.0705
0
0
0
0
0
0
0
0
0
0
0
0.0311
0
0
0
0
0
0.0198
0
0.042
0
0.0175
0
0
0
0
0
0
0
0
0
0
0
0
0.0259
0
0.0368
0
0.0569
0
0.0472
0.0258
0.0143
0
0.0144
0
0.0332
0
0
0.021
0
0
0
0
0
0
0
0
0
0.0066
0
0
0
0
0
0
0
0
0
0
0
0.0187
0
0
0.019
0
0
0
0
0
0
0
0
0
0.0059
0
0
0
0
0.047
0
0
0
0
0
0
0
0
0
0
0
0
0
0
0
0
0
0
0
0
0
0
0
0
0
0
0
0
0
0
0
0
0.0063
0
0
0
0
0
0
0
0
0
0
0
0
0
0
0
0
0
0
0
0
0
0
0
0
0
0
0
0
0
0
0
0
0
0
0
0
0
0
0
0
0
0
0
0
0
0
0
0
0.0165
0
0
0
0
0
0
0
0
0
0
0
0
0
0
0
0
0
0
0
0
0
0
0
0
0
0
0
0
0
0
0
0
0
0
0
0
0
0
0.0309
0
0
0
0
0
0
0.0063
0
0
0
0
0
0
0
0.0096
0.0181
0
0.0171
0
0
0
0
0
0
0
0
0
0
0
0
0
0
0
0
0
0
0
0
0
0
0
0
0.004
0
0.0045
0
0.0461
0
0
0
0
0
0
0
0
0
0
0
0
0
0.0237
0
0
0
0
0
0.0215
0
0
0
0
0
0
0.0302
0
0
0
0
0
0
0
0
0
0
0
0
0
0
0
0
0.0856
0
0.0218
0
0
0
0
0
0.0166
0
0
0
0
0
0
0
0
0
0
0
0
0
0
0
0
0
0
0
0
0.0138
0
0
0
0
0
0.0247
0
0
0
0
0
0
0.0055
0.016
0
0
0
0.0184
0
0.0219
0.0188
0
0
0.0554
0
0
0.0193
0
0.0186
0
0
0.0217
0
0
0
0
0
0.0149
0.0287
0
0.0083
0
0
0
0
0.0726
0.0245
0
0
0
0
0
0
0
0
0
0
0
0
0
0.0534
0
0
0
0
0
0.0205
0
0
0
0.0344
0
0
0
0.0559
0
0
0
0.0209
0
0
0
0
0
0
0
0
0
0
0
0
0
0
0
0
0
0
0
0
0
0
0
0
0
0
0.0214
0
0
0
0
0
0
0
0.0453
0
0
0
0
0
0
0
0
0
0
0
0
0
0
0
0
0
0
0
0
0
0
0
0
0
0
0
0.0253
0.0354
0
0
0
0
0.0057
0.0085
0.0715
0.0186
0.0265
0
0
0.0184
0.0472
0.0169
0
0.0177
0
0
0.0001
0.0538
0
0
0
0
0
0
0
0.0492
0
0
0
0
0
0
0.0405
0
0
0
0
0
0.0068
0
0
0
0.0076
0
0
0
0
0
0
0
0
0
0
0
0
0
0
0
0
0
0
0.0079
0
0.0176
0
0
0.0308
0
0
0
0
0
0
0
0
0
0
0.0194
0
0
0
0
0
0.0261
0
0
0
0.0185
0
0.0325
0
0
0
0
0
0
0
0
0
0
0
0
0
0
0
0
0
0
0.0178
0
0
0
0.0085
0
0
0
0.0036
0
0
0
0
0
0
0
0.0252
0
0
0
0
0
0
0.0212
0
0
0
0
0
0
0.0604
0
0
0
0
0
0
0
0
0
0
0
0
0
0
0
0.0526
0
0
0
0
0
0
0
0.0779
0
0
0
0
0
0.0225
0.0055
0.0209
0
0.0339
0.0357
0
0
0
0
0
0
0
0
0
0
0
0.0196
0.0413
0.0115
0
0
0.0233
0
0.0074
0
0
0
0.0045
0
0
0
0
0
0
0
0
0.0181
0
0
0
0
0
0.0136
0
0
0.0186
0
0
0
0.0182
0
0.0402
0
0
0
0
0
0
0
0.0052
0.0149
0
0
0
0.0143
0
0
0
0
0
0.0082
0
0.0172
0
0
0
0
0.0268
0.0174
0
0
0.0254
0.0323
0
0.0251
0.0157
0
0.0043
0
0
0
0.005
0.0383
0
0.0289
0.0881
0
0
0
0
0
0
0
0
0.0221
0
0
0.0192
0
0
0
0
0
0
0
0
0
0
0
0
0
0
0
0.0424
0
0
0.0045
0.0185
0
0.041
0
0
0
0
