0
0
0
0
0
0
0
0
0
0
0
0
0
0
0
0
0
0
0
0
0
0
0
0
0
0
0
0
0
0
0
0
0
0
0
0
0
0
0
0
0
0
0
0
0
0
0
0
0
0
0
0
0
0
0
0
0
0
0
0
0
0
0
0
0
0
0
0
0
0
0
0
0
0
0
0
0
0
0
0
0
0
0
0
0
0
0
0
0
0
0
0
0
0
0
0
0
0
0
0
0
0
0
0
0
0
0
0
0
0
0
0
0
0
0
0
0
0
0
0
0
0
0
0
0
0
0
0
0
0
0
0
0
0
0
0
0
0
0
0
0
0
0
0
0
0
0
0
0
0
0
0
0
0
0
0
0
0
0
0
0
0
0
0
0
0
0
0
0
0
0
0
0
0
0
0
0
0
0
0
0
0
0
0
0
0
0
0
0
0
0
0
0
0
0
0
0
0
0
0
0
0
0
0
0
0
0
0
0
0
0
0
0
0
0
0
0
0
0
0
0
0
0
0
0
0
0
0
0
0
0
0
0
0
0
0
0
0
0
0
0
0
0
0
0
0
0
0
0
0
0
0
0
0
0
0
0
0
0
0
0
0
0
0
0
0
0
0
0
0
0
0
0
0
0
0
0
0
0
0
0
0
0
0
0
0
0
0
0
0
0
0
0
0
0
0
0
0
0
0
0
0
0
0
0
0
0
0
0
0
0
0
0
0
0
0
0
0
0
0
0
0
0
0
0
0
0
0
0
0
0
0
0
0
0
0
0
0
0
0
0
0
0
0
0
0
0
0
0
0
0
0
0
0
0
0
0
0
0
0
0
0
0
0
0
0
0
0
0
0
0
0
0
0
0
0
0
0
0
0
0
0
0
0
0
0
0
0
0
0
0
0
0
0
0
0
0
0
0
0
0
0
0
0
0
0
0
0
0
0
0
0
0
0
0
0
0
0
0
0
0
0
0
0
0
0
0
0
0
0
0
0
0
0
0
0
0
0
0
0
0
0
0
0
0
0
0
0
0
0
0
0
0
0
0
0
0
0
0
0
0
0
0
0
0
0
0
0
0
0
0
0
0
0
0
0
0
0
0
0
0
0
0
0
0
0
0
0
0
0
0
0
0
0
0
0
0
0
0
0
0
0
0
0
0
0
0
0
0
0
0
0
0
0
0
0
0
0
0
0
0
0
0
0
0
0
0
0
0
0
0
0
0
0
0
0
0
0
0
0
0
0
0
0
0
0
0
0
0
0
0
0
0
0
0
0
0
0
0
0
0
0
0
0
0
0
0
0
0
0
0
0
0
0
0
0
0
0
0
0
0
0
0
0
0
0
0
0
0
0
0
0
0
0
0
0
0
0
0
0
0
0
0
0
0
0
0
0
0
0
0
0
0
0
0
0
0
0
0
0
0
0
0
0
0
0
0
0
0
0
0
0
0
0
0
0
0
0
0
0
0
0
0
0
0
0
0
0
0
0
0
0
0
0
0
0
0
0
0
0
0
0
0
0
0
0
0
0
0
0
0
0
0
0
0
0
0
0
0
0
0
0
0
0
0
0
0
0
0
0
0
0
0
0
0
0
0
0
0
0
0
0
0
0
0
0
0
0
0
0
0
0
0
0
0
0
0
0
0
0
0
0
0
0
0
0
0
0
0
0
0
0
0
0
0
0
0
0
0
0
0
0
0
0
0
0
0
0
0
0
0
0
0
0
0
0
0
0
0
0
0
0
0
0
0
0
0
0
0
0
0
0
0
0
0
0
0
0
0
0
0
0
0
0
0
0
0
0
0
0
0
0
0
0
0
0
0
0
0
0
0
0
0
0
0
0
0
0
0
0
0
0
0
0
0
0
0
0
0
0
0
0
0
0
0
0
0
0
0
0
0
0
0
0
0
0
0
0
0
0
0
0
0
0
0
0
0
0
0
0
0
0
0
0
0
0
0
0
0
0
0
0
0
0
0
0
0
0
0
0
0
0
0
0
0
0
0
0
0
0
0
0
0
0
0
0
0
0
0
0
0
0
0
0
0
0
0
0
0
0
0
0
0
0
0
0
0
0
0
0
0
0
0
0
0
0
0
0
0
0
0
0
0
0
0
0
0
0
0
0
0
0
0
0
0
0
0
0
0
0
0
0
0
0
0
0
0
0
0
0
0
0
0
0
0
0
0
0
0
0
0
0
0
0
0.0212
0
0
0
0
0
0
0
0
0
0
0
0
0
0
0
0
0
0.0336
0.0822
0
0.0167
0
0
0
0
0
0
0
0
0
0
0
0
0
0
0
0
0
0
0
0
0
0
0
0
0
0
0
0
0
0
0
0
0
0
0
0
0
0
0
0
0
0
0
0
0
0
0
0
0
0
0
0
0
0
0
0
0
0
0
0
0
0
0
0
0
0
0
0
0
0
0
0
0
0
0
0
0
0
0
0
0
0
0
0
0
0
0
0
0
0
0
0
0
0
0
0
0
0
0
0
0
0.0191
0
0
0
0
0
0
0
0
0
0
0
0.0259
0
0
0
0
0
0
0
0
0
0.0363
0.0037
0
0
0
0
0
0
0
0
0
0
0
0
0
0
0
0
0
0
0
0
0
0
0
0
0
0
0
0
0
0
0
0
0
0
0
0
0
0
0
0
0
0
0
0
0
0
0
0
0
0
0
0
0
0
0
0
0
0
0
0
0
0
0
0
0
0
0
0
0
0
0
0
0
0
0
0
0
0
0
0
0
0
0
0
0
0
0
0
0
0
0
0
0
0
0
0
0
0
0
0
0
0
0
0
0
0
0
0
0
0
0
0
0
0
0
0
0
0
0
0
0
0
0
0
0
0
0
0
0
0
0
0
0
0
0
0
0
0
0
0
0
0
0
0
0
0
0
0
0
0
0
0
0
0
0
0
0
0
0
0
0
0
0
0
0
0
0
0
0
0
0
0
0
0
0
0
0
0
0
0
0
0
0
0
0
0
0
0
0
0
0
0
0
0
0
0
0
0
0
0
0
0
0
0
0
0
0
0
0
0
0
0
0
0
0
0
0
0
0
0
0
0
0
0
0
0
0
0
0
0
0
0
0
0
0
0
0
0
0
0
0
0
0
0
0
0
0
0
0
0
0
0
0
0
0
0
0
0
0
0
0
0
0
0
0
0
0
0
0
0
0
0
0
0
0
0
0
0
0
0
0
0
0
0
0
0
0
0
0
0
0
0
0
0
0
0
0
0
0
0
0
0
0
0
0
0
0
0
0
0
0
0
0
0
0
0
0
0
0
0
0
0
0
0
0
0
0
0
0
0
0
0
0
0
0
0
0
0
0
0
0
0
0
0
0
0
0
0
0
0
0
0
0
0
0
0
0
0
0
0
0
0
0
0
0
0
0
0
0
0
0
0
0
0
0
0
0
0
0
0
0
0
0
0
0
0
0
0
0
0
0
0
0
0
0
0
0
0
0
0
0
0
0
0
0
0
0
0
0
0
0
0
0
0
0.0158
0
0
0
0
0
0
0
0
0
0
0
0
0
0
0
0
0
0
0
0
0
0
0
0
0
0
0
0
0
0
0
0
0
0
0
0
0
0
0
0
0
0
0
0
0
0
0
0.0448
0
0
0
0
0
0
0
0
0
0
0
0
0
0
0
0
0
0
0
0
0
0
0
0
0
0
0
0
0
0
0
0.0192
0
0.0196
0
0
0
0
0
0
0
0
0
0
0
0
0
0
0
0
0
0
0
0
0
0
0
0
0
0
0
0
0
0
0
0
0
0
0
0.0168
0
0
0
0
0
0
0
0
0
0
0
0
0
0
0
0
0.0208
0
0
0
0
0
0
0
0
0
0
0
0
0
0
0
0
0
0
0
0
0
0
0
0
0
0
0
0
0
0
0
0
0.0185
0
0
0
0
0
0
0
0
0
0
0
0.0546
0
0
0
0
0
0
0
0
0
0
0
0
0
0
0
0
0
0
0
0
0
0
0
0
0
0
0
0
0
0
0
0
0
0
0
0
0
0
0
0
0
0
0
0
0
0
0
0
0
0
0
0
0.0043
0
0.0181
0
0
0
0.0186
0
0
0
0
0
0
0
0
0
0
0
0
0
0
0
0
0
0
0
0
0
0
0
0
0
0
0
0
0
0
0
0
0
0
0
0
0
0
0
0
0
0
0
0.0217
0
0
0
0
0
0
0
0
0
0
0
0
0
0
0
0
0
0
0
0
0
0
0
0
0
0
0
0
0
0
0
0
0
0
0
0
0
0
0
0
0
0
0
0
0
0
0
0
0
0
0
0
0
0
0
0
0
0
0
0
0.0058
0
0
0
0.004
0
0
0
0
0
0
0
0
0.0082
0
0
0
0
0
0.016
0
0
0
0
0
0
0.0277
0
0
0
0.0355
0
0.0046
0
0
0.021
0.0033
0
0.0482
0.0544
0
0
0
0
0
0.0176
0
0.0206
0
0
0
0
0.007
0
0
0
0.0028
0
0.0547
0.03
0.012
0
0.0044
0
0
0.0108
0
0
0
0
0.0313
0.0286
0
0
0
0.0356
0
0
0
0
0
0.0157
0.0258
0
0
0
0
0
0
0.0309
0.0104
0.0464
0.0701
0
0
0.0239
0.0139
0
0
0.0092
0.0264
0
0
0
0
0
0
0
0
0
0.0089
0
0.043
0.0098
0
0.0245
0
0
0.0187
0
0
0.0256
0
0
0
0
0
0
0
0
0
0
0
0
0
0
0
0
0
0
0
0.0346
0.0062
0
0.0068
0.0232
0
0
0
0
0
0
0
0.0334
0
0
0
0
0
0
0
0
0
0.0935
0.0912
0
0
0
0
0
0
0
0
0
0
0
0
0.0196
0
0
0.0122
0.0218
0
0
0
0.0445
0
0
0.0311
0.0224
0.0146
0.0593
0
0
0
0.0137
0
0
0
0
0
0.0148
0
0
0
0
0
0
0
0
0
0
0.0297
0
0
0
0
0
0
0
0
0.0078
0.0265
0.0269
0.0445
0
0
0
0
0
0.0501
0.0255
0
0
0
0
0.0435
0
0
0
0
0
0.0047
0
0
0
0.0295
0
0
0
0
0
0
0
0
0
0.0332
0.0117
0
0
0
0
0.0052
0
0
0.0084
0
0.0096
0.0109
0.0352
0.0041
0.005
0
0
0
0
0
0
0.0239
0
0
0
0
0.0107
0
0
0
0
0
0
0.0302
0
0
0.0268
0.013
0
0
0
0
0
0
0
0
0
0
0
0
0.0082
0.021
0
0
0.0399
0
0
0
0
0
0
0
0.0194
0.0047
0.0113
0.0084
0
0
0
0
0.0142
0.0559
0
0
0
0
0.0258
0.0156
0
0
0
0
0
0
0.0389
0.0178
0.0932
0.0107
0
0.0242
0
0.023
0
0
0
0
0
0
0
0
0
0
0
0
0
0
0.0041
0
0
0
0.0276
0
0.0069
0
0
0
0
0
0
0
0
0
0
0
0
0.008
0
0
0
0
0
0
0
0
0
0
0
0.0347
0
0.0082
0
0
0
0
0
0.0395
0
0
0
0
0
0
0
0
0.0682
0
0
0
0
0
0
0
0
0
0
0
0
0
0
0
0
0
0
0
0
0
0
0
0
0
0
0
0
0.1187
0
0
0
0
0
0
0
0
0
0
0
0
0
0
0
0
0.0285
0.0758
0.0683
0
0
0.0422
0.0503
0.0324
0
0
0
0
0
0
0
0.0047
0
0
0
0
0
0
0
0
0
0
0
0
0
0
0
0
0
0
0
0
0
0
0
0
0
0
0
0
0
0
0
0
0
0
0
0
0
0
0.018
0
0
0
0
0
0.0135
0
0
0.0169
0
0
0
0
0
0
0
0.0203
0
0
0
0
0
0
0
0
0
0
0
0
0
0
0
0
0.0145
0
0
0
0
0.022
0
0
0
0
0
0
0
0.0539
0
0
0.0134
0.0173
0.0098
0
0
0
0
0
0
0
0
0
0
0
0
0
0
0
0
0
0
0
0
0
0
0
0
0
0
0.0173
0
0
0
0
0.0053
0
0
0
0
0
0
0
0.0319
0.0138
0
0
0
0
0
0
0
0.0267
0.0248
0
0
0
0
0
0
0
0
0
0
0
0
0
0
0
0
0
0
0
0
0
0
0
0
0
0
0
0
0
0
0
0
0
0
0.0071
0
0.0351
0
0
0
0
0
0
0
0
0
0
0
0
0
0
0
0.0213
0
0
0
0.04
0
0
0
0
0
0
0
0
0
0.0181
0.0212
0
0
0
0
0
0
0
0.0053
0.0216
0.0073
0.0059
0
0
0
0
0
0
0
0.0272
0
0
0
0.0362
0
0.0718
0.005
0
0.0412
0
0
0
0
0
0
0
0
0
0
0
0
0
0
0.0129
0
0
0
0.0213
0
0
0
0
0
0
0
0
0
0
0.0435
0
0.0157
0
0
0
0
0
0
0
0
0
0
0
0
0
0
0
0
0
0
0
0
0.004
0
0
0
0.0197
0
0
0
0.0063
0
0
0
0
0.0379
0
0
0
0
0
0
0.011
0
0
0
0
0
0
0
0
0
0
0
0.0234
0
0
0.025
0
0
0
0
0
0
0
0
0.0208
0
0
0
0
0
0
0
0
0
0
0
0
0.0147
0
0
0
0
0
0
0
0
0.0318
0
0.0037
0.0402
0.0588
0.0423
0.0643
0
0
0.0348
0.0454
0
0
0.0089
0
0
0
0
0.0065
0
0.0345
0.0171
0
0
0
0
0.0336
0
0
0
0
0
0
0
0
0
0
0
0
0
0
0
0
0.0117
0
0.1041
0.0182
0
0
0
0
0
0
0
0
0
0
0
0
0
0
0
0
0
0
0
0
0
0
0
0
0
0.0066
0.0062
0
0
0
0
0
0.0312
0.0582
0
0
0
0.0375
0
0
0
0
0
0
0
0.0146
0.0236
0
0
0
0
0
0
0
0.0202
0.005
0.0067
0
0
0
0
0
0
0
0
0
0
0
0
0
0.0098
0
0
0
0
0
0.0206
0.1402
0.0581
0.0496
0
0.0238
0
0
0
0.0379
0.0492
0
0.0145
0
0
0
0
0
0
0
0
0
0
0
0
0
0
0
0
0
0
0.0121
0.0126
0
0
0
0
0
0
0
0
0
0
0
0
0
0
0.0111
0.0271
0
0
0
0
0
0
0
0
0
0.0346
0
0
0
0
0
0.0236
0.0259
0
0
0.0099
0
0
0
0
0
0.0189
0.0579
0.0033
0
0.0225
0
0
0
0
0
0
0
0
0
0
0
0
0
0
0
0
0
0.026
0
0.0109
0
0
0
0
0
0
0
0
0
0
0
0
0
0
0
0
0
0
0
0
0
0
0
0
0
0
0
0.003
0.0077
0
0
0
0
0
0
0
0
0
0
0
0
0
0
0.0247
0.0147
0
0.005
0
0.0115
0.0134
0
0
0
0
0
0
0
0
0
0.0052
0
0
0
0
0
0
0
0
0
0.0206
0
0
0
0.0231
0
0
0
0
0
0
0.0155
0.0034
0
0
0
0
0
0.0142
0
0
0.0118
0.0027
0.0319
0
0
0
0
0
0
0
0
0
0
0
0
0
0
0
0
0.0682
0.0077
0.061
0.0068
0.0334
0
0
0
0.0473
0.1079
0
0
0
0
0
0
0.0376
0.0259
0
0.0098
0
0
0
0
0
0
0
0
0
0
0.0054
0.0207
0
0
0
0
0
0
0
0.0406
0
0
0
0
0
0
0.0081
0
0
0
0
0
0
0
0
0
0
0
0
0.0118
0
0
0
0
0
0
0
0
0
0
0
0
0
0
0
0
0
0
0
0.0071
0
0
0
0
0
0
0
0
0
0.0045
0.0202
0
0
0
0
0
0
0
0
0
0
0
0
0
0
0
0
0
0
0
0
0
0
0
0
0.0065
0.0707
0.0732
0
0
0
0
0
0
0.0354
0
0
0
0
0.027
0.0338
0
0
0
0
0
0.0197
0
0
0
0
0
0
0
0
0
0
0
0
0
0
0
0
0
0
0
0
0
0
0
0
0
0
0
0
0.0213
0
0
0
0
0
0
0
0
0
0
0.0045
0
0
0
0
0
0
0
0
0
0
0.0114
0.0178
0
0
0
0
0
0
0
0
0
0
0
0
0
0
0
0
0.0174
0
0
0
0
0
0
0.0035
0
0
0
0
0
0
0
0.0238
0
0.0162
0
0
0
0
0
0
0
0
0
0
0
0.0042
0.0366
0
0
0
0
0
0
0
0
0
0
0
0
0
0
0
0
0
0
0
0
0
0
0
0
0
0
0
0
0
0.0184
0
0
0
0
0
0
0
0
0
0.0158
0.0358
0
0
0
0
0
0.0867
0.1113
0
0
0
0
0
0.0058
0
0
0
0
0
0.0214
0
0.0177
0
0
0
0
0
0
0
0
0
0
0
0.0173
0
0
0
0
0
0
0
0
0
0
0
0
0
0
0.0228
0
0
0
0
0
0
0
0
0
0
0
0
0
0
0
0
0
0
0
0
0
0
0
0.0091
0
0
0
0.0239
0
0
0
0
0
0
0
0
0
0
0
0
0.0103
0
0
0
0
0.0162
0
0
0
0
0
0
0
0
0.0205
0
0
0
0
0
0.019
0
0
0
0
0
0
0
0
0
0
0
0
0
0.0271
0
0
0
0
0.0055
0
0
0
0
0
0
0
0
0
0.0221
0
0
0
0
0
0
0.0191
0
0
0
0
0
0
0
0
0
0
0
0
0
0
0.0171
0.0526
0
0.0179
0
0
0
0
0
0.0097
0
0.0286
0.0088
0.0357
0
0
0
0
0
0
0
0
0.031
0
0
0
0
0.0066
0.0172
0.0079
0
0.0042
0
0
0
0
0
0.0289
0.0096
0
0
0
0.0208
0
0.022
0.0304
0
0.0058
0
0
0.0299
0
0
0.0055
0.0226
0
0
0.0563
0.0355
0.0784
0.0091
0.0591
0
0
0.0361
0
0
0.0133
0
0
0
0
0.0066
0.0056
0.0352
0
0
0
0
0
0.0303
0
0.0529
0.0062
0.0275
0.0328
0.0169
0
0
0
0
0.0399
0.0271
0.0542
0
0
0
0
0.0387
0
0
0.0173
0
0.0163
0
0
0.0339
0
0
0.021
0
0
0
0
0
0
0
0
0
0
0
0
0
0
0
0
0
0
0
0
0
0.0062
0
0
0.0232
0
0.0357
0.0298
0.0183
0.0161
0
0
0.0206
0
0
0
0
0.0167
0.0066
0
0
0
0
0.0242
0
0.0383
0.024
0.0257
0.0413
0
0
0.0109
0.0671
0.0659
0.0473
0.0053
0.0143
0.0484
0.0043
0.027
0
0
0
0
0
0
0
0.07
0.0747
0
0
0.0063
0.0063
0
0.0835
0
0.0517
0.0105
0
0.0206
0
0.0366
0
0.0955
0.0051
0
0
0
0
0.0228
0
0.0133
0.0261
0
0.0225
0
0
0.0083
0.0103
0
0
0
0
0
0
0
0
0
0.022
0.0198
0.0144
0
0
0
0
0
0
0.0824
0.0189
0
0
0
0
0
0
0
0
0
0.0133
0
0
0
0
0
0.0115
0
0
0.0407
0
0
0
0
0
0.0221
0
0
0
0
0
0
0
0
0
0
0.0236
0
0
0
0
0
0
0
0
0
0
0
0.029
0.0048
0.0384
0.1284
0.0653
0.0574
0
0.0108
0.0257
0.0097
0
0
0
0
0
0.0104
0
0
0
0
0
0
0.0056
0.0247
0.0244
0
0.0306
0
0.0771
0.0385
0
0.0056
0.0146
0.0405
0.0577
0
0.0197
0.0199
0.0343
0.0723
0.0437
0
0.0078
0.0334
0.0349
0.0169
0
0.0374
0.0129
0.0198
0
0
0.0185
0
0
0
0.0277
0.0079
0
0
0
0
0.023
0
0.0911
0
0
0.0515
0
0
0
0.0501
0
0
0
0
0
0.0033
0
0.0041
0
0
0
0.0433
0
0.0274
0.0164
0
0
0
0.0402
0.0171
0.0304
0.0175
0.015
0
0.0295
0.0078
0
0
0
0
0
0.0419
0.0732
0.0434
0
0.0064
0
0
0.0214
0
0
0.0056
0.1244
0.013
0
0.068
0.028
0.0029
0
0
0
0
0.0372
0
0
0
0
0
0
0
0
0.0316
0.034
0
0
0
0.1016
0.0421
0
0
0
0
0.0045
0.0053
0
0.0179
0.0103
0.0299
0
0
0.036
0
0
0
0
0
0
0
0
0
0
0
0
0
0
0
0
0
0.0387
0.0271
0
0
0.0408
0.0328
0.0159
0.0343
0
0
0
0
0
0
0.0179
0
0
0
0.0347
0
0
0
0
0.0431
0
0
0.0477
0.1037
0.0363
0.0043
0.0088
0
0.021
0
0
0
0.0274
0
0.0479
0.0537
0
0
0
0
0.0198
0
0
0
0.0178
0.0032
0
0
0
0
0
0
0
0
0.0319
0
0.0606
0.0305
0.0149
0
0
0
0
0
0
0
0
0
0
0.0274
0
0
0
0
0
0
0
0
0
0
0
0
0
0
0
0
0
0.0136
0
0
0
0
0
0
0
0
0.0165
0.0062
0
0
0
0
0
0.0141
0
0
0.019
0
0
0
0
0
0
0
0
0
0.0726
0
0
0
0
0
0.029
0
0
0
0
0
0
0.0089
0
0
0
0
0
0.028
0
0
0
0
0
0.0442
0
0
0
0
0.0295
0
0.0286
0
0
0
0
0.0058
0.0223
0
0
0.0179
0.0095
0
0
0
0
0.018
0
0.0056
0.0173
0.0277
0
0.0075
0
0
0
0
0
0
0
0
0
0
0
0
0
0
0
0
0
0
0
0
0
0
0
0
0
0
0
0
0.0389
0
0
0
0
0
0
0
0
0
0
0
0
0.0055
0
0
0
0.0231
0
0
0
0
0
0
0
0
0
0
0
0
0
0
0
0
0
0
0
0
0
0
0
0
0
0
0
0
0
0
0
0
0
0
0
0
0
0
0
0
0
0
0
0
0
0
0
0
0
0
0
0
0
0
0
0
0
0
0
0.0385
0
0
0
0
0
0
0
0
0
0
0
0
0
0
0
0
0
0
0
0
0
0
0
0
0
0
0
0
0
0
0
0
0
0
0
0
0
0
0
0
0
0
0
0
0
0.0184
0
0
0
0
0
0
0
0
0
0
0
0
0
0
0
0
0
0.0283
0.0087
0
0
0
0
0
0
0
0
0
0
0
0
0
0
0
0
0
0
0
0
0.0244
0
0
0
0
0
0
0
0
0
0
0
0
0
0
0
0
0
0
0
0
0
0
0
0
0
0
0
0
0
0
0
0
0
0
0
0
0
0
0
0
0
0
0
0
0
0
0
0
0
0
0.0464
0
0
0.0208
0.0105
0
0
0
0
0.0157
0
0
0
0
0
0
0
0.0045
0
0
0
0
0
0
0
0
0
0.007
0
0
0
0
0
0
0
0
0
0
0
0
0
0
0
0.0244
0
0
0.0204
0
0
0.0076
0.0025
0
0
0.0428
0
0
0.022
0
0.0102
0
0
0
0
0
0
0.0146
0.0231
0
0
0
0
0
0
0
0
0
0
0
0
0
0
0
0
0
0.006
0.0132
0.041
0
0.0205
0.0053
0
0
0
0
0
0
0
0
0
0
0.0238
0.1373
0.0826
0.0341
0.0339
0.0388
0.0578
0
0.0324
0
0.0115
0
0
0.0038
0
0
0.038
0
0
0
0
0
0
0
0
0
0
0
0
0
0
0
0
0
0
0
0
0
0
0
0
0
0
0
0
0
0
0.0051
0
0
0
0
0.0298
0
0
0
0
0
0
0
0
0
0
0
0
0
0
0
0
0
0
0
0
0
0
0
0
0
0
0
0.012
0
0
0.0101
0
0
0
0
0.0086
0.0096
0.0049
0.0358
0.0273
0
0.0206
0
0
0.026
0.0385
0
0
0
0.0198
0
0
0
0
0.0047
0
0
0
0
0
0
0
0
0
0
0
0
0
0
0
0
0
0
0
0
0
0
0
0
0
0
0
0
0
0
0
0
0
0
0
0
0
0.036
0.0271
0
0
0.0328
0
0
0
0
0
0
0
0
0
0
0
0
0
0
0
0.0226
0
0
0
0
0
0.0196
0
0
0
0.0165
0
0
0.0037
0.0081
0.0035
0.0231
0
0
0
0
0
0
0
0.0399
0
0
0.0119
0.0094
0
0
0
0.0049
0
0
0
0
0
0
0
0
0
0
0.0269
0
0
0
0.0024
0
0.0161
0
0
0
0
0
0
0.0366
0.0176
0
0
0
0
0
0
0
0
0
0
0
0
0
0
0
0
0
0.0245
0.029
0.0348
0.0475
0.0109
0
0.0232
0
0.0135
0.0253
0.0208
0
0.0105
0.025
0.0157
0
0
0.0532
0
0
0
0
0.0242
0
0.0107
0.0035
0.0125
0
0
0
0.0169
0.0451
0
0
0
0.0188
0
0
0
0.0179
0
0
0
0
0
0
0
0
0
0
0
0
0
0
0
0
0
0
0
0
0
0
0
0
0
0
0.0478
0.0249
0
0
0.06
0
0
0
0
0.0247
0
0
0
0
0
0
0
0
0.003
0
0
0
0
0
0
0.0268
0
0
0.0552
0
0.032
0
0
0.0284
0.042
0.0166
0
0.0522
0
0
0
0
0
0
0
0
0
0
0
0
0
0
0
0
0
0.0343
0
0
0.0168
0
0
0
0.0405
0.0479
0
0
0
0
0
0.0169
0
0
0
0
0
0
0.0414
0.0065
0
0
0
