0
0
0
0
0
0
0
0
0
0
0
0
0
0
0
0
0
0
0
0
0
0
0
0
0.0167
0
0
0
0
0
0.0161
0
0
0
0
0.0058
0
0
0.016
0
0
0
0
0
0
0
0
0.0367
0
0
0
0
0
0
0
0
0
0
0
0
0
0
0.0247
0.0147
0
0
0
0
0
0.0411
0
0
0
0
0.0027
0
0.0363
0
0
0
0
0
0
0
0
0
0
0
0
0
0
0
0
0
0.0219
0
0
0
0
0
0.0244
0.0033
0
0.031
0.021
0
0
0
0
0
0
0
0
0
0
0.0377
0.0177
0
0.0364
0
0.022
0
0
0
0
0
0
0
0
0
0
0
0
0
0
0
0
0.0165
0
0
0
0
0
0
0
0
0
0
0
0
0
0.0055
0
0
0.0158
0.0149
0
0
0
0.0431
0
0
0
0
0.0355
0.0077
0.0313
0.0381
0
0
0
0
0
0
0
0
0
0
0
0.0226
0
0
0
0
0
0.0131
0
0
0
0
0
0
0
0
0
0
0
0
0
0
0
0
0
0
0
0
0
0
0.0914
0.0634
0.0916
0.0093
0
0.0332
0.0269
0.0623
0.0871
0.1065
0.0235
0
0
0
0
0
0
0
0
0
0
0
0
0
0.019
0
0
0
0
0
0
0
0
0
0
0
0
0.0177
0
0
0
0
0.0481
0
0.0559
0
0
0
0
0
0
0
0
0
0
0
0.0033
0
0
0
0
0
0
0
0
0
0
0
0.02
0
0.0382
0
0
0
0
0
0
0
0
0
0
0
0
0
0
0
0
0
0
0
0
0
0
0
0
0
0
0
0
0
0
0
0
0
0
0
0
0
0
0
0.0064
0.0223
0
0
0
0
0
0
0
0
0
0
0
0
0
0
0
0
0
0
0
0
0
0
0
0
0
0.0046
0
0
0
0
0
0
0
0
0
0
0
0
0
0
0
0.0153
0
0
0
0
0
0
0
0
0
0
0
0
0
0
0
0.0364
0
0
0.0103
0
0.0069
0
0.0372
0
0.0052
0
0
0
0
0
0
0
0.0252
0
0
0
0
0
0
0.0257
0.017
0
0
0
0.0157
0
0
0
0.0345
0
0
0.0157
0.0489
0
0
0
0
0.055
0.0188
0
0
0
0
0.0394
0
0
0
0
0
0
0
0
0
0
0
0
0
0
0
0
0
0
0
0.0158
0
0
0
0
0
0
0
0
0
0
0
0.0186
0
0
0
0
0
0
0
0
0
0.023
0.0182
0
0
0
0
0
0.0378
0
0
0
0
0.038
0
0
0
0
0.0161
0
0
0.0236
0
0
0
0
0
0
0
0
0
0
0
0.0189
0
0
0
0
0.017
0
0
0
0
0
0.0157
0
0
0
0
0.0154
0.0414
0
0
0
0
0
0
0
0
0
0
0
0
0
0
0
0
0
0
0
0
0
0
0
0
0
0
0
0
0
0
0.0215
0
0
0
0
0
0
0.0203
0
0
0
0
0.0205
0
0
0
0
0
0
0
0
0
0
0
0
0
0.0302
0
0.0148
0
0
0
0
0
0
0
0
0
0
0
0
0
0
0
0
0
0.0177
0
0
0
0
0
0
0
0.0226
0
0
0
0
0
0
0.02
0
0
0
0
0
0
0
0
0
0
0
0
0
0
0
0
0
0
0.02
0
0
0
0
0
0
0
0
0
0
0
0
0
0
0
0
0
0
0.0219
0
0.0362
0
0
0
0
0
0
0
0.0041
0
0
0
0
0
0
0
0
0
0
0
0
0
0
0
0
0
0
0
0.0173
0
0
0
0
0
0.0227
0
0
0
0
0.0186
0
0
0
0
0
0
0
0
0
0
0
0
0
0
0
0
0
0
0
0.0218
0
0
0
0
0
0
0
0
0
0.0242
0
0
0
0
0
0
0
0
0
0
0.03
0
0
0
0
0
0
0
0
0
0
0
0
0
0
0
0
0
0
0
0
0
0
0
0
0
0
0
0
0.0185
0
0.0326
0
0
0
0
0
0
0
0
0
0
0
0
0
0
0
0
0
0
0
0
0
0
0
0
0
0
0
0
0
0
0
0
0
0
0
0
0
0
0
0.0155
0.0238
0
0
0
0
0
0
0
0
0
0
0
0
0
0
0.0388
0
0
0
0
0
0
0
0
0
0
0
0
0
0
0
0
0
0
0
0
0
0
0
0
0
0
0
0
0
0
0
0
0
0
0
0
0
0
0
0
0
0
0
0
0
0
0
0
0
0
0
0
0
0.0187
0
0
0
0
0
0
0
0
0
0
0
0
0
0
0
0
0
0
0.019
0
0
0
0
0
0
0.0223
0.0066
0.0127
0
0
0
0
0
0
0
0
0
0
0
0
0
0
0
0
0
0
0
0
0
0
0
0
0
0.0027
0
0
0.0176
0
0
0
0
0
0
0
0
0
0
0
0
0
0
0
0
0
0
0
0
0
0
0.0044
0
0
0
0
0.0152
0
0
0
0.0182
0
0.0361
0
0
0
0
0
0
0
0
0
0
0
0
0
0
0
0
0
0
0
0
0
0
0
0
0
0
0
0
0
0
0
0
0
0
0
0
0
0
0
0
0
0
0
0
0
0
0
0
0
0
0
0
0
0
0
0
0
0
0
0
0
0
0
0
0
0
0
0
0.0251
0
0
0
0
0
0
0
0
0
0
0
0.034
0
0
0
0
0
0
0
0
0
0
0
0
0
0
0
0.0198
0
0
0
0
0
0
0.0065
0
0
0
0
0
0
0
0
0
0
0
0
0
0
0
0
0
0
0
0.0164
0
0
0
0
0
0
0
0
0
0
0
0
0
0
0
0
0
0
0
0
0
0
0
0
0
0
0
0
0
0
0
0
0
0
0
0
0
0
0
0
0
0
0
0
0
0
0
0.0368
0
0
0.0167
0.0315
0.0042
0.0021
0.0659
0.0411
0.0674
0
0.0929
0
0
0
0
0
0
0
0
0
0
0
0
0
0
0
0
0
0
0
0
0
0
0
0
0
0
0
0
0
0
0
0
0
0
0
0
0.02
0
0.0075
0.0094
0
0
0
0
0
0
0
0
0
0
0
0
0
0
0
0
0
0
0
0
0
0
0
0
0
0
0
0
0
0
0
0
0
0
0
0
0
0
0
0
0
0
0
0
0
0
0
0
0
0
0
0
0
0
0
0
0
0
0
0
0
0
0
0
0
0
0
0
0
0
0
0
0
0
0
0
0
0
0
0
0
0
0
0
0
0
0
0
0
0
0
0
0
0
0
0
0
0
0
0
0
0
0
0
0
0
0
0
0
0
0
0
0
0
0
0
0
0
0
0
0
0
0
0
0
0
0
0
0
0
0
0
0
0
0
0
0
0
0
0
0
0
0
0
0
0.0158
0
0
0
0
0
0
0
0
0
0
0
0
0
0
0
0
0
0
0
0
0
0
0
0
0
0
0
0
0
0
0
0
0
0
0
0.0008
0.0153
0
0
0
0
0
0
0
0
0
0
0
0
0
0
0
0
0
0
0
0
0
0
0
0
0
0
0
0
0
0
0
0
0
0
0
0
0
0
0
0
0
0
0
0
0
0
0
0
0
0
0
0
0
0
0
0
0
0
0
0
0
0
0
0
0
0
0
0
0
0
0
0
0
0
0
0
0
0
0
0
0
0
0
0
0
0
0
0
0
0
0
0
0
0
0
0
0
0
0
0
0
0
0
0
0
0
0
0
0
0
0
0
0
0
0
0
0
0
0
0
0
0
0
0
0
0
0
0
0
0
0
0
0
0
0
0
0
0
0
0
0
0
0
0
0
0
0
0
0
0
0
0
0
0
0
0
0
0
0
0
0
0
0
0
0
0
0
0
0
0.0167
0
0
0
0
0
0
0
0
0
0
0
0
0
0
0
0
0
0
0
0
0
0
0
0
0
0
0
0
0
0
0
0
0
0
0
0
0
0
0
0
0
0
0
0
0
0
0
0
0
0
0
0
0
0
0
0
0
0
0
0
0
0
0
0
0
0
0
0
0
0
0
0
0
0
0
0
0
0
0
0
0
0
0
0
0
0
0
0
0
0
0
0
0
0
0
0
0
0
0
0
0
0.0092
0
0
0
0
0
0
0
0
0
0
0.0171
0
0
0.0195
0
0
0.009
0
0.0136
0
0
0
0
0
0
0
0
0
0
0
0
0
0
0
0
0
0
0
0
0
0
0
0
0
0
0
0
0
0
0
0
0
0
0
0
0
0
0
0
0
0
0.0149
0
0
0
0
0
0
0
0
0
0
0
0
0
0
0
0
0.0185
0
0
0
0
0
0
0
0
0
0
0
0
0
0
0
0
0
0
0
0
0
0
0
0
0
0
0
0
0
0
0
0
0.0189
0
0.025
0
0.0073
0.0237
0
0
0
0
0
0
0.0368
0
0
0.0195
0.0218
0
0
0
0
0
0
0
0
0
0
0
0
0
0
0
0
0
0
0
0
0
0
0
0
0
0
0
0
0
0.0218
0
0.0177
0
0
0
0
0
0
0.0399
0
0
0
0
0
0.0185
0
0
0
0
0
0
0
0
0.0214
0
0
0
0
0
0
0
0
0
0
0
0
0
0
0
0
0
0
0
0
0
0
0
0
0
0
0
0
0
0
0
0
0
0.0217
0
0
0
0
0
0
0
0
0.0187
0.0078
0
0
0.0386
0
0
0
0
0
0
0
0
0
0
0
0
0
0
0
0
0
0
0
0
0
0.017
0
0
0
0
0
0
0
0
0
0
0
0
0
0
0
0
0
0
0
0
0
0
0
0
0
0
0
0.022
0.018
0
0
0
0
0
0
0
0
0
0
0
0
0
0
0
0
0
0
0
0
0
0
0
0
0
0
0
0.0347
0
0.0176
0
0
0
0
0
0
0
0
0
0
0
0
0
0
0
0
0
0
0
0
0
0
0
0
0
0
0
0
0
0
0
0
0
0
0
0
0
0
0
0
0.0549
0.0386
0.0638
0.085
0.0038
0.0593
0
0
0
0
0
0
0
0
0.023
0
0
0
0
0
0
0
0
0
0.018
0
0
0
0
0
0
0
0
0
0
0
0
0
0
0
0
0.017
0
0
0
0
0
0
0
0
0
0
0
0
0
0
0
0
0
0
0
0
0
0.0058
0
0
0
0
0
0
0
0
0
0
0
0
0
0
0
0
0.0154
0
0
0
0
0
0
0
0
0
0
0
0
0
0.0462
0
0
0
0
0
0
0
0
0
0.034
0
0
0
0
0
0
0.0125
0.0234
0
0.0401
0
0
0
0
0
0
0
0
0
0
0
0
0
0
0
0
0
0
0
0
0
0
0
0
0
0
0
0
0
0
0
0
0
0
0
0
0
0
0
0
0
0
0
0.0199
0
0.0182
0
0
0
0
0
0.0246
0
0
0
0
0
0
0
0
0
0
0
0.0222
0.0167
0.0203
0
0
0
0
0
0
0
0
0
0
0
0.0171
0
0
0
0
0
0
0
0
0
0
0
0
0
0.0771
0.0188
0
0
0
0
0
0
0
0
0
0
0
0.0733
0
0
0
0
0
0
0
0
0
0
0
0
0
0
0
0
0
0
0
0
0
0
0
0
0
0
0
0
0
0.0203
0.0154
0
0
0
0
0
0
0
0
0
0
0
0
0
0
0
0
0
0
0
0
0.0186
0
0
0
0
0
0
0
0
0
0
0
0
0
0
0
0
0.0183
0.0218
0
0
0
0
0
0
0
0
0.0195
0
0
0
0
0
0
0
0
0
0
0
0
0
0
0
0.0068
0
0
0
0
0
0
0
0.0285
0.0147
0.0183
0.0196
0
0
0
0
0
0
0
0
0
0
0
0
0
0
0.0413
0
0.0215
0
0.0701
0.0077
0
0
0
0
0
0
0
0.0142
0
0.0249
0
0
0
0
0
0
0.0177
0
0
0
0
0.0146
0
0
0
0
0
0.042
0
0
0
0
0
0
0
0
0
0.0205
0
0
0
0
0
0
0
0
0
0
0
0
0
0
0
0
0
0
0
0
0
0
0
0
0
0
0
0
0
0
0
0
0
0
0
0
0
0
0
0
0
0
0
0
0
0
0
0
0
0
0
0
0
0
0.0193
0
0
0
0
0
0
0
0
0
0
0
0
0
0
0
0
0
0
0
0
0
0
0
0.0157
0.041
0
0
0
0
0
0
0
0
0
0
0.0355
0
0
0
0
0
0
0
0
0
0
0
0
0
0
0
0
0
0
0
0
0
0
0
0
0.0192
0.0792
0
0
0
0
0
0
0
0.0292
0
0
0.0059
0
0
0
0
0
0
0
0
0
0
0
0
0
0
0
0
0
0
0
0
0.0223
0
0
0.0249
0.0185
0
0
0
0.0203
0
0
0
0
0
0
0
0
0
0
0
0
0.0332
0
0
0
0
0.0344
0
0.0398
0
0
0
0
0
0.0186
0
0
0
0
0.0077
0
0
0
0
0
0
0
0
0
0
0
0.0443
0
0
0
0
0
0
0
0
0
0
0.0315
0.0355
0
0
0
0
0
0
0
0
0
0
0
0.0226
0
0
0
0
0
0
0
0
0
0
0
0
0
0
0.0223
0
0
0
0
0
0
0
0
0
0
0
0
0
0
0
0
0.0078
0
0
0
0
0
0
0
0
0
0
0
0
0
0
0
0
0
0
0
0
0
0
0
0
0
0
0
0
0
0
0
0
0
0
0
0
0
0
0
0
0
0
0
0
0
0
0
0
0
0
0
0
0
0
0
0
0
0
0
0
0
0
0
0
0
0
0
0
0
0
0
0
0
0
0
0
0
0
0
0
0
0
0
0
0
0
0
0
0
0
0
0
0
0
0
0
0
0
0
0
0
0
0
0
0
0
0
0
0
0
0
0
0
0
0
0
0
0
0
0
0
0
0
0
0
0
0
0
0
0
0
0
0
0
0
0
0
0
0
0
0
0
0
0
0
0
0
0
0
0
0
0
0
0
0
0
0
0
0
0
0
0
0
0
0
0
0
0
0
0
0
0
0
0
0
0
0
0
0
0
0
0
0
0
0
0
0
0
0
0
0
0
0
0
0
0
0
0
0
0
0
0
0
0
0
0
0
0
0
0
0
0
0
0
0
0
0
0
0
0
0
0
0
0
0
0
0
0
0
0
0
0
0
0
0
0
0
0
0
0
0
0
0
0
0
0
0
0
0
0
0
0
0
0
0
0
0
0
0
0
0
0
0
0
0
0
0
0
0
0
0
0
0
0
0
0
0
0
0
0
0
0
0
0
0
0
0
0
0
0
0
0
0
0
0
0
0
0
0
0
0
0
0
0
0
0
0
0
0
0
0
0
0
0
0
0
0
0
0
0.0042
0
0
0
0
0
0
0
0
0
0
0
0
0
0
0
0
0
0
0
0
0
0
0
0
0
0
0
0
0
0
0
0
0
0
0
0
0
0
0
0
0
0
0.0074
0.0192
0
0
0
0.0423
0
0
0
0
0
0
0
0
0
0
0
0
0
0
0
0
0
0
0.019
0
0
0
0
0
0
0
0
0
0
0
0
0
0
0
0
0
0
0
0
0
0
0
0
0
0
0
0
0
0
0
0
0
0
0
0
0
0
0
0
0
0
0
0
0
0
0
0
0
0.0396
0
0.0583
0
0.0275
0
0
0
0
0
0
0
0
0
0
0
0
0
0
0
0
0.0228
0
0
0
0
0
0
0
0.0348
0
0
0
0
0
0.0127
0
0
0
0
0
0
0
0
0
0
0.021
0.018
0
0
0
0.0699
0.0159
0
0
0.0198
0
0
0
0
0
0.0403
0
0
0.0158
0
0
0
0.0214
0.0159
0
0
0
0
0
0.0257
0
0
0
0
0
0
0
0
0.0185
0
0
0
0
0
0
0
0
0
0
0.0416
0
0.0039
0
0
0.0217
0.0164
0
0
0
0
0
0
0
0
0
0
0
0
0
0.0228
0
0.0175
0.0031
0
0.0052
0.0403
0.017
0
0
0
0
0
0
0
0.0186
0
0
0
0.0241
0.0244
0
0
0.0795
0.0199
0
0
0.0202
0
0
0
0.0191
0
0
0
0
0
0
0
0
0
0
0
0
0
0
0
0
0
0
0
0
0
0
0
0
0
0.0107
0
0.0358
0
0
0.0178
0
0
0
0
0
0
0.0035
0
0
0
0.0428
0.018
0.0336
0
0
0.0155
0
0
0
0
0
0
0
0
0
0
0.0303
0
0
0
0
0
0.0047
0.0188
0
0.0194
0
0
0
0
0
0
0
0
0
0
0.0397
0
0
0
0
0
0
0
0
0
0
0
0
0
0
0
0
0
0
0
0
0
0
0
0
0.066
0
0
0
0
0
0
0
0
0
0
0
0
0
0
0.0673
0.0197
0
0
0
0
0
0
0
0.0416
0
0
0
0
0
0
0
0
0
0
0
0
0.0205
0
0
0.0355
0
0
0
0
0
0
0
0
0
0
0
0
0
0
0
0
0
0.0194
0.0729
0
0
0
0
0
0
0
0
0
0.0188
0
0
0
0
0
0
0
0
0
0
0
0
0
0
0
0
0
0
0
0
0.0035
0
0
0
0
0
0
0
0
0
0
0
0
0
0
0
0
0
0
0
0
0.0405
0
0
0
0
0
0
0.0555
0
0
0.0363
0
0
0
0
0
0
0
0
0
0
0
0
0
0
0
0
0
0
0
0
0
0
0
0
0
0.0188
0
0
0
0
0
0
0
0
0.0186
0
0
0
0
0
0.0416
0.0255
0
0
0
0
0
0
0
0
0
0.0365
0
0
0
0
0
0
0
0
0.0755
0
0
0
0
0.0346
0
0
0
0
0.0069
0
0.028
0.0109
0
0.0146
0
0
0
0
0
0.1059
0.0756
0
0.0052
0
0.0208
0
0.0394
0
0.0189
0
0
0
0.0251
0
0
0
0
0.0159
0
0
0
0
0
0
0
0
0
0
0.0186
0
0
0
0.0368
0
0
0
0
0
0
0
0
0
0
0
0
0
0
0
0
0
0
0
0.0053
0
0.0258
0
0
0
0
0
0
0
0
0
0
0
0
0
0
0.0596
0
0
0
0.0185
0.0053
0.0157
0
0
0
0
0
0.0179
0
0
0
0
0
0
0
0.0188
0
0.0375
0
0
0
0
0
0.0725
0.0033
0
0
0
0
0.0188
0.0401
0.0407
0.007
0.0588
0.0404
0
0.0067
0
0.0059
0
0
0
0
0
0
0
0
0
0
0
0
0
0
0
0
0.0391
0
0
0
0.0159
0
0.0024
0.0159
0
0
0.0162
0.0049
0
0
0
0
0
0
0
0.0232
0
0
0
0
0
0
0
0.0142
0
0.0174
0
0.0164
0
0
0
0.0407
0.0172
0.0171
0.0304
0
0.0182
0.0033
0.0367
0.0199
0.0406
0
0.0193
0.0405
0.0249
0
0.021
0.0597
0
0
0
0
0
0
0
0.0181
0.0179
0.003
0
0
0
0
0
0
0
0
0
0
0
0
0
0
0
0
0
0
0.0214
0
0.0168
0
0
0.0207
0
0.0384
0.012
0.0261
0
0
0
0
0
0
0
0
0
0
0
0.0074
0
0
0
0
0
0
0.0294
0
0
0
0.0029
0
0
0
0
0.0186
0.0215
0.008
0
0
0
0
0.0048
0
0
0
0
0
0
0
0
0.0087
0
0.0176
0
0.0158
0.0194
0
0.0208
0.021
0
0
0
0
0
0
0
0
0
0.017
0
0
0
0.0213
0
0
0.0159
0.0165
0.0166
0
0.0514
0
0.0072
0
0
0
0
0
0
0.0183
0
0
0
0
0.0164
0
0
0
0
0
0
0
0
0.0125
0
0
0
0
0
0
0
0
0
0
0
0
0
0
0
0
0
0
0
0
0
0
0
0
0
0
0
0
0
0
0
0
0
0
0
0.0146
0.0051
0
0
0
0
0
0
0
0
0
0.0157
0
0.02
0.0215
0.0238
0.023
0
0
0
0
0
0
0
0.02
0
0
0
0
0
0
0
0
0
0
0
0
0
0
0
0
0
0
0
0.0102
0.0222
0.0061
0
0
0
0
0.0159
0
0
0
0.0082
0
0
0.0034
0
0.02
0
0.0215
0
0
0.0103
0
0
0
0.0378
0
0
0.0198
0
0
0
0
0
0
0
0
0.0208
0
0
0.0383
0
0
0
0
0.0355
0.0372
0
0
0
0
0
0
0.0196
0
0
0
0
0
0
0
0
0
0
0
0
0
0
0
0
0
0
0
0
0
0
0
0
0
0
0
0.0473
0.038
0
0.1029
0.0219
0
0.0169
0
0.0534
0
0
0
0
0
0
0
0
0
0
0
0
0
0
0
0
0
0
0
0
0
0
0.0361
0
0
0.0033
0
0
0
0
0
0
0
0
0
0
0
0
0
0
0
0
0
0
0
0
0
0
0
0
0.0322
0.0208
0
0
0
0
0
0
0
0
0
0.0118
0.041
0.0181
0
0
0
0.0195
0
0
0
0
0.0033
0
0
0
0
0
0
0
0.0208
0
0
0
0
0
0
0
0
0
0
0
0
0
0
0
0.0497
0
0.0185
0
0
0
0.0167
0
0
0
0
0
0.0367
0
0
0
0
0.0613
0
0
0
0
0
0.0363
0
0
0
0
0
0
0
0
0
0
0
0.0188
0
0
0.017
0.0962
0
0
0.0239
0
0
0
0
0
0
0
0
0
0
0
0
0
0
0
0
0.0369
0
0
0
0
0
0
0.02
0
0.0169
0
0
0
0
0
0
0.0355
0
0
0
0
0
0
0
0
0.0557
0
0
0
0
0
0
0
0
0
0
0
0
0
0
0
0
0
0
0
0
0
0
0
0
0
0.0169
0
0
0
0
0
0.0071
0
0
0
0
0
0
0
0
0
0
0
0
0
0
0
0
0.0059
0
0
0
0
0.0377
0
0
0.0159
0.02
0
0
0
0
0
0
0.0046
0
0
0
0
0
0
0
0
0.0206
0
0
0.0218
0.025
0
0
0
0
0
0
0
0
0
0.0036
0
0
0
0.0283
0.0059
0
0
0
0
0
0
0
0
0
0
0
0
0
0.0078
0
0
0.004
0
0
0
0
0.0165
0
0
0
0
0
0
0
0
0.0203
0.0948
0
0
0
0
0.0205
0
0
0
0.0213
0.005
0
0
0.0384
0
0
0
0.0142
0
0
0
0
0
0
0
0
0
0
0.0384
0
0
0
0
0
0
0
0
0
0
0
0
0
0
0
0.0149
0
0
0
0
0
0
0
0.0069
0
0
0
0
0
0
0
0.0174
0
0.031
0
0
0
0
0.0385
0
0
0
0
0
0
0
0
0
0
0
0
0
0
0
0
0
0.0227
0
0
0
0
0.0366
0
0.0281
0
0
0
0.0497
0.0052
0
0
0
0.0127
0
0
0
0
0
0
0
0
0
0
0
0
0
0
0
0.051
0
0
0
0
0
0
0
0
0
0
0
0
0
0
0
0
0
0
0
0
0
0
0
0
0.0082
0
0.004
0.0323
0
0
0
0.0341
0
0
0.0252
0.0487
0.081
0.0156
0
0
0
0
0
0
0
0
0
0
0
0.0026
0
0
0
0
0
0
0.0166
0
0
0
0
0
0.0205
0
0
0
0
0
0.0034
0
0
0
0.0205
0
0
0
0
0
0.0045
0
0
0
0.1295
0
0
0
0
0.0177
0.0563
0
0.0222
0.0066
0.0038
0
0
0
0.0168
0
0
0.0033
0
0
0.0143
0
0
0
0.0194
0
0
0
0
0
0
0
0
0
0.0481
0
0.0029
0.0063
0
0
0
0
0
0.0241
0
0
0
0
0
0
0
0
0
0
0
0
0
0
0
0
0
0
0
0
0
0
0
0
0
0
0
0
0
0.0486
0.0303
0
0.0349
0
0
0
0
0
0
0
0
0
0
0
0.0044
0
0
0.0566
0.0005
0
0
0.0094
0
0
0
0
0
0
0
0
0
0
0.0153
0
0
0
0
0
0
0
0
0
0
0
0
0
0.0218
0
0
0
0
0
0
0
0
0
0
0
0.0043
0
0
0
0
0
0
0
0
0
0
0
0
0.039
0
0
0
0
0
0
0
0
0
0
0
0
0
0
0
0
0
0
0
0
0
0
0
0
0
0
0
0
0.0037
0
0
0
0.0246
0
0
0
0.0204
0.0241
0.0327
0.1193
0.072
0.0759
0.0257
0
0
0.0357
0.0291
0
0.0058
0.0225
0.0238
0.0132
0
0
0
0.0241
0
0.009
0.0096
0
0.0295
0
0
0
0
0
0
0
0.039
0.0128
0.0165
0
0
0
0
0
0
0
0
0
0
0
0.02
0
0
0
0
0
0
0
0
0
0
0
0
0
0
0
0
0
0.0034
0
0
0
0
0
0
0
0
0
0
0
0
0.0166
0
0
0
0.005
0
0
0
0
0
0
0
0
0
0
0
0
0.0245
0
0
0
0
0
0
0
0
0
0
0
0
0.0347
0.0194
0.0217
0
0
0
0
0
0
0
0
0
0
0
0
0
0.0378
0
0
0
0
0
0
0
0
0
0
0
0
0
0
0
0
0
0
0
0
0
0
0
0
0
0
0
0
0
0
0
0.0224
0
0
0
0
0
0
0
0
0
0.0249
0
0
0
0
0.0358
0
0
0
0.0157
0
0
0
0.0397
0
0
0
0
0
0
0
0
0
0.0176
0.0669
0
0
0
0
0
0
0
0
0
0
0
0.022
0
0
0
0
0
0
0.036
0
0
0
0
0
0
0
0
0
0
0
0
0.0154
0
0.0027
0
0
0
0
0
0
0
0
0
0
0
0
0
0
0
0
0
0.0199
0
0
0
0.0418
0
0.0053
0
0.0193
0
0
0
0
0
0
0
0
0
0.0227
0
0
0
0
0
0.0199
0
0
0
0
0.0192
0.0412
0
0
0
0.0204
0.0612
0
0
0
0
0.0194
0.0179
0.0054
0
0
0
0
0.0104
0
0
0
0
0
0
0
0
0
0
0
0
0
0
0
0
0
0
0
0
0
0
0
0
0
0
0
0.0159
0.0158
0
0.0229
0
0.0178
0
0
0
0.0528
0
0
0
0
0
0
0
0
0
0
0
0
0
0
0
0
0.0489
0
0
0
0
0.0535
0
0
0.0513
0
0
0
0.0044
0.0194
0
0.0209
0
0
0
0
0
0
0
0.0179
0
0
0
0
0
0
0
0
0
0.0428
0
0
0.0253
0
0
0
0
0
0
0.058
0.0037
0
0.0172
0.0156
0
0
0
0.0183
0
0
0
0
0
0
0
0
0
0
0
0
0
0
0
0
0
0
0.0402
0.0158
0.0044
0
0
0
0
0
0
0
0
0
0
0
0
0
0
0.0211
0
0
0
0
0
0.0384
0.018
0
0
0
0
0
0
0
0
0
0.0224
0
0.0159
0
0
0
0.0199
0
0
0
0
0
0
0
0
0
0
0.017
0
0
0
0.0177
0
0
0
0
0
0
0
0
0.0489
0
0
0
0
0
0
0
0
0.0431
0
0
0
0
0
0
0
0
0
0
0
0
0
0.0159
0
0
0
0
0
0
0
0
0
0
0
0
0
0
0
0
0
0
0
0
0
0
0
0
0
0
0.0255
0.0253
0.0139
0
0.0073
0.029
0.0477
0
0
0.0129
0.0252
0
0.0179
0
0.0398
0
0
0
0.0205
0
0.0193
0
0
0
0
0
0
0
0
0
0
0
0
0.0032
0
0
0
0
0.0388
0
0
0
0
0
0
0.038
0
0
0
0
0
0
0
0
0
0
0
0
0
0
0
0
0
0
0.0566
0
0
0
0
0
0
0
0
0
0
0
0
0
0
0.0205
0
0.0224
0
0.0401
0
0
0
0
0
0
0
0
0
0.0208
0.0452
0
0
0
0
0
0
0
0
0
0
0
0
0
0
0
0
0
0
0
0
0
0.0261
0
0
0
0
0
0
0
0
0
0
0
0
0
0
0.0364
0
0
0
0
0
0
0
0
0
0
0
0
0
0
0
0
0
0
0
0
0
0
0
0
0
0
0
0
0
0
0
0
0
0
0
0
0.0202
0
0
0
0
0
0
0
0
0
0
0
0
0
0
0
0
0
0
0
0
0
0
0
0
0
0
0
0
0
0
0
0
0
0
0
0
0
0
0
0
0
0
0
0.0192
0
0
0
0
0
0
0
0
0
0
0
0
0
0
0
0
0
0
0
0
0
0.018
0
0.005
0.0816
0
0
0
0
0
0
0
0
0
0
0
0
0
0
0
0
0
0
0
0
0
0
0
0
0
0.02
0
0
0
0
0
0
0
0
0
0
0
0
0
0
0.0102
0
0
0
0
0
0
0
0
0
0
0
0
0
0
0
0
0
0
0
0
0
0
0
0
0.0196
0
0.0181
0
0
0
0
0
0
0
0
0.0212
0
0.0206
0
0.0158
0
0
0
0
0
0
0
0
0.013
0
0
0
0
0
0
0
0
0
0
0
0
0
0
0.0121
0
0
0
0
0
0
0
0
0
0
0.0184
0
0
0
0
0
0
0
0.0177
0
0
0
0
0
0
0
0
0
0
0.0258
0
0.0432
0.0751
0.0157
0
0
0
0.0048
0
0
0
0
0
0
0
0
0
0.0351
0
0
0
0
0
0
0
0
0
0
0.0154
0
0
0
0
0
0
0.0224
0
0
0
0
0
0
0
0
0
0
0
0
0
0
0
0
0
0
0
0
0
0
0
0
0
0
0
0
0
0.016
0.0184
0
0.0834
0
0
0.0579
0
0.0169
0
0.0191
0
0
0
0
0
0
0
0
0
0.0372
0
0
0
0
0
0.0156
0
0
0
0
0
0
0
0
0.0168
0
0
0
0
0
0
0.0136
0.0592
0
0
0
0
0
0
0
0
0
0
0
0
0
0
0
0
0
0
0
0
0
0
0
0
0
0.0046
0
0
0
0
0
0.041
0.0366
0
0
0
0
0
0
0
0
0
0
0.0356
0.0167
0.0158
0
0
0
0.0251
0
0
0
0
0
0
0
0
0
0
0
0
0.0224
0
0
0.0053
0
0.0188
0
0
0
0
0
0.0512
0
0
0
0
0
0
0
0
0
0
0
0
0.0175
0.0215
0
0
0
0
0
0
0
0
0
0
0
0
0
0
0
0
0
0
0
0
0
0
0
0
0.0362
0
0
0
0
0
0.1002
0
0
0
0
0
0.0502
0.0792
0.0611
0
0
0
0
0
0
0
0
0
0
0
0
0
0
0
0
0
0
0
0
0
0
0
0
0
0
0.0207
0.0042
0
0
0
0.0403
0.0488
0
0
0.0212
0
0
0
0.0199
0
0
0.0283
0
0
0
0
0
0
0
0.0307
0.0068
0.0027
0
0
0.0032
0
0
0
0
0.0217
0.0216
0
0
0.021
0
0
0
0
0
0
0
0
0
0
0
0
0.0546
0
0
0
0.0216
0.0176
0
0.0204
0
0
0.0386
0.0195
0
0
0.0218
0.0374
0.0371
0
0.0425
0
0
0
0
0
0.0208
0
0
0
0.0782
0
0
0.0207
0
0
0
0
0
0
0
0
0
0
0
0
0
0
0
0
0
0
0
0
0
0
0
0
0.0129
0
0
0
0
0
0
0
0
0
0
0
0
0
0
0
0
0
0
0
0
0
0
0
0
0
0
0.0199
0
0
0
0.0211
0
0
0
0
0
0
0
0
0
0
0
0
0
0
0
0
0
0
0
0
0
0
0
0
0
0
0
0
0
0
0
0
0
0
0
0
0
0
0
0.0333
0
0
0
0
0
0
0
0
0.0155
0.0254
0
0
0
0
0
0
0
0
0
0
0
0
0
0
0
0
0
0
0.0089
0.0186
0.0043
0
0
0.0185
0.0141
0.0161
0
0
0.0209
0.0238
0.0121
0
0
0
0
0
0
0
0.0202
0.0188
0
0
0
0
0
0
0
0
0
0
0.0208
0.039
0
0
0
0
0
0
0
0.026
0.0053
0.0694
0
0
0
0
0.0131
0.021
0.0311
0.0043
0
0
0
0
0
0
0
0
0
0
0
0
0
0
0
0
0
0
0.0194
0
0
0
0.0368
0
0
0.013
0
0
0
0
0
0
0
0.1845
0.0414
0.0159
0.0567
0.0378
0.0208
0
0.0603
0.0043
0
0
0
0
0.0454
0.0479
0
0.0789
0
0
0
0
0.0316
0.0158
0.0206
0.017
0
0
0.0169
0
0.0216
0.0387
0
0.0232
0
0
0.0071
0
0
0.0246
0
0.0037
0
0
0
0
0
0
0
0.054
0
0.0602
0.0043
0
0
0
0
0
0.0544
0.0162
0.0765
0
0
0
0.0402
0.0329
0
0.0863
0.0206
0
0
0
0.0584
0
0.0213
0.046
0.0699
0.1017
0.0311
0.0383
0
0
0
0
0.0198
0.0156
0.0377
0
0
0
0
0.0618
0
0
0.0033
0
0.0318
0
0.0426
0.0168
0.0364
0
0
0.0323
0
0.0072
0
0.0528
0
0
0.014
0.0044
0.02
0
0
0
0.0323
0.0688
0
0.039
0
0
0
0
0.0186
0.0162
0.0443
0
0.0216
0
0
0
0.0152
0.0424
0.06
0
0.0189
0
0.0167
0
0
0
0.058
0
0
0
0
0
0
0
0
0
0
0
0
0
0
0
0
0
0
0
