0.000000
0.000000
0.000000
0.000000
0.000000
0.000000
1.000000
1.000000
1.000000
1.000000
1.000000
1.000000
1.000000
1.000000
1.000000
2.000000
2.000000
2.000000
2.000000
2.000000
3.000000
3.000000
3.000000
3.000000
3.000000
3.000000
4.000000
4.000000
4.000000
4.000000
4.000000
4.000000
4.000000
4.000000
4.000000
4.000000
5.000000
5.000000
5.000000
5.000000
6.000000
6.000000
6.000000
6.000000
6.000000
7.000000
7.000000
7.000000
7.000000
7.000000
7.000000
7.000000
8.000000
8.000000
8.000000
8.000000
8.000000
8.000000
8.000000
8.000000
8.000000
8.000000
9.000000
9.000000
9.000000
9.000000
9.000000
9.000000
9.000000
9.000000
9.000000
10.000000
10.000000
10.000000
10.000000
10.000000
11.000000
11.000000
11.000000
11.000000
12.000000
12.000000
12.000000
12.000000
13.000000
13.000000
13.000000
14.000000
14.000000
14.000000
14.000000
14.000000
14.000000
14.000000
14.000000
15.000000
15.000000
15.000000
15.000000
15.000000
16.000000
16.000000
16.000000
16.000000
16.000000
17.000000
17.000000
17.000000
17.000000
17.000000
17.000000
17.000000
17.000000
18.000000
18.000000
18.000000
18.000000
18.000000
18.000000
19.000000
19.000000
21.000000
21.000000
21.000000
21.000000
21.000000
22.000000
22.000000
23.000000
23.000000
23.000000
24.000000
24.000000
26.000000
26.000000
27.000000
28.000000
28.000000
29.000000
29.000000
31.000000
31.000000
33.000000
34.000000
34.000000
34.000000
37.000000
43.000000
43.000000
43.000000
45.000000
47.000000
50.000000
59.000000
66.000000
67.000000
73.000000
81.000000
91.000000
96.000000
100.000000
108.000000
110.000000
120.000000
126.000000
143.000000
182.000000
206.000000
232.000000
264.000000
299.000000
400.000000
465.000000
500.000000
529.000000
565.000000
612.000000
630.000000
645.000000
683.000000
727.000000
758.000000
804.000000
826.000000
844.000000
882.000000
924.000000
958.000000
972.000000
1027.000000
1041.000000
1065.000000
1095.000000
1131.000000
1161.000000
1199.000000
1272.000000
1304.000000
1328.000000
1349.000000
1450.000000
1471.000000
1519.000000
1542.000000
1600.000000
1612.000000
1634.000000
1657.000000
1677.000000
1705.000000
1741.000000
1779.000000
1819.000000
1838.000000
1864.000000
1886.000000
1912.000000
1936.000000
1982.000000
