0.000000
0.000000
0.000000
1.000000
1.000000
1.000000
1.000000
2.000000
2.000000
2.000000
2.000000
2.000000
2.000000
3.000000
3.000000
3.000000
3.000000
3.000000
3.000000
3.000000
3.000000
3.000000
4.000000
4.000000
4.000000
4.000000
4.000000
5.000000
5.000000
5.000000
5.000000
5.000000
5.000000
5.000000
6.000000
6.000000
6.000000
6.000000
6.000000
6.000000
6.000000
6.000000
6.000000
7.000000
7.000000
7.000000
7.000000
7.000000
7.000000
7.000000
7.000000
8.000000
8.000000
8.000000
8.000000
8.000000
8.000000
8.000000
8.000000
8.000000
8.000000
8.000000
9.000000
9.000000
9.000000
9.000000
9.000000
10.000000
10.000000
10.000000
10.000000
10.000000
10.000000
10.000000
10.000000
11.000000
11.000000
11.000000
11.000000
11.000000
11.000000
11.000000
11.000000
11.000000
12.000000
12.000000
12.000000
12.000000
12.000000
12.000000
13.000000
13.000000
13.000000
13.000000
13.000000
13.000000
13.000000
13.000000
13.000000
14.000000
15.000000
15.000000
16.000000
16.000000
16.000000
16.000000
16.000000
16.000000
16.000000
16.000000
16.000000
16.000000
16.000000
17.000000
17.000000
17.000000
17.000000
18.000000
18.000000
18.000000
18.000000
19.000000
19.000000
19.000000
19.000000
19.000000
20.000000
20.000000
20.000000
21.000000
21.000000
21.000000
22.000000
22.000000
23.000000
23.000000
25.000000
26.000000
27.000000
28.000000
28.000000
29.000000
30.000000
31.000000
33.000000
34.000000
35.000000
40.000000
41.000000
43.000000
43.000000
46.000000
47.000000
47.000000
49.000000
50.000000
50.000000
55.000000
57.000000
63.000000
63.000000
69.000000
80.000000
83.000000
90.000000
100.000000
107.000000
114.000000
114.000000
129.000000
179.000000
214.000000
243.000000
279.000000
326.000000
344.000000
359.000000
397.000000
441.000000
472.000000
518.000000
540.000000
558.000000
596.000000
638.000000
672.000000
686.000000
741.000000
755.000000
779.000000
809.000000
845.000000
875.000000
913.000000
986.000000
1018.000000
1042.000000
1063.000000
1164.000000
1185.000000
1233.000000
1256.000000
1314.000000
1326.000000
1348.000000
1371.000000
1391.000000
1419.000000
1455.000000
1493.000000
1533.000000
1552.000000
1578.000000
1600.000000
1626.000000
1650.000000
1696.000000
1957.000000
1971.000000
