0.000000
0.000000
0.000000
0.000000
1.000000
1.000000
1.000000
1.000000
1.000000
1.000000
1.000000
2.000000
2.000000
2.000000
2.000000
2.000000
2.000000
2.000000
2.000000
2.000000
3.000000
3.000000
3.000000
3.000000
3.000000
3.000000
3.000000
4.000000
4.000000
4.000000
5.000000
5.000000
5.000000
5.000000
5.000000
5.000000
5.000000
5.000000
5.000000
5.000000
6.000000
6.000000
6.000000
6.000000
6.000000
6.000000
7.000000
7.000000
7.000000
7.000000
7.000000
7.000000
7.000000
7.000000
7.000000
7.000000
7.000000
8.000000
8.000000
8.000000
8.000000
8.000000
8.000000
8.000000
8.000000
8.000000
8.000000
9.000000
9.000000
9.000000
9.000000
9.000000
9.000000
9.000000
10.000000
10.000000
10.000000
10.000000
10.000000
10.000000
10.000000
10.000000
11.000000
11.000000
11.000000
12.000000
12.000000
12.000000
12.000000
12.000000
12.000000
12.000000
12.000000
13.000000
13.000000
13.000000
13.000000
14.000000
14.000000
14.000000
15.000000
15.000000
15.000000
15.000000
15.000000
15.000000
15.000000
15.000000
16.000000
16.000000
16.000000
17.000000
17.000000
17.000000
17.000000
17.000000
17.000000
17.000000
17.000000
17.000000
17.000000
18.000000
18.000000
19.000000
19.000000
19.000000
20.000000
20.000000
20.000000
21.000000
21.000000
22.000000
23.000000
23.000000
23.000000
24.000000
24.000000
24.000000
25.000000
26.000000
26.000000
26.000000
26.000000
27.000000
28.000000
29.000000
30.000000
31.000000
32.000000
33.000000
38.000000
39.000000
41.000000
41.000000
47.000000
49.000000
51.000000
51.000000
58.000000
59.000000
65.000000
69.000000
78.000000
95.000000
106.000000
113.000000
130.000000
153.000000
166.000000
189.000000
221.000000
239.000000
257.000000
295.000000
340.000000
369.000000
399.000000
424.000000
699.000000
716.000000
737.000000
754.000000
778.000000
814.000000
828.000000
879.000000
906.000000
944.000000
965.000000
984.000000
1001.000000
1029.000000
1075.000000
1116.000000
1134.000000
1167.000000
1200.000000
1226.000000
1252.000000
1264.000000
1279.000000
1317.000000
1343.000000
1397.000000
1412.000000
1432.000000
1546.000000
1599.000000
1613.000000
1689.000000
1702.000000
1740.000000
1758.000000
1799.000000
1823.000000
1852.000000
1866.000000
1938.000000
1995.000000
