0.000000
0.000000
0.000000
1.000000
1.000000
1.000000
1.000000
1.000000
1.000000
1.000000
2.000000
2.000000
2.000000
3.000000
3.000000
3.000000
3.000000
3.000000
3.000000
3.000000
3.000000
3.000000
3.000000
4.000000
4.000000
4.000000
4.000000
4.000000
4.000000
4.000000
4.000000
5.000000
5.000000
5.000000
5.000000
5.000000
5.000000
6.000000
6.000000
6.000000
6.000000
6.000000
6.000000
6.000000
6.000000
6.000000
7.000000
7.000000
7.000000
7.000000
7.000000
8.000000
8.000000
8.000000
8.000000
8.000000
8.000000
8.000000
8.000000
8.000000
8.000000
8.000000
8.000000
8.000000
8.000000
8.000000
8.000000
9.000000
9.000000
9.000000
9.000000
9.000000
9.000000
9.000000
10.000000
10.000000
10.000000
10.000000
10.000000
10.000000
10.000000
10.000000
10.000000
11.000000
11.000000
11.000000
11.000000
11.000000
11.000000
11.000000
11.000000
11.000000
12.000000
12.000000
12.000000
12.000000
12.000000
12.000000
12.000000
12.000000
12.000000
12.000000
12.000000
13.000000
13.000000
13.000000
13.000000
13.000000
13.000000
13.000000
13.000000
14.000000
15.000000
15.000000
16.000000
16.000000
17.000000
17.000000
18.000000
18.000000
19.000000
19.000000
20.000000
20.000000
20.000000
21.000000
21.000000
22.000000
23.000000
23.000000
23.000000
24.000000
25.000000
25.000000
25.000000
26.000000
28.000000
29.000000
29.000000
29.000000
30.000000
30.000000
31.000000
32.000000
33.000000
35.000000
36.000000
37.000000
42.000000
45.000000
46.000000
50.000000
53.000000
57.000000
59.000000
65.000000
66.000000
69.000000
78.000000
89.000000
103.000000
121.000000
121.000000
129.000000
153.000000
172.000000
206.000000
235.000000
284.000000
307.000000
384.000000
411.000000
442.000000
504.000000
521.000000
552.000000
580.000000
593.000000
617.000000
656.000000
697.000000
724.000000
748.000000
769.000000
804.000000
818.000000
878.000000
894.000000
927.000000
949.000000
976.000000
1021.000000
1050.000000
1073.000000
1120.000000
1143.000000
1182.000000
1206.000000
1232.000000
1264.000000
1299.000000
1400.000000
1465.000000
1500.000000
1529.000000
1565.000000
1612.000000
1630.000000
1645.000000
1683.000000
1727.000000
1758.000000
1804.000000
1826.000000
1844.000000
1882.000000
1924.000000
1958.000000
1972.000000
