0.000000
0.000000
0.000000
0.000000
0.000000
0.000000
1.000000
1.000000
1.000000
1.000000
1.000000
1.000000
2.000000
2.000000
2.000000
2.000000
2.000000
2.000000
2.000000
2.000000
2.000000
3.000000
3.000000
3.000000
3.000000
3.000000
3.000000
3.000000
4.000000
4.000000
4.000000
4.000000
4.000000
4.000000
4.000000
5.000000
5.000000
5.000000
5.000000
5.000000
5.000000
5.000000
5.000000
5.000000
6.000000
6.000000
6.000000
6.000000
6.000000
6.000000
6.000000
6.000000
6.000000
6.000000
7.000000
7.000000
7.000000
7.000000
7.000000
7.000000
8.000000
8.000000
8.000000
8.000000
8.000000
8.000000
8.000000
9.000000
9.000000
9.000000
9.000000
10.000000
10.000000
10.000000
10.000000
10.000000
10.000000
11.000000
11.000000
11.000000
11.000000
11.000000
11.000000
11.000000
12.000000
12.000000
12.000000
12.000000
12.000000
12.000000
12.000000
13.000000
13.000000
14.000000
14.000000
14.000000
14.000000
14.000000
14.000000
14.000000
15.000000
15.000000
15.000000
16.000000
16.000000
16.000000
16.000000
16.000000
16.000000
16.000000
17.000000
17.000000
17.000000
17.000000
17.000000
18.000000
19.000000
19.000000
19.000000
19.000000
19.000000
19.000000
20.000000
21.000000
21.000000
21.000000
22.000000
22.000000
22.000000
23.000000
23.000000
24.000000
24.000000
24.000000
25.000000
26.000000
26.000000
26.000000
26.000000
27.000000
27.000000
27.000000
28.000000
29.000000
30.000000
30.000000
31.000000
32.000000
33.000000
34.000000
36.000000
37.000000
38.000000
40.000000
41.000000
44.000000
46.000000
48.000000
49.000000
53.000000
65.000000
67.000000
67.000000
70.000000
79.000000
81.000000
92.000000
104.000000
110.000000
126.000000
149.000000
169.000000
197.000000
233.000000
271.000000
311.000000
330.000000
356.000000
378.000000
404.000000
428.000000
474.000000
735.000000
749.000000
784.000000
805.000000
841.000000
899.000000
912.000000
935.000000
967.000000
985.000000
1003.000000
1041.000000
1086.000000
1115.000000
1145.000000
1170.000000
1445.000000
1462.000000
1483.000000
1500.000000
1524.000000
1560.000000
1574.000000
1625.000000
1652.000000
1690.000000
1711.000000
1730.000000
1747.000000
1775.000000
1821.000000
1862.000000
1880.000000
1913.000000
1946.000000
1972.000000
1998.000000
