0.000000
0.000000
0.000000
0.000000
0.000000
0.000000
0.000000
1.000000
1.000000
1.000000
1.000000
1.000000
1.000000
1.000000
1.000000
1.000000
1.000000
1.000000
1.000000
2.000000
2.000000
2.000000
2.000000
2.000000
2.000000
2.000000
2.000000
2.000000
2.000000
3.000000
3.000000
3.000000
3.000000
3.000000
3.000000
3.000000
4.000000
4.000000
4.000000
4.000000
4.000000
5.000000
5.000000
5.000000
5.000000
5.000000
5.000000
5.000000
5.000000
6.000000
6.000000
6.000000
6.000000
6.000000
7.000000
7.000000
7.000000
7.000000
7.000000
7.000000
7.000000
7.000000
7.000000
7.000000
7.000000
7.000000
7.000000
8.000000
8.000000
8.000000
8.000000
8.000000
8.000000
8.000000
9.000000
9.000000
9.000000
9.000000
9.000000
9.000000
9.000000
10.000000
10.000000
10.000000
10.000000
10.000000
10.000000
10.000000
11.000000
11.000000
11.000000
11.000000
11.000000
12.000000
12.000000
12.000000
12.000000
12.000000
12.000000
12.000000
13.000000
13.000000
13.000000
13.000000
14.000000
14.000000
14.000000
14.000000
14.000000
15.000000
15.000000
15.000000
15.000000
15.000000
16.000000
16.000000
16.000000
17.000000
17.000000
18.000000
18.000000
18.000000
18.000000
19.000000
19.000000
20.000000
20.000000
20.000000
21.000000
21.000000
22.000000
22.000000
23.000000
23.000000
23.000000
23.000000
23.000000
24.000000
24.000000
25.000000
25.000000
26.000000
26.000000
26.000000
28.000000
29.000000
33.000000
35.000000
35.000000
37.000000
37.000000
37.000000
41.000000
42.000000
43.000000
43.000000
43.000000
46.000000
52.000000
54.000000
57.000000
62.000000
64.000000
73.000000
75.000000
76.000000
77.000000
80.000000
93.000000
94.000000
97.000000
97.000000
102.000000
111.000000
119.000000
153.000000
174.000000
328.000000
356.000000
391.000000
444.000000
477.000000
504.000000
656.000000
674.000000
753.000000
777.000000
814.000000
834.000000
871.000000
896.000000
908.000000
938.000000
985.000000
1022.000000
1054.000000
1072.000000
1099.000000
1115.000000
1137.000000
1200.000000
1377.000000
1424.000000
1464.000000
1487.000000
1502.000000
1533.000000
1605.000000
1629.000000
1648.000000
1682.000000
1711.000000
1760.000000
1783.000000
1860.000000
1887.000000
1918.000000
1980.000000
1997.000000
