0.000000
0.000000
0.000000
0.000000
0.000000
0.000000
0.000000
1.000000
1.000000
1.000000
1.000000
1.000000
1.000000
1.000000
1.000000
2.000000
2.000000
2.000000
2.000000
2.000000
2.000000
2.000000
2.000000
2.000000
2.000000
2.000000
2.000000
3.000000
3.000000
3.000000
3.000000
3.000000
3.000000
3.000000
3.000000
4.000000
4.000000
4.000000
4.000000
4.000000
4.000000
4.000000
4.000000
4.000000
4.000000
4.000000
4.000000
4.000000
4.000000
5.000000
5.000000
5.000000
5.000000
6.000000
6.000000
6.000000
6.000000
6.000000
6.000000
6.000000
6.000000
6.000000
7.000000
7.000000
7.000000
7.000000
7.000000
7.000000
7.000000
7.000000
7.000000
7.000000
7.000000
8.000000
8.000000
8.000000
8.000000
8.000000
8.000000
9.000000
9.000000
9.000000
9.000000
10.000000
10.000000
10.000000
10.000000
10.000000
11.000000
11.000000
11.000000
11.000000
11.000000
11.000000
12.000000
12.000000
12.000000
12.000000
13.000000
14.000000
14.000000
14.000000
14.000000
14.000000
14.000000
14.000000
15.000000
15.000000
15.000000
16.000000
16.000000
16.000000
16.000000
16.000000
16.000000
16.000000
16.000000
16.000000
17.000000
17.000000
17.000000
17.000000
17.000000
18.000000
18.000000
18.000000
18.000000
18.000000
19.000000
19.000000
19.000000
20.000000
20.000000
22.000000
22.000000
23.000000
24.000000
24.000000
24.000000
25.000000
25.000000
26.000000
26.000000
26.000000
26.000000
26.000000
27.000000
31.000000
34.000000
35.000000
38.000000
38.000000
39.000000
39.000000
42.000000
43.000000
46.000000
48.000000
51.000000
53.000000
57.000000
61.000000
61.000000
77.000000
79.000000
81.000000
106.000000
106.000000
114.000000
114.000000
115.000000
117.000000
123.000000
262.000000
281.000000
306.000000
327.000000
354.000000
394.000000
419.000000
441.000000
474.000000
498.000000
529.000000
544.000000
568.000000
589.000000
611.000000
645.000000
666.000000
820.000000
848.000000
883.000000
936.000000
969.000000
996.000000
1148.000000
1166.000000
1245.000000
1269.000000
1306.000000
1326.000000
1363.000000
1388.000000
1400.000000
1430.000000
1477.000000
1514.000000
1546.000000
1564.000000
1591.000000
1607.000000
1629.000000
1692.000000
1869.000000
1916.000000
1956.000000
1979.000000
1994.000000
