0.000000
0.000000
0.000000
0.000000
1.000000
1.000000
1.000000
1.000000
1.000000
1.000000
1.000000
2.000000
2.000000
2.000000
2.000000
3.000000
3.000000
3.000000
3.000000
3.000000
3.000000
3.000000
3.000000
3.000000
3.000000
4.000000
4.000000
4.000000
4.000000
4.000000
4.000000
4.000000
4.000000
4.000000
4.000000
4.000000
4.000000
4.000000
5.000000
5.000000
5.000000
5.000000
5.000000
5.000000
6.000000
6.000000
6.000000
6.000000
6.000000
7.000000
7.000000
7.000000
7.000000
7.000000
7.000000
7.000000
7.000000
8.000000
8.000000
8.000000
8.000000
8.000000
8.000000
8.000000
9.000000
9.000000
9.000000
9.000000
10.000000
10.000000
10.000000
10.000000
10.000000
11.000000
11.000000
11.000000
12.000000
12.000000
12.000000
12.000000
12.000000
12.000000
13.000000
14.000000
14.000000
14.000000
14.000000
14.000000
15.000000
15.000000
15.000000
15.000000
15.000000
16.000000
16.000000
16.000000
16.000000
16.000000
16.000000
17.000000
17.000000
17.000000
17.000000
17.000000
17.000000
18.000000
18.000000
18.000000
18.000000
18.000000
18.000000
18.000000
19.000000
19.000000
19.000000
19.000000
20.000000
20.000000
20.000000
20.000000
20.000000
21.000000
21.000000
22.000000
23.000000
23.000000
23.000000
23.000000
23.000000
25.000000
25.000000
25.000000
25.000000
26.000000
28.000000
28.000000
29.000000
29.000000
30.000000
31.000000
33.000000
34.000000
35.000000
35.000000
36.000000
38.000000
40.000000
41.000000
41.000000
45.000000
46.000000
50.000000
51.000000
56.000000
60.000000
62.000000
62.000000
66.000000
68.000000
69.000000
70.000000
70.000000
71.000000
74.000000
74.000000
80.000000
95.000000
98.000000
98.000000
99.000000
112.000000
118.000000
196.000000
217.000000
265.000000
288.000000
346.000000
358.000000
380.000000
403.000000
423.000000
451.000000
487.000000
525.000000
565.000000
584.000000
610.000000
632.000000
658.000000
682.000000
728.000000
989.000000
1003.000000
1038.000000
1059.000000
1095.000000
1153.000000
1166.000000
1189.000000
1221.000000
1239.000000
1257.000000
1295.000000
1340.000000
1369.000000
1399.000000
1424.000000
1699.000000
1716.000000
1737.000000
1754.000000
1778.000000
1814.000000
1828.000000
1879.000000
1906.000000
1944.000000
1965.000000
1984.000000
