0.000000
1.000000
1.000000
1.000000
1.000000
1.000000
1.000000
1.000000
1.000000
1.000000
1.000000
1.000000
2.000000
2.000000
2.000000
2.000000
2.000000
2.000000
2.000000
2.000000
3.000000
3.000000
3.000000
3.000000
3.000000
3.000000
3.000000
3.000000
3.000000
3.000000
3.000000
4.000000
4.000000
4.000000
5.000000
5.000000
5.000000
5.000000
5.000000
5.000000
5.000000
5.000000
5.000000
5.000000
5.000000
6.000000
6.000000
6.000000
6.000000
6.000000
7.000000
7.000000
7.000000
7.000000
7.000000
7.000000
7.000000
8.000000
8.000000
8.000000
8.000000
8.000000
8.000000
8.000000
8.000000
8.000000
8.000000
8.000000
9.000000
9.000000
9.000000
9.000000
9.000000
9.000000
9.000000
9.000000
9.000000
9.000000
9.000000
10.000000
10.000000
10.000000
10.000000
10.000000
10.000000
10.000000
10.000000
10.000000
10.000000
11.000000
11.000000
11.000000
11.000000
11.000000
11.000000
11.000000
11.000000
11.000000
11.000000
12.000000
12.000000
12.000000
12.000000
13.000000
13.000000
13.000000
13.000000
14.000000
14.000000
15.000000
15.000000
15.000000
15.000000
15.000000
16.000000
16.000000
16.000000
16.000000
17.000000
17.000000
17.000000
17.000000
17.000000
18.000000
18.000000
19.000000
19.000000
20.000000
21.000000
21.000000
22.000000
22.000000
22.000000
22.000000
23.000000
24.000000
24.000000
25.000000
25.000000
28.000000
28.000000
28.000000
28.000000
29.000000
31.000000
32.000000
32.000000
34.000000
35.000000
39.000000
40.000000
41.000000
41.000000
43.000000
47.000000
54.000000
63.000000
74.000000
75.000000
76.000000
79.000000
100.000000
111.000000
123.000000
125.000000
170.000000
210.000000
233.000000
248.000000
279.000000
351.000000
375.000000
394.000000
428.000000
457.000000
506.000000
529.000000
606.000000
633.000000
664.000000
726.000000
743.000000
774.000000
802.000000
815.000000
839.000000
878.000000
919.000000
946.000000
970.000000
991.000000
1026.000000
1040.000000
1100.000000
1116.000000
1149.000000
1171.000000
1198.000000
1243.000000
1272.000000
1295.000000
1342.000000
1365.000000
1404.000000
1428.000000
1454.000000
1486.000000
1521.000000
1622.000000
1687.000000
1722.000000
1751.000000
1787.000000
1834.000000
1852.000000
1867.000000
1905.000000
1949.000000
1980.000000
