0.000000
0.000000
0.000000
1.000000
1.000000
1.000000
1.000000
1.000000
1.000000
1.000000
1.000000
2.000000
2.000000
2.000000
2.000000
2.000000
2.000000
2.000000
2.000000
2.000000
2.000000
2.000000
3.000000
3.000000
3.000000
3.000000
3.000000
3.000000
4.000000
4.000000
4.000000
4.000000
4.000000
4.000000
4.000000
4.000000
4.000000
4.000000
4.000000
4.000000
5.000000
5.000000
5.000000
5.000000
5.000000
5.000000
6.000000
6.000000
6.000000
6.000000
6.000000
6.000000
6.000000
6.000000
7.000000
7.000000
7.000000
8.000000
8.000000
8.000000
8.000000
8.000000
8.000000
8.000000
8.000000
8.000000
8.000000
8.000000
8.000000
9.000000
9.000000
9.000000
9.000000
9.000000
9.000000
9.000000
9.000000
9.000000
10.000000
10.000000
10.000000
10.000000
10.000000
10.000000
10.000000
10.000000
10.000000
10.000000
10.000000
11.000000
11.000000
11.000000
11.000000
11.000000
11.000000
11.000000
11.000000
12.000000
12.000000
12.000000
12.000000
13.000000
13.000000
13.000000
14.000000
14.000000
14.000000
14.000000
14.000000
14.000000
14.000000
14.000000
15.000000
15.000000
15.000000
15.000000
16.000000
16.000000
16.000000
16.000000
17.000000
17.000000
17.000000
17.000000
18.000000
18.000000
18.000000
18.000000
19.000000
19.000000
19.000000
19.000000
20.000000
20.000000
21.000000
23.000000
24.000000
24.000000
25.000000
26.000000
26.000000
28.000000
28.000000
30.000000
30.000000
32.000000
32.000000
32.000000
34.000000
36.000000
38.000000
38.000000
42.000000
42.000000
42.000000
43.000000
45.000000
50.000000
53.000000
54.000000
58.000000
62.000000
70.000000
130.000000
157.000000
188.000000
250.000000
267.000000
298.000000
326.000000
339.000000
363.000000
402.000000
443.000000
470.000000
494.000000
515.000000
550.000000
564.000000
624.000000
640.000000
673.000000
695.000000
722.000000
767.000000
796.000000
819.000000
866.000000
889.000000
928.000000
952.000000
978.000000
1010.000000
1045.000000
1146.000000
1211.000000
1246.000000
1275.000000
1311.000000
1358.000000
1376.000000
1391.000000
1429.000000
1473.000000
1504.000000
1550.000000
1572.000000
1590.000000
1628.000000
1670.000000
1704.000000
1718.000000
1773.000000
1787.000000
1811.000000
1841.000000
1877.000000
1907.000000
1945.000000
