0.000000
0.000000
0.000000
0.000000
1.000000
1.000000
1.000000
1.000000
1.000000
1.000000
1.000000
2.000000
2.000000
3.000000
3.000000
3.000000
3.000000
3.000000
3.000000
3.000000
3.000000
3.000000
3.000000
3.000000
3.000000
4.000000
4.000000
4.000000
4.000000
4.000000
4.000000
4.000000
4.000000
4.000000
4.000000
5.000000
5.000000
5.000000
5.000000
6.000000
6.000000
6.000000
6.000000
6.000000
7.000000
7.000000
7.000000
7.000000
7.000000
7.000000
7.000000
8.000000
8.000000
8.000000
8.000000
8.000000
8.000000
8.000000
8.000000
8.000000
8.000000
9.000000
9.000000
9.000000
9.000000
9.000000
9.000000
9.000000
10.000000
10.000000
10.000000
10.000000
10.000000
10.000000
10.000000
10.000000
11.000000
11.000000
11.000000
11.000000
11.000000
11.000000
12.000000
12.000000
12.000000
13.000000
13.000000
13.000000
13.000000
13.000000
14.000000
14.000000
14.000000
15.000000
15.000000
15.000000
15.000000
16.000000
16.000000
16.000000
16.000000
16.000000
17.000000
17.000000
17.000000
17.000000
17.000000
17.000000
18.000000
18.000000
18.000000
18.000000
19.000000
19.000000
19.000000
20.000000
21.000000
21.000000
21.000000
22.000000
22.000000
22.000000
23.000000
24.000000
24.000000
25.000000
25.000000
25.000000
26.000000
27.000000
28.000000
29.000000
30.000000
30.000000
31.000000
31.000000
32.000000
32.000000
32.000000
34.000000
35.000000
35.000000
36.000000
36.000000
38.000000
38.000000
39.000000
40.000000
44.000000
44.000000
48.000000
51.000000
56.000000
57.000000
61.000000
64.000000
67.000000
69.000000
73.000000
73.000000
73.000000
93.000000
97.000000
98.000000
100.000000
102.000000
118.000000
120.000000
130.000000
243.000000
257.000000
292.000000
313.000000
349.000000
407.000000
420.000000
443.000000
475.000000
493.000000
511.000000
549.000000
594.000000
623.000000
653.000000
678.000000
953.000000
970.000000
991.000000
1008.000000
1032.000000
1068.000000
1082.000000
1133.000000
1160.000000
1198.000000
1219.000000
1238.000000
1255.000000
1283.000000
1329.000000
1370.000000
1388.000000
1421.000000
1454.000000
1480.000000
1506.000000
1518.000000
1533.000000
1571.000000
1597.000000
1651.000000
1666.000000
1686.000000
1800.000000
1853.000000
1867.000000
1943.000000
1956.000000
1994.000000
