0.000000
0.000000
0.000000
0.000000
0.000000
1.000000
1.000000
1.000000
1.000000
1.000000
1.000000
2.000000
2.000000
2.000000
2.000000
2.000000
2.000000
2.000000
3.000000
3.000000
3.000000
3.000000
3.000000
4.000000
4.000000
4.000000
4.000000
4.000000
5.000000
5.000000
5.000000
5.000000
5.000000
5.000000
6.000000
6.000000
6.000000
6.000000
6.000000
6.000000
6.000000
6.000000
6.000000
6.000000
7.000000
7.000000
7.000000
7.000000
7.000000
7.000000
7.000000
7.000000
7.000000
7.000000
7.000000
7.000000
7.000000
7.000000
7.000000
7.000000
7.000000
8.000000
8.000000
8.000000
8.000000
8.000000
8.000000
8.000000
8.000000
8.000000
8.000000
9.000000
9.000000
9.000000
9.000000
9.000000
9.000000
9.000000
10.000000
10.000000
10.000000
10.000000
10.000000
10.000000
10.000000
10.000000
11.000000
11.000000
11.000000
11.000000
11.000000
11.000000
11.000000
12.000000
12.000000
12.000000
12.000000
12.000000
12.000000
12.000000
13.000000
13.000000
13.000000
13.000000
13.000000
13.000000
14.000000
14.000000
14.000000
15.000000
15.000000
15.000000
16.000000
16.000000
16.000000
16.000000
16.000000
16.000000
17.000000
17.000000
17.000000
17.000000
17.000000
17.000000
17.000000
18.000000
18.000000
18.000000
19.000000
19.000000
20.000000
21.000000
22.000000
22.000000
26.000000
27.000000
27.000000
28.000000
28.000000
29.000000
29.000000
31.000000
34.000000
36.000000
36.000000
37.000000
42.000000
43.000000
43.000000
44.000000
46.000000
47.000000
47.000000
54.000000
56.000000
60.000000
60.000000
65.000000
82.000000
82.000000
93.000000
103.000000
116.000000
121.000000
122.000000
132.000000
165.000000
187.000000
214.000000
259.000000
288.000000
311.000000
358.000000
381.000000
420.000000
444.000000
470.000000
502.000000
537.000000
638.000000
703.000000
738.000000
767.000000
803.000000
850.000000
868.000000
883.000000
921.000000
965.000000
996.000000
1042.000000
1064.000000
1082.000000
1120.000000
1162.000000
1196.000000
1210.000000
1265.000000
1279.000000
1303.000000
1333.000000
1369.000000
1399.000000
1437.000000
1510.000000
1542.000000
1566.000000
1587.000000
1688.000000
1709.000000
1757.000000
1780.000000
1838.000000
1850.000000
1872.000000
1895.000000
1915.000000
1943.000000
1979.000000
