0.000000
0.000000
0.000000
0.000000
0.000000
1.000000
1.000000
1.000000
1.000000
1.000000
1.000000
1.000000
1.000000
1.000000
2.000000
2.000000
2.000000
2.000000
2.000000
2.000000
3.000000
3.000000
3.000000
3.000000
3.000000
3.000000
3.000000
3.000000
3.000000
3.000000
4.000000
4.000000
4.000000
4.000000
4.000000
4.000000
4.000000
4.000000
4.000000
5.000000
5.000000
5.000000
5.000000
5.000000
5.000000
6.000000
6.000000
6.000000
6.000000
6.000000
6.000000
7.000000
7.000000
7.000000
7.000000
7.000000
7.000000
8.000000
8.000000
8.000000
8.000000
8.000000
8.000000
8.000000
8.000000
9.000000
9.000000
9.000000
9.000000
9.000000
9.000000
10.000000
10.000000
10.000000
10.000000
10.000000
10.000000
10.000000
10.000000
10.000000
11.000000
11.000000
11.000000
11.000000
11.000000
11.000000
12.000000
12.000000
12.000000
12.000000
12.000000
12.000000
12.000000
12.000000
13.000000
13.000000
13.000000
13.000000
14.000000
14.000000
15.000000
15.000000
15.000000
15.000000
15.000000
15.000000
16.000000
16.000000
16.000000
16.000000
17.000000
17.000000
17.000000
17.000000
18.000000
18.000000
18.000000
19.000000
20.000000
20.000000
20.000000
20.000000
21.000000
22.000000
23.000000
23.000000
24.000000
24.000000
24.000000
24.000000
25.000000
25.000000
25.000000
25.000000
25.000000
25.000000
26.000000
27.000000
28.000000
29.000000
29.000000
30.000000
31.000000
33.000000
33.000000
33.000000
34.000000
34.000000
35.000000
40.000000
41.000000
44.000000
51.000000
53.000000
54.000000
56.000000
61.000000
72.000000
72.000000
85.000000
90.000000
91.000000
108.000000
109.000000
114.000000
129.000000
148.000000
189.000000
216.000000
240.000000
261.000000
296.000000
310.000000
370.000000
386.000000
419.000000
441.000000
468.000000
513.000000
542.000000
565.000000
612.000000
635.000000
674.000000
698.000000
724.000000
756.000000
791.000000
892.000000
957.000000
992.000000
1021.000000
1057.000000
1104.000000
1122.000000
1137.000000
1175.000000
1219.000000
1250.000000
1296.000000
1318.000000
1336.000000
1374.000000
1416.000000
1450.000000
1464.000000
1519.000000
1533.000000
1557.000000
1587.000000
1623.000000
1653.000000
1691.000000
1764.000000
1796.000000
1820.000000
1841.000000
1942.000000
1963.000000
