0.000000
0.000000
0.000000
0.000000
1.000000
1.000000
1.000000
1.000000
2.000000
2.000000
2.000000
2.000000
2.000000
2.000000
2.000000
3.000000
3.000000
3.000000
3.000000
3.000000
3.000000
4.000000
4.000000
4.000000
4.000000
4.000000
4.000000
4.000000
5.000000
5.000000
5.000000
5.000000
5.000000
6.000000
6.000000
6.000000
6.000000
6.000000
6.000000
6.000000
6.000000
6.000000
6.000000
6.000000
7.000000
7.000000
7.000000
7.000000
7.000000
7.000000
7.000000
7.000000
7.000000
7.000000
7.000000
8.000000
8.000000
8.000000
8.000000
8.000000
8.000000
8.000000
8.000000
8.000000
8.000000
8.000000
9.000000
9.000000
9.000000
10.000000
10.000000
10.000000
10.000000
10.000000
10.000000
10.000000
11.000000
11.000000
11.000000
11.000000
11.000000
11.000000
11.000000
11.000000
12.000000
12.000000
12.000000
12.000000
12.000000
12.000000
13.000000
13.000000
13.000000
13.000000
13.000000
13.000000
13.000000
13.000000
13.000000
13.000000
13.000000
14.000000
14.000000
14.000000
14.000000
14.000000
15.000000
15.000000
15.000000
15.000000
15.000000
15.000000
15.000000
16.000000
16.000000
16.000000
16.000000
16.000000
17.000000
17.000000
18.000000
18.000000
19.000000
19.000000
19.000000
20.000000
21.000000
21.000000
22.000000
22.000000
22.000000
23.000000
23.000000
24.000000
24.000000
24.000000
24.000000
25.000000
26.000000
27.000000
27.000000
28.000000
29.000000
29.000000
31.000000
31.000000
32.000000
32.000000
34.000000
34.000000
36.000000
38.000000
42.000000
45.000000
46.000000
55.000000
56.000000
60.000000
63.000000
73.000000
81.000000
81.000000
97.000000
98.000000
110.000000
121.000000
129.000000
134.000000
157.000000
189.000000
207.000000
225.000000
263.000000
308.000000
337.000000
367.000000
392.000000
667.000000
684.000000
705.000000
722.000000
746.000000
782.000000
796.000000
847.000000
874.000000
912.000000
933.000000
952.000000
969.000000
997.000000
1043.000000
1084.000000
1102.000000
1135.000000
1168.000000
1194.000000
1220.000000
1232.000000
1247.000000
1285.000000
1311.000000
1365.000000
1380.000000
1400.000000
1514.000000
1567.000000
1581.000000
1657.000000
1670.000000
1708.000000
1726.000000
1767.000000
1791.000000
1820.000000
1834.000000
1906.000000
1963.000000
1982.000000
