0.000000
0.000000
1.000000
1.000000
1.000000
1.000000
1.000000
1.000000
1.000000
1.000000
2.000000
2.000000
2.000000
2.000000
2.000000
2.000000
2.000000
2.000000
3.000000
3.000000
3.000000
3.000000
3.000000
3.000000
3.000000
3.000000
4.000000
4.000000
4.000000
4.000000
4.000000
4.000000
4.000000
4.000000
4.000000
4.000000
4.000000
5.000000
5.000000
5.000000
5.000000
5.000000
5.000000
5.000000
5.000000
6.000000
6.000000
6.000000
6.000000
6.000000
6.000000
6.000000
6.000000
6.000000
6.000000
6.000000
7.000000
7.000000
7.000000
7.000000
7.000000
7.000000
7.000000
7.000000
8.000000
8.000000
8.000000
8.000000
8.000000
8.000000
8.000000
8.000000
8.000000
9.000000
9.000000
9.000000
9.000000
9.000000
9.000000
10.000000
10.000000
10.000000
11.000000
11.000000
11.000000
11.000000
12.000000
12.000000
12.000000
12.000000
12.000000
13.000000
13.000000
13.000000
13.000000
13.000000
14.000000
14.000000
14.000000
14.000000
14.000000
15.000000
15.000000
15.000000
16.000000
16.000000
16.000000
16.000000
16.000000
17.000000
17.000000
17.000000
18.000000
18.000000
19.000000
19.000000
19.000000
20.000000
20.000000
20.000000
20.000000
20.000000
20.000000
21.000000
21.000000
21.000000
21.000000
22.000000
23.000000
23.000000
24.000000
24.000000
24.000000
26.000000
26.000000
27.000000
27.000000
27.000000
29.000000
30.000000
31.000000
32.000000
33.000000
33.000000
38.000000
48.000000
48.000000
52.000000
53.000000
54.000000
60.000000
60.000000
62.000000
63.000000
63.000000
66.000000
68.000000
70.000000
78.000000
81.000000
82.000000
84.000000
86.000000
88.000000
104.000000
107.000000
113.000000
115.000000
117.000000
124.000000
146.000000
180.000000
194.000000
249.000000
263.000000
287.000000
317.000000
353.000000
383.000000
421.000000
494.000000
526.000000
550.000000
571.000000
672.000000
693.000000
741.000000
764.000000
822.000000
834.000000
856.000000
879.000000
899.000000
927.000000
963.000000
1001.000000
1041.000000
1060.000000
1086.000000
1108.000000
1134.000000
1158.000000
1204.000000
1465.000000
1479.000000
1514.000000
1535.000000
1571.000000
1629.000000
1642.000000
1665.000000
1697.000000
1715.000000
1733.000000
1771.000000
1816.000000
1845.000000
1875.000000
1900.000000
