1.000000
1.000000
1.000000
1.000000
1.000000
1.000000
1.000000
1.000000
1.000000
1.000000
1.000000
1.000000
1.000000
1.000000
2.000000
2.000000
2.000000
2.000000
3.000000
3.000000
3.000000
3.000000
3.000000
3.000000
3.000000
3.000000
3.000000
4.000000
4.000000
4.000000
4.000000
5.000000
5.000000
5.000000
5.000000
5.000000
5.000000
5.000000
6.000000
6.000000
6.000000
6.000000
6.000000
6.000000
7.000000
7.000000
7.000000
8.000000
8.000000
8.000000
8.000000
8.000000
8.000000
8.000000
8.000000
8.000000
9.000000
9.000000
9.000000
9.000000
9.000000
10.000000
10.000000
10.000000
10.000000
10.000000
10.000000
10.000000
10.000000
11.000000
11.000000
11.000000
11.000000
11.000000
11.000000
11.000000
11.000000
12.000000
12.000000
12.000000
12.000000
12.000000
12.000000
12.000000
12.000000
13.000000
13.000000
13.000000
13.000000
13.000000
13.000000
13.000000
14.000000
14.000000
15.000000
15.000000
15.000000
15.000000
16.000000
16.000000
16.000000
16.000000
16.000000
17.000000
17.000000
17.000000
18.000000
18.000000
19.000000
19.000000
19.000000
19.000000
19.000000
20.000000
20.000000
20.000000
20.000000
21.000000
21.000000
21.000000
21.000000
21.000000
21.000000
22.000000
23.000000
23.000000
23.000000
24.000000
24.000000
24.000000
24.000000
25.000000
26.000000
26.000000
27.000000
27.000000
28.000000
28.000000
29.000000
30.000000
30.000000
30.000000
30.000000
37.000000
38.000000
39.000000
43.000000
46.000000
46.000000
47.000000
48.000000
50.000000
54.000000
55.000000
61.000000
69.000000
74.000000
76.000000
77.000000
92.000000
93.000000
116.000000
122.000000
191.000000
208.000000
229.000000
246.000000
270.000000
306.000000
320.000000
371.000000
398.000000
436.000000
457.000000
476.000000
493.000000
521.000000
567.000000
608.000000
626.000000
659.000000
692.000000
718.000000
744.000000
756.000000
771.000000
809.000000
835.000000
889.000000
904.000000
924.000000
1038.000000
1091.000000
1105.000000
1181.000000
1194.000000
1232.000000
1250.000000
1291.000000
1315.000000
1344.000000
1358.000000
1430.000000
1487.000000
1506.000000
1546.000000
1562.000000
1610.000000
1650.000000
1687.000000
1709.000000
1738.000000
1767.000000
1784.000000
1822.000000
1871.000000
1902.000000
1914.000000
1944.000000
