1.000000
1.000000
1.000000
1.000000
1.000000
1.000000
1.000000
1.000000
2.000000
2.000000
2.000000
2.000000
2.000000
2.000000
2.000000
2.000000
2.000000
2.000000
3.000000
3.000000
3.000000
3.000000
3.000000
3.000000
3.000000
4.000000
4.000000
4.000000
4.000000
4.000000
4.000000
4.000000
4.000000
4.000000
4.000000
4.000000
5.000000
5.000000
5.000000
5.000000
5.000000
5.000000
5.000000
6.000000
6.000000
6.000000
6.000000
6.000000
6.000000
7.000000
7.000000
7.000000
7.000000
7.000000
7.000000
7.000000
8.000000
8.000000
8.000000
8.000000
8.000000
8.000000
8.000000
9.000000
9.000000
9.000000
9.000000
9.000000
9.000000
9.000000
9.000000
9.000000
10.000000
10.000000
10.000000
10.000000
10.000000
10.000000
10.000000
10.000000
10.000000
10.000000
10.000000
11.000000
11.000000
11.000000
11.000000
11.000000
12.000000
12.000000
12.000000
12.000000
13.000000
13.000000
13.000000
13.000000
14.000000
14.000000
14.000000
14.000000
14.000000
14.000000
14.000000
14.000000
15.000000
15.000000
15.000000
16.000000
16.000000
16.000000
17.000000
17.000000
17.000000
18.000000
19.000000
19.000000
19.000000
20.000000
20.000000
20.000000
20.000000
22.000000
22.000000
23.000000
24.000000
24.000000
26.000000
27.000000
27.000000
27.000000
28.000000
28.000000
30.000000
30.000000
30.000000
31.000000
31.000000
32.000000
33.000000
33.000000
33.000000
35.000000
36.000000
36.000000
38.000000
38.000000
41.000000
42.000000
46.000000
47.000000
53.000000
54.000000
61.000000
62.000000
62.000000
63.000000
65.000000
68.000000
72.000000
81.000000
88.000000
92.000000
105.000000
117.000000
125.000000
150.000000
162.000000
192.000000
239.000000
276.000000
308.000000
326.000000
353.000000
369.000000
391.000000
454.000000
631.000000
678.000000
718.000000
741.000000
756.000000
787.000000
859.000000
883.000000
902.000000
936.000000
965.000000
1014.000000
1037.000000
1114.000000
1141.000000
1172.000000
1234.000000
1251.000000
1282.000000
1310.000000
1323.000000
1347.000000
1386.000000
1427.000000
1454.000000
1478.000000
1499.000000
1534.000000
1548.000000
1608.000000
1624.000000
1657.000000
1679.000000
1706.000000
1751.000000
1780.000000
1803.000000
1850.000000
1873.000000
1912.000000
1936.000000
1962.000000
1994.000000
