0.000000
0.000000
0.000000
0.000000
1.000000
1.000000
1.000000
1.000000
1.000000
1.000000
1.000000
1.000000
1.000000
1.000000
1.000000
2.000000
2.000000
2.000000
2.000000
2.000000
2.000000
2.000000
3.000000
3.000000
3.000000
3.000000
3.000000
3.000000
3.000000
3.000000
4.000000
4.000000
4.000000
4.000000
4.000000
4.000000
4.000000
4.000000
5.000000
5.000000
5.000000
5.000000
5.000000
5.000000
5.000000
5.000000
5.000000
5.000000
5.000000
5.000000
5.000000
6.000000
6.000000
6.000000
6.000000
6.000000
6.000000
6.000000
6.000000
6.000000
7.000000
7.000000
7.000000
7.000000
7.000000
8.000000
8.000000
8.000000
8.000000
8.000000
8.000000
8.000000
8.000000
8.000000
9.000000
9.000000
9.000000
9.000000
9.000000
9.000000
10.000000
10.000000
10.000000
10.000000
10.000000
10.000000
10.000000
10.000000
10.000000
10.000000
10.000000
10.000000
10.000000
11.000000
11.000000
11.000000
11.000000
11.000000
11.000000
11.000000
11.000000
11.000000
12.000000
12.000000
12.000000
12.000000
12.000000
12.000000
13.000000
13.000000
13.000000
13.000000
13.000000
13.000000
14.000000
14.000000
15.000000
15.000000
16.000000
16.000000
16.000000
16.000000
17.000000
17.000000
17.000000
18.000000
18.000000
18.000000
18.000000
19.000000
20.000000
21.000000
21.000000
21.000000
21.000000
21.000000
22.000000
22.000000
22.000000
23.000000
23.000000
23.000000
24.000000
24.000000
24.000000
24.000000
24.000000
25.000000
25.000000
26.000000
28.000000
29.000000
29.000000
29.000000
29.000000
29.000000
32.000000
32.000000
32.000000
33.000000
37.000000
38.000000
40.000000
43.000000
44.000000
44.000000
46.000000
46.000000
49.000000
55.000000
57.000000
60.000000
65.000000
66.000000
68.000000
70.000000
72.000000
87.000000
88.000000
89.000000
95.000000
101.000000
113.000000
113.000000
114.000000
114.000000
786.000000
805.000000
830.000000
851.000000
878.000000
918.000000
943.000000
965.000000
998.000000
1022.000000
1053.000000
1068.000000
1092.000000
1113.000000
1135.000000
1169.000000
1190.000000
1344.000000
1372.000000
1407.000000
1460.000000
1493.000000
1520.000000
1672.000000
1690.000000
1769.000000
1793.000000
1830.000000
1850.000000
1887.000000
1912.000000
1924.000000
1954.000000
