0.000000
0.000000
0.000000
0.000000
1.000000
1.000000
1.000000
1.000000
1.000000
1.000000
1.000000
2.000000
2.000000
2.000000
2.000000
2.000000
2.000000
2.000000
2.000000
3.000000
3.000000
3.000000
3.000000
3.000000
3.000000
3.000000
3.000000
3.000000
3.000000
3.000000
4.000000
4.000000
4.000000
4.000000
4.000000
4.000000
4.000000
4.000000
5.000000
5.000000
5.000000
5.000000
5.000000
5.000000
5.000000
5.000000
6.000000
6.000000
6.000000
7.000000
7.000000
7.000000
7.000000
7.000000
7.000000
7.000000
7.000000
7.000000
8.000000
8.000000
8.000000
8.000000
8.000000
8.000000
9.000000
9.000000
9.000000
9.000000
9.000000
9.000000
10.000000
10.000000
10.000000
10.000000
10.000000
10.000000
10.000000
10.000000
11.000000
11.000000
11.000000
11.000000
11.000000
11.000000
11.000000
12.000000
12.000000
12.000000
12.000000
12.000000
12.000000
12.000000
13.000000
13.000000
13.000000
14.000000
14.000000
14.000000
14.000000
14.000000
14.000000
15.000000
15.000000
16.000000
16.000000
16.000000
16.000000
16.000000
16.000000
16.000000
17.000000
17.000000
17.000000
17.000000
18.000000
18.000000
19.000000
19.000000
19.000000
20.000000
20.000000
20.000000
20.000000
21.000000
21.000000
21.000000
22.000000
23.000000
23.000000
23.000000
23.000000
24.000000
24.000000
25.000000
25.000000
26.000000
28.000000
28.000000
29.000000
29.000000
29.000000
31.000000
32.000000
32.000000
33.000000
34.000000
36.000000
36.000000
36.000000
37.000000
37.000000
38.000000
39.000000
47.000000
50.000000
52.000000
52.000000
63.000000
67.000000
72.000000
95.000000
95.000000
101.000000
108.000000
111.000000
128.000000
130.000000
166.000000
187.000000
206.000000
223.000000
251.000000
297.000000
338.000000
356.000000
389.000000
422.000000
448.000000
474.000000
486.000000
501.000000
539.000000
565.000000
619.000000
634.000000
654.000000
768.000000
821.000000
835.000000
911.000000
924.000000
962.000000
980.000000
1021.000000
1045.000000
1074.000000
1088.000000
1160.000000
1217.000000
1236.000000
1276.000000
1292.000000
1340.000000
1380.000000
1417.000000
1439.000000
1468.000000
1497.000000
1514.000000
1552.000000
1601.000000
1632.000000
1644.000000
1674.000000
1737.000000
1774.000000
1821.000000
1876.000000
1940.000000
