0.000000
0.000000
0.000000
0.000000
1.000000
1.000000
1.000000
1.000000
1.000000
1.000000
1.000000
1.000000
1.000000
1.000000
2.000000
2.000000
2.000000
2.000000
2.000000
2.000000
2.000000
2.000000
3.000000
3.000000
3.000000
3.000000
3.000000
3.000000
3.000000
4.000000
4.000000
4.000000
4.000000
4.000000
4.000000
4.000000
5.000000
5.000000
5.000000
5.000000
6.000000
6.000000
6.000000
6.000000
6.000000
6.000000
6.000000
6.000000
6.000000
6.000000
7.000000
7.000000
7.000000
7.000000
7.000000
7.000000
8.000000
8.000000
8.000000
8.000000
8.000000
8.000000
8.000000
8.000000
8.000000
9.000000
9.000000
9.000000
9.000000
9.000000
10.000000
10.000000
10.000000
10.000000
11.000000
11.000000
11.000000
11.000000
11.000000
11.000000
12.000000
12.000000
12.000000
12.000000
12.000000
12.000000
12.000000
12.000000
13.000000
13.000000
13.000000
14.000000
14.000000
14.000000
14.000000
14.000000
15.000000
15.000000
15.000000
16.000000
17.000000
17.000000
17.000000
17.000000
17.000000
17.000000
18.000000
18.000000
18.000000
18.000000
18.000000
18.000000
19.000000
19.000000
19.000000
20.000000
20.000000
20.000000
20.000000
21.000000
21.000000
21.000000
22.000000
22.000000
23.000000
23.000000
23.000000
23.000000
24.000000
24.000000
25.000000
25.000000
25.000000
26.000000
26.000000
26.000000
26.000000
26.000000
29.000000
30.000000
30.000000
30.000000
31.000000
33.000000
34.000000
38.000000
40.000000
43.000000
45.000000
47.000000
49.000000
49.000000
52.000000
54.000000
56.000000
58.000000
60.000000
69.000000
76.000000
78.000000
84.000000
89.000000
97.000000
104.000000
127.000000
141.000000
166.000000
178.000000
208.000000
255.000000
292.000000
324.000000
342.000000
369.000000
385.000000
407.000000
470.000000
647.000000
694.000000
734.000000
757.000000
772.000000
803.000000
875.000000
899.000000
918.000000
952.000000
981.000000
1030.000000
1053.000000
1130.000000
1157.000000
1188.000000
1250.000000
1267.000000
1298.000000
1326.000000
1339.000000
1363.000000
1402.000000
1443.000000
1470.000000
1494.000000
1515.000000
1550.000000
1564.000000
1624.000000
1640.000000
1673.000000
1695.000000
1722.000000
1767.000000
1796.000000
1819.000000
1866.000000
1889.000000
1928.000000
1952.000000
1978.000000
