0.000000
0.000000
0.000000
0.000000
0.000000
1.000000
1.000000
1.000000
1.000000
1.000000
1.000000
1.000000
1.000000
1.000000
2.000000
2.000000
2.000000
2.000000
2.000000
2.000000
2.000000
2.000000
3.000000
3.000000
3.000000
3.000000
3.000000
3.000000
3.000000
3.000000
4.000000
4.000000
4.000000
4.000000
5.000000
5.000000
5.000000
5.000000
5.000000
5.000000
5.000000
5.000000
5.000000
5.000000
6.000000
6.000000
6.000000
6.000000
6.000000
6.000000
6.000000
6.000000
6.000000
7.000000
7.000000
7.000000
7.000000
7.000000
7.000000
7.000000
7.000000
8.000000
8.000000
8.000000
8.000000
8.000000
8.000000
8.000000
8.000000
9.000000
9.000000
9.000000
9.000000
9.000000
9.000000
9.000000
9.000000
10.000000
10.000000
10.000000
10.000000
10.000000
10.000000
11.000000
11.000000
11.000000
11.000000
11.000000
11.000000
11.000000
11.000000
12.000000
12.000000
12.000000
12.000000
13.000000
13.000000
13.000000
13.000000
13.000000
13.000000
14.000000
14.000000
14.000000
14.000000
14.000000
15.000000
15.000000
15.000000
15.000000
15.000000
16.000000
16.000000
16.000000
17.000000
17.000000
18.000000
19.000000
19.000000
20.000000
20.000000
22.000000
22.000000
22.000000
23.000000
24.000000
24.000000
24.000000
24.000000
25.000000
26.000000
26.000000
27.000000
27.000000
27.000000
28.000000
28.000000
29.000000
29.000000
29.000000
30.000000
30.000000
31.000000
31.000000
32.000000
34.000000
36.000000
43.000000
45.000000
47.000000
48.000000
48.000000
51.000000
56.000000
60.000000
65.000000
67.000000
70.000000
72.000000
76.000000
77.000000
78.000000
78.000000
79.000000
83.000000
90.000000
103.000000
104.000000
115.000000
118.000000
118.000000
153.000000
206.000000
239.000000
266.000000
418.000000
436.000000
515.000000
539.000000
576.000000
596.000000
633.000000
658.000000
670.000000
700.000000
747.000000
784.000000
816.000000
834.000000
861.000000
877.000000
899.000000
962.000000
1139.000000
1186.000000
1226.000000
1249.000000
1264.000000
1295.000000
1367.000000
1391.000000
1410.000000
1444.000000
1473.000000
1522.000000
1545.000000
1622.000000
1649.000000
1680.000000
1742.000000
1759.000000
1790.000000
1818.000000
1831.000000
1855.000000
1894.000000
1935.000000
1962.000000
1986.000000
