0.000000
0.000000
0.000000
0.000000
0.000000
0.000000
0.000000
0.000000
0.000000
0.000000
1.000000
1.000000
1.000000
1.000000
1.000000
1.000000
1.000000
1.000000
1.000000
2.000000
2.000000
2.000000
3.000000
3.000000
3.000000
3.000000
3.000000
3.000000
4.000000
4.000000
4.000000
4.000000
4.000000
4.000000
5.000000
5.000000
5.000000
6.000000
6.000000
6.000000
6.000000
6.000000
6.000000
6.000000
6.000000
7.000000
7.000000
7.000000
7.000000
7.000000
8.000000
8.000000
8.000000
8.000000
8.000000
8.000000
8.000000
9.000000
9.000000
9.000000
9.000000
9.000000
9.000000
9.000000
9.000000
9.000000
10.000000
10.000000
10.000000
10.000000
10.000000
11.000000
11.000000
11.000000
11.000000
11.000000
11.000000
11.000000
12.000000
12.000000
12.000000
12.000000
12.000000
12.000000
12.000000
12.000000
13.000000
13.000000
13.000000
13.000000
13.000000
13.000000
13.000000
14.000000
14.000000
14.000000
14.000000
14.000000
14.000000
14.000000
14.000000
15.000000
15.000000
15.000000
16.000000
17.000000
18.000000
18.000000
18.000000
18.000000
19.000000
19.000000
19.000000
19.000000
19.000000
20.000000
20.000000
20.000000
20.000000
21.000000
21.000000
21.000000
21.000000
22.000000
23.000000
23.000000
23.000000
23.000000
24.000000
26.000000
27.000000
27.000000
27.000000
27.000000
29.000000
30.000000
30.000000
32.000000
32.000000
33.000000
34.000000
34.000000
34.000000
38.000000
38.000000
41.000000
43.000000
44.000000
44.000000
44.000000
46.000000
53.000000
53.000000
55.000000
55.000000
58.000000
61.000000
65.000000
66.000000
67.000000
68.000000
73.000000
75.000000
77.000000
85.000000
95.000000
95.000000
96.000000
103.000000
108.000000
114.000000
117.000000
120.000000
127.000000
131.000000
161.000000
199.000000
272.000000
304.000000
328.000000
349.000000
450.000000
471.000000
519.000000
542.000000
600.000000
612.000000
634.000000
657.000000
677.000000
705.000000
741.000000
779.000000
819.000000
838.000000
864.000000
886.000000
912.000000
936.000000
982.000000
1243.000000
1257.000000
1292.000000
1313.000000
1349.000000
1407.000000
1420.000000
1443.000000
1475.000000
1493.000000
1511.000000
1549.000000
1594.000000
1623.000000
1653.000000
1678.000000
1953.000000
1970.000000
1991.000000
