0.000000
0.000000
0.000000
0.000000
0.000000
0.000000
0.000000
0.000000
0.000000
0.000000
0.000000
1.000000
1.000000
1.000000
1.000000
1.000000
1.000000
1.000000
1.000000
1.000000
2.000000
2.000000
2.000000
2.000000
2.000000
2.000000
2.000000
2.000000
2.000000
3.000000
3.000000
3.000000
3.000000
3.000000
4.000000
4.000000
4.000000
4.000000
5.000000
5.000000
5.000000
5.000000
5.000000
5.000000
6.000000
6.000000
6.000000
6.000000
6.000000
6.000000
6.000000
7.000000
7.000000
7.000000
7.000000
7.000000
7.000000
7.000000
8.000000
8.000000
8.000000
8.000000
8.000000
9.000000
9.000000
9.000000
10.000000
10.000000
10.000000
10.000000
10.000000
10.000000
10.000000
10.000000
10.000000
10.000000
10.000000
11.000000
11.000000
11.000000
11.000000
12.000000
12.000000
12.000000
12.000000
12.000000
12.000000
12.000000
12.000000
13.000000
13.000000
13.000000
13.000000
13.000000
13.000000
14.000000
14.000000
14.000000
14.000000
14.000000
14.000000
14.000000
14.000000
15.000000
15.000000
15.000000
16.000000
16.000000
16.000000
16.000000
17.000000
17.000000
17.000000
18.000000
18.000000
18.000000
18.000000
18.000000
18.000000
18.000000
19.000000
19.000000
20.000000
20.000000
21.000000
22.000000
22.000000
23.000000
23.000000
23.000000
23.000000
23.000000
23.000000
23.000000
24.000000
24.000000
25.000000
26.000000
26.000000
27.000000
27.000000
27.000000
29.000000
30.000000
30.000000
30.000000
30.000000
31.000000
31.000000
31.000000
31.000000
32.000000
32.000000
32.000000
35.000000
37.000000
41.000000
42.000000
42.000000
53.000000
55.000000
64.000000
65.000000
69.000000
77.000000
90.000000
93.000000
95.000000
99.000000
101.000000
113.000000
122.000000
128.000000
130.000000
278.000000
297.000000
322.000000
343.000000
370.000000
410.000000
435.000000
457.000000
490.000000
514.000000
545.000000
560.000000
584.000000
605.000000
627.000000
661.000000
682.000000
836.000000
864.000000
899.000000
952.000000
985.000000
1012.000000
1164.000000
1182.000000
1261.000000
1285.000000
1322.000000
1342.000000
1379.000000
1404.000000
1416.000000
1446.000000
1493.000000
1530.000000
1562.000000
1580.000000
1607.000000
1623.000000
1645.000000
1708.000000
1885.000000
1932.000000
1972.000000
1995.000000
