0.000000
0.000000
0.000000
1.000000
1.000000
1.000000
1.000000
1.000000
1.000000
1.000000
1.000000
1.000000
1.000000
1.000000
2.000000
2.000000
2.000000
2.000000
2.000000
2.000000
2.000000
3.000000
3.000000
3.000000
3.000000
3.000000
3.000000
3.000000
3.000000
4.000000
4.000000
4.000000
4.000000
4.000000
4.000000
4.000000
4.000000
4.000000
5.000000
5.000000
5.000000
5.000000
5.000000
5.000000
6.000000
6.000000
6.000000
6.000000
6.000000
6.000000
6.000000
6.000000
6.000000
6.000000
6.000000
7.000000
7.000000
7.000000
7.000000
7.000000
7.000000
7.000000
7.000000
7.000000
7.000000
7.000000
7.000000
8.000000
8.000000
8.000000
8.000000
8.000000
9.000000
9.000000
9.000000
9.000000
10.000000
10.000000
10.000000
10.000000
10.000000
10.000000
10.000000
10.000000
10.000000
10.000000
10.000000
10.000000
11.000000
11.000000
11.000000
11.000000
11.000000
11.000000
12.000000
12.000000
12.000000
13.000000
13.000000
13.000000
13.000000
13.000000
13.000000
13.000000
13.000000
14.000000
14.000000
14.000000
14.000000
14.000000
15.000000
15.000000
15.000000
15.000000
15.000000
16.000000
16.000000
16.000000
16.000000
17.000000
17.000000
18.000000
18.000000
18.000000
19.000000
19.000000
20.000000
20.000000
20.000000
20.000000
21.000000
21.000000
21.000000
21.000000
21.000000
21.000000
22.000000
23.000000
23.000000
23.000000
24.000000
25.000000
25.000000
26.000000
26.000000
27.000000
27.000000
28.000000
28.000000
29.000000
30.000000
30.000000
31.000000
31.000000
32.000000
32.000000
32.000000
33.000000
33.000000
34.000000
34.000000
37.000000
38.000000
39.000000
44.000000
45.000000
45.000000
47.000000
50.000000
50.000000
52.000000
54.000000
54.000000
60.000000
64.000000
68.000000
74.000000
79.000000
80.000000
83.000000
87.000000
88.000000
98.000000
98.000000
103.000000
108.000000
116.000000
132.000000
160.000000
217.000000
236.000000
276.000000
292.000000
340.000000
380.000000
417.000000
439.000000
468.000000
497.000000
514.000000
552.000000
601.000000
632.000000
644.000000
674.000000
737.000000
774.000000
821.000000
876.000000
940.000000
1096.000000
1127.000000
1141.000000
1199.000000
1224.000000
1270.000000
1312.000000
1424.000000
1452.000000
