1.000000
1.000000
1.000000
1.000000
1.000000
1.000000
1.000000
1.000000
1.000000
1.000000
2.000000
2.000000
2.000000
2.000000
2.000000
2.000000
3.000000
3.000000
3.000000
3.000000
3.000000
3.000000
3.000000
3.000000
3.000000
4.000000
4.000000
4.000000
4.000000
4.000000
4.000000
4.000000
4.000000
4.000000
4.000000
4.000000
5.000000
5.000000
5.000000
5.000000
5.000000
6.000000
6.000000
6.000000
6.000000
7.000000
7.000000
7.000000
7.000000
7.000000
7.000000
7.000000
7.000000
7.000000
7.000000
8.000000
8.000000
8.000000
8.000000
8.000000
8.000000
8.000000
8.000000
9.000000
9.000000
9.000000
9.000000
9.000000
9.000000
9.000000
9.000000
9.000000
10.000000
10.000000
10.000000
10.000000
10.000000
10.000000
10.000000
11.000000
11.000000
11.000000
11.000000
11.000000
11.000000
11.000000
11.000000
11.000000
11.000000
11.000000
12.000000
12.000000
12.000000
12.000000
12.000000
12.000000
12.000000
13.000000
13.000000
13.000000
15.000000
15.000000
16.000000
16.000000
17.000000
17.000000
17.000000
17.000000
17.000000
17.000000
18.000000
18.000000
18.000000
18.000000
19.000000
19.000000
20.000000
20.000000
20.000000
20.000000
21.000000
22.000000
22.000000
22.000000
22.000000
22.000000
22.000000
23.000000
23.000000
24.000000
24.000000
24.000000
25.000000
25.000000
25.000000
26.000000
27.000000
27.000000
28.000000
28.000000
29.000000
31.000000
33.000000
34.000000
35.000000
35.000000
36.000000
39.000000
40.000000
43.000000
44.000000
44.000000
44.000000
52.000000
54.000000
56.000000
60.000000
62.000000
63.000000
73.000000
74.000000
84.000000
87.000000
91.000000
92.000000
96.000000
100.000000
113.000000
116.000000
118.000000
129.000000
140.000000
165.000000
187.000000
220.000000
244.000000
275.000000
290.000000
314.000000
335.000000
357.000000
391.000000
412.000000
566.000000
594.000000
629.000000
682.000000
715.000000
742.000000
894.000000
912.000000
991.000000
1015.000000
1052.000000
1072.000000
1109.000000
1134.000000
1146.000000
1176.000000
1223.000000
1260.000000
1292.000000
1310.000000
1337.000000
1353.000000
1375.000000
1438.000000
1615.000000
1662.000000
1702.000000
1725.000000
1740.000000
1771.000000
1843.000000
1867.000000
1886.000000
1920.000000
1949.000000
1998.000000
