0.000000
1.000000
1.000000
1.000000
1.000000
1.000000
1.000000
1.000000
1.000000
1.000000
2.000000
2.000000
2.000000
2.000000
2.000000
2.000000
2.000000
3.000000
3.000000
3.000000
3.000000
4.000000
4.000000
4.000000
4.000000
4.000000
4.000000
4.000000
4.000000
4.000000
4.000000
4.000000
4.000000
4.000000
4.000000
5.000000
5.000000
5.000000
5.000000
5.000000
5.000000
5.000000
5.000000
5.000000
5.000000
6.000000
6.000000
6.000000
6.000000
6.000000
6.000000
6.000000
6.000000
6.000000
6.000000
6.000000
7.000000
7.000000
7.000000
7.000000
7.000000
8.000000
8.000000
8.000000
8.000000
8.000000
9.000000
9.000000
9.000000
9.000000
9.000000
10.000000
10.000000
10.000000
10.000000
10.000000
10.000000
11.000000
11.000000
11.000000
12.000000
12.000000
12.000000
12.000000
13.000000
13.000000
13.000000
13.000000
13.000000
13.000000
13.000000
13.000000
13.000000
13.000000
14.000000
14.000000
14.000000
14.000000
15.000000
15.000000
15.000000
15.000000
15.000000
16.000000
16.000000
17.000000
17.000000
17.000000
17.000000
18.000000
19.000000
19.000000
20.000000
20.000000
21.000000
21.000000
22.000000
23.000000
24.000000
25.000000
26.000000
26.000000
26.000000
26.000000
28.000000
28.000000
28.000000
28.000000
28.000000
29.000000
30.000000
30.000000
31.000000
31.000000
32.000000
32.000000
34.000000
35.000000
35.000000
37.000000
38.000000
42.000000
42.000000
43.000000
44.000000
45.000000
49.000000
51.000000
52.000000
57.000000
57.000000
57.000000
58.000000
62.000000
63.000000
65.000000
67.000000
74.000000
75.000000
76.000000
79.000000
86.000000
89.000000
100.000000
102.000000
109.000000
112.000000
115.000000
120.000000
120.000000
124.000000
127.000000
150.000000
174.000000
220.000000
481.000000
495.000000
530.000000
551.000000
587.000000
645.000000
658.000000
681.000000
713.000000
731.000000
749.000000
787.000000
832.000000
861.000000
891.000000
916.000000
1191.000000
1208.000000
1229.000000
1246.000000
1270.000000
1306.000000
1320.000000
1371.000000
1398.000000
1436.000000
1457.000000
1476.000000
1493.000000
1521.000000
1567.000000
1608.000000
1626.000000
1659.000000
1692.000000
1718.000000
1744.000000
1756.000000
1771.000000
1809.000000
1835.000000
1889.000000
1904.000000
1924.000000
