0.000000
0.000000
0.000000
0.000000
0.000000
1.000000
1.000000
1.000000
1.000000
1.000000
1.000000
1.000000
1.000000
1.000000
2.000000
2.000000
2.000000
2.000000
2.000000
3.000000
3.000000
3.000000
3.000000
3.000000
3.000000
4.000000
4.000000
4.000000
4.000000
4.000000
4.000000
4.000000
5.000000
5.000000
5.000000
5.000000
5.000000
5.000000
5.000000
5.000000
6.000000
6.000000
6.000000
6.000000
6.000000
6.000000
6.000000
6.000000
6.000000
6.000000
6.000000
6.000000
7.000000
7.000000
7.000000
7.000000
7.000000
7.000000
7.000000
7.000000
8.000000
8.000000
8.000000
8.000000
8.000000
8.000000
8.000000
8.000000
8.000000
8.000000
9.000000
9.000000
9.000000
9.000000
9.000000
9.000000
9.000000
9.000000
9.000000
9.000000
10.000000
10.000000
10.000000
10.000000
10.000000
10.000000
11.000000
11.000000
11.000000
12.000000
12.000000
12.000000
12.000000
12.000000
12.000000
12.000000
13.000000
13.000000
13.000000
13.000000
13.000000
13.000000
13.000000
13.000000
14.000000
14.000000
15.000000
15.000000
15.000000
15.000000
15.000000
15.000000
16.000000
16.000000
16.000000
16.000000
16.000000
18.000000
18.000000
18.000000
18.000000
19.000000
19.000000
19.000000
19.000000
20.000000
20.000000
22.000000
22.000000
23.000000
23.000000
25.000000
26.000000
27.000000
28.000000
28.000000
29.000000
29.000000
30.000000
30.000000
30.000000
31.000000
32.000000
32.000000
33.000000
35.000000
36.000000
36.000000
37.000000
39.000000
43.000000
45.000000
50.000000
52.000000
52.000000
53.000000
56.000000
66.000000
79.000000
83.000000
95.000000
111.000000
111.000000
117.000000
119.000000
121.000000
144.000000
182.000000
203.000000
222.000000
239.000000
267.000000
313.000000
354.000000
372.000000
405.000000
438.000000
464.000000
490.000000
502.000000
517.000000
555.000000
581.000000
635.000000
650.000000
670.000000
784.000000
837.000000
851.000000
927.000000
940.000000
978.000000
996.000000
1037.000000
1061.000000
1090.000000
1104.000000
1176.000000
1233.000000
1252.000000
1292.000000
1308.000000
1356.000000
1396.000000
1433.000000
1455.000000
1484.000000
1513.000000
1530.000000
1568.000000
1617.000000
1648.000000
1660.000000
1690.000000
1753.000000
1790.000000
1837.000000
1892.000000
1956.000000
