0.000000
0.000000
0.000000
0.000000
1.000000
1.000000
1.000000
1.000000
1.000000
1.000000
1.000000
1.000000
2.000000
2.000000
2.000000
2.000000
2.000000
2.000000
3.000000
3.000000
3.000000
3.000000
3.000000
3.000000
4.000000
4.000000
4.000000
4.000000
4.000000
4.000000
4.000000
4.000000
4.000000
5.000000
5.000000
5.000000
5.000000
5.000000
5.000000
5.000000
5.000000
6.000000
6.000000
6.000000
6.000000
7.000000
7.000000
7.000000
7.000000
7.000000
7.000000
7.000000
8.000000
8.000000
8.000000
8.000000
8.000000
8.000000
9.000000
9.000000
9.000000
9.000000
9.000000
9.000000
9.000000
9.000000
9.000000
9.000000
9.000000
10.000000
10.000000
10.000000
10.000000
10.000000
10.000000
10.000000
10.000000
11.000000
11.000000
11.000000
11.000000
11.000000
11.000000
11.000000
11.000000
12.000000
12.000000
12.000000
12.000000
13.000000
13.000000
14.000000
14.000000
14.000000
14.000000
14.000000
14.000000
14.000000
14.000000
14.000000
14.000000
15.000000
15.000000
15.000000
15.000000
15.000000
15.000000
16.000000
16.000000
16.000000
16.000000
17.000000
18.000000
20.000000
20.000000
20.000000
20.000000
20.000000
20.000000
20.000000
21.000000
21.000000
21.000000
21.000000
21.000000
22.000000
22.000000
23.000000
24.000000
24.000000
25.000000
25.000000
25.000000
26.000000
26.000000
27.000000
27.000000
27.000000
27.000000
27.000000
28.000000
28.000000
28.000000
29.000000
30.000000
30.000000
32.000000
32.000000
32.000000
33.000000
33.000000
35.000000
35.000000
38.000000
40.000000
44.000000
49.000000
49.000000
51.000000
51.000000
54.000000
54.000000
63.000000
67.000000
69.000000
76.000000
88.000000
94.000000
110.000000
133.000000
153.000000
181.000000
217.000000
255.000000
295.000000
314.000000
340.000000
362.000000
388.000000
412.000000
458.000000
719.000000
733.000000
768.000000
789.000000
825.000000
883.000000
896.000000
919.000000
951.000000
969.000000
987.000000
1025.000000
1070.000000
1099.000000
1129.000000
1154.000000
1429.000000
1446.000000
1467.000000
1484.000000
1508.000000
1544.000000
1558.000000
1609.000000
1636.000000
1674.000000
1695.000000
1714.000000
1731.000000
1759.000000
1805.000000
1846.000000
1864.000000
1897.000000
1930.000000
1956.000000
1982.000000
1994.000000
