0.000000
0.000000
0.000000
0.000000
1.000000
1.000000
1.000000
1.000000
2.000000
2.000000
2.000000
2.000000
3.000000
3.000000
3.000000
3.000000
3.000000
3.000000
3.000000
3.000000
3.000000
4.000000
4.000000
4.000000
4.000000
4.000000
4.000000
4.000000
4.000000
5.000000
5.000000
5.000000
5.000000
5.000000
5.000000
5.000000
5.000000
5.000000
5.000000
5.000000
5.000000
5.000000
6.000000
6.000000
6.000000
6.000000
6.000000
7.000000
7.000000
7.000000
7.000000
7.000000
7.000000
7.000000
7.000000
7.000000
7.000000
8.000000
8.000000
8.000000
8.000000
8.000000
8.000000
8.000000
8.000000
9.000000
9.000000
9.000000
9.000000
9.000000
9.000000
9.000000
10.000000
10.000000
10.000000
10.000000
10.000000
10.000000
11.000000
11.000000
11.000000
11.000000
11.000000
11.000000
11.000000
12.000000
12.000000
12.000000
12.000000
12.000000
12.000000
12.000000
12.000000
13.000000
13.000000
14.000000
14.000000
14.000000
14.000000
15.000000
15.000000
15.000000
16.000000
16.000000
16.000000
17.000000
17.000000
17.000000
17.000000
17.000000
18.000000
18.000000
19.000000
19.000000
19.000000
19.000000
20.000000
20.000000
20.000000
20.000000
20.000000
20.000000
21.000000
21.000000
21.000000
21.000000
22.000000
22.000000
23.000000
24.000000
24.000000
25.000000
28.000000
29.000000
30.000000
30.000000
31.000000
31.000000
31.000000
31.000000
31.000000
32.000000
33.000000
34.000000
35.000000
35.000000
36.000000
37.000000
39.000000
40.000000
41.000000
42.000000
51.000000
54.000000
59.000000
59.000000
61.000000
63.000000
64.000000
75.000000
78.000000
84.000000
84.000000
92.000000
98.000000
105.000000
106.000000
110.000000
116.000000
119.000000
124.000000
132.000000
172.000000
197.000000
219.000000
252.000000
276.000000
307.000000
322.000000
346.000000
367.000000
389.000000
423.000000
444.000000
598.000000
626.000000
661.000000
714.000000
747.000000
774.000000
926.000000
944.000000
1023.000000
1047.000000
1084.000000
1104.000000
1141.000000
1166.000000
1178.000000
1208.000000
1255.000000
1292.000000
1324.000000
1342.000000
1369.000000
1385.000000
1407.000000
1470.000000
1647.000000
1694.000000
1734.000000
1757.000000
1772.000000
1803.000000
1875.000000
1899.000000
1918.000000
1952.000000
1981.000000
