0.000000
0.000000
0.000000
0.000000
0.000000
0.000000
1.000000
1.000000
1.000000
1.000000
1.000000
2.000000
2.000000
2.000000
2.000000
3.000000
3.000000
3.000000
3.000000
3.000000
3.000000
3.000000
3.000000
3.000000
3.000000
4.000000
4.000000
4.000000
4.000000
4.000000
4.000000
4.000000
4.000000
5.000000
5.000000
6.000000
6.000000
6.000000
6.000000
6.000000
6.000000
6.000000
6.000000
6.000000
6.000000
6.000000
7.000000
7.000000
7.000000
7.000000
7.000000
7.000000
7.000000
7.000000
7.000000
8.000000
8.000000
8.000000
8.000000
8.000000
8.000000
8.000000
8.000000
8.000000
9.000000
9.000000
9.000000
9.000000
9.000000
9.000000
9.000000
9.000000
10.000000
10.000000
10.000000
10.000000
10.000000
10.000000
10.000000
10.000000
11.000000
11.000000
11.000000
11.000000
11.000000
11.000000
11.000000
11.000000
12.000000
12.000000
12.000000
12.000000
12.000000
13.000000
13.000000
13.000000
13.000000
13.000000
13.000000
13.000000
14.000000
14.000000
14.000000
14.000000
14.000000
14.000000
14.000000
15.000000
15.000000
15.000000
15.000000
16.000000
16.000000
16.000000
17.000000
17.000000
17.000000
17.000000
18.000000
18.000000
19.000000
19.000000
20.000000
20.000000
20.000000
20.000000
20.000000
21.000000
22.000000
22.000000
22.000000
23.000000
23.000000
23.000000
23.000000
23.000000
24.000000
24.000000
25.000000
25.000000
26.000000
27.000000
27.000000
29.000000
32.000000
34.000000
36.000000
39.000000
40.000000
45.000000
45.000000
48.000000
51.000000
61.000000
68.000000
68.000000
69.000000
79.000000
82.000000
95.000000
99.000000
103.000000
105.000000
116.000000
127.000000
133.000000
160.000000
198.000000
219.000000
238.000000
255.000000
283.000000
329.000000
370.000000
388.000000
421.000000
454.000000
480.000000
506.000000
518.000000
533.000000
571.000000
597.000000
651.000000
666.000000
686.000000
800.000000
853.000000
867.000000
943.000000
956.000000
994.000000
1012.000000
1053.000000
1077.000000
1106.000000
1120.000000
1192.000000
1249.000000
1268.000000
1308.000000
1324.000000
1372.000000
1412.000000
1449.000000
1471.000000
1500.000000
1529.000000
1546.000000
1584.000000
1633.000000
1664.000000
1676.000000
1706.000000
1769.000000
1806.000000
1853.000000
1908.000000
1972.000000
