0.000000
0.000000
0.000000
0.000000
0.000000
1.000000
1.000000
1.000000
1.000000
1.000000
1.000000
1.000000
1.000000
1.000000
2.000000
2.000000
2.000000
2.000000
2.000000
2.000000
2.000000
3.000000
3.000000
3.000000
3.000000
3.000000
3.000000
3.000000
3.000000
3.000000
3.000000
4.000000
4.000000
4.000000
4.000000
4.000000
4.000000
4.000000
4.000000
4.000000
5.000000
5.000000
5.000000
5.000000
6.000000
6.000000
6.000000
6.000000
6.000000
7.000000
7.000000
7.000000
7.000000
8.000000
8.000000
9.000000
9.000000
9.000000
9.000000
10.000000
10.000000
10.000000
10.000000
10.000000
10.000000
11.000000
11.000000
11.000000
11.000000
11.000000
11.000000
11.000000
11.000000
11.000000
12.000000
12.000000
12.000000
12.000000
12.000000
12.000000
12.000000
12.000000
12.000000
12.000000
12.000000
12.000000
12.000000
12.000000
12.000000
12.000000
12.000000
13.000000
13.000000
13.000000
13.000000
13.000000
14.000000
14.000000
14.000000
14.000000
14.000000
15.000000
16.000000
16.000000
16.000000
17.000000
17.000000
17.000000
18.000000
18.000000
18.000000
18.000000
19.000000
19.000000
20.000000
21.000000
21.000000
21.000000
21.000000
22.000000
22.000000
24.000000
24.000000
25.000000
25.000000
26.000000
26.000000
26.000000
26.000000
27.000000
28.000000
28.000000
29.000000
29.000000
32.000000
33.000000
35.000000
36.000000
37.000000
38.000000
41.000000
41.000000
42.000000
42.000000
44.000000
44.000000
46.000000
48.000000
51.000000
51.000000
53.000000
54.000000
57.000000
58.000000
60.000000
63.000000
65.000000
70.000000
73.000000
73.000000
79.000000
81.000000
86.000000
90.000000
96.000000
99.000000
107.000000
108.000000
111.000000
116.000000
124.000000
125.000000
134.000000
158.000000
204.000000
465.000000
479.000000
514.000000
535.000000
571.000000
629.000000
642.000000
665.000000
697.000000
715.000000
733.000000
771.000000
816.000000
845.000000
875.000000
900.000000
1175.000000
1192.000000
1213.000000
1230.000000
1254.000000
1290.000000
1304.000000
1355.000000
1382.000000
1420.000000
1441.000000
1460.000000
1477.000000
1505.000000
1551.000000
1592.000000
1610.000000
1643.000000
1676.000000
1702.000000
1728.000000
1740.000000
1755.000000
1793.000000
1819.000000
1873.000000
1888.000000
1908.000000
