0.000000
0.000000
0.000000
0.000000
1.000000
1.000000
1.000000
1.000000
1.000000
1.000000
1.000000
1.000000
1.000000
1.000000
1.000000
2.000000
2.000000
2.000000
2.000000
2.000000
2.000000
2.000000
2.000000
2.000000
3.000000
3.000000
3.000000
3.000000
3.000000
3.000000
3.000000
3.000000
4.000000
4.000000
4.000000
4.000000
5.000000
5.000000
5.000000
5.000000
5.000000
5.000000
5.000000
6.000000
6.000000
6.000000
6.000000
6.000000
6.000000
6.000000
7.000000
7.000000
7.000000
7.000000
7.000000
7.000000
7.000000
7.000000
8.000000
8.000000
8.000000
8.000000
8.000000
8.000000
8.000000
8.000000
8.000000
9.000000
9.000000
9.000000
9.000000
9.000000
9.000000
9.000000
9.000000
9.000000
9.000000
9.000000
9.000000
9.000000
9.000000
10.000000
10.000000
10.000000
10.000000
10.000000
10.000000
10.000000
10.000000
11.000000
11.000000
11.000000
11.000000
11.000000
12.000000
12.000000
12.000000
13.000000
13.000000
13.000000
13.000000
14.000000
14.000000
14.000000
14.000000
15.000000
16.000000
16.000000
16.000000
16.000000
16.000000
16.000000
17.000000
17.000000
17.000000
18.000000
18.000000
18.000000
18.000000
18.000000
18.000000
19.000000
21.000000
21.000000
21.000000
22.000000
22.000000
22.000000
23.000000
23.000000
26.000000
26.000000
26.000000
27.000000
27.000000
28.000000
28.000000
28.000000
29.000000
30.000000
30.000000
30.000000
31.000000
31.000000
32.000000
32.000000
33.000000
34.000000
38.000000
40.000000
40.000000
44.000000
52.000000
52.000000
59.000000
63.000000
63.000000
66.000000
68.000000
81.000000
87.000000
100.000000
106.000000
109.000000
116.000000
123.000000
149.000000
171.000000
198.000000
243.000000
272.000000
295.000000
342.000000
365.000000
404.000000
428.000000
454.000000
486.000000
521.000000
622.000000
687.000000
722.000000
751.000000
787.000000
834.000000
852.000000
867.000000
905.000000
949.000000
980.000000
1026.000000
1048.000000
1066.000000
1104.000000
1146.000000
1180.000000
1194.000000
1249.000000
1263.000000
1287.000000
1317.000000
1353.000000
1383.000000
1421.000000
1494.000000
1526.000000
1550.000000
1571.000000
1672.000000
1693.000000
1741.000000
1764.000000
1822.000000
1834.000000
1856.000000
1879.000000
1899.000000
1927.000000
1963.000000
