0.000000
0.000000
0.000000
0.000000
0.000000
1.000000
1.000000
1.000000
1.000000
1.000000
1.000000
1.000000
1.000000
2.000000
2.000000
2.000000
2.000000
2.000000
2.000000
3.000000
3.000000
3.000000
3.000000
3.000000
3.000000
3.000000
4.000000
4.000000
4.000000
4.000000
4.000000
4.000000
4.000000
4.000000
4.000000
4.000000
4.000000
4.000000
4.000000
4.000000
5.000000
5.000000
5.000000
5.000000
5.000000
5.000000
5.000000
5.000000
5.000000
5.000000
6.000000
6.000000
6.000000
6.000000
6.000000
6.000000
6.000000
6.000000
6.000000
6.000000
6.000000
6.000000
7.000000
7.000000
7.000000
7.000000
8.000000
8.000000
8.000000
8.000000
8.000000
8.000000
8.000000
8.000000
9.000000
9.000000
9.000000
9.000000
9.000000
9.000000
9.000000
10.000000
10.000000
10.000000
10.000000
10.000000
10.000000
11.000000
11.000000
11.000000
11.000000
11.000000
12.000000
12.000000
12.000000
12.000000
13.000000
13.000000
13.000000
13.000000
13.000000
13.000000
13.000000
13.000000
14.000000
14.000000
14.000000
15.000000
15.000000
16.000000
16.000000
16.000000
17.000000
17.000000
18.000000
18.000000
19.000000
19.000000
20.000000
20.000000
20.000000
20.000000
21.000000
21.000000
22.000000
22.000000
23.000000
25.000000
25.000000
26.000000
26.000000
26.000000
27.000000
27.000000
27.000000
28.000000
28.000000
29.000000
29.000000
29.000000
31.000000
31.000000
32.000000
32.000000
32.000000
32.000000
33.000000
34.000000
35.000000
39.000000
41.000000
42.000000
43.000000
44.000000
51.000000
53.000000
59.000000
62.000000
64.000000
65.000000
66.000000
74.000000
79.000000
79.000000
84.000000
98.000000
99.000000
113.000000
123.000000
130.000000
195.000000
230.000000
259.000000
295.000000
342.000000
360.000000
375.000000
413.000000
457.000000
488.000000
534.000000
556.000000
574.000000
612.000000
654.000000
688.000000
702.000000
757.000000
771.000000
795.000000
825.000000
861.000000
891.000000
929.000000
1002.000000
1034.000000
1058.000000
1079.000000
1180.000000
1201.000000
1249.000000
1272.000000
1330.000000
1342.000000
1364.000000
1387.000000
1407.000000
1435.000000
1471.000000
1509.000000
1549.000000
1568.000000
1594.000000
1616.000000
1642.000000
1666.000000
1712.000000
1973.000000
1987.000000
