0.000000
0.000000
0.000000
0.000000
0.000000
1.000000
1.000000
1.000000
1.000000
1.000000
1.000000
1.000000
1.000000
1.000000
2.000000
2.000000
2.000000
2.000000
2.000000
2.000000
2.000000
2.000000
3.000000
3.000000
3.000000
3.000000
3.000000
4.000000
4.000000
5.000000
5.000000
5.000000
5.000000
5.000000
5.000000
5.000000
5.000000
5.000000
5.000000
5.000000
6.000000
6.000000
6.000000
6.000000
6.000000
6.000000
6.000000
6.000000
6.000000
6.000000
6.000000
7.000000
7.000000
7.000000
7.000000
7.000000
8.000000
8.000000
8.000000
8.000000
8.000000
8.000000
8.000000
8.000000
9.000000
9.000000
9.000000
10.000000
10.000000
10.000000
10.000000
10.000000
10.000000
10.000000
10.000000
10.000000
11.000000
11.000000
11.000000
11.000000
12.000000
12.000000
12.000000
12.000000
12.000000
13.000000
13.000000
13.000000
13.000000
13.000000
14.000000
14.000000
14.000000
14.000000
14.000000
15.000000
15.000000
15.000000
15.000000
15.000000
15.000000
15.000000
15.000000
16.000000
16.000000
16.000000
16.000000
17.000000
17.000000
17.000000
17.000000
17.000000
18.000000
18.000000
19.000000
19.000000
19.000000
20.000000
20.000000
20.000000
21.000000
22.000000
23.000000
23.000000
24.000000
24.000000
24.000000
24.000000
26.000000
26.000000
28.000000
28.000000
30.000000
32.000000
32.000000
32.000000
33.000000
33.000000
33.000000
35.000000
36.000000
37.000000
38.000000
39.000000
40.000000
41.000000
41.000000
44.000000
45.000000
50.000000
51.000000
51.000000
52.000000
53.000000
57.000000
60.000000
67.000000
73.000000
77.000000
77.000000
82.000000
86.000000
89.000000
109.000000
113.000000
114.000000
116.000000
131.000000
227.000000
241.000000
276.000000
297.000000
333.000000
391.000000
404.000000
427.000000
459.000000
477.000000
495.000000
533.000000
578.000000
607.000000
637.000000
662.000000
937.000000
954.000000
975.000000
992.000000
1016.000000
1052.000000
1066.000000
1117.000000
1144.000000
1182.000000
1203.000000
1222.000000
1239.000000
1267.000000
1313.000000
1354.000000
1372.000000
1405.000000
1438.000000
1464.000000
1490.000000
1502.000000
1517.000000
1555.000000
1581.000000
1635.000000
1650.000000
1670.000000
1784.000000
1837.000000
1851.000000
1927.000000
1940.000000
1978.000000
1996.000000
