0.000000
0.000000
1.000000
1.000000
2.000000
2.000000
2.000000
2.000000
2.000000
2.000000
2.000000
2.000000
2.000000
2.000000
2.000000
2.000000
2.000000
2.000000
2.000000
2.000000
3.000000
3.000000
3.000000
3.000000
3.000000
3.000000
3.000000
3.000000
3.000000
3.000000
3.000000
3.000000
3.000000
3.000000
3.000000
3.000000
4.000000
4.000000
4.000000
4.000000
4.000000
4.000000
4.000000
4.000000
4.000000
5.000000
5.000000
5.000000
5.000000
5.000000
6.000000
6.000000
6.000000
6.000000
6.000000
6.000000
6.000000
6.000000
6.000000
6.000000
6.000000
6.000000
6.000000
7.000000
7.000000
7.000000
7.000000
7.000000
7.000000
7.000000
7.000000
8.000000
8.000000
8.000000
8.000000
8.000000
8.000000
8.000000
9.000000
9.000000
9.000000
9.000000
9.000000
9.000000
9.000000
9.000000
9.000000
9.000000
9.000000
9.000000
10.000000
10.000000
10.000000
10.000000
10.000000
10.000000
10.000000
10.000000
10.000000
11.000000
11.000000
11.000000
11.000000
11.000000
11.000000
12.000000
12.000000
12.000000
12.000000
12.000000
12.000000
13.000000
13.000000
13.000000
13.000000
14.000000
14.000000
14.000000
14.000000
14.000000
14.000000
15.000000
15.000000
15.000000
15.000000
15.000000
15.000000
15.000000
15.000000
16.000000
16.000000
16.000000
16.000000
16.000000
16.000000
17.000000
17.000000
17.000000
17.000000
17.000000
17.000000
18.000000
18.000000
18.000000
18.000000
18.000000
19.000000
19.000000
19.000000
20.000000
21.000000
22.000000
22.000000
23.000000
23.000000
23.000000
23.000000
24.000000
24.000000
25.000000
25.000000
25.000000
26.000000
26.000000
26.000000
26.000000
27.000000
28.000000
28.000000
29.000000
29.000000
29.000000
30.000000
30.000000
30.000000
31.000000
31.000000
32.000000
35.000000
38.000000
39.000000
40.000000
40.000000
42.000000
53.000000
56.000000
57.000000
66.000000
83.000000
93.000000
94.000000
95.000000
110.000000
118.000000
119.000000
125.000000
1262.000000
1281.000000
1306.000000
1327.000000
1354.000000
1394.000000
1419.000000
1441.000000
1474.000000
1498.000000
1529.000000
1544.000000
1568.000000
1589.000000
1611.000000
1645.000000
1666.000000
1820.000000
1848.000000
1883.000000
1936.000000
1969.000000
1996.000000
