0.000000
0.000000
1.000000
1.000000
1.000000
1.000000
2.000000
2.000000
2.000000
2.000000
2.000000
2.000000
2.000000
2.000000
2.000000
3.000000
3.000000
3.000000
3.000000
3.000000
4.000000
4.000000
4.000000
4.000000
4.000000
4.000000
4.000000
5.000000
5.000000
5.000000
5.000000
6.000000
6.000000
6.000000
6.000000
6.000000
6.000000
6.000000
6.000000
6.000000
6.000000
6.000000
6.000000
7.000000
7.000000
7.000000
7.000000
7.000000
7.000000
7.000000
7.000000
8.000000
8.000000
8.000000
8.000000
8.000000
8.000000
8.000000
9.000000
9.000000
9.000000
9.000000
9.000000
9.000000
10.000000
10.000000
10.000000
10.000000
11.000000
11.000000
11.000000
11.000000
11.000000
11.000000
11.000000
11.000000
12.000000
12.000000
12.000000
12.000000
12.000000
12.000000
12.000000
13.000000
13.000000
13.000000
13.000000
14.000000
14.000000
14.000000
14.000000
14.000000
14.000000
15.000000
15.000000
15.000000
15.000000
15.000000
15.000000
15.000000
16.000000
17.000000
17.000000
18.000000
18.000000
18.000000
18.000000
19.000000
19.000000
20.000000
20.000000
20.000000
20.000000
20.000000
20.000000
21.000000
21.000000
21.000000
22.000000
22.000000
22.000000
22.000000
22.000000
24.000000
24.000000
24.000000
25.000000
25.000000
25.000000
25.000000
25.000000
26.000000
26.000000
27.000000
28.000000
29.000000
30.000000
31.000000
31.000000
32.000000
32.000000
33.000000
36.000000
36.000000
37.000000
43.000000
44.000000
44.000000
46.000000
46.000000
47.000000
52.000000
52.000000
62.000000
63.000000
65.000000
69.000000
72.000000
76.000000
77.000000
81.000000
101.000000
108.000000
109.000000
121.000000
134.000000
146.000000
176.000000
223.000000
260.000000
292.000000
310.000000
337.000000
353.000000
375.000000
438.000000
615.000000
662.000000
702.000000
725.000000
740.000000
771.000000
843.000000
867.000000
886.000000
920.000000
949.000000
998.000000
1021.000000
1098.000000
1125.000000
1156.000000
1218.000000
1235.000000
1266.000000
1294.000000
1307.000000
1331.000000
1370.000000
1411.000000
1438.000000
1462.000000
1483.000000
1518.000000
1532.000000
1592.000000
1608.000000
1641.000000
1663.000000
1690.000000
1735.000000
1764.000000
1787.000000
1834.000000
1857.000000
1896.000000
1920.000000
1946.000000
1978.000000
