0.000000
0.000000
1.000000
1.000000
1.000000
1.000000
1.000000
1.000000
1.000000
1.000000
2.000000
2.000000
2.000000
2.000000
3.000000
3.000000
3.000000
3.000000
3.000000
3.000000
3.000000
4.000000
4.000000
4.000000
4.000000
4.000000
4.000000
4.000000
4.000000
4.000000
4.000000
4.000000
5.000000
5.000000
5.000000
5.000000
5.000000
5.000000
5.000000
5.000000
5.000000
5.000000
5.000000
5.000000
6.000000
6.000000
6.000000
6.000000
6.000000
6.000000
7.000000
7.000000
7.000000
7.000000
7.000000
7.000000
7.000000
7.000000
7.000000
8.000000
8.000000
8.000000
8.000000
8.000000
8.000000
8.000000
9.000000
9.000000
9.000000
9.000000
9.000000
9.000000
9.000000
9.000000
9.000000
9.000000
9.000000
9.000000
10.000000
10.000000
10.000000
10.000000
10.000000
10.000000
11.000000
11.000000
11.000000
11.000000
11.000000
11.000000
12.000000
12.000000
12.000000
12.000000
13.000000
13.000000
13.000000
13.000000
13.000000
13.000000
14.000000
14.000000
14.000000
14.000000
14.000000
14.000000
14.000000
14.000000
14.000000
15.000000
15.000000
15.000000
15.000000
16.000000
16.000000
16.000000
17.000000
17.000000
17.000000
18.000000
19.000000
19.000000
20.000000
21.000000
21.000000
21.000000
22.000000
22.000000
23.000000
24.000000
24.000000
24.000000
25.000000
25.000000
25.000000
25.000000
27.000000
28.000000
29.000000
30.000000
30.000000
30.000000
30.000000
30.000000
33.000000
33.000000
33.000000
35.000000
38.000000
42.000000
43.000000
45.000000
49.000000
49.000000
55.000000
57.000000
60.000000
60.000000
63.000000
65.000000
76.000000
77.000000
78.000000
79.000000
84.000000
88.000000
102.000000
104.000000
106.000000
125.000000
135.000000
168.000000
194.000000
220.000000
232.000000
247.000000
285.000000
311.000000
365.000000
380.000000
400.000000
514.000000
567.000000
581.000000
657.000000
670.000000
708.000000
726.000000
767.000000
791.000000
820.000000
834.000000
906.000000
963.000000
982.000000
1022.000000
1038.000000
1086.000000
1126.000000
1163.000000
1185.000000
1214.000000
1243.000000
1260.000000
1298.000000
1347.000000
1378.000000
1390.000000
1420.000000
1483.000000
1520.000000
1567.000000
1622.000000
1686.000000
1842.000000
1873.000000
1887.000000
1945.000000
1970.000000
