0.000000
0.000000
0.000000
0.000000
1.000000
1.000000
1.000000
1.000000
1.000000
1.000000
1.000000
1.000000
1.000000
1.000000
1.000000
2.000000
2.000000
2.000000
2.000000
3.000000
3.000000
3.000000
3.000000
3.000000
3.000000
3.000000
4.000000
4.000000
4.000000
4.000000
4.000000
4.000000
4.000000
4.000000
4.000000
4.000000
4.000000
4.000000
5.000000
5.000000
5.000000
5.000000
5.000000
5.000000
5.000000
5.000000
6.000000
6.000000
6.000000
6.000000
6.000000
7.000000
7.000000
7.000000
7.000000
7.000000
7.000000
7.000000
8.000000
8.000000
8.000000
8.000000
8.000000
8.000000
8.000000
8.000000
8.000000
8.000000
8.000000
8.000000
9.000000
9.000000
9.000000
9.000000
9.000000
10.000000
10.000000
10.000000
10.000000
10.000000
10.000000
10.000000
11.000000
11.000000
11.000000
11.000000
11.000000
12.000000
12.000000
12.000000
13.000000
13.000000
13.000000
13.000000
13.000000
13.000000
13.000000
14.000000
14.000000
14.000000
14.000000
14.000000
14.000000
14.000000
15.000000
15.000000
15.000000
16.000000
17.000000
17.000000
17.000000
17.000000
17.000000
17.000000
18.000000
19.000000
20.000000
21.000000
21.000000
21.000000
22.000000
22.000000
23.000000
23.000000
24.000000
24.000000
24.000000
25.000000
26.000000
26.000000
28.000000
30.000000
32.000000
32.000000
32.000000
32.000000
33.000000
34.000000
35.000000
35.000000
36.000000
36.000000
37.000000
38.000000
39.000000
41.000000
43.000000
45.000000
52.000000
53.000000
55.000000
59.000000
61.000000
62.000000
62.000000
63.000000
74.000000
76.000000
90.000000
106.000000
109.000000
132.000000
175.000000
192.000000
213.000000
230.000000
254.000000
290.000000
304.000000
355.000000
382.000000
420.000000
441.000000
460.000000
477.000000
505.000000
551.000000
592.000000
610.000000
643.000000
676.000000
702.000000
728.000000
740.000000
755.000000
793.000000
819.000000
873.000000
888.000000
908.000000
1022.000000
1075.000000
1089.000000
1165.000000
1178.000000
1216.000000
1234.000000
1275.000000
1299.000000
1328.000000
1342.000000
1414.000000
1471.000000
1490.000000
1530.000000
1546.000000
1594.000000
1634.000000
1671.000000
1693.000000
1722.000000
1751.000000
1768.000000
1806.000000
1855.000000
1886.000000
1898.000000
1928.000000
1991.000000
