0.000000
0.000000
0.000000
1.000000
1.000000
1.000000
1.000000
1.000000
2.000000
2.000000
2.000000
2.000000
3.000000
3.000000
3.000000
3.000000
3.000000
3.000000
4.000000
4.000000
4.000000
4.000000
4.000000
4.000000
4.000000
4.000000
4.000000
4.000000
4.000000
5.000000
5.000000
5.000000
5.000000
5.000000
5.000000
5.000000
5.000000
5.000000
5.000000
5.000000
6.000000
6.000000
6.000000
6.000000
6.000000
6.000000
6.000000
7.000000
7.000000
7.000000
7.000000
7.000000
7.000000
7.000000
7.000000
7.000000
7.000000
7.000000
8.000000
8.000000
8.000000
8.000000
8.000000
8.000000
8.000000
8.000000
8.000000
8.000000
8.000000
8.000000
9.000000
9.000000
9.000000
9.000000
9.000000
9.000000
9.000000
9.000000
10.000000
10.000000
10.000000
10.000000
10.000000
11.000000
11.000000
11.000000
11.000000
11.000000
11.000000
12.000000
12.000000
12.000000
12.000000
13.000000
13.000000
13.000000
13.000000
15.000000
15.000000
15.000000
15.000000
15.000000
16.000000
17.000000
17.000000
18.000000
18.000000
18.000000
18.000000
19.000000
19.000000
19.000000
19.000000
19.000000
20.000000
20.000000
20.000000
20.000000
21.000000
21.000000
21.000000
21.000000
21.000000
22.000000
22.000000
23.000000
23.000000
23.000000
23.000000
23.000000
23.000000
23.000000
24.000000
24.000000
24.000000
25.000000
25.000000
26.000000
27.000000
28.000000
28.000000
28.000000
29.000000
31.000000
33.000000
35.000000
37.000000
38.000000
39.000000
40.000000
43.000000
45.000000
47.000000
47.000000
52.000000
58.000000
59.000000
60.000000
68.000000
70.000000
75.000000
76.000000
80.000000
89.000000
100.000000
100.000000
103.000000
108.000000
114.000000
116.000000
122.000000
126.000000
156.000000
181.000000
203.000000
236.000000
260.000000
291.000000
306.000000
330.000000
351.000000
373.000000
407.000000
428.000000
582.000000
610.000000
645.000000
698.000000
731.000000
758.000000
910.000000
928.000000
1007.000000
1031.000000
1068.000000
1088.000000
1125.000000
1150.000000
1162.000000
1192.000000
1239.000000
1276.000000
1308.000000
1326.000000
1353.000000
1369.000000
1391.000000
1454.000000
1631.000000
1678.000000
1718.000000
1741.000000
1756.000000
1787.000000
1859.000000
1883.000000
1902.000000
1936.000000
1965.000000
