0.000000
0.000000
0.000000
0.000000
0.000000
0.000000
0.000000
1.000000
1.000000
1.000000
1.000000
1.000000
1.000000
1.000000
1.000000
1.000000
1.000000
1.000000
2.000000
2.000000
2.000000
2.000000
2.000000
2.000000
2.000000
2.000000
2.000000
2.000000
3.000000
3.000000
3.000000
3.000000
3.000000
3.000000
3.000000
3.000000
4.000000
4.000000
4.000000
5.000000
5.000000
5.000000
5.000000
5.000000
5.000000
5.000000
5.000000
6.000000
6.000000
6.000000
6.000000
6.000000
6.000000
6.000000
6.000000
7.000000
7.000000
7.000000
7.000000
7.000000
7.000000
7.000000
7.000000
8.000000
8.000000
8.000000
8.000000
8.000000
8.000000
8.000000
9.000000
9.000000
9.000000
9.000000
9.000000
9.000000
9.000000
9.000000
9.000000
10.000000
10.000000
10.000000
10.000000
10.000000
10.000000
11.000000
11.000000
11.000000
11.000000
12.000000
12.000000
12.000000
12.000000
12.000000
12.000000
12.000000
12.000000
13.000000
13.000000
13.000000
13.000000
14.000000
14.000000
14.000000
14.000000
14.000000
14.000000
14.000000
15.000000
15.000000
16.000000
16.000000
17.000000
17.000000
17.000000
17.000000
17.000000
17.000000
18.000000
19.000000
19.000000
19.000000
20.000000
20.000000
21.000000
21.000000
21.000000
22.000000
22.000000
22.000000
23.000000
23.000000
23.000000
24.000000
25.000000
26.000000
27.000000
27.000000
29.000000
29.000000
30.000000
31.000000
33.000000
33.000000
35.000000
35.000000
36.000000
39.000000
41.000000
41.000000
43.000000
44.000000
44.000000
46.000000
47.000000
57.000000
58.000000
59.000000
62.000000
65.000000
72.000000
74.000000
81.000000
88.000000
93.000000
95.000000
100.000000
109.000000
118.000000
122.000000
151.000000
184.000000
210.000000
236.000000
248.000000
263.000000
301.000000
327.000000
381.000000
396.000000
416.000000
530.000000
583.000000
597.000000
673.000000
686.000000
724.000000
742.000000
783.000000
807.000000
836.000000
850.000000
922.000000
979.000000
998.000000
1038.000000
1054.000000
1102.000000
1142.000000
1179.000000
1201.000000
1230.000000
1259.000000
1276.000000
1314.000000
1363.000000
1394.000000
1406.000000
1436.000000
1499.000000
1536.000000
1583.000000
1638.000000
1702.000000
1858.000000
1889.000000
1903.000000
1961.000000
1986.000000
