0.000000
0.000000
0.000000
0.000000
0.000000
1.000000
1.000000
1.000000
1.000000
1.000000
1.000000
1.000000
2.000000
2.000000
2.000000
2.000000
2.000000
2.000000
2.000000
2.000000
3.000000
3.000000
3.000000
3.000000
3.000000
3.000000
3.000000
4.000000
4.000000
4.000000
4.000000
4.000000
4.000000
4.000000
4.000000
4.000000
4.000000
4.000000
4.000000
4.000000
4.000000
4.000000
4.000000
4.000000
5.000000
5.000000
5.000000
6.000000
6.000000
6.000000
6.000000
7.000000
7.000000
7.000000
7.000000
7.000000
7.000000
8.000000
8.000000
8.000000
8.000000
8.000000
8.000000
8.000000
8.000000
8.000000
9.000000
9.000000
9.000000
9.000000
9.000000
10.000000
10.000000
10.000000
10.000000
10.000000
10.000000
10.000000
10.000000
11.000000
11.000000
11.000000
11.000000
11.000000
11.000000
11.000000
11.000000
12.000000
12.000000
12.000000
12.000000
12.000000
12.000000
13.000000
13.000000
14.000000
14.000000
14.000000
14.000000
15.000000
15.000000
15.000000
15.000000
15.000000
15.000000
16.000000
16.000000
16.000000
16.000000
17.000000
17.000000
17.000000
17.000000
18.000000
18.000000
18.000000
19.000000
19.000000
19.000000
19.000000
19.000000
19.000000
20.000000
20.000000
21.000000
23.000000
23.000000
23.000000
23.000000
24.000000
24.000000
25.000000
26.000000
26.000000
28.000000
29.000000
31.000000
31.000000
32.000000
32.000000
32.000000
36.000000
37.000000
38.000000
42.000000
43.000000
46.000000
46.000000
52.000000
54.000000
62.000000
64.000000
68.000000
69.000000
69.000000
69.000000
72.000000
76.000000
76.000000
79.000000
79.000000
82.000000
98.000000
99.000000
102.000000
108.000000
120.000000
120.000000
127.000000
129.000000
162.000000
196.000000
210.000000
265.000000
279.000000
303.000000
333.000000
369.000000
399.000000
437.000000
510.000000
542.000000
566.000000
587.000000
688.000000
709.000000
757.000000
780.000000
838.000000
850.000000
872.000000
895.000000
915.000000
943.000000
979.000000
1017.000000
1057.000000
1076.000000
1102.000000
1124.000000
1150.000000
1174.000000
1220.000000
1481.000000
1495.000000
1530.000000
1551.000000
1587.000000
1645.000000
1658.000000
1681.000000
1713.000000
1731.000000
1749.000000
1787.000000
1832.000000
1861.000000
1891.000000
1916.000000
