0
0
0
0
0
0
0
0
0
0
0
0
0
0
0
0
0
0
0
0
0
0
0
0
0
0
0
0
0
0
0
0
0
0
0
0
0
0
0
0
0
0
0
0
0
0
0
0
0
0
0
0
0
0
0
0
0
0
0
0
0
0
0
0
0
0
0
0
0
0
0
0
0
0
0
0
0
0
0
0
0
0
0
0
0
0
0
0
0
0
0
0
0
0
0
0
0
0
0
0
0
0
0
0
0
0
0
0
0
0
0
0
0
0
0
0
0
0
0
0
0
0
0
0
0
0
0
0
0
0
0
0
0
0
0
0
0
0
0
0
0
0
0
0
0
0
0
0
0
0
0
0
0
0
0
0
0
0
0
0
0
0
0
0
0
0
0
0
0
0
0
0
0
0
0
0
0
0
0
0
0
0
0
0
0
0
0
0
0
0
0
0
0
0
0
0
0
0
0
0
0
0
0
0
0
0
0
0
0
0
0
0
0
0
0
0
0
0
0
0
0
0
0
0
0
0
0
0
0
0
0
0
0
0
0
0
0
0
0
0
0
0
0
0
0
0
0
0
0
0
0
0
0
0
0
0
0
0
0
0
0
0
0
0
0
0
0
0
0
0
0
0
0
0
0
0
0
0
0
0
0
0
0
0
0
0
0
0
0
0
0
0
0
0
0
0
0
0
0
0
0
0
0
0
0
0
0
0
0
0
0
0
0
0
0
0
0
0
0
0
0
0
0
0
0
0
0
0
0
0
0
0
0
0
0
0
0
0
0
0
0
0
0
0
0
0
0
0
0
0
0
0
0
0
0
0
0
0
0
0
0
0
0
0
0
0
0
0
0
0
0
0
0
0
0
0
0
0
0
0
0
0
0
0
0
0
0
0
0
0
0
0
0
0
0
0
0
0
0
0
0
0
0
0
0
0
0
0
0
0
0
0
0
0
0
0
0
0
0
0
0
0
0
0
0
0
0
0
0
0
0
0
0
0
0
0
0
0
0
0
0
0
0
0
0
0
0
0
0
0
0
0
0
0
0
0
0
0
0
0
0
0
0
0
0
0
0
0
0
0
0
0
0
0
0
0
0
0
0
0
0
0
0
0
0
0
0
0
0
0
0
0
0
0
0
0
0
0
0
0
0
0
0
0
0
0
0
0
0
0
0
0
0
0
0
0
0
0
0
0
0
0
0
0
0
0
0
0
0
0
0
0
0
0
0
0
0
0
0
0
0
0
0
0
0
0
0
0
0
0
0
0
0
0
0
0
0
0
0
0
0
0
0
0
0
0
0
0
0
0
0
0
0
0
0
0
0
0
0
0
0
0
0
0
0
0
0
0
0
0
0
0
0
0
0
0
0
0
0
0
0
0
0
0
0
0
0
0
0
0
0
0
0
0
0
0
0
0
0
0
0
0
0
0
0
0
0
0
0
0
0
0
0
0
0
0
0
0
0
0
0
0
0
0
0
0
0
0
0
0
0
0
0
0
0
0
0
0
0
0
0
0
0
0
0
0
0
0
0
0
0
0
0
0
0
0
0
0
0
0
0
0
0
0
0
0
0
0
0
0
0
0
0
0
0
0
0
0
0
0
0
0
0
0
0
0
0
0
0
0
0
0
0
0
0
0
0
0
0
0
0
0
0
0
0
0
0
0
0
0
0
0
0
0
0
0
0
0
0
0
0
0
0
0
0
0
0
0
0
0
0
0
0
0
0
0
0
0
0
0
0
0
0
0
0
0
0
0
0
0
0
0
0
0
0
0
0
0
0
0
0
0
0
0
0
0
0
0
0
0
0
0
0
0
0
0
0
0
0
0
0
0
0
0
0
0
0
0
0
0
0
0
0
0
0
0
0
0
0
0
0
0
0
0
0
0
0
0
0
0
0
0
0
0
0
0
0
0
0
0
0
0
0
0
0
0
0
0
0
0
0
0
0
0
0
0
0
0
0
0
0
0
0
0
0
0
0
0
0
0
0
0
0
0
0
0
0
0
0
0
0
0
0
0
0
0
0
0
0
0
0
0
0
0
0
0
0
0
0
0
0
0
0
0
0
0
0
0
0
0
0
0
0
0
0
0
0
0
0
0
0
0
0
0
0
0
0
0
0
0
0
0
0
0
0
0
0
0
0
0
0
0
0
0
0
0
0
0
0
0
0
0
0
0
0
0
0
0
0
0
0
0
0
0
0
0
0
0
0
0
0
0
0
0
0
0
0
0
0
0
0
0
0.1375
0.804
0
0
0
0
0
0
0
0
0
0
0
0
0
0
0
0
0
0
0
0
0
0
0
0
0
0
0
0
0
0
0
0
0
0
0
0
0
0
0
0
0
0
0
0
0
0
0
0
0
0
0
0
0
0
0
0
0
0
0
0
0
0
0
0
0
0
0
0
0
0
0
0
0
0.0067
0
0
0
0
0
0
0
0
0
0
0
0
0
0
0
0
0
0
0
0
0
0
0
0
0
0
0
0
0
0
0
0
0
0
0
0
0
0
0
0
0
0.0252
0
0
0
0
0
0
0
0
0
0.1186
0
0
0.0183
0
0
0
0
0
0.0224
0
0
0
0
0
0
0
0
0
0
0
0
0
0
0
0
0
0
0
0
0
0
0
0
0
0
0
0
0
0
0
0
0
0
0
0
0
0
0
0
0
0
0
0
0
0
0
0
0
0
0
0
0
0
0
0
0
0
0
0
0
0
0
0
0
0
0
0
0
0
0
0
0
0
0
0
0
0
0
0
0
0
0
0
0
0
0
0
0
0
0
0
0
0
0
0
0
0
0
0
0
0
0
0
0
0
0
0
0
0
0
0
0
0
0
0
0
0
0
0
0
0
0
0
0
0
0
0
0
0
0
0
0
0
0
0
0
0
0
0
0
0
0
0
0
0
0
0
0
0
0
0
0
0
0
0
0
0
0
0
0
0
0
0
0
0
0
0
0
0
0
0
0
0
0
0
0
0
0
0
0
0
0
0
0
0
0
0
0
0
0
0
0
0
0
0
0
0
0
0
0
0
0
0
0
0
0
0
0
0
0
0
0
0
0
0
0
0
0
0
0
0
0
0
0
0
0
0
0
0
0
0
0
0
0
0
0
0
0
0
0
0
0
0
0
0
0
0
0
0
0
0
0
0
0
0
0
0
0
0
0
0
0
0
0
0
0
0
0
0
0
0
0
0
0
0
0
0
0
0
0
0
0
0
0
0
0
0
0
0
0
0
0
0
0
0
0
0
0
0
0
0
0
0
0
0
0
0
0
0
0
0
0
0
0
0
0
0.0396
0
0
0
0
0
0
0
0
0
0
0
0
0
0
0
0
0
0
0
0
0
0
0
0
0
0
0
0.0339
0
0
0
0
0
0
0
0
0
0
0
0
0
0
0
0.0124
0
0
0.022
0
0
0
0
0
0
0
0
0
0
0
0
0
0
0
0
0
0
0
0
0
0
0
0
0
0
0
0
0
0
0
0
0
0.0395
0
0
0
0
0
0
0
0
0.0412
0
0
0
0
0
0
0
0
0
0
0
0.0036
0.0198
0
0.0204
0
0
0
0
0
0
0
0
0
0
0
0
0
0
0
0
0.045
0
0
0
0
0
0
0
0
0
0
0
0
0.0209
0.0381
0
0
0.0248
0
0
0
0.0205
0
0.0203
0
0
0
0
0.0144
0
0.0208
0.0661
0
0.0208
0
0
0
0.0038
0
0.0494
0
0
0
0
0
0.0217
0.0124
0.0397
0
0
0
0
0
0
0.0271
0.0081
0
0
0
0
0
0
0.0266
0
0
0
0
0
0
0
0
0
0
0
0
0.0222
0.0401
0
0
0.0169
0
0
0
0
0
0.0697
0
0
0
0
0
0.0171
0
0
0
0
0
0
0
0
0
0
0
0
0
0
0.0258
0.018
0
0
0.0065
0
0
0
0
0
0.0241
0
0
0
0
0
0
0
0
0
0
0
0
0
0
0
0
0
0
0
0
0.0169
0
0
0
0
0
0
0
0
0
0
0
0.0378
0
0
0.0851
0
0
0
0.0263
0.016
0.0068
0.0105
0
0
0
0
0
0
0
0
0
0
0
0
0
0
0
0
0
0
0
0.0231
0
0
0
0
0
0
0
0
0
0
0
0
0
0
0
0
0
0.0204
0
0
0
0
0
0
0
0.048
0
0
0
0
0
0
0
0
0.0172
0
0
0
0
0
0
0
0
0
0
0
0
0
0
0
0.0062
0.0398
0
0
0
0
0
0
0
0
0
0
0
0
0
0
0
0
0
0
0
0
0
0
0
0
0
0
0
0
0
0
0
0
0
0
0
0
0
0
0
0
0
0
0
0.0209
0
0
0
0
0
0
0
0
0
0
0
0
0
0
0
0.0255
0
0
0
0
0
0.0067
0
0
0
0
0
0.024
0.0037
0
0
0
0
0
0
0
0
0
0
0
0.0206
0
0
0
0
0
0
0
0.0065
0.0147
0.0171
0
0
0
0
0
0
0
0
0
0
0
0
0
0.0162
0
0
0
0.0199
0
0.0444
0
0.0169
0
0
0
0
0
0
0
0
0
0
0
0.0173
0.0202
0
0
0
0
0
0
0
0
0
0
0
0
0
0
0
0.0106
0
0
0
0
0
0
0
0
0
0.0215
0
0
0
0
0
0
0.0062
0
0
0
0
0
0
0
0
0
0
0
0
0
0
0
0
0
0
0
0.0319
0.0209
0
0
0
0
0
0
0
0
0
0.0232
0
0.016
0.0244
0
0
0.0161
0
0
0
0
0
0
0
0
0
0
0
0
0
0
0
0
0
0
0
0
0
0
0
0
0
0
0
0
0
0
0
0
0
0
0
0
0
0
0
0
0.0213
0
0
0
0
0
0
0
0
0
0
0
0
0
0
0
0
0
0
0
0
0
0
0
0
0
0
0
0
0
0
0
0
0
0
0
0
0
0
0
0
0
0
0
0
0
0
0
0
0
0.0231
0
0
0
0
0
0.0058
0
0
0
0
0
0
0
0
0.0062
0
0
0
0
0
0
0.0249
0
0
0
0
0
0
0.0195
0
0
0
0
0
0.0425
0
0
0
0
0
0
0
0
0
0
0
0
0
0
0
0.0159
0
0
0.0032
0
0
0.0284
0
0
0.0411
0.0231
0
0.0167
0
0.0089
0.0202
0
0
0
0
0
0
0
0
0
0
0
0
0.0055
0
0
0
0
0
0
0
0
0
0.0202
0
0
0
0
0
0
0
0
0
0
0.0065
0
0
0
0
0
0
0
0
0
0
0
0
0
0
0
0
0
0.0215
0
0
0
0
0
0
0
0
0
0
0
0
0
0
0
0
0
0
0
0
0
0
0
0
0
0
0
0
0.0074
0
0
0
0
0
0
0
0
0
0
0
0.0435
0
0
0
0
0
0
0
0.0054
0.016
0
0.0335
0.0032
0.0537
0.0471
0
0.0334
0
0.0204
0.0299
0
0
0
0
0
0
0
0
0.0215
0
0
0.0073
0.0355
0
0
0
0.0231
0
0
0.0207
0
0
0
0
0
0
0
0
0
0
0
0
0
0
0
0.0036
0.0039
0
0
0
0
0
0
0
0
0
0
0
0
0
0
0
0.0052
0
0
0
0.0336
0
0.0131
0
0
0.0195
0
0
0
0
0
0
0
0
0
0
0
0
0
0
0
0
0
0
0
0.0162
0
0
0
0
0
0
0
0
0
0.0187
0
0
0
0
0
0
0
0
0
0
0
0
0
0
0
0
0
0
0
0
0
0
0
0
0
0
0
0
0
0
0
0
0
0.0034
0
0
0
0
0
0
0
0
0
0
0
0
0
0
0
0
0
0
0
0
0
0
0
0
0
0
0
0
0
0
0
0
0
0
0
0
0
0.0224
0
0
0
0
0
0
0
0
0
0
0
0
0
0
0
0
0
0
0
0
0
0
0
0
0
0
0
0
0
0
0
0
0
0
0
0
0
0
0
0
0
0
0
0
0
0
0
0
0
0
0
0
0
0
0
0
0
0
0
0
0
0
0
0
0
0
0
0
0
0
0
0
0
0
0
0
0
0
0
0
0
0
0
0
0
0
0.0179
0
0
0
0
0
0
0
0
0
0
0
0
0
0
0
0
0
0
0
0
0
0
0
0
0
0.0336
0
0
0
0
0
0
0
0
0
0
0
0
0
0
0
0
0
0
0
0
0
0
0
0
0
0
0
0
0
0
0
0
0
0
0
0
0
0
0
0
0
0
0
0
0
0
0
0
0
0
0
0
0
0
0
0
0
0
0
0
0
0
0
0
0
0
0
0
0
0.0185
0
0
0
0
0
0
0
0
0
0
0
0
0
0
0
0
0
0
0
0
0
0
0
0
0
0
0
0
0
0
0.0036
0
0
0
0
0
0
0
0
0
0
0
0
0
0
0
0
0
0
0
0
0
0
0
0
0
0
0
0
0
0
0
0
0
0
0
0.0159
0
0
0
0
0
0
0
0
0
0
0
0
0
0
0.0067
0
0
0
0
0
0
0
0.0208
0
0.0302
0
0
0
0.0047
0
0
0
0.0161
0
0
0.0221
0
0.2017
0
0
0
0
0
0
0
0
0
0
0
0
0
0
0
0
0
0
0
0
0.054
0
0.0381
0
0
0
0
0
0
0
0
0
0
0
0
0.0096
0
0
0
0
0
0.0151
0
0
0
0
0
0
0
0
0
0.0061
0
0
0
0
0
0
0
0
0
0
0
0
0
0
0
0
0
0
0
0
0
0
0
0
0
0
0
0
0
0
0
0
0
0
0
0
0.0644
0
0
0
0
0
0
0
0
0
0
0
0
0.0175
0
0.0236
0
0
0
0
0
0
0
0.0076
0
0
0
0
0
0
0
0
0
0
0
0
0
0
0
0
0
0
0
0
0
0
0
0
0
0
0
0
0
0.0418
0
0
0
0
0
0
0
0
0
0
0
0
0
0
0
0
0
0
0
0
0
0
0
0
0
0
0
0
0
0.0186
0
0
0
0
0
0
0
0.0315
0
0
0
0
0
0
0
0
0
0
0
0
0
0
0
0
0
0
0
0
0
0
0
0
0
0
0
0
0
0
0
0
0.0036
0
0
0
0
0
0
0
0
0
0
0
0
0
0
0
0.023
0
0
0
0
0
0
0
0
0
0
0
0
0
0
0
0
0
0
0
0
0
0
0
0
0
0
0
0
0
0
0
0
0
0
0
0
0
0
0
0
0
0
0
0
0
0
0
0
0
0
0
0
0
0.0208
0.0286
0
0
0
0
0
0
0
0
0
0
0
0
0
0
0
0
0.0299
0
0
0
0
0
0
0
0
0
0
0
0
0
0.0306
0
0
0
0
0
0
0
0
0
0
0.029
0.0475
0
0.025
0
0
0.024
0
0.0457
0
0
0
0
0
0.0208
0
0
0.0158
0
0
0.006
0
0.0622
0
0
0
0
0
0
0
0
0.0349
0.0384
0
0.0144
0
0.0354
0
0
0
0
0
0.0187
0
0
0
0
0
0
0
0
0
0
0
0
0
0
0
0
0
0
0.0164
0
0
0
0
0.0466
0
0
0
0.0055
0
0
0
0
0
0
0
0
0
0.0392
0
0
0
0
0
0
0
0
0
0
0
0
0
0
0.0237
0
0
0
0
0
0
0
0
0
0
0
0
0
0
0
0
0
0
0
0
0
0
0
0
0
0
0
0
0
0.0209
0
0
0
0
0
0
0
0
0
0
0
0
0
0
0
0
0.0174
0
0
0
0
0
0
0
0
0
0
0
0.0219
0
0
0
0
0
0
0
0
0
0
0
0
0
0
0
0
0
0
0
0
0
0
0
0
0
0
0
0
0
0
0
0
0
0
0
0
0
0
0
0
0
0
0
0
0
0
0
0
0
0
0
0
0
0
0
0
0
0
0
0
0
0
0
0
0
0
0
0
0
0
0
0
0
0
0
0
0
0
0
0
0
0
0
0
0
0
0
0
0.0206
0.0351
0
0.0222
0
0
0
0
0
0
0
0
0
0
0
0
0
0
0
0.0206
0.0206
0
0
0
0.0447
0.021
0
0
0
0.0327
0.0256
0.022
0.021
0
0
0
0.0372
0
0
0
0
0
0.0224
0
0.0298
0
0.0048
0.0064
0
0
0
0.0349
0
0
0
0
0
0
0
0
0
0
0
0
0
0.0068
0
0
0
0
0
0
0
0
0.0185
0
0
0
0
0
0
0
0
0
0
0
0
0
0
0
0
0
0
0
0
0
0
0.0266
0
0
0
0
0
0
0
0
0
0
0
0
0
0
0.0429
0
0.0069
0
0
0.0252
0
0.0941
0
0
0
0.0205
0.0051
0
0
0
0
0
0
0.0543
0
0
0
0.0103
0
0
0
0
0
0
0
0
0
0
0
0
0.023
0
0
0.019
0
0
0
0
0
0
0
0
0
0
0
0.0088
0
0.0211
0
0
0
0
0
0
0
0
0
0
0
0.0419
0
0.0063
0
0.0295
0
0.021
0.0405
0
0
0
0
0
0.0072
0.0197
0
0
0
0
0.0634
0
0.0114
0.0424
0
0
0
0
0
0
0.0311
0.0039
0
0
0
0
0.0625
0
0
0
0.0206
0.0418
0
0
0
0
0.1057
0.0221
0.0273
0
0
0
0
0
0
0.0076
0
0
0.0079
0
0
0
0
0.0413
0
0
0
0
0
0
0.0234
0
0.003
0
0
0
0.0103
0.0207
0
0
0
0
0
0
0
0
0
0
0
0.0417
0.0025
0
0
0
0
0
0
0
0
0
0.0445
0
0.0223
0
0
0
0
0
0
0
0
0.0193
0
0
0
0
0
0
0.0161
0
0
0
0
0
0
0
0
0
0
0
0
0
0
0
0
0
0
0
0
0
0
0
0
0.0722
0
0
0
0
0.0226
0
0
0
0.0128
0
0.0219
0
0
0
0
0
0
0.0187
0.0073
0
0
0
0
0
0
0
0.023
0
0
0.0133
0
0
0
0.0402
0
0
0
0
0
0
0.0829
0
0
0.0046
0
0
0
0
0.0246
0
0
0
0.0192
0
0
0
0
0
0
0
0.0237
0.022
0
0.0069
0
0
0
0
0
0.0295
0
0
0
0
0
0
0.0158
0.0329
0
0
0
0
0
0
0
0
0.0021
0
0
0
0
0
0.0056
0
0
0.0033
0.0164
0
0
0
0
0
0
0
0.0083
0
0
0
0
0
0
0
0
0
0
0
0
0
0
0
0
0
0
0
0
0
0
0
0
0.0204
0
0
0
0
0
0
0
0.033
0
0
0
0
0
0
0.0077
0.0028
0
0
0
0
0
0.0076
0
0.0336
0.0079
0
0
0
0
0.036
0
0
0
0
0
0
0
0
0
0
0
0.0277
0.0242
0
0
0.0206
0.01
0
0
0
0.0253
0.0607
0
0
0
0
0
0.0391
0
0
0
0
0
0
0
0
0
0
0
0
0
0
0
0
0
0
0
0
0
0.0324
0
0
0.0136
0
0
0
0
0
0
0
0
0
0
0.0059
0
0
0
0
0
0
0
0.0071
0
0
0.0263
0
0
0.0293
0
0.0214
0
0
0
0.0056
0
0.0216
0
0
0
0
0
0
0
0
0
0
0
0
0
0
0
0
0
0
0.0769
0.0226
0
0
0
0
0
0
0.0371
0
0.0116
0.0438
0.0678
0
0
0
0.0432
0
0
0.0284
0
0
0
0
0
0.0318
0
0.0396
0.0179
0.0191
0.0238
0.0093
0
0
0
0
0
0
0
0.035
0
0
0
0
0
0
0.038
0
0
0
0
0
0
0
0
0
0
0
0
0
0
0
0
0
0
0.0051
0
0
0
0
0
0
0
0
0
0
0
0
0
0
0.0492
0
0.0237
0.0249
0
0.0237
0.0171
0
0
0
0
0
0
0
0
0
0
0
0
0
0
0
0
0
0
0
0
0.0469
0.0139
0
0
0
0
0
0
0
0
0
0
0
0.0053
0
0
0
0
0
0
0
0
0
0
0
0
0
0
0.0046
0
0.0385
0
0
0
0.0203
0
0
0
0
0
0
0
0.0067
0
0
0
0.0488
0.0373
0
0.0219
0
0.0317
0.0026
0
0
0
0
0
0
0
0
0
0
0.0153
0
0.0083
0
0
0
0
0.0043
0
0
0
0
0.0358
0
0.0034
0.0462
0
0
0.0152
0
0
0.023
0.0149
0.0323
0
0.022
0
0
0
0
0
0
0
0
0.019
0.0399
0
0
0.0559
0.0694
0
0
0.0357
0.0271
0
0
0.0059
0.0347
0.0338
0
0
0
0
0
0
0
0
0
0
0.0116
0
0
0.0063
0
0
0
0
0.0166
0.0254
0
0
0
0
0
0
0.0206
0
0
0
0
0
0
0
0
0
0
0
0
0
0
0
0
0
0
0
0
0
0
0.0332
0
0
0
0
0
0
0
0
0
0
0.0202
0
0
0
0
0
0
0
0.0177
0
0
0
0
0
0
0
0
0
0
0
0
0
0
0
0
0
0
0
0
0
0
0
0
0
0
0
0
0
0
0
0
0
0
0
0
0
0
0
0
0
0
0.0031
0
0
0
0
0
0
0
0
0
0
0
0
0
0
0
0
0
0
0
0.0215
0
0
0
0
0
0
0
0
0
0
0
0
0
0
0
0
0
0
0
0
0
0
0
0
0
0
0
0
0
0
0
0
0
0
0
0
0
0
0
0
0
0
0
0
0
0
0
0
0
0
0
0
0
0
0
0
0
0.0166
0
0
0
0
0
0
0
0.0398
0.0176
0
0
0
0
0
0
0.0041
0
0
0
0
0
0
0
0
0
0
0
0
0
0
0
0.0043
0
0
0
0
0
0.0042
0
0
0
0
0
0
0
0
0
0
0.0173
0
0
0
0.0391
0
0
0.0373
0.0791
0
0
0
0
0
0
0
0
0.0219
0
0
0
0
0
0.1044
0
0
0
0.0175
0
0.0391
0
0
0
0
0
0
0
0
0
0
0
0
0
0.0182
0
0
0
0.018
0.0108
0
0
0
0
0
0.032
0
0
0
0
0.0064
0
0.0055
0.0231
0
0
0
0
0.0311
0.0319
0
0
0.0631
0
0.0062
0
0
0.073
0
0
0
0
0
0
0
0.0456
0
0.0085
0.0046
0
0
0
0.0148
0
0
0
0
0
0
0
0.0098
0
0
0
0
0
0
0.0183
0
0.0195
0
0
0.0137
0
0
0.0578
0
0
0.0319
0.0189
0.071
0
0
0
0
0
0
0
0
0
0
0
0
0
0
0
0
0
0
0
0
0
0
0
0
0
0
0
0
0
0.0226
0
0.0196
0
0
0
0
0
0
0.0469
0.037
0
0
0
0
0
0
0
0
0
0
0
0
0
0
0
0
0
0
0
0
0
0
0
0
0
0
0.0199
0.0475
0
0
0.0208
0.0154
0
0.0449
0.1255
0.0146
0.026
0
0
0.027
0
0
0.0357
0
0.0248
0
0
0.0229
0
0
0.0328
0
0
0.0335
0.0013
0.022
0
0.0286
0.0206
0.0506
0
0
0
0.0447
0
0
0
0
0
0
0
0
0.0053
0
0
0
0
0
0
0
0
0
0
0
0
0
0
0
0.0462
0
0
0.0331
0.0211
0.0211
0
0.0384
0
0
0
0
0
0
0
0.0195
0
0
0.0056
0
0
0
0.0265
0
0
0.0145
0
0
0
0
0
0
0
0.0136
0
0
0
0
0.0078
0.0211
0
0
0
0
0
0
0
0
0
0
0
0
0
0
0.0418
0
0
0
0.0387
0
0
0
0.021
0.016
0
0
0
0.004
0
0
0
0.0199
0
0
0.0323
0
0
0.0186
0
0
0
0
0
0
0
0
0
0
0.0049
0
0
0
0
0
0
0
0.0351
0
0
0
0
0
0
0.0087
0
0
0
0
0.0065
0
0.0268
0.0328
0
0
0
0.0709
0
0
0
0
0.0182
0.0166
0
0
0.0176
0
0
0
0
0.017
0
0.0553
0
0
0
0
0
0
0
0
0
0
0
0
0
0
0
0
0
0
0
0
0
0.0337
0
0
0
0
0
0
0
0
0.0037
0
0
0.0078
0
0
0
0
0
0.0247
0.0372
0
0
0
0
0
0
0
0.0349
0
0.0055
0
0.0043
0.0035
0
0
0.0273
0
0
0
0.0394
0
0
0
0.0039
0
0.0038
0.0485
0
0
0
0
0
0
0.0622
0
0.0209
0.0043
0
0
0
0
0
0
0
0
0
0.0076
0
0
0.0069
0
0
0.0119
0
0
0
0
0
0
0
0
0.0229
0
0.0047
0.0498
0
0
0
0
0
0
0
