0.000000
0.000000
0.000000
0.000000
0.000000
0.000000
0.018500
0.021500
0.000000
0.000000
0.000000
0.000000
0.000000
0.000000
0.006100
0.000000
0.000000
0.000000
0.000000
0.000000
0.000000
0.000000
0.000000
0.018500
0.018200
0.000000
0.000000
0.023800
0.000000
0.021300
0.000000
0.000000
0.022500
0.000000
0.000000
0.000000
0.000000
0.000000
0.000000
0.020200
0.000000
0.021500
0.057800
0.000000
0.000000
0.020100
0.020100
0.000000
0.000000
0.000000
0.000000
0.015900
0.037400
0.041700
0.000000
0.000000
0.000000
0.000000
0.000000
0.000000
0.096600
0.016800
0.000000
0.000000
0.018300
0.000000
0.021200
0.000000
0.000000
0.000000
0.000000
0.000000
0.000000
0.000000
0.017400
0.000000
0.000000
0.000000
0.000000
0.000000
0.000000
0.000000
0.000000
0.000000
0.018800
0.087400
0.038900
0.000000
0.000000
0.000000
0.000000
0.000000
0.000000
0.000000
0.006300
0.000000
0.000000
0.020100
0.000000
0.039100
0.019400
0.000000
0.000000
0.022600
0.045400
0.000000
0.000000
0.000000
0.037500
0.000000
0.000000
0.000000
0.000000
0.000000
0.000000
0.000000
0.032300
0.024400
0.000000
0.000000
0.017100
0.000000
0.000000
0.000000
0.020700
0.068300
0.000000
0.000000
0.000000
0.000000
0.000000
0.000000
0.000000
0.000000
0.000000
0.000000
0.000000
0.000000
0.000000
0.000000
0.000000
0.000000
0.000000
0.000000
0.038300
0.000000
0.020300
0.061700
0.000000
0.000000
0.000000
0.000000
0.000000
0.000000
0.000000
0.000000
0.000000
0.000000
0.000000
0.000000
0.000000
0.000000
0.000000
0.000000
0.000000
0.000000
0.058200
0.024800
0.000000
0.000000
0.000000
0.000000
0.000000
0.000000
0.040800
0.000000
0.000000
0.023600
0.044300
0.000000
0.000000
0.016800
0.037100
0.000000
0.000000
0.036800
0.000000
0.019700
0.000000
0.000000
0.000000
0.016700
0.000000
0.000000
0.000000
0.000000
0.000000
0.000000
0.000000
0.000000
0.000000
0.000000
0.000000
0.038000
0.000000
0.000000
0.000000
0.000000
0.023300
0.000000
0.000000
0.000000
0.000000
0.016000
0.018000
0.000000
0.000000
0.000000
0.000000
0.024300
0.000000
0.000000
0.000000
0.000000
0.000000
0.000000
0.000000
0.000000
0.000000
0.020400
0.000000
0.000000
0.000000
0.000000
0.023600
0.000000
0.000000
0.000000
0.037100
0.019500
0.017100
0.000000
0.000000
0.000000
0.000000
0.004000
0.016000
0.077600
0.000000
0.000000
0.076000
0.000000
0.000000
0.000000
0.000000
0.000000
0.000000
0.000000
0.024000
0.002400
0.039300
0.000000
0.000000
0.000000
0.000000
0.000000
0.000000
0.000000
0.020600
0.000000
0.000000
0.000000
0.000000
0.000000
0.038300
0.000000
0.000000
0.000000
0.018600
0.000000
0.000000
0.000000
0.000000
0.042900
0.000000
0.025900
0.053900
0.000000
0.000000
0.000000
0.000000
0.000000
0.000000
0.000000
0.000000
0.021600
0.000000
0.000000
0.000000
0.000000
0.000000
0.000000
0.016900
0.000000
0.000000
0.000000
0.000000
0.000000
0.000000
0.000000
0.000000
0.000000
0.000000
0.000000
0.017900
0.003300
0.000000
0.000000
0.022500
0.000000
0.012900
0.000000
0.077200
0.000000
0.000000
0.000000
0.000000
0.000000
0.000000
0.000000
0.000000
0.000000
0.000000
0.000000
0.000000
0.000000
0.000000
0.000000
0.000000
0.000000
0.000000
0.017800
0.000000
0.000000
0.000000
0.000000
0.000000
0.000000
0.000000
0.000000
0.000000
0.000000
0.000000
0.000000
0.000000
0.000000
0.000000
0.000000
0.017800
0.017900
0.000000
0.000000
0.000000
0.000000
0.000000
0.000000
0.045600
0.000000
0.053900
0.000000
0.022600
0.000000
0.000000
0.000000
0.010900
0.000000
0.058300
0.000000
0.000000
0.000000
0.178500
0.000000
0.003000
0.000000
0.090400
0.028100
0.019100
0.036400
0.018800
0.000000
0.000000
0.000000
0.000000
0.000000
0.000000
0.000000
0.000000
0.000000
0.000000
0.027000
0.036600
0.000000
0.000000
0.000000
0.000000
0.000000
0.000000
0.000000
0.058200
0.000000
0.073100
0.023800
0.000000
0.000000
0.000000
0.000000
0.004000
0.000000
0.000000
0.000000
0.019100
0.000000
0.000000
0.017000
0.000000
0.042300
0.000000
0.000000
0.000000
0.000000
0.000000
0.000000
0.020600
0.000000
0.000000
0.036900
0.018600
0.000000
0.019600
0.000000
0.035000
0.016200
0.000000
0.000000
0.000000
0.000000
0.000000
0.000000
0.000000
0.000000
0.000000
0.000000
0.000000
0.000000
0.000000
0.000000
0.000000
0.000000
0.000000
0.003200
0.000000
0.000000
0.000000
0.020300
0.000000
0.000000
0.000000
0.000000
0.000000
0.000000
0.000000
0.000000
0.000000
0.000000
0.035900
0.000000
0.063600
0.022800
0.000000
0.000000
0.000000
0.000000
0.016200
0.000000
0.000000
0.000000
0.000000
0.000000
0.000000
0.000000
0.000000
0.000000
0.000000
0.000000
0.000000
0.000000
0.000000
0.000000
0.000000
0.000000
0.000000
0.000000
0.000000
0.000000
0.000000
0.000000
0.000000
0.000000
0.000000
0.000000
0.017600
0.000000
0.000000
0.000000
0.000000
0.000000
0.000000
0.059800
0.000000
0.000000
0.000000
0.000000
0.000000
0.000000
0.000000
0.020100
0.000000
0.000000
0.000000
0.000000
0.000000
0.000000
0.000000
0.000000
0.000000
0.000000
0.000000
0.000000
0.000000
0.000000
0.017400
0.000000
0.000000
0.000000
0.000000
0.000000
0.000000
0.000000
0.000000
0.000000
0.000000
0.000000
0.000000
0.000000
0.000000
0.000000
0.000000
0.000000
0.000000
0.022200
0.000000
0.000000
0.000000
0.000000
0.000000
0.000000
0.000000
0.000000
0.000000
0.000000
0.000000
0.000000
0.000000
0.019400
0.020000
0.000000
0.000000
0.000000
0.000000
0.000000
0.000000
0.000000
0.000000
0.040200
0.000000
0.000000
0.000000
0.000000
0.000000
0.138800
0.018900
0.000000
0.000000
0.000000
0.000000
0.000000
0.000000
0.000000
0.000000
0.000000
0.000000
0.000000
0.000000
0.000000
0.000000
0.000000
0.000000
0.000000
0.000000
0.000000
0.000000
0.022700
0.000000
0.025800
0.021200
0.000000
0.028600
0.000000
0.038500
0.020700
0.000000
0.000000
0.000000
0.000000
0.000000
0.000000
0.000000
0.000000
0.000000
0.000000
0.000000
0.000000
0.000000
0.000000
0.000000
0.000000
0.000000
0.000000
0.000000
0.000000
0.000000
0.000000
0.000000
0.000000
0.000000
0.000000
0.018200
0.000000
0.000000
0.000000
0.000000
0.000000
0.000000
0.000000
0.000000
0.000000
0.000000
0.000000
0.000000
0.000000
0.000000
0.033600
0.000000
0.000000
0.000000
0.000000
0.018900
0.000000
0.000000
0.000000
0.000000
0.000000
0.081600
0.000000
0.000000
0.000000
0.000000
0.000000
0.000000
0.000000
0.000000
0.000000
0.000000
0.000000
0.000000
0.000000
0.000000
0.018100
0.017900
0.022200
0.000000
0.000000
0.000000
0.000000
0.000000
0.000000
0.000000
0.000000
0.000000
0.000000
0.000000
0.000000
0.000000
0.000000
0.000000
0.000000
0.000000
0.000000
0.000000
0.000000
0.000000
0.000000
0.020900
0.053400
0.000000
0.000000
0.000000
0.000000
0.000000
0.000000
0.000000
0.000000
0.000000
0.000000
0.000000
0.000000
0.000000
0.003700
0.000000
0.000000
0.000000
0.000000
0.000000
0.000000
0.000000
0.038600
0.000000
0.000000
0.000000
0.000000
0.000000
0.000000
0.016900
0.000000
0.000000
0.000000
0.000000
0.000000
0.000000
0.000000
0.000000
0.000000
0.000000
0.000000
0.000000
0.000000
0.000000
0.000000
0.000000
0.000000
0.000000
0.000000
0.000000
0.000000
0.000000
0.000000
0.000000
0.000000
0.000000
0.000000
0.000000
0.000000
0.019000
0.000000
0.000000
0.000000
0.000000
0.000000
0.000000
0.000000
0.000000
0.000000
0.000000
0.000000
0.000000
0.000000
0.000000
0.000000
0.000000
0.000000
0.000000
0.000000
0.040200
0.000000
0.000000
0.000000
0.000000
0.000000
0.000000
0.059000
0.066000
0.000000
0.000000
0.000000
0.000000
0.000000
0.000000
0.000000
0.000000
0.000000
0.000000
0.000000
0.000000
0.000000
0.000000
0.019400
0.000000
0.000000
0.000000
0.000000
0.000000
0.000000
0.000000
0.000000
0.000000
0.000000
0.000000
0.000000
0.000000
0.000000
0.000000
0.000000
0.000000
0.000000
0.000000
0.023900
0.000000
0.000000
0.000000
0.000000
0.000000
0.000000
0.000000
0.000000
0.000000
0.000000
0.000000
0.000000
0.000000
0.000000
0.000000
0.000000
0.000000
0.000000
0.000000
0.000000
0.000000
0.000000
0.000000
0.000000
0.000000
0.000000
0.023800
0.000000
0.016600
0.040200
0.028700
0.000000
0.000000
0.000000
0.000000
0.000000
0.000000
0.000000
0.022300
0.000000
0.000000
0.038000
0.000000
0.000000
0.000000
0.000000
0.000000
0.005200
0.011900
0.000000
0.000000
0.000000
0.000000
0.000000
0.000000
0.046900
0.000000
0.000000
0.000000
0.000000
0.000000
0.000000
0.000000
0.000000
0.000000
0.000000
0.000000
0.000000
0.000000
0.000000
0.000000
0.000000
0.000000
0.000000
0.000000
0.000000
0.000000
0.026200
0.000000
0.000000
0.000000
0.000000
0.000000
0.000000
0.000000
0.000000
0.000000
0.000000
0.000000
0.000000
0.000000
0.000000
0.000000
0.000000
0.000000
0.000000
0.000000
0.000000
0.000000
0.036100
0.000000
0.000000
0.000000
0.000000
0.000000
0.000000
0.000000
0.000000
0.000000
0.000000
0.000000
0.000000
0.000000
0.000000
0.000000
0.000000
0.034100
0.000000
0.000000
0.024400
0.041500
0.000000
0.000000
0.000000
0.000000
0.000000
0.000000
0.000000
0.000000
0.000000
0.000000
0.000000
0.000000
0.000000
0.000000
0.000000
0.000000
0.000000
0.039000
0.000000
0.000000
0.000000
0.000000
0.000000
0.000000
0.000000
0.000000
0.000000
0.000000
0.000000
0.000000
0.000000
0.000000
0.000000
0.000000
0.000000
0.000000
0.000000
0.000000
0.062600
0.000000
0.000000
0.000000
0.000000
0.000000
0.000000
0.000000
0.000000
0.000000
0.000000
0.018400
0.000000
0.039000
0.018700
0.060300
0.002800
0.000000
0.000000
0.000000
0.000000
0.000000
0.000000
0.000000
0.000000
0.000000
0.000000
0.000000
0.000000
0.000000
0.000000
0.000000
0.000000
0.000000
0.000000
0.000000
0.000000
0.041300
0.000000
0.000000
0.000000
0.000000
0.000000
0.000000
0.000000
0.000000
0.011600
0.000000
0.000000
0.000000
0.000000
0.000000
0.000000
0.000000
0.000000
0.000000
0.000000
0.000000
0.000000
0.000000
0.000000
0.000000
0.000000
0.000000
0.000000
0.000000
0.000000
0.000000
0.000000
0.000000
0.000000
0.000000
0.000000
0.000000
0.000000
0.000000
0.000000
0.000000
0.000000
0.000000
0.000000
0.000000
0.000000
0.000000
0.000000
0.000000
0.000000
0.000000
0.000000
0.000000
0.000000
0.000000
0.000000
0.000000
0.000000
0.000000
0.000000
0.000000
0.000000
0.000000
0.000000
0.000000
0.000000
0.000000
0.000000
0.000000
0.000000
0.000000
0.000000
0.000000
0.000000
0.000000
0.000000
0.000000
0.000000
0.000000
0.000000
0.000000
0.000000
0.000000
0.000000
0.000000
0.000000
0.000000
0.000000
0.000000
0.000000
0.000000
0.000000
0.000000
0.000000
0.000000
0.000000
0.000000
0.000000
0.000000
0.000000
0.000000
0.000000
0.000000
0.000000
0.000000
0.000000
0.000000
0.000000
0.000000
0.000000
0.000000
0.000000
0.000000
0.000000
0.000000
0.000000
0.000000
0.000000
0.000000
0.000000
0.000000
0.000000
0.000000
0.000000
0.000000
0.000000
0.000000
0.000000
0.000000
0.000000
0.000000
0.000000
0.000000
0.000000
0.000000
0.000000
0.000000
0.000000
0.000000
0.000000
0.000000
0.000000
0.000000
0.000000
0.000000
0.000000
0.000000
0.000000
0.000000
0.000000
0.000000
0.000000
0.000000
0.000000
0.000000
0.000000
0.000000
0.000000
0.000000
0.000000
0.000000
0.000000
0.000000
0.000000
0.041000
0.000000
0.000000
0.000000
0.000000
0.000000
0.000000
0.000000
0.000000
0.000000
0.000000
0.003100
0.000000
0.000000
0.000000
0.000000
0.000000
0.000000
0.000000
0.000000
0.000000
0.000000
0.000000
0.000000
0.000000
0.000000
0.000000
0.000000
0.000000
0.000000
0.000000
0.000000
0.000000
0.000000
0.000000
0.000000
0.000000
0.000000
0.000000
0.000000
0.000000
0.000000
0.000000
0.000000
0.000000
0.000000
0.000000
0.000000
0.000000
0.000000
0.000000
0.000000
0.000000
0.000000
0.000000
0.000000
0.000000
0.000000
0.000000
0.000000
0.000000
0.000000
0.000000
0.000000
0.000000
0.000000
0.000000
0.019800
0.000000
0.000000
0.000000
0.000000
0.000000
0.000000
0.000000
0.000000
0.000000
0.000000
0.000000
0.000000
0.000000
0.000000
0.000000
0.000000
0.000000
0.000000
0.000000
0.000000
0.000000
0.000000
0.000000
0.000000
0.000000
0.000000
0.000000
0.000000
0.000000
0.000000
0.000000
0.000000
0.020800
0.000000
0.000000
0.000000
0.000000
0.000000
0.018800
0.000000
0.000000
0.019600
0.018700
0.000000
0.000000
0.000000
0.000000
0.000000
0.000000
0.000000
0.000000
0.000000
0.009500
0.000000
0.000000
0.000000
0.000000
0.000000
0.000000
0.000000
0.000000
0.000000
0.000000
0.000000
0.000000
0.000000
0.000000
0.000000
0.000000
0.000000
0.000000
0.000000
0.000000
0.000000
0.000000
0.000000
0.000000
0.000000
0.015600
0.000000
0.000000
0.000000
0.000000
0.000000
0.000000
0.000000
0.000000
0.000000
0.000000
0.000000
0.000000
0.000000
0.000000
0.000000
0.000000
0.000000
0.000000
0.000000
0.000000
0.000000
0.000000
0.000000
0.000000
0.000000
0.000000
0.000000
0.000000
0.000000
0.000000
0.000000
0.000000
0.000000
0.000000
0.000000
0.000000
0.000000
0.000000
0.000000
0.000000
0.000000
0.022200
0.000000
0.000000
0.000000
0.000000
0.000000
0.000000
0.000000
0.000000
0.000000
0.000000
0.000000
0.000000
0.000000
0.000000
0.000000
0.000000
0.000000
0.000000
0.000000
0.000000
0.000000
0.000000
0.000000
0.000000
0.000000
0.019700
0.000000
0.000000
0.000000
0.000000
0.000000
0.000000
0.000000
0.000000
0.000000
0.000000
0.000000
0.000000
0.000000
0.000000
0.000000
0.000000
0.000000
0.000000
0.000000
0.000000
0.000000
0.000000
0.000000
0.000000
0.000000
0.000000
0.000000
0.000000
0.000000
0.000000
0.000000
0.000000
0.000000
0.000000
0.000000
0.000000
0.000000
0.000000
0.000000
0.000000
0.000000
0.000000
0.000000
0.000000
0.000000
0.000000
0.000000
0.020300
0.000000
0.000000
0.000000
0.000000
0.000000
0.000000
0.000000
0.000000
0.000000
0.000000
0.041400
0.000000
0.000000
0.000000
0.000000
0.000000
0.018200
0.000000
0.000000
0.000000
0.000000
0.000000
0.000000
0.023500
0.000000
0.000000
0.000000
0.000000
0.000000
0.000000
0.000000
0.000000
0.000000
0.000000
0.000000
0.000000
0.000000
0.000000
0.000000
0.000000
0.000000
0.000000
0.000000
0.000000
0.000000
0.000000
0.000000
0.000000
0.000000
0.000000
0.000000
0.000000
0.000000
0.000000
0.000000
0.022200
0.021800
0.000000
0.000000
0.000000
0.000000
0.000000
0.000000
0.000000
0.000000
0.000000
0.000000
0.000000
0.000000
0.000000
0.000000
0.000000
0.000000
0.000000
0.000000
0.000000
0.000000
0.000000
0.000000
0.000000
0.000000
0.000000
0.000000
0.000000
0.000000
0.000000
0.000000
0.000000
0.000000
0.000000
0.000000
0.000000
0.000000
0.000000
0.000000
0.037200
0.000000
0.000000
0.000000
0.000000
0.000000
0.000000
0.000000
0.000000
0.000000
0.000000
0.000000
0.000000
0.000000
0.000000
0.000000
0.000000
0.000000
0.000000
0.000000
0.000000
0.000000
0.000000
0.000000
0.000000
0.000000
0.000000
0.000000
0.000000
0.000000
0.000000
0.000000
0.000000
0.000000
0.000000
0.000000
0.043000
0.000000
0.000000
0.000000
0.000000
0.020900
0.020400
0.000000
0.015700
0.000000
0.016500
0.000000
0.000000
0.000000
0.000000
0.000000
0.000000
0.022000
0.000000
0.000000
0.000000
0.000000
0.000000
0.000000
0.000000
0.000000
0.000000
0.022100
0.000000
0.000000
0.000000
0.000000
0.000000
0.000000
0.000000
0.000000
0.000000
0.000000
0.019700
0.000000
0.000000
0.000000
0.000000
0.046800
0.000000
0.000000
0.000000
0.000000
0.000000
0.000000
0.000000
0.000000
0.000000
0.000000
0.000000
0.000000
0.000000
0.000000
0.000000
0.000000
0.000000
0.000000
0.000000
0.041200
0.000000
0.040200
0.000000
0.000000
0.000000
0.000000
0.000000
0.021600
0.000000
0.000000
0.000000
0.000000
0.000000
0.000000
0.000000
0.000000
0.000000
0.000000
0.000000
0.000000
0.000000
0.000000
0.000000
0.000000
0.000000
0.000000
0.000000
0.000000
0.000000
0.000000
0.000000
0.000000
0.000000
0.000000
0.042700
0.000000
0.000000
0.000000
0.020600
0.000000
0.000000
0.000000
0.000000
0.000000
0.000000
0.000000
0.000000
0.000000
0.000000
0.000000
0.000000
0.000000
0.000000
0.017100
0.000000
0.000000
0.000000
0.000000
0.000000
0.000000
0.000000
0.000000
0.000000
0.000000
0.000000
0.000000
0.000000
0.000000
0.000000
0.000000
0.000000
0.000000
0.000000
0.000000
0.019700
0.020100
0.000000
0.000000
0.000000
0.000000
0.000000
0.000000
0.000000
0.000000
0.000000
0.000000
0.000000
0.000000
0.025200
0.000000
0.018000
0.000000
0.000000
0.000000
0.018100
0.000000
0.000000
0.042400
0.000000
0.000000
0.000000
0.000000
0.000000
0.000000
0.000000
0.023000
0.000000
0.000000
0.000000
0.000000
0.000000
0.000000
0.000000
0.000000
0.000000
0.000000
0.000000
0.000000
0.000000
0.000000
0.000000
0.054800
0.000000
0.000000
0.000000
0.000000
0.018100
0.019900
0.023400
0.020300
0.026800
0.021800
0.000000
0.000000
0.054800
0.000000
0.000000
0.000000
0.000000
0.000000
0.000000
0.000000
0.000000
0.000000
0.000000
0.000000
0.000000
0.000000
0.000000
0.000000
0.000000
0.000000
0.000000
0.045100
0.000000
0.000000
0.015900
0.000000
0.000000
0.000000
0.000000
0.000000
0.000000
0.000000
0.000000
0.000000
0.000000
0.000000
0.000000
0.000000
0.000000
0.040200
0.061900
0.000000
0.000000
0.000000
0.000000
0.000000
0.019500
0.017200
0.000000
0.020000
0.000000
0.041200
0.000000
0.000000
0.000000
0.000000
0.037100
0.000000
0.020100
0.000000
0.000000
0.000000
0.000000
0.000000
0.000000
0.000000
0.000000
0.000000
0.020800
0.000000
0.076500
0.000000
0.000000
0.041100
0.000000
0.000000
0.000000
0.000000
0.000000
0.000000
0.000000
0.000000
0.000000
0.000000
0.000000
0.000000
0.000000
0.000000
0.000000
0.000000
0.024100
0.019000
0.000000
0.000000
0.000000
0.000000
0.047100
0.000000
0.000000
0.000000
0.018500
0.034900
0.000000
0.000000
0.000000
0.000000
0.000000
0.000000
0.000000
0.000000
0.022000
0.000000
0.000000
0.000000
0.000000
0.000000
0.000000
0.000000
0.000000
0.000000
0.000000
0.000000
0.000000
0.025100
0.017800
0.014300
0.000000
0.037300
0.000000
0.000000
0.000000
0.000000
0.000000
0.000000
0.000000
0.000000
0.000000
0.000000
0.000000
0.000000
0.000000
0.040600
0.000000
0.000000
0.000000
0.003800
0.000000
0.000000
0.000000
0.000000
0.000000
0.000000
0.000000
0.000000
0.000000
0.000000
0.000000
0.000000
0.000000
0.078900
0.000000
0.038200
0.017700
0.000000
0.000000
0.018200
0.000000
0.000000
0.040000
0.000000
0.000000
0.000000
0.000000
0.000000
0.000000
0.000000
0.000000
0.000000
0.055900
0.000000
0.000000
0.000000
0.000000
0.000000
0.000000
0.000000
0.000000
0.000000
0.000000
0.000000
0.000000
0.020800
0.042300
0.032200
0.073300
0.054900
0.000000
0.000000
0.000000
0.000000
0.000000
0.000000
0.000000
0.025100
0.018700
0.020200
0.000000
0.000000
0.000000
0.064800
0.021300
0.000000
0.020100
0.003800
0.000000
0.000000
0.000000
0.072500
0.000000
0.000000
0.020900
0.003300
0.000000
0.000000
0.017000
0.000000
0.000000
0.000000
0.021400
0.000000
0.000000
0.000000
0.000000
0.017400
0.000000
0.022600
0.021800
0.000000
0.000000
0.000000
0.000000
0.022300
0.000000
0.000000
0.000000
0.000000
0.000000
0.000000
0.000000
0.000000
0.000000
0.000000
0.000000
0.000000
0.000000
0.000000
0.000000
0.000000
0.000000
0.000000
0.000000
0.000000
0.000000
0.000000
0.000000
0.000000
0.000000
0.000000
0.000000
0.000000
0.000000
0.000000
0.000000
0.000000
0.000000
0.000000
0.000000
0.000000
0.035100
0.000000
0.000000
0.000000
0.000000
0.000000
0.000000
0.000000
0.000000
0.000000
0.000000
0.020500
0.000000
0.000000
0.000000
0.000000
0.000000
0.016600
0.026600
0.017300
0.000000
0.000000
0.000000
0.000000
0.000000
0.020000
0.000000
0.000000
0.000000
0.000000
0.000000
0.000000
0.000000
0.000000
0.019700
0.000000
0.000000
0.000000
0.000000
0.000000
0.000000
0.000000
0.000000
0.000000
0.000000
0.000000
0.040300
0.000000
0.000000
0.023100
0.000000
0.000000
0.000000
0.000000
0.000000
0.000000
0.000000
0.036000
0.000000
0.000000
0.000000
0.000000
0.000000
0.000000
0.000000
0.000000
0.000000
0.000000
0.029100
0.000000
0.000000
0.000000
0.000000
0.038600
0.000000
0.000000
0.000000
0.027300
0.000000
0.000000
0.000000
0.000000
0.000000
0.000000
0.016800
0.067200
0.034700
0.000000
0.000000
0.000000
0.000000
0.030600
0.000000
0.000000
0.003400
0.000000
0.039400
0.000000
0.000000
0.000000
0.000000
0.000000
0.000000
0.037100
0.000000
0.000000
0.000000
0.016800
0.000000
0.000000
0.000000
0.019800
0.000000
0.000000
0.000000
0.019500
0.019500
0.000000
0.000000
0.004200
0.000000
0.000000
0.000000
0.000000
0.000000
0.000000
0.000000
0.042100
0.000000
0.000000
0.000000
0.017200
0.020100
0.000000
0.019300
0.000000
0.000000
0.000000
0.000000
0.000000
0.000000
0.000000
0.000000
0.000000
0.017700
0.000000
0.000000
0.000000
0.000000
0.000000
0.000000
0.000000
0.000000
0.040900
0.000000
0.000000
0.000000
0.000000
0.080700
0.000000
0.000000
0.000000
0.000000
0.000000
0.051300
0.000000
0.000000
0.000000
0.041600
0.000000
0.000000
0.037900
0.000000
0.000000
0.000000
0.003800
0.000000
0.000000
0.000000
0.000000
0.000000
0.000000
0.000000
0.019300
0.000000
0.019800
0.000000
0.017800
0.000000
0.000000
0.000000
0.017600
0.000000
0.000000
0.000000
0.000000
0.000000
0.000000
0.000000
0.000000
0.000000
0.000000
0.000000
0.061500
0.000000
0.000000
0.000000
0.000000
0.000000
0.000000
0.000000
0.000000
0.021700
0.000000
0.000000
0.000000
0.000000
0.000000
0.000000
0.000000
0.000000
0.000000
0.000000
0.000000
0.000000
0.000000
0.083400
0.000000
0.021400
0.000000
0.000000
0.000000
0.000000
0.000000
0.029200
0.000000
0.000000
0.000000
0.000000
0.000000
0.000000
0.000000
0.000000
0.000000
0.000000
0.000000
0.000000
0.079300
0.042500
0.020200
0.000000
0.000000
0.000000
0.000000
0.000000
0.000000
0.000000
0.000000
0.000000
0.000000
0.000000
0.000000
0.000000
0.000000
0.000000
0.000000
0.019600
0.000000
0.041700
0.024400
0.037000
0.000000
0.000000
0.000000
0.000000
0.000000
0.000000
0.000000
0.000000
0.003600
0.000000
0.000000
0.000000
0.000000
0.000000
0.000000
0.000000
0.000000
0.000000
0.000000
0.000000
0.000000
0.000000
0.021000
0.000000
0.000000
0.000000
0.000000
0.000000
0.016400
0.000000
0.000000
0.000000
0.000000
0.000000
0.000000
0.021300
0.000000
0.000000
0.000000
0.000000
0.000000
0.000000
0.000000
0.000000
0.000000
0.000000
0.059800
0.000000
0.000000
0.000000
0.000000
0.000000
0.000000
0.000000
0.000000
0.000000
0.000000
0.000000
0.000000
0.000000
0.000000
0.000000
0.000000
0.000000
0.000000
0.000000
0.000000
0.000000
0.000000
0.000000
0.000000
0.000000
0.000000
0.017000
0.000000
0.000000
0.000000
0.000000
0.000000
0.000000
0.000000
0.000000
0.000000
0.000000
0.000000
0.000000
0.000000
0.000000
0.000000
0.000000
0.020700
0.000000
0.000000
0.013700
0.000000
0.000000
0.000000
0.000000
0.014200
0.000000
0.000000
0.000000
0.000000
0.000000
0.000000
0.000000
0.000000
0.000000
0.000000
0.000000
0.000000
0.000000
0.000000
0.000000
0.000000
0.000000
0.000000
0.000000
0.000000
0.000000
0.000000
0.015900
0.000000
0.000000
0.016200
0.000000
0.000000
0.000000
0.021900
0.000000
0.000000
0.000000
0.022700
0.019800
0.000000
0.000000
0.000000
0.000000
0.000000
0.018100
0.000000
0.000000
0.000000
0.000000
0.000000
0.000000
0.000000
0.016900
0.000000
0.000000
0.000000
0.020700
0.000000
0.000000
0.008700
0.000000
0.000000
0.000000
0.000000
0.000000
0.000000
0.000000
0.014000
0.015900
0.000000
0.000000
0.000000
0.000000
0.000000
0.000000
0.000000
0.000000
0.000000
0.000000
0.000000
0.000000
0.000000
0.000000
0.000000
0.000000
0.000000
0.000000
0.000000
0.000000
0.000000
0.000000
0.000000
0.000000
0.014100
0.000000
0.000000
0.017100
0.000000
0.000000
0.021800
0.000000
0.000000
0.000000
0.000000
0.000000
0.000000
0.000000
0.016600
0.000000
0.000000
0.000000
0.000000
0.000000
0.061100
0.021200
0.000000
0.000000
0.039100
0.000000
0.000000
0.000000
0.000000
0.021700
0.000000
0.000000
0.000000
0.000000
0.000000
0.000000
0.000000
0.039800
0.000000
0.020100
0.000000
0.000000
0.000000
0.000000
0.000000
0.000000
0.000000
0.000000
0.000000
0.000000
0.000000
0.000000
0.000000
0.000000
0.000000
0.000000
0.000000
0.000000
0.000000
0.000000
0.000000
0.017700
0.022200
0.000000
0.000000
0.000000
0.000000
0.006700
0.000000
0.000000
0.000000
0.000000
0.000000
0.000000
0.000000
0.000000
0.000000
0.000000
0.000000
0.000000
0.000000
0.000000
0.000000
0.000000
0.000000
0.000000
0.000000
0.000000
0.000000
0.000000
0.000000
0.000000
0.000000
0.000000
0.000000
0.000000
0.000000
0.000000
0.000000
0.000000
0.000000
0.000000
0.000000
0.000000
0.000000
0.000000
0.000000
0.000000
0.000000
0.000000
0.000000
0.000000
0.000000
0.000000
0.000000
0.000000
0.000000
0.000000
0.000000
0.000000
0.000000
0.000000
0.000000
0.000000
0.000000
0.000000
0.000000
0.000000
0.000000
0.000000
0.000000
0.000000
0.000000
0.000000
0.000000
0.000000
0.000000
0.000000
0.000000
0.000000
0.000000
0.000000
0.000000
0.000000
0.000000
0.000000
0.000000
0.000000
0.000000
0.000000
0.000000
0.000000
0.000000
0.000000
0.000000
0.000000
0.000000
0.000000
0.000000
0.000000
0.000000
0.000000
0.000000
0.000000
0.000000
0.000000
0.000000
0.000000
0.000000
0.000000
0.000000
0.000000
0.000000
0.000000
0.000000
0.000000
0.000000
0.000000
0.000000
0.000000
0.000000
0.000000
0.000000
0.000000
0.000000
0.000000
0.000000
0.000000
0.000000
0.000000
0.000000
0.000000
0.000000
0.000000
0.000000
0.000000
0.000000
0.000000
0.000000
0.000000
0.000000
0.000000
0.000000
0.000000
0.000000
0.000000
0.000000
0.000000
0.000000
0.000000
0.000000
0.000000
0.000000
0.000000
0.000000
0.000000
0.000000
0.000000
0.000000
0.000000
0.000000
0.000000
0.000000
0.000000
0.000000
0.000000
0.000000
0.000000
0.000000
0.000000
0.000000
0.000000
0.000000
0.000000
0.000000
0.000000
0.000000
0.000000
0.000000
0.000000
0.000000
0.000000
0.000000
0.000000
0.000000
0.000000
0.000000
0.000000
0.000000
0.000000
0.000000
0.000000
0.000000
0.000000
0.000000
0.000000
0.000000
0.000000
0.000000
0.000000
0.000000
0.000000
0.000000
0.000000
0.000000
0.000000
0.000000
0.000000
0.000000
0.000000
0.000000
0.000000
0.000000
0.000000
0.000000
0.000000
0.000000
0.000000
0.000000
0.000000
0.000000
0.000000
0.000000
0.000000
0.000000
0.000000
0.000000
0.000000
0.000000
0.000000
0.000000
0.000000
0.000000
0.000000
0.000000
0.000000
0.000000
0.000000
0.000000
0.000000
0.000000
0.000000
0.000000
0.000000
0.000000
0.000000
0.000000
0.000000
0.000000
0.000000
0.000000
0.000000
0.000000
0.000000
0.000000
0.000000
0.000000
0.000000
0.000000
0.000000
0.000000
0.000000
0.000000
0.000000
0.000000
0.000000
0.000000
0.000000
0.000000
0.000000
0.000000
0.000000
0.000000
0.000000
0.000000
0.000000
0.000000
0.000000
0.000000
0.000000
0.000000
0.000000
0.000000
0.000000
0.000000
0.000000
0.000000
0.000000
0.000000
0.000000
0.000000
0.000000
0.000000
0.000000
0.000000
0.000000
0.000000
0.000000
0.000000
0.000000
0.000000
0.000000
0.000000
0.000000
0.000000
0.000000
0.000000
0.000000
0.000000
0.000000
0.000000
0.000000
0.000000
0.000000
0.000000
0.000000
0.000000
0.000000
0.000000
0.000000
0.000000
0.000000
0.000000
0.000000
0.000000
0.000000
0.000000
0.000000
0.000000
0.000000
0.000000
0.000000
0.000000
0.000000
0.000000
0.000000
0.000000
0.000000
0.000000
0.000000
0.000000
0.000000
0.000000
0.000000
0.000000
0.000000
0.000000
0.000000
0.000000
0.000000
0.000000
0.000000
0.000000
0.000000
0.000000
0.000000
0.000000
0.000000
0.000000
0.000000
0.000000
0.000000
0.000000
0.000000
0.000000
0.000000
0.000000
0.000000
0.000000
0.000000
0.000000
0.000000
0.000000
0.000000
0.000000
0.000000
0.000000
0.000000
0.000000
0.000000
0.000000
0.017000
0.020600
0.000000
0.000000
0.000000
0.000000
0.000000
0.000000
0.000000
0.000000
0.000000
0.000000
0.000000
0.000000
0.000000
0.000000
0.000000
0.000000
0.000000
0.000000
0.000000
0.000000
0.000000
0.000000
0.000000
0.019600
0.072500
0.000000
0.000000
0.000000
0.000000
0.000000
0.000000
0.014300
0.000000
0.000000
0.000000
0.000000
0.000000
0.044700
0.000000
0.000000
0.019900
0.024100
0.044500
0.000000
0.000000
0.000000
0.000000
0.000000
0.000000
0.000000
0.000000
0.000000
0.000000
0.025900
0.017600
0.000000
0.000000
0.000000
0.000000
0.000000
0.073600
0.000000
0.020900
0.000000
0.000000
0.000000
0.000000
0.000000
0.000000
0.000000
0.000000
0.000000
0.000000
0.000000
0.000000
0.020100
0.000000
0.000000
0.038200
0.004600
0.104800
0.000000
0.000000
0.000000
0.000000
0.000000
0.000000
0.000000
0.000000
0.055000
0.000000
0.000000
0.016800
0.042400
0.000000
0.000000
0.000000
0.000000
0.000000
0.000000
0.000000
0.000000
0.000000
0.000000
0.000000
0.000000
0.000000
0.000000
0.000000
0.000000
0.000000
0.000000
0.000000
0.000000
0.000000
0.000000
0.000000
0.022400
0.000000
0.000000
0.000000
0.005100
0.032500
0.000000
0.014200
0.000000
0.018000
0.000000
0.056600
0.043700
0.014300
0.000000
0.000000
0.074200
0.000000
0.000000
0.000000
0.017100
0.000000
0.000000
0.016700
0.000000
0.043800
0.000000
0.022900
0.022600
0.021600
0.000000
0.000000
0.060500
0.003300
0.044500
0.000000
0.000000
0.000000
0.000000
0.000000
0.018100
0.000000
0.000000
0.003700
0.000000
0.000000
0.000000
0.000000
0.000000
0.000000
0.000000
0.026100
0.000000
0.019400
0.000000
0.019600
0.000000
0.000000
0.000000
0.000000
0.000000
0.000000
0.000000
0.000000
0.000000
0.000000
0.000000
0.000000
0.016100
0.000000
0.016700
0.034500
0.003400
0.076300
0.042000
0.000000
0.020200
0.000000
0.000000
0.000000
0.058100
0.018400
0.000000
0.000000
0.000000
0.000000
0.021200
0.038600
0.000000
0.036100
0.000000
0.000000
0.000000
0.000000
0.016400
0.000000
0.015100
0.000000
0.036200
0.000000
0.026400
0.000000
0.040100
0.000000
0.003500
0.000000
0.000000
0.000000
0.000000
0.000000
0.000000
0.000000
0.000000
0.021700
0.000000
0.000000
0.021200
0.000000
0.018700
0.000000
0.019000
0.039900
0.000000
0.018200
0.035300
0.000000
0.000000
0.000000
0.000000
0.025700
0.000000
0.020200
0.029300
0.000000
0.011000
0.005600
0.000000
0.075100
0.000000
0.000000
0.000000
0.000000
0.000000
0.000000
0.005200
0.000000
0.000000
0.036200
0.017000
0.016100
0.000000
0.000000
0.000000
0.000000
0.000000
0.047300
0.014000
0.000000
0.000000
0.027400
0.015800
0.043000
0.000000
0.000000
0.000000
0.062600
0.019100
0.000000
0.000000
0.000000
0.000000
0.000000
0.019900
0.046600
0.000000
0.039800
0.019900
0.000000
0.059300
0.000000
0.000000
0.000000
0.000000
0.000000
0.000000
0.000000
0.000000
0.005000
0.000000
0.000000
0.000000
0.000000
0.000000
0.019300
0.040600
0.004800
0.017700
0.000000
0.000000
0.000000
0.000000
0.000000
0.000000
0.000000
0.000000
0.000000
0.004700
0.021000
0.000000
0.000000
0.045400
0.062100
0.040000
0.000000
0.000000
0.000000
0.000000
0.000000
0.000000
0.000000
0.000000
0.016000
0.000000
0.000000
0.000000
0.000000
0.000000
0.020100
0.000000
0.000000
0.000000
0.000000
0.000000
0.017800
0.000000
0.000000
0.000000
0.000000
0.000000
0.000000
0.000000
0.000000
0.000000
0.004600
0.000000
0.000000
0.000000
0.000000
0.000000
0.000000
0.000000
0.000000
0.000000
0.000000
0.000000
0.000000
0.000000
0.000000
0.075600
0.000000
0.000000
0.000000
0.000000
0.000000
0.000000
0.000000
0.000000
0.000000
0.000000
0.000000
0.000000
0.000000
0.000000
0.000000
0.000000
0.000000
0.037600
0.000000
0.019600
0.043700
0.000000
0.000000
0.000000
0.000000
0.029200
0.070700
0.000000
0.020700
0.000000
0.019300
0.000000
0.000000
0.000000
0.000000
0.000000
0.000000
0.000000
0.000000
0.020100
0.065700
0.040600
0.000000
0.042000
0.000000
0.019800
0.024800
0.000000
0.000000
0.000000
0.000000
0.000000
0.000000
0.000000
0.000000
0.000000
0.000000
0.000000
0.000000
0.000000
0.000000
0.000000
0.000000
0.000000
0.058400
0.000000
0.029100
0.000000
0.000000
0.000000
0.000000
0.000000
0.000000
0.018200
0.000000
0.037200
0.000000
0.061200
0.073700
0.000000
0.000000
0.000000
0.000000
0.000000
0.004500
0.000000
0.000000
0.000000
0.000000
0.000000
0.000000
0.000000
0.000000
0.029400
0.039800
0.037400
0.015200
0.000000
0.000000
0.018100
0.000000
0.000000
0.031900
0.000000
0.041900
0.000000
0.000000
0.032600
0.000000
0.000000
0.000000
0.000000
0.149400
0.019400
0.000000
0.000000
0.014900
0.021400
0.000000
0.017500
0.000000
0.020400
0.003500
0.104600
0.018700
0.000000
0.000000
0.000000
0.000000
0.000000
0.020900
0.000000
0.000000
0.000000
0.000000
0.000000
0.000000
0.015200
0.000000
0.000000
0.000000
0.000000
0.000000
0.000000
0.000000
0.024000
0.000000
0.035100
0.000000
0.000000
0.000000
0.000000
0.000000
0.042800
0.040200
0.038900
0.018800
0.000000
0.020100
0.000000
0.003000
0.019800
0.000000
0.000000
0.000000
0.000000
0.000000
0.000000
0.000000
0.000000
0.000000
0.000000
0.000000
0.000000
0.000000
0.000000
0.000000
0.000000
0.000000
0.023800
0.000000
0.000000
0.000000
0.000000
0.000000
0.006500
0.000000
0.000000
0.000000
0.000000
0.000000
0.000000
0.000000
0.000000
0.000000
0.000000
0.000000
0.000000
0.017500
0.003700
0.000000
0.000000
0.000000
0.000000
0.000000
0.000000
0.034100
0.000000
0.000000
0.038400
0.034300
0.008800
0.000000
0.000000
0.000000
0.078000
0.006600
0.000000
0.000000
0.000000
0.000000
0.000000
0.000000
0.012900
0.015800
0.039900
0.000000
0.000000
0.000000
0.000000
0.021100
0.000000
0.033400
0.000000
0.000000
0.016800
0.000000
0.000000
0.000000
0.000000
0.000000
0.020800
0.000000
0.000000
0.000000
0.000000
0.000000
0.000000
0.019200
0.033500
0.020200
0.005600
0.016600
0.000000
0.000000
0.000000
0.000000
0.000000
0.000000
0.000000
0.000000
0.000000
0.000000
0.000000
0.000000
0.000000
0.000000
0.000000
0.000000
0.000000
0.000000
0.000000
0.018700
0.000000
0.000000
0.000000
0.000000
0.021500
0.000000
0.000000
0.000000
0.000000
0.000000
0.000000
0.000000
0.000000
0.000000
0.000000
0.000000
0.000000
0.000000
0.000000
0.000000
0.000000
0.000000
0.000000
0.019900
0.000000
0.000000
0.000000
0.000000
0.000000
0.000000
0.033500
0.000000
0.019500
0.021700
0.000000
0.000000
0.000000
0.000000
0.000000
0.017100
0.018100
0.016100
0.000000
0.000000
0.000000
0.000000
0.000000
0.000000
0.000000
0.018700
0.000000
0.000000
0.000000
0.000000
0.000000
0.000000
0.000000
0.000000
0.000000
0.000000
0.013200
0.000000
0.000000
0.000000
0.019100
0.000000
0.019200
0.054400
0.000000
0.000000
0.000000
0.000000
0.000000
0.020300
0.000000
0.000000
0.000000
0.022300
0.000000
0.000000
0.000000
0.006700
0.000000
0.000000
0.000000
0.015600
0.023100
0.026600
0.000000
0.000000
0.000000
0.044900
0.000000
0.000000
0.000000
0.038100
0.000000
0.015900
0.000000
0.075200
0.000000
0.000000
0.000000
0.000000
0.000000
0.000000
0.000000
0.000000
0.048000
0.019000
0.000000
0.000000
0.018000
0.000000
0.037200
0.007100
0.000000
0.042100
0.000000
0.064200
0.041000
0.018400
0.000000
0.020800
0.000000
0.000000
0.000000
0.000000
0.000000
0.000000
0.000000
0.000000
0.000000
0.000000
0.024800
0.038300
0.000000
0.000000
0.000000
0.000000
0.000000
0.000000
0.000000
0.000000
0.021500
0.000000
0.000000
0.000000
0.000000
0.000000
0.000000
0.000000
0.000000
0.000000
0.000000
0.060600
0.000000
0.000000
0.000000
0.000000
0.020000
0.000000
0.000000
0.000000
0.046500
0.000000
0.000000
0.000000
0.000000
0.000000
0.000000
0.000000
0.000000
0.000000
0.038500
0.000000
0.000000
0.000000
0.000000
0.012000
0.000000
0.000000
0.000000
0.000000
0.000000
0.000000
0.000000
0.000000
0.019800
0.000000
0.000000
0.000000
0.000000
0.000000
0.000000
0.000000
0.000000
0.000000
0.000000
0.000000
0.000000
0.000000
0.000000
0.000000
0.000000
0.000000
0.000000
0.000000
0.000000
0.000000
0.000000
0.000000
0.000000
0.000000
0.000000
0.017700
0.002300
0.000000
0.000000
0.000000
0.000000
0.000000
0.000000
0.000000
0.020000
0.000000
0.000000
0.020600
0.000000
0.017800
0.000000
0.000000
0.000000
0.000000
0.000000
0.000000
0.000000
0.000000
0.000000
0.000000
0.000000
0.000000
0.000000
0.000000
0.000000
0.000000
0.000000
0.000000
0.000000
0.026500
0.000000
0.000000
0.015900
0.000000
0.000000
0.044800
0.000000
0.000000
0.005300
0.000000
0.016000
0.000000
0.000000
0.000000
0.000000
0.016600
0.013900
0.028400
0.023400
0.000000
0.000000
0.000000
0.000000
0.000000
0.000000
0.000000
0.000000
0.020100
0.000000
0.000000
0.023100
0.000000
0.000000
0.000000
0.021200
0.000000
0.000000
0.000000
0.000000
0.000000
0.000000
0.000000
0.000000
0.020500
0.000000
0.000000
0.000000
0.000000
0.000000
0.000000
0.000000
0.000000
0.000000
0.000000
0.000000
0.000000
0.000000
0.000000
0.000000
0.000000
0.000000
0.019000
0.000000
0.000000
0.000000
0.000000
0.000000
0.000000
0.000000
0.000000
0.000000
0.000000
0.000000
0.000000
0.000000
0.000000
0.000000
0.000000
0.000000
0.022500
0.000000
0.000000
0.000000
0.000000
0.000000
0.021200
0.000000
0.000000
0.000000
0.037500
0.038000
0.000000
0.000000
0.000000
0.000000
0.000000
0.037000
0.061000
0.000000
0.000000
0.071200
0.000000
0.142600
0.000000
0.014600
0.040300
0.018600
0.000000
0.019200
0.020400
0.000000
0.017600
0.000000
0.000000
0.000000
0.000000
0.000000
0.000000
0.000000
0.000000
0.000000
0.000000
0.000000
0.020300
0.000000
0.000000
0.000000
0.053700
0.000000
0.035200
0.033100
0.007300
0.016100
0.000000
0.037700
0.000000
0.000000
0.000000
0.000000
0.000000
0.000000
0.000000
0.000000
0.000000
0.000000
0.000000
0.000000
0.000000
0.000000
0.000000
0.000000
0.000000
0.000000
0.000000
0.000000
0.000000
0.000000
0.000000
0.000000
0.000000
0.000000
0.000000
0.000000
0.000000
0.000000
0.000000
0.000000
0.000000
0.000000
0.000000
0.000000
0.000000
0.000000
0.000000
0.000000
0.000000
0.000000
0.023400
0.038500
0.000000
0.000000
0.000000
0.000000
0.000000
0.000000
0.000000
0.000000
0.000000
0.000000
0.000000
0.000000
0.000000
0.000000
0.000000
0.000000
0.000000
0.000000
0.000000
0.000000
0.000000
0.020000
0.043400
0.000000
0.000000
0.000000
0.016700
0.024600
0.000000
0.017100
0.003500
0.000000
0.019700
0.000000
0.000000
0.000000
0.000000
0.000000
0.000000
0.000000
0.000000
0.000000
0.000000
0.000000
0.000000
0.000000
0.000000
0.000000
0.000000
0.000000
0.000000
0.000000
0.000000
0.000000
0.036800
0.063500
0.000000
0.040900
0.000000
0.000000
0.000000
0.000000
0.000000
0.000000
0.000000
0.000000
0.000000
0.000000
0.000000
0.000000
0.039300
0.000000
0.000000
0.000000
0.000000
0.000000
0.000000
0.000000
0.000000
0.018600
0.021100
0.004900
0.000000
0.000000
0.000000
0.000000
0.000000
0.000000
0.000000
0.000000
0.000000
0.000000
0.000000
0.000000
0.036500
0.000000
0.000000
0.000000
0.000000
0.000000
0.000000
0.000000
0.000000
0.000000
0.000000
0.000000
0.017400
0.025800
0.000000
0.000000
0.000000
0.000000
0.000000
0.000000
0.000000
0.000000
0.000000
0.000000
0.000000
0.041000
0.000000
0.000000
0.000000
0.000000
0.000000
0.000000
0.000000
0.000000
0.000000
0.000000
0.019500
0.000000
0.000000
0.000000
0.000000
0.019900
0.000000
0.036400
0.000000
0.000000
0.000000
0.018000
0.107100
0.000000
0.000000
0.034100
0.000000
0.000000
0.000000
0.000000
0.000000
0.000000
0.000000
0.000000
0.034100
0.000000
0.000000
0.000000
0.000000
0.024400
0.000000
0.000000
0.000000
0.022100
0.098700
0.000000
0.000000
0.018000
0.000000
0.000000
0.019100
0.000000
0.000000
0.037100
0.000000
0.000000
0.000000
0.000000
0.000000
0.000000
0.000000
0.000000
0.000000
0.000000
0.000000
0.000000
0.000000
0.000000
0.000000
0.034000
0.000000
0.021000
0.055600
0.000000
0.000000
0.000000
0.000000
0.000000
0.082100
0.000000
0.036700
0.021900
0.000000
0.021500
0.000000
0.020100
0.000000
0.000000
0.000000
0.000000
0.022600
0.000000
0.035700
0.000000
0.000000
0.094100
0.061300
0.054600
0.000000
0.016800
0.000000
0.000000
0.098800
0.036000
0.000000
0.055200
0.000000
0.040800
0.000000
0.041200
0.000000
0.038400
0.041700
0.071500
0.092700
0.019300
0.025700
0.019200
0.000000
0.004100
0.017900
0.000000
0.000000
0.000000
0.020400
0.000000
0.000000
0.000000
0.000000
0.000000
0.000000
0.000000
0.000000
0.000000
0.000000
0.000000
0.022700
0.016800
0.054100
0.021100
0.036000
0.000000
0.000000
0.000000
0.012100
0.005400
0.000000
0.000000
0.000000
0.000000
0.000000
0.000000
0.005700
0.062000
0.000000
0.000000
0.000000
0.000000
0.019600
0.019000
0.042400
0.000000
0.000000
0.000000
0.041600
0.000000
0.016800
0.064200
0.019900
0.000000
0.043100
0.000000
0.000000
0.000000
0.000000
0.000000
0.000000
0.035400
0.037400
0.055400
0.000000
0.044800
0.000000
0.017700
0.000000
0.000000
0.024700
0.021600
0.000000
0.018600
0.000000
0.000000
0.019900
0.000000
0.004300
0.038100
0.020700
0.000000
0.000000
0.000000
0.000000
0.000000
0.000000
0.000000
0.000000
0.000000
0.000000
0.000000
0.000000
0.022600
0.000000
0.000000
0.018600
0.000000
0.000000
0.000000
0.000000
0.000000
0.000000
0.000000
0.000000
0.000000
0.000000
0.000000
0.038200
0.000000
0.079500
0.036600
0.000000
0.000000
0.041400
0.000000
0.000000
0.000000
0.058100
0.037500
0.040900
0.000000
0.000000
0.055100
0.000000
0.000000
0.003200
0.000000
0.000000
0.000000
0.000000
0.000000
0.000000
0.000000
0.000000
0.000000
0.000000
0.000000
0.000000
0.000000
0.000000
0.000000
0.000000
0.000000
0.000000
0.000000
0.000000
0.000000
0.000000
0.000000
0.000000
0.000000
0.000000
0.000000
0.000000
0.040900
0.000000
0.000000
0.000000
0.000000
0.035700
0.043300
0.000000
0.000000
0.017300
0.000000
0.022400
0.000000
0.016900
0.017500
0.000000
0.000000
0.017200
0.000000
0.000000
0.000000
0.008700
0.000000
0.000000
0.000000
0.074800
0.040400
0.000000
0.000000
0.000000
0.039100
0.019700
0.005700
0.000000
0.000000
0.000000
0.054500
0.064300
0.059500
0.000000
0.000000
0.000000
0.000000
0.000000
0.040200
0.017800
0.018600
0.000000
0.025100
0.000000
0.000000
0.021800
0.000000
0.039000
0.041200
0.004600
0.021300
0.000000
0.081300
0.000000
0.000000
0.000000
0.000000
0.000000
0.017500
0.000000
0.000000
0.000000
0.022400
0.000000
0.000000
0.003200
0.000000
0.000000
0.000000
0.000000
0.000000
0.021700
0.000000
0.058900
0.000000
0.000000
0.023000
0.058200
0.000000
0.014300
0.000000
0.016700
0.000000
0.000000
0.022400
0.000000
0.028000
0.000000
0.000000
0.000000
0.153600
0.020200
0.041700
0.000000
0.020500
0.038900
0.044600
0.000000
0.000000
0.000000
0.000000
0.000000
0.000000
0.016600
0.000000
0.000000
0.000000
0.000000
0.000000
0.000000
0.043200
0.000000
0.000000
0.000000
0.018100
0.018900
0.020900
0.000000
0.000000
0.000000
0.000000
0.000000
0.000000
0.000000
0.000000
0.000000
0.000000
0.000000
0.000000
0.061900
0.000000
0.003100
0.035800
0.000000
0.000000
0.000000
0.020500
0.000000
0.000000
0.000000
0.000000
0.021200
0.000000
0.000000
0.000000
0.000000
0.000000
0.000000
0.000000
0.000000
0.000000
0.000000
0.000000
0.018300
0.000000
0.000000
0.000000
0.056400
0.000000
0.000000
0.000000
0.000000
0.000000
0.000000
0.000000
0.000000
0.000000
0.000000
0.000000
0.000000
0.019400
0.000000
0.023100
0.000000
0.000000
0.000000
0.000000
0.000000
0.000000
0.000000
0.000000
0.000000
0.130700
0.000000
0.000000
0.000000
0.000000
0.000000
0.000000
0.000000
0.016900
0.000000
0.000000
0.061600
0.000000
0.000000
0.000000
0.035800
0.000000
0.019600
0.000000
0.000000
0.041600
0.019200
0.005500
0.021300
0.000000
0.022900
0.085400
0.000000
0.000000
0.061700
0.000000
0.000000
0.000000
0.000000
0.000000
0.000000
0.000000
0.000000
0.028600
0.000000
0.000000
0.000000
0.018600
0.000000
0.000000
0.000000
0.000000
0.000000
0.000000
0.000000
0.000000
0.000000
0.020200
0.000000
0.000000
0.000000
0.000000
0.000000
0.000000
0.020400
0.055500
0.000000
0.000000
0.000000
0.000000
0.000000
0.000000
0.000000
0.000000
0.000000
0.000000
0.003000
0.000000
0.000000
0.016700
0.000000
0.000000
0.021700
0.000000
0.000000
0.000000
0.000000
0.000000
0.000000
0.000000
0.000000
0.000000
0.000000
0.000000
0.000000
0.019900
0.000000
0.000000
0.021400
0.000000
0.000000
0.026200
0.000000
0.021300
0.102100
0.057700
0.000000
0.000000
0.018300
0.017500
0.000000
0.018200
0.018800
0.016800
0.000000
0.000000
0.040600
0.000000
0.000000
0.000000
0.000000
0.000000
0.000000
0.021500
0.000000
0.019400
0.000000
0.000000
0.037200
0.000000
0.000000
0.000000
0.000000
0.000000
0.020600
0.056400
0.000000
0.000000
0.000000
0.000000
0.000000
0.000000
0.000000
0.000000
0.000000
0.000000
0.000000
0.040500
0.000000
0.000000
0.000000
0.000000
0.000000
0.000000
0.000000
0.000000
0.000000
0.000000
0.000000
0.000000
0.016600
0.000000
0.025000
0.003300
0.000000
0.000000
0.000000
0.000000
0.000000
0.000000
0.000000
0.000000
0.000000
0.000000
0.000000
0.000000
0.040000
0.020700
0.000000
0.000000
0.038700
0.016700
0.022900
0.025700
0.056800
0.064500
0.000000
0.018900
0.000000
0.000000
0.000000
0.000000
0.000000
0.000000
0.000000
0.015800
0.000000
0.000000
0.024100
0.039100
0.000000
0.000000
0.000000
0.020900
0.000000
0.000000
0.000000
0.000000
0.000000
0.000000
0.000000
0.000000
0.018800
0.004400
0.000000
0.014300
0.000000
0.000000
0.000000
0.000000
0.000000
0.000000
0.000000
0.000000
0.000000
0.000000
0.000000
0.000000
0.000000
0.019600
0.000000
0.000000
0.000000
0.000000
0.000000
0.000000
0.000000
0.035600
0.000000
0.000000
0.000000
0.201500
0.000000
0.000000
0.000000
0.000000
0.000000
0.000000
0.000000
0.000000
0.000000
0.000000
0.000000
0.000000
0.000000
0.000000
0.000000
0.000000
0.019300
0.000000
0.000000
0.006000
0.019700
0.000000
0.000000
0.000000
0.000000
0.023800
0.000000
0.000000
0.000000
0.000000
0.000000
0.000000
0.000000
0.000000
0.000000
0.000000
0.000000
0.000000
0.000000
0.017900
0.050000
0.000000
0.018100
0.033300
0.035500
0.057100
0.000000
0.000000
0.009000
0.040900
0.016800
0.039900
0.000000
0.000000
0.000000
0.000000
0.000000
0.000000
0.000000
0.000000
0.000000
0.000000
0.000000
0.000000
0.000000
0.000000
0.048700
0.000000
0.000000
0.000000
0.000000
0.017100
0.000000
0.000000
0.055500
0.061000
0.000000
0.000000
0.018700
0.000000
0.000000
0.000000
0.000000
0.000000
0.000000
0.000000
0.000000
0.000000
0.000000
0.018800
0.000000
0.000000
0.000000
0.000000
0.058300
0.000000
0.000000
0.020400
0.000000
0.000000
0.041000
0.000000
0.000000
0.000000
0.000000
0.000000
0.000000
0.000000
0.000000
0.000000
0.000000
0.000000
0.035700
0.021400
0.000000
0.061600
0.037800
0.000000
0.019300
0.000000
0.018800
0.000000
0.000000
0.000000
0.000000
0.017700
0.000000
0.000000
0.000000
0.000000
0.000000
0.000000
0.026500
0.000000
0.000000
0.000000
0.000000
0.000000
0.000000
0.060900
0.000000
0.022000
0.000000
0.000000
0.043900
0.000000
0.000000
0.000000
0.000000
0.000000
0.042600
0.020700
0.000000
0.003200
0.092500
0.000000
0.000000
0.047300
0.020800
0.023600
0.000000
0.000000
0.000000
0.005200
0.034000
0.024200
0.000000
0.020000
0.054800
0.076600
0.041600
0.000000
0.000000
0.020800
0.031200
0.000000
0.000000
0.000000
0.000000
0.040200
0.000000
0.000000
0.028800
0.000000
0.014400
0.000000
0.000000
0.000000
0.000000
0.000000
0.000000
0.000000
0.000000
0.000000
0.034200
0.000000
0.000000
0.000000
0.000000
0.018700
0.000000
0.000000
0.022200
0.000000
0.000000
0.000000
0.000000
0.000000
0.000000
0.000000
0.020700
0.000000
0.000000
0.027400
0.000000
0.000000
0.000000
0.000000
0.000000
0.000000
0.000000
0.000000
0.020400
0.000000
0.017700
0.000000
0.025800
0.000000
0.104900
0.000000
0.021100
0.000000
0.051700
0.015600
0.000000
0.000000
0.000000
0.000000
0.000000
0.022000
0.000000
0.000000
0.019100
0.000000
0.000000
0.000000
0.000000
0.000000
0.000000
0.000000
0.000000
0.000000
0.018900
0.000000
0.000000
0.000000
0.000000
0.000000
0.000000
0.000000
0.000000
0.000000
0.000000
0.000000
0.000000
0.000000
0.000000
0.000000
0.000000
0.000000
0.024100
0.000000
0.017400
0.000000
0.000000
0.000000
0.000000
0.064000
0.000000
0.000000
0.000000
0.000000
0.000000
0.000000
0.000000
0.000000
0.000000
0.000000
0.019600
0.000000
0.000000
0.000000
0.000000
0.000000
0.000000
0.018200
0.000000
0.000000
0.000000
0.000000
0.000000
0.000000
0.018100
0.000000
0.000000
0.032000
0.000000
0.000000
0.000000
0.000000
0.018400
0.000000
0.042400
0.000000
0.017100
0.000000
0.000000
0.037500
0.000000
0.000000
0.000000
0.000000
0.020400
0.000000
0.000000
0.000000
0.000000
0.015600
0.000000
0.000000
0.000000
0.000000
0.037500
0.049500
0.000000
0.000000
0.000000
0.000000
0.000000
0.000000
0.000000
0.000000
0.000000
0.000000
0.000000
0.000000
0.000000
0.000000
0.000000
0.059200
0.000000
0.036300
0.000000
0.000000
0.000000
0.000000
0.000000
0.000000
0.000000
0.000000
0.000000
0.000000
0.032400
0.036600
0.000000
0.000000
0.000000
0.000000
0.017100
0.016000
0.000000
0.000000
0.000000
0.007400
0.000000
0.000000
0.000000
0.000000
0.000000
0.041800
0.021000
0.037800
0.036300
0.000000
0.000000
0.000000
0.000000
0.000000
0.023200
0.000000
0.000000
0.000000
0.000000
0.000000
0.000000
0.056300
0.000000
0.000000
0.000000
0.003600
0.000000
0.000000
0.000000
0.050900
0.000000
0.000000
0.000000
0.036100
0.000000
0.000000
0.023400
0.018900
0.000000
0.000000
0.000000
0.000000
0.000000
0.000000
0.019700
0.000000
0.000000
0.018200
0.000000
0.000000
0.000000
0.000000
0.000000
0.000000
0.018100
0.026200
0.039800
0.022300
0.000000
0.000000
0.000000
0.000000
0.000000
0.000000
0.020700
0.016600
0.000000
0.000000
0.000000
0.000000
0.000000
0.000000
0.024400
0.000000
0.000000
0.000000
0.000000
0.000000
0.000000
0.000000
0.000000
0.000000
0.000000
0.000000
0.020100
0.000000
0.000000
0.000000
0.000000
0.022800
0.019200
0.000000
0.000000
0.000000
0.000000
0.000000
0.000000
0.000000
0.000000
0.000000
0.000000
0.005300
0.000000
0.000000
0.000000
0.058700
0.000000
0.000000
0.000000
0.000000
0.000000
0.000000
0.000000
0.000000
0.040600
0.000000
0.000000
0.000000
0.000000
0.000000
0.000000
0.000000
0.000000
0.000000
0.000000
0.000000
0.063800
0.000000
0.000000
0.000000
0.000000
0.000000
0.000000
0.000000
0.000000
0.000000
0.000000
0.079800
0.000000
0.000000
0.000000
0.000000
0.000000
0.000000
0.000000
0.000000
0.000000
0.021600
0.000000
0.018600
0.000000
0.000000
0.000000
0.000000
0.000000
0.000000
0.073600
0.000000
0.000000
0.000000
0.000000
0.000000
0.000000
0.000000
0.000000
0.023600
0.000000
0.000000
0.000000
0.000000
0.019300
0.000000
0.000000
0.021500
0.000000
0.000000
0.000000
0.018700
0.021300
0.022600
0.021900
0.000000
0.003700
0.000000
0.000000
0.000000
0.024900
0.000000
0.020500
0.000000
0.000000
0.042400
0.000000
0.062600
0.000000
0.000000
0.003700
0.026900
0.000000
0.000000
0.000000
0.000000
0.000000
0.000000
0.000000
0.000000
0.000000
0.000000
0.000000
0.000000
0.089300
0.068200
0.000000
0.003100
0.000000
0.022500
0.015000
0.000000
0.000000
0.000000
0.000000
0.000000
0.000000
0.000000
0.000000
0.023500
0.000000
0.000000
0.000000
0.000000
0.000000
0.000000
0.000000
0.000000
0.000000
0.000000
0.000000
0.000000
0.000000
0.000000
0.020700
0.020100
0.000000
0.000000
0.044000
0.000000
0.016100
0.000000
0.000000
0.000000
0.000000
0.000000
0.020100
0.039500
0.017200
0.000000
0.055800
0.015900
0.066900
0.099700
0.016500
0.017200
0.021900
0.000000
0.036300
0.018600
0.000000
0.000000
0.000000
0.000000
0.038300
0.000000
0.033700
0.000000
0.000000
0.071900
0.000000
0.065800
0.063400
0.000000
0.016600
0.000000
0.018900
0.000000
0.000000
0.000000
0.022400
0.019400
0.075100
0.038700
0.000000
0.000000
0.041900
0.000000
0.041500
0.000000
0.000000
0.020700
0.000000
0.000000
0.000000
0.000000
0.000000
0.000000
0.000000
0.000000
0.000000
0.000000
0.000000
0.024800
0.000000
0.066100
0.000000
0.000000
0.019000
0.000000
0.020500
0.000000
0.000000
0.000000
0.000000
0.000000
0.041400
0.017300
0.000000
0.000000
0.000000
0.004500
0.045800
0.000000
0.000000
0.000000
0.000000
0.000000
0.000000
0.000000
0.000000
0.000000
0.000000
0.000000
0.000000
0.017100
0.000000
0.000000
0.000000
0.018600
0.000000
0.000000
0.038300
0.039000
0.060100
0.000000
0.020300
0.000000
0.000000
0.000000
0.003400
0.050900
0.007300
0.000000
0.000000
0.000000
0.020700
0.000000
0.028100
0.000000
0.000000
0.019900
0.018800
0.037600
0.022600
0.061400
0.000000
0.000000
0.000000
0.000000
0.000000
0.000000
0.000000
0.000000
0.000000
0.048700
0.000000
0.000000
0.000000
0.020300
0.012800
0.000000
0.041400
0.095100
0.019800
0.035800
0.058000
0.000000
0.000000
0.000000
0.000000
0.000000
0.015700
0.018500
0.000000
0.000000
0.000000
0.033900
0.080800
0.000000
0.137600
0.098900
0.030600
0.000000
0.056700
0.022700
0.000000
0.000000
0.000000
0.000000
0.000000
0.004200
0.000000
0.000000
0.000000
0.000000
0.023800
0.019700
0.000000
0.000000
0.000000
0.000000
0.000000
0.000000
0.000000
0.000000
0.000000
0.000000
0.000000
0.000000
0.019600
0.043600
0.019500
0.019500
0.000000
0.060200
0.030300
0.000000
0.071400
0.000000
0.018400
0.000000
0.038800
0.000000
0.016600
0.000000
0.020200
0.000000
0.000000
0.000000
0.000000
0.000000
0.000000
0.000000
0.000000
0.000000
0.048200
0.000000
0.018900
0.000000
0.000000
0.000000
0.000000
0.000000
0.000000
0.000000
0.000000
0.000000
0.000000
0.042400
0.054200
0.000000
0.000000
0.019900
0.000000
0.016900
0.000000
0.000000
0.000000
0.000000
0.018400
0.000000
0.000000
0.000000
0.000000
0.000000
0.000000
0.000000
0.050400
0.000000
0.000000
0.000000
0.000000
0.000000
0.000000
0.021600
0.000000
0.030900
0.043400
0.000000
0.006100
0.016000
0.000000
0.000000
0.022400
0.000000
0.041000
0.000000
0.000000
0.020700
0.000000
0.000000
0.000000
0.000000
0.000000
0.036900
0.000000
0.000000
0.111600
0.005200
0.021500
0.000000
0.000000
0.079600
0.020600
0.004200
0.000000
0.000000
0.000000
0.075300
0.019000
0.040200
0.000000
0.000000
0.050100
0.000000
0.055100
0.020500
0.000000
0.000000
0.000000
0.000000
0.000000
0.000000
0.000000
0.000000
0.000000
0.000000
0.000000
0.036600
0.017400
0.000000
0.000000
0.000000
0.035500
0.000000
0.000000
0.000000
0.023800
0.004400
0.000000
0.000000
0.000000
0.000000
0.000000
0.000000
0.000000
0.033400
0.023300
0.000000
0.007400
0.000000
0.000000
0.000000
0.000000
0.000000
0.018000
0.022000
0.040400
0.007500
0.000000
0.021800
0.000000
0.000000
0.000000
0.005900
0.000000
0.000000
0.000000
0.015800
0.000000
0.040300
0.000000
0.000000
0.005400
0.000000
0.000000
0.000000
0.017100
0.000000
0.027500
0.000000
0.040700
0.000000
0.000000
0.000000
0.000000
0.000000
0.000000
0.000000
0.000000
0.080700
0.000000
0.036300
0.000000
0.022300
0.000000
0.000000
0.000000
0.024600
0.059700
0.000000
0.019700
0.032400
0.000000
0.000000
0.029200
0.000000
0.000000
0.000000
0.000000
0.023800
0.000000
0.000000
0.000000
0.000000
0.000000
0.018600
0.000000
0.000000
0.040600
0.000000
0.000000
0.000000
0.000000
0.000000
0.000000
0.000000
0.000000
0.000000
0.000000
0.000000
0.000000
0.000000
0.021100
0.020600
0.006500
0.000000
0.000000
0.000000
0.000000
0.004200
0.000000
0.000000
0.000000
0.000000
0.000000
0.040800
0.016600
0.000000
0.000000
0.000000
0.017500
0.000000
0.000000
0.000000
0.000000
0.000000
0.000000
0.000000
0.000000
0.000000
0.000000
0.000000
0.000000
0.042900
0.000000
0.000000
0.000000
0.000000
0.000000
0.000000
0.000000
0.000000
0.000000
0.000000
0.000000
0.000000
0.000000
0.000000
0.000000
0.000000
0.000000
0.000000
0.007000
0.000000
0.026000
0.000000
0.000000
0.000000
0.000000
0.000000
0.000000
0.057100
0.032600
0.000000
0.040900
0.000000
0.000000
0.000000
0.023300
0.000000
0.000000
0.000000
0.000000
0.000000
0.000000
0.000000
0.000000
0.000000
0.064200
0.019500
0.000000
0.020900
0.000000
0.015100
0.000000
0.019900
0.000000
0.000000
0.043600
0.000000
0.000000
0.000000
0.000000
0.000000
0.045000
0.000000
0.037300
0.000000
0.014600
0.000000
0.000000
0.017900
0.038700
0.015800
0.000000
0.019700
0.000000
0.000000
0.000000
0.032400
0.006000
0.020800
0.025900
0.000000
0.018100
0.000000
0.000000
0.015100
0.018100
0.035600
0.000000
0.000000
0.000000
0.039200
0.000000
0.000000
0.000000
0.000000
0.064400
0.018500
0.021600
0.050000
0.000000
0.000000
0.000000
0.000000
0.000000
0.000000
0.064100
0.034700
0.000000
0.000000
0.000000
0.000000
0.020200
0.000000
0.037800
0.024700
0.000000
0.036100
0.000000
0.000000
0.020800
0.041200
0.060100
0.000000
0.000000
0.000000
0.000000
0.040900
0.000000
0.000000
0.000000
0.000000
0.029400
0.000000
0.000000
0.000000
0.000000
0.000000
0.000000
0.000000
0.021600
0.000000
0.000000
0.000000
0.000000
0.046100
0.000000
0.000000
0.002900
0.000000
0.015500
0.000000
0.000000
0.017300
0.000000
0.000000
0.000000
0.048700
0.000000
0.019800
0.000000
0.000000
0.000000
0.000000
0.018600
0.000000
0.000000
0.000000
0.000000
0.000000
0.000000
0.000000
0.000000
0.000000
0.071100
0.025100
0.021800
0.054900
0.021700
0.016700
0.000000
0.019300
0.053800
0.017800
0.017800
0.000000
0.000000
0.000000
0.000000
0.000000
0.016700
0.064200
0.000000
0.018800
0.015700
0.038400
0.000000
0.000000
0.000000
0.000000
0.000000
0.000000
0.000000
0.000000
0.000000
0.000000
0.000000
0.000000
0.073800
0.041300
0.000000
0.000000
0.039900
0.000000
0.000000
0.000000
0.000000
0.000000
0.006800
0.000000
0.000000
0.000000
0.000000
0.000000
0.000000
0.000000
0.035700
0.000000
0.000000
0.000000
0.000000
0.000000
0.059800
0.000000
0.015400
0.037600
0.019200
0.057300
0.043300
0.020700
0.052200
0.038700
0.041000
0.019500
0.000000
0.043700
0.000000
0.000000
0.017300
0.000000
0.000000
0.080700
0.037000
0.000000
0.000000
0.000000
0.000000
0.019000
0.000000
0.000000
0.021100
0.000000
0.044500
0.000000
0.000000
0.000000
0.000000
0.000000
0.000000
0.000000
0.000000
0.000000
0.000000
0.000000
0.039200
0.045400
0.000000
0.000000
0.000000
0.054200
0.060300
0.040200
0.021300
0.000000
0.000000
0.000000
0.037200
0.018000
0.079600
0.047800
0.000000
0.020400
0.015800
0.059200
0.058000
0.000000
0.000000
0.000000
0.000000
0.000000
0.037900
0.000000
0.000000
0.055500
0.083300
0.000200
0.000000
0.000000
0.000000
0.041000
0.000000
0.000000
0.000000
0.087300
0.021600
0.023100
0.004100
0.043200
0.000000
0.018000
0.000000
0.000000
0.048100
0.000000
0.000000
0.000000
0.000000
0.000000
0.000000
0.000000
0.000000
0.000000
0.000000
0.000000
0.031600
0.042600
0.020900
0.000000
0.000000
0.000000
0.000000
0.000000
0.040300
0.000000
0.016700
0.000000
0.000000
0.020400
0.000000
0.036300
0.000000
0.000000
0.000000
0.000000
0.020900
0.058200
0.000000
0.000000
0.000000
0.064000
0.136200
0.057100
