0
0
0
0
0
0
0
0
0
0
0
0
0
0
0
0
0
0
0
0
0
0
0
0
0
0
0
0
0
0
0
0
0
0
0
0
0
0
0
0
0
0
0
0
0
0
0
0
0
0
0
0
0
0
0
0
0
0
0
0
0
0
0
0
0
0
0
0
0
0
0
0
0
0
0
0
0
0
0
0
0
0
0
0
0
0
0
0
0
0
0
0
0
0
0
0
0
0
0
0
0
0
0
0
0
0
0
0
0
0
0
0
0
0
0
0
0
0
0
0
0
0
0
0
0
0
0
0
0
0
0
0
0
0
0
0
0
0
0
0
0
0
0
0
0
0
0
0
0
0
0
0
0
0
0
0
0
0
0
0
0
0
0
0
0
0
0
0
0
0
0
0
0
0
0
0
0
0
0
0
0
0
0
0
0
0
0
0
0
0
0
0
0
0
0
0
0
0
0
0
0
0
0
0
0
0
0
0
0
0
0
0
0
0
0
0
0
0
0
0
0
0
0
0
0
0
0
0
0
0
0
0
0
0
0
0
0
0
0
0
0
0
0
0
0
0
0
0
0
0
0
0
0
0
0
0
0
0
0
0
0
0
0
0
0
0
0
0
0
0
0
0
0
0
0
0
0
0
0
0
0
0
0
0
0
0
0
0
0
0
0
0
0
0
0
0
0
0
0
0
0
0
0
0
0
0
0
0
0
0
0
0
0
0
0
0
0
0
0
0
0
0
0
0
0
0
0
0
0
0
0
0
0
0
0
0
0
0
0
0
0
0
0
0
0
0
0
0
0
0
0
0
0
0
0
0
0
0
0
0
0
0
0
0
0
0
0
0
0
0
0
0
0
0
0
0
0
0
0
0
0
0
0
0
0
0
0
0
0
0
0
0
0
0
0
0
0
0
0
0
0
0
0
0
0
0
0
0
0
0
0
0
0
0
0
0
0
0
0
0
0
0
0
0
0
0
0
0
0
0
0
0
0
0
0
0
0
0
0
0
0
0
0
0
0
0
0
0
0
0
0
0
0
0
0
0
0
0
0
0
0
0
0
0
0
0
0
0
0
0
0
0
0
0
0
0
0
0
0
0
0
0
0
0
0
0
0
0
0
0
0
0
0
0
0
0
0
0
0
0
0
0
0
0
0
0
0
0
0
0
0
0
0
0
0
0
0
0
0
0
0
0
0
0
0
0
0
0
0
0
0
0
0
0
0
0
0
0
0
0
0
0
0
0
0
0
0
0
0
0
0
0
0
0
0
0
0
0
0
0
0
0
0
0
0
0
0
0
0
0
0
0
0
0
0
0
0
0
0
0
0
0
0
0
0
0
0
0
0
0
0
0
0
0
0
0
0
0
0
0
0
0
0
0
0
0
0
0
0
0
0
0
0
0
0
0
0
0
0
0
0
0
0
0
0
0
0
0
0
0
0
0
0
0
0
0
0
0
0
0
0
0
0
0
0
0
0
0
0
0
0
0
0
0
0
0
0
0
0
0
0
0
0
0
0
0
0
0
0
0
0
0
0
0
0
0
0
0
0
0
0
0
0
0
0
0
0
0
0
0
0
0
0
0
0
0
0
0
0
0
0
0
0
0
0
0
0
0
0
0
0
0
0
0
0
0
0
0
0
0
0
0
0
0
0
0
0
0
0
0
0
0
0
0
0
0
0
0
0
0
0
0
0
0
0
0
0
0
0
0
0
0
0
0
0
0
0
0
0
0
0
0
0
0
0
0
0
0
0
0
0
0
0
0
0
0
0
0
0
0
0
0
0
0
0
0
0
0
0
0
0
0
0
0
0
0
0
0
0
0
0
0
0
0
0
0
0
0
0
0
0
0
0
0
0
0
0
0
0
0
0
0
0
0
0
0
0
0
0
0
0
0
0
0
0
0
0
0
0
0
0
0
0
0
0
0
0
0
0
0
0
0
0
0
0
0
0
0
0
0
0
0
0
0
0
0
0
0
0
0
0
0
0
0
0
0
0
0
0
0
0
0
0
0
0
0
0
0
0
0
0
0
0
0
0
0
0
0
0
0
0
0
0
0
0
0
0
0
0
0
0
0
0
0
0
0
0
0
0
0
0
0
0
0
0
0
0
0
0
0
0
0
0
0
0
0
0
0
0
0
0
0
0
0
0
0
0
0
0
0
0
0
0
0
0
0
0
0
0
0
0
0
0
0
0
0
0
0
0
0
0
0
0
0
0
0
0
0
0
0
0
0
0.0193
0.206
0
0
0
0
0
0
0
0
0
0
0
0
0
0
0
0
0
0
0
0
0
0
0
0
0.019
0
0
0
0
0
0
0
0
0
0
0
0
0
0
0
0
0
0
0
0
0
0
0
0
0
0
0
0
0
0
0
0
0
0
0
0
0
0
0
0
0
0
0
0
0
0
0
0
0
0
0
0
0
0
0
0
0
0
0
0
0
0
0
0
0
0
0
0
0
0
0
0
0
0
0
0
0.0357
0.0036
0
0
0
0
0
0
0
0
0
0
0
0
0.0215
0
0
0
0
0
0
0
0.0206
0
0
0
0
0
0
0
0
0
0.0045
0
0
0
0
0
0
0
0
0
0
0
0
0
0
0
0
0
0
0
0
0
0
0
0
0
0
0
0
0
0
0
0
0
0
0
0
0
0
0
0
0
0
0
0
0
0
0
0
0
0
0
0
0
0
0
0
0
0
0
0
0
0
0
0
0
0
0
0
0
0
0
0
0
0
0
0
0
0
0
0
0
0
0
0
0
0
0
0
0
0
0
0
0
0
0
0
0
0
0
0
0
0
0
0
0
0
0
0
0
0
0
0
0
0
0
0
0
0
0
0
0
0
0
0
0
0
0
0
0
0
0
0
0
0
0
0
0
0
0
0
0
0
0
0
0
0
0
0
0
0
0
0
0
0
0
0
0
0
0
0
0
0
0
0
0
0
0
0
0
0
0
0
0
0
0
0
0
0
0
0
0
0
0
0
0
0
0
0
0
0
0
0
0
0
0
0
0
0
0
0
0
0
0
0
0
0
0
0
0
0
0
0
0
0
0
0
0
0
0
0
0
0
0
0
0
0
0
0
0
0
0
0
0
0
0
0
0
0
0
0
0
0
0
0
0
0
0
0
0
0
0
0
0
0
0
0
0
0
0
0
0
0
0
0
0
0
0
0
0
0
0
0
0
0
0
0
0
0
0
0
0
0
0
0
0
0
0
0
0
0
0
0
0
0
0
0
0
0
0
0
0
0
0
0
0
0
0
0
0
0
0
0
0
0
0
0
0
0
0
0
0
0
0
0
0
0
0
0
0
0
0
0
0
0
0
0
0
0
0
0
0
0
0
0
0
0
0
0
0
0
0
0
0
0
0
0
0
0
0
0
0
0
0
0
0
0
0.0243
0
0
0
0
0
0
0
0
0
0
0
0
0
0
0
0
0
0
0
0
0
0
0
0
0
0
0
0
0
0
0
0
0
0
0
0
0.0198
0
0
0
0
0
0
0
0
0
0
0
0
0
0
0.042
0
0.0097
0
0
0
0
0
0
0
0
0
0.0378
0.0361
0
0
0
0
0.0179
0
0
0.0089
0.0171
0
0
0
0.0171
0
0
0
0
0
0
0
0
0
0
0
0
0.0527
0
0
0
0
0
0
0.0269
0
0
0.0181
0
0
0.0322
0
0.0306
0.0344
0
0
0
0.0252
0.0215
0
0
0.0566
0.0143
0
0
0
0
0.0247
0
0
0
0
0
0
0.0342
0
0.0072
0
0
0
0
0
0
0
0
0
0.0255
0
0
0
0
0
0
0
0
0
0
0.0178
0
0.0155
0
0
0
0
0
0.073
0
0
0
0
0
0
0
0
0
0
0
0
0
0
0
0
0
0
0
0
0
0
0
0
0
0
0
0
0
0
0
0
0
0
0
0
0
0
0
0
0
0
0
0
0
0.0185
0
0
0
0
0
0.0277
0
0
0
0
0
0
0
0.0088
0
0
0
0
0
0
0.0213
0
0
0
0
0
0
0
0
0.0068
0
0
0
0
0
0.0204
0
0
0
0
0
0
0
0
0
0
0.028
0
0
0
0
0
0
0
0
0
0
0
0
0
0
0
0
0
0
0
0
0
0
0
0
0
0
0
0
0
0.008
0
0
0
0
0
0
0
0.0211
0
0.0154
0
0
0
0
0
0
0
0
0
0
0
0
0
0.0093
0
0
0
0
0
0
0
0
0
0
0
0
0
0
0
0
0
0
0
0
0
0
0
0
0
0
0
0
0
0
0
0
0
0
0
0
0
0
0
0
0
0
0
0
0
0
0
0
0
0.0045
0
0
0
0
0
0
0
0
0
0
0
0
0
0
0
0
0
0
0
0
0
0
0
0
0
0
0
0
0
0
0
0.0254
0
0
0
0
0.028
0
0
0
0
0
0
0
0
0
0
0.0222
0
0
0
0
0
0
0
0
0
0.0175
0
0
0.0035
0
0
0
0
0.0245
0
0
0
0.0195
0
0
0
0
0
0
0
0
0.0142
0
0
0
0.0183
0
0
0
0
0
0
0
0
0
0
0
0
0
0
0
0
0
0
0
0
0
0
0
0
0
0
0
0.0267
0
0
0
0.02
0
0
0.0121
0
0
0
0
0
0
0.0179
0
0
0
0
0
0
0
0
0
0
0
0
0
0.0341
0
0
0
0
0
0
0
0
0
0
0
0
0
0
0
0
0
0
0
0
0
0
0
0
0
0
0
0
0
0
0
0
0
0
0
0
0
0
0
0
0
0
0
0
0
0
0
0
0
0.0264
0
0
0
0
0
0
0
0
0
0.0207
0.0361
0
0
0
0
0
0
0
0
0.0027
0
0
0
0
0
0
0
0
0
0
0
0
0
0
0
0
0
0
0
0
0
0
0
0
0
0
0
0
0
0
0
0
0
0
0
0
0
0
0
0
0
0
0
0
0
0
0
0
0.0218
0
0
0.0228
0
0
0
0
0
0
0
0
0
0
0
0
0
0
0
0
0
0
0
0
0
0
0
0
0
0.0189
0
0
0
0
0
0
0
0
0
0
0
0
0
0
0
0
0
0
0
0
0
0
0
0
0
0
0
0
0
0
0
0
0
0
0
0.0206
0.0059
0
0
0.0185
0
0
0
0
0
0
0
0
0
0
0
0
0
0
0
0
0
0
0
0
0
0.036
0
0
0
0
0
0
0
0
0
0
0
0
0
0
0
0
0
0
0
0
0
0
0
0
0
0
0
0
0
0
0
0
0
0
0
0
0
0
0
0
0
0
0
0
0
0
0
0
0
0
0
0
0
0
0
0
0
0
0
0
0
0.0224
0
0
0
0.0274
0.0096
0.0324
0
0
0
0
0
0
0
0
0
0
0
0
0
0
0
0
0
0
0
0
0
0
0
0
0
0
0
0
0
0
0
0
0
0
0
0
0
0
0
0
0
0
0
0.0152
0.0376
0
0
0
0.0323
0
0
0
0
0
0
0
0
0
0
0
0
0
0
0
0
0
0
0
0
0
0
0
0
0
0
0
0
0
0
0
0
0
0
0
0
0
0
0
0
0
0
0
0
0
0.0202
0
0
0
0
0
0
0
0.0298
0
0
0
0
0
0
0.0445
0
0
0
0
0
0
0
0
0
0
0
0
0
0
0
0
0
0
0
0
0
0
0
0
0
0
0
0
0
0
0
0
0
0
0
0
0
0
0
0
0
0
0
0
0
0
0
0
0
0
0
0
0
0.0053
0
0
0
0
0
0
0
0
0
0
0
0
0
0
0
0
0
0
0
0
0
0
0
0
0
0
0
0
0
0
0
0
0
0.0211
0
0
0
0
0
0
0
0
0
0
0
0
0
0
0
0.0187
0
0
0.0141
0
0
0
0
0
0
0
0
0
0
0
0
0.0442
0
0
0
0
0
0
0
0
0
0
0
0
0
0
0
0
0
0
0
0
0
0
0
0
0
0
0
0
0
0
0
0
0
0
0
0
0
0
0
0
0
0
0
0
0
0
0
0
0
0
0
0
0
0
0
0
0
0
0
0
0
0
0
0
0
0
0
0
0
0
0
0
0
0
0
0
0
0
0
0
0
0
0
0
0
0
0
0
0
0
0.0047
0
0.0277
0
0
0
0
0
0
0
0
0
0
0
0
0
0
0
0
0
0
0
0
0
0
0
0
0
0
0
0
0.0051
0
0
0
0
0
0
0
0
0.0068
0
0
0
0
0
0
0
0
0
0
0
0
0
0
0
0
0
0
0
0
0
0
0
0
0
0
0
0
0
0
0
0
0
0
0
0
0
0
0
0
0
0
0
0
0
0.0178
0
0
0
0
0
0
0
0
0
0
0
0
0
0.0076
0
0
0
0
0
0
0
0
0
0
0
0
0
0
0
0
0
0
0.0089
0.0225
0
0
0
0
0
0
0
0
0
0.0445
0
0.0231
0
0
0
0
0
0
0
0
0
0
0
0
0
0
0
0
0
0
0
0.006
0
0
0
0.0164
0
0.0185
0
0
0.0278
0
0.0181
0
0
0
0
0
0
0.0066
0
0
0
0
0
0
0
0
0
0
0
0
0
0
0
0
0
0
0
0
0
0
0
0
0
0.0263
0
0
0
0
0
0
0
0
0
0
0
0
0
0
0
0
0
0
0
0
0
0
0
0
0
0
0
0
0
0
0
0
0
0
0
0
0
0
0
0
0
0
0
0
0
0
0
0
0
0
0
0
0
0
0
0
0
0
0
0
0.0094
0
0
0
0
0
0
0
0
0
0
0
0
0
0
0
0
0
0
0
0
0
0
0
0
0
0
0
0
0
0
0
0
0
0
0
0
0
0
0
0
0
0
0
0
0
0
0
0
0
0
0
0
0
0
0
0
0
0
0
0
0
0
0
0
0
0
0
0
0
0
0
0
0
0
0
0
0
0
0
0.0047
0.0238
0
0
0
0
0
0
0
0
0
0
0
0
0
0
0
0
0
0
0
0
0
0
0
0
0
0
0
0
0
0
0
0
0
0
0.0254
0
0
0
0
0
0
0
0
0
0
0
0
0
0
0
0
0
0
0.0183
0
0
0
0
0
0.0063
0
0
0
0.0219
0
0
0
0
0
0
0
0
0.0132
0
0.0359
0
0
0
0
0
0
0
0
0
0
0
0
0
0
0
0
0
0
0.0036
0
0
0
0
0
0
0
0
0
0
0
0
0
0.0379
0.0099
0
0
0.0283
0
0
0
0
0
0
0.0217
0.076
0.0216
0.0151
0.1252
0
0.0224
0.0354
0
0.0119
0
0.013
0
0
0
0
0
0
0
0
0
0
0
0
0
0
0
0
0
0
0
0.0106
0.0074
0
0
0
0
0
0
0
0
0
0
0
0
0.0177
0
0
0
0
0
0
0
0
0
0
0
0
0
0
0
0
0
0
0
0.0301
0.0823
0.0063
0
0
0
0
0
0
0
0
0
0
0
0
0
0
0
0
0
0.0056
0
0.0096
0
0
0
0
0
0
0
0
0.0174
0
0
0
0
0
0
0
0
0
0
0
0
0
0
0
0
0
0
0
0
0
0
0
0
0
0
0
0
0
0
0
0
0
0
0.0104
0
0
0
0
0
0.019
0
0
0
0
0
0
0
0
0
0
0
0
0
0
0
0
0
0
0
0
0
0
0
0
0
0
0
0
0
0
0.0313
0
0
0
0
0
0
0
0
0
0
0
0
0
0
0
0
0
0
0
0
0
0
0
0
0
0
0
0
0
0
0
0
0
0
0
0
0
0
0
0
0
0
0.0297
0
0
0
0
0
0
0
0
0
0
0
0
0
0
0
0
0
0
0
0
0
0
0
0
0
0
0
0.0204
0
0
0
0
0
0.0078
0
0
0
0
0
0
0
0
0
0
0.025
0
0
0.0207
0
0
0
0
0
0
0
0
0.11
0.0187
0
0
0
0.045
0
0
0
0
0
0
0.0091
0
0
0
0
0
0
0
0
0
0
0
0
0.0174
0.0022
0.0333
0
0
0
0
0
0
0
0
0
0
0
0
0
0
0
0
0
0
0
0
0
0
0
0
0.0198
0
0
0
0
0
0
0
0
0
0.0273
0
0
0
0
0.0287
0
0
0.0219
0
0
0.0226
0.0076
0.0207
0
0
0
0
0
0.0046
0
0
0
0.0047
0
0
0.0244
0
0
0.0099
0
0.0236
0
0.0101
0
0
0.0052
0
0
0
0
0
0
0
0
0.0249
0.0109
0
0
0.0089
0.0394
0
0
0
0
0
0
0
0
0
0
0
0
0
0
0
0
0
0
0
0
0
0
0
0
0
0
0
0
0
0
0
0
0
0.0238
0
0
0
0
0
0
0
0
0
0
0
0
0
0.0173
0
0
0.0368
0
0
0.0223
0
0
0.0367
0.0181
0.0192
0.0067
0
0.0096
0
0
0.0073
0
0
0
0
0.0571
0
0
0
0
0
0.0421
0
0
0
0
0.0389
0
0
0
0
0.0427
0.0209
0.0093
0
0
0
0
0
0
0
0
0
0
0
0
0
0.0142
0
0
0
0
0.0213
0
0
0
0
0
0
0
0
0
0
0
0.0362
0
0
0
0
0
0.013
0
0
0
0
0
0
0
0
0
0
0
0.0201
0
0
0.0199
0
0
0
0
0
0
0
0
0
0
0
0
0
0
0
0
0
0.0337
0
0
0
0
0
0
0
0
0
0
0
0
0
0
0
0
0
0
0
0
0
0.0236
0
0
0.05
0
0
0
0
0
0
0
0
0
0
0
0.0153
0.002
0
0
0
0.019
0
0
0
0
0
0.0421
0
0
0
0.023
0.005
0
0.0098
0
0.022
0.0206
0
0
0
0
0
0
0
0.0154
0
0
0.0157
0
0
0.0066
0
0.0167
0
0
0
0
0
0
0.0114
0
0.0208
0
0
0
0
0
0
0
0
0.0083
0
0
0
0
0
0
0
0
0
0
0
0.0439
0
0
0
0
0
0
0
0
0
0
0
0
0.0266
0
0
0
0
0
0.0219
0
0
0
0
0
0
0
0
0
0
0
0
0
0
0
0
0
0
0
0
0
0
0
0
0
0
0
0
0
0
0
0
0
0
0
0
0
0
0
0
0.0198
0
0.0203
0
0
0
0.0126
0
0.0809
0
0
0.0114
0
0
0.0177
0.0158
0
0
0.0202
0
0
0
0.0053
0
0
0
0.0243
0
0
0
0.0167
0
0.0901
0
0
0
0
0
0.0129
0.0302
0
0
0
0.023
0
0
0
0
0
0
0
0
0
0
0
0
0
0
0
0.0217
0
0
0.0067
0
0
0
0
0
0
0
0
0
0
0.022
0
0
0
0
0
0
0
0
0
0.0225
0
0
0.0336
0
0
0
0
0
0
0
0
0
0.0504
0.0044
0
0.0228
0
0
0
0
0
0
0
0.0681
0
0
0
0
0
0
0
0
0
0
0
0
0
0
0
0
0
0
0.0541
0.0482
0
0.0187
0
0
0
0
0
0
0.0405
0.0296
0.0085
0
0
0
0
0
0
0
0
0
0
0
0
0
0.0169
0
0
0
0.0413
0
0
0.0074
0
0
0
0
0
0
0
0
0
0
0
0
0
0
0
0
0
0
0
0
0
0
0.0159
0
0
0
0
0
0
0
0
0
0
0
0
0
0
0
0
0
0
0.0336
0
0
0
0.0172
0
0
0
0
0
0
0.0368
0
0
0.0054
0
0
0.0062
0
0
0
0.0409
0.0132
0.0034
0
0
0
0
0
0
0
0
0.0109
0
0
0
0
0
0
0
0
0
0
0
0
0
0.0473
0
0
0
0
0.0158
0.0226
0
0
0
0
0
0
0
0.0191
0
0
0
0
0
0
0
0
0
0
0
0.0213
0
0
0.0445
0
0
0
0.0554
0
0
0
0.0035
0.0108
0
0
0
0
0
0
0
0
0.0094
0.0085
0
0
0.0481
0
0
0
0.0224
0
0
0
0.0336
0
0.0265
0
0
0.0365
0
0
0
0
0
0
0.1196
0
0
0
0
0
0
0
0
0
0
0.0301
0
0.0342
0.026
0
0.0038
0.0096
0
0
0
0
0
0
0.0165
0
0
0
0
0
0
0
0
0
0
0
0
0
0
0
0
0.0242
0.0222
0
0.0092
0
0
0
0
0.0136
0.0063
0
0
0
0
0
0
0
0
0
0
0
0
0
0
0
0
0
0
0
0
0
0
0
0
0
0
0.0147
0
0
0
0
0.0165
0
0
0
0.0383
0
0
0
0
0.0042
0
0
0
0
0.0111
0
0
0
0
0
0
0
0
0
0
0.0242
0
0
0
0
0
0
0
0
0
0
0
0
0
0
0.0036
0
0
0.0218
0
0
0
0
0
0
0
0
0
0
0
0
0
0
0
0
0
0
0
0
0.0329
0
0
0
0
0
0
0
0
0
0
0
0
0
0
0
0
0
0
0
0
0
0
0
0
0
0
0
0
0
0
0
0
0
0
0
0
0
0
0
0
0
0
0.0026
0
0
0
0
0
0
0
0
0
0
0
0
0
0
0
0
0
0
0
0
0.03
0
0
0
0
0
0
0
0
0
0
0
0
0
0
0
0
0
0
0
0
0
0
0
0.0361
0
0
0
0
0
0
0
0
0
0
0
0
0
0.0052
0
0
0
0
0
0
0
0
0
0
0.0402
0
0.0215
0
0
0
0.0072
0
0
0
0
0
0
0
0.0177
0.0152
0.0187
0
0
0
0
0
0
0.0398
0
0
0
0.0071
0
0.0333
0.0186
0
0.0575
0
0
0
0
0
0.0179
0.0241
0
0
0
0
0
0
0
0
0
0
0
0
0
0
0
0
0
0
0
0
0
0
0
0
0
0
0.0387
0.0406
0.0108
0.0159
0
0.0194
0
0
0.008
0
0
0.0423
0
0
0
0
0.0361
0
0
0
0
0.0115
0.019
0.0026
0.0245
0
0
0
0
0
0
0
0
0
0
0
0
0
0
0
0
0.0253
0
0
0
0.0463
0
0
0
0.0115
0
0.034
0
0
0.0278
0
0
0
0.0227
0.0113
0
0
0
0
0
0.0033
0
0
0
0
0
0
0
0
0
0
0
0
0
0
0
0
0
0
0
0
0
0
0
0
0
0
0
0
0
0
0.0089
0
0.0216
0.0169
0
0
0
0
0
0
0
0
0
0
0
0
0
0
0
0
0
0
0
0.038
0
0
0
0
0.0054
0
0.01
0
0.0234
0
0
0
0
0
0.0349
0
0
0
0.0174
0
0.0237
0
0
0.0477
0
0
0
0.0404
0.0583
0
0.0198
0
0
0
0
0.0049
0
0
0.0201
0
0
0
0
0.0477
0.0164
0.02
0
0
0.0217
0
0
0
0
0
0
0
0
0
0
0
0
0
0
0
0
0
0
0
0
0
0
0
0
0
0
0.0191
0
0
0
0
0
0
0
0
0
0
0
0
0
0
0
0
0
0.0693
0
0
0
0
0
0
0.0238
0.0802
0
0
0
0
0
0
0
0
0.0453
0
0
0
0
0
0
0
0.0197
0
0
0.0115
0.026
0.0358
0
0.0317
0
0.0115
0
0.0225
0
0
0
0
0
0.0578
0.0117
0
0.0099
0
0
0
0
0.0409
0.01
0
0
0
0
0.0304
0
0
0
0
0
0
0
0.0037
0.0191
0
0
0
0
0
0
0
0
0
0
0
0.0485
0.0562
0
0
0.0119
0
0
0
0.0683
0
0.035
0
0.0221
0.0813
0
0
0
0
0
0.0253
0
0
0.0427
0
0
0
0.0406
0.0213
0
0
0
0.0102
0
0
0
0
0
0
0
0
0
0
0
0
0
0
0
0
0
0
0
0
0
0
0
0
0
0
0
0.0044
0.0199
0
0
0
0
0
0
0
0
0
0
0
0
0
0
0
0.0229
0
0
0
0
0
0.0225
0
0
0
0.026
0
0
0
0
0
0
0
0.0443
0
0
0
0
0
0.0121
0
0
0.0401
0.1371
0
0
0
0
0
0
0
0
0
0
0
0
0.0556
0
0
0
0
0
0
0
0
0
0.0182
0
0.0185
0
0
0
0
0
0.0383
0
0
0
0
0
0
0
