0.000000
0.000000
0.000000
0.000000
0.000000
0.000000
0.000000
0.000000
0.000000
0.000000
1.000000
1.000000
1.000000
1.000000
1.000000
1.000000
1.000000
1.000000
1.000000
1.000000
1.000000
2.000000
2.000000
2.000000
2.000000
2.000000
2.000000
2.000000
2.000000
2.000000
3.000000
3.000000
3.000000
3.000000
3.000000
4.000000
4.000000
4.000000
4.000000
4.000000
4.000000
4.000000
4.000000
4.000000
4.000000
4.000000
5.000000
5.000000
5.000000
5.000000
5.000000
5.000000
5.000000
5.000000
5.000000
5.000000
5.000000
5.000000
5.000000
5.000000
5.000000
6.000000
6.000000
6.000000
6.000000
6.000000
7.000000
7.000000
7.000000
7.000000
7.000000
7.000000
8.000000
8.000000
8.000000
8.000000
8.000000
8.000000
9.000000
9.000000
9.000000
9.000000
9.000000
9.000000
9.000000
10.000000
10.000000
10.000000
10.000000
10.000000
10.000000
10.000000
10.000000
10.000000
10.000000
10.000000
10.000000
10.000000
11.000000
11.000000
11.000000
11.000000
11.000000
11.000000
11.000000
11.000000
11.000000
11.000000
11.000000
11.000000
11.000000
12.000000
12.000000
12.000000
12.000000
12.000000
13.000000
13.000000
13.000000
13.000000
13.000000
13.000000
13.000000
13.000000
13.000000
14.000000
14.000000
14.000000
14.000000
14.000000
14.000000
14.000000
15.000000
15.000000
15.000000
15.000000
15.000000
16.000000
16.000000
16.000000
16.000000
16.000000
16.000000
16.000000
17.000000
17.000000
17.000000
17.000000
17.000000
18.000000
18.000000
18.000000
18.000000
18.000000
18.000000
18.000000
18.000000
18.000000
19.000000
19.000000
20.000000
20.000000
20.000000
21.000000
21.000000
21.000000
21.000000
21.000000
21.000000
21.000000
22.000000
22.000000
22.000000
22.000000
23.000000
23.000000
23.000000
24.000000
24.000000
24.000000
24.000000
25.000000
25.000000
25.000000
25.000000
26.000000
26.000000
27.000000
27.000000
27.000000
28.000000
28.000000
28.000000
28.000000
28.000000
29.000000
30.000000
30.000000
30.000000
31.000000
31.000000
32.000000
33.000000
33.000000
33.000000
33.000000
35.000000
36.000000
36.000000
37.000000
37.000000
37.000000
37.000000
38.000000
38.000000
38.000000
39.000000
39.000000
39.000000
40.000000
40.000000
41.000000
41.000000
42.000000
42.000000
42.000000
43.000000
44.000000
44.000000
45.000000
45.000000
46.000000
48.000000
48.000000
49.000000
50.000000
51.000000
53.000000
55.000000
55.000000
55.000000
57.000000
57.000000
58.000000
58.000000
58.000000
59.000000
61.000000
62.000000
62.000000
63.000000
66.000000
66.000000
69.000000
70.000000
71.000000
71.000000
72.000000
72.000000
72.000000
73.000000
75.000000
75.000000
76.000000
81.000000
84.000000
85.000000
86.000000
87.000000
87.000000
87.000000
87.000000
89.000000
91.000000
91.000000
93.000000
94.000000
95.000000
95.000000
95.000000
96.000000
96.000000
97.000000
98.000000
100.000000
101.000000
103.000000
112.000000
116.000000
118.000000
124.000000
131.000000
132.000000
132.000000
138.000000
145.000000
146.000000
149.000000
155.000000
158.000000
165.000000
165.000000
167.000000
170.000000
171.000000
196.000000
201.000000
201.000000
219.000000
220.000000
243.000000
257.000000
275.000000
297.000000
314.000000
323.000000
337.000000
