0.000000
0.000000
0.000000
0.000000
1.000000
1.000000
1.000000
1.000000
1.000000
1.000000
1.000000
1.000000
1.000000
1.000000
1.000000
1.000000
2.000000
2.000000
2.000000
2.000000
2.000000
2.000000
2.000000
2.000000
2.000000
2.000000
3.000000
3.000000
3.000000
3.000000
3.000000
3.000000
3.000000
3.000000
3.000000
3.000000
3.000000
4.000000
4.000000
4.000000
4.000000
4.000000
4.000000
4.000000
4.000000
4.000000
4.000000
4.000000
4.000000
4.000000
4.000000
5.000000
5.000000
5.000000
5.000000
5.000000
5.000000
5.000000
5.000000
5.000000
5.000000
6.000000
6.000000
6.000000
6.000000
6.000000
6.000000
6.000000
6.000000
6.000000
6.000000
6.000000
6.000000
6.000000
6.000000
6.000000
7.000000
7.000000
7.000000
7.000000
7.000000
7.000000
7.000000
7.000000
7.000000
8.000000
8.000000
8.000000
8.000000
8.000000
8.000000
8.000000
8.000000
8.000000
9.000000
9.000000
9.000000
9.000000
9.000000
9.000000
10.000000
10.000000
10.000000
10.000000
10.000000
10.000000
10.000000
11.000000
11.000000
11.000000
11.000000
11.000000
11.000000
11.000000
11.000000
12.000000
12.000000
12.000000
12.000000
12.000000
12.000000
12.000000
12.000000
12.000000
12.000000
12.000000
12.000000
13.000000
13.000000
13.000000
13.000000
13.000000
13.000000
13.000000
13.000000
13.000000
13.000000
14.000000
14.000000
14.000000
14.000000
14.000000
15.000000
15.000000
15.000000
15.000000
15.000000
15.000000
15.000000
16.000000
16.000000
16.000000
17.000000
17.000000
17.000000
17.000000
17.000000
17.000000
18.000000
18.000000
18.000000
18.000000
18.000000
18.000000
19.000000
19.000000
19.000000
20.000000
20.000000
20.000000
21.000000
22.000000
23.000000
23.000000
24.000000
24.000000
24.000000
24.000000
24.000000
25.000000
25.000000
25.000000
25.000000
26.000000
26.000000
26.000000
26.000000
27.000000
27.000000
28.000000
28.000000
28.000000
28.000000
28.000000
28.000000
29.000000
31.000000
31.000000
31.000000
31.000000
31.000000
32.000000
33.000000
34.000000
35.000000
35.000000
35.000000
36.000000
36.000000
38.000000
38.000000
41.000000
42.000000
43.000000
44.000000
44.000000
45.000000
45.000000
46.000000
47.000000
50.000000
50.000000
51.000000
51.000000
51.000000
52.000000
53.000000
54.000000
55.000000
55.000000
55.000000
55.000000
59.000000
60.000000
60.000000
60.000000
61.000000
65.000000
65.000000
66.000000
66.000000
67.000000
68.000000
68.000000
68.000000
69.000000
69.000000
73.000000
74.000000
75.000000
78.000000
79.000000
81.000000
84.000000
85.000000
85.000000
88.000000
92.000000
93.000000
94.000000
94.000000
96.000000
96.000000
96.000000
96.000000
99.000000
100.000000
101.000000
103.000000
103.000000
109.000000
110.000000
112.000000
114.000000
117.000000
117.000000
119.000000
122.000000
124.000000
126.000000
126.000000
127.000000
128.000000
129.000000
132.000000
138.000000
140.000000
141.000000
141.000000
143.000000
148.000000
150.000000
156.000000
161.000000
162.000000
163.000000
163.000000
167.000000
170.000000
180.000000
182.000000
192.000000
194.000000
207.000000
208.000000
218.000000
220.000000
223.000000
236.000000
239.000000
257.000000
262.000000
275.000000
279.000000
282.000000
284.000000
319.000000
