0.000000
0.000000
0.000000
0.000000
0.000000
0.000000
1.000000
1.000000
1.000000
1.000000
1.000000
1.000000
1.000000
1.000000
1.000000
1.000000
2.000000
2.000000
2.000000
2.000000
2.000000
2.000000
2.000000
2.000000
2.000000
2.000000
2.000000
2.000000
2.000000
3.000000
3.000000
3.000000
3.000000
3.000000
3.000000
3.000000
4.000000
4.000000
4.000000
4.000000
4.000000
4.000000
4.000000
4.000000
4.000000
5.000000
5.000000
5.000000
5.000000
5.000000
5.000000
6.000000
6.000000
6.000000
6.000000
6.000000
6.000000
6.000000
6.000000
6.000000
6.000000
6.000000
6.000000
7.000000
7.000000
7.000000
7.000000
7.000000
7.000000
7.000000
7.000000
8.000000
8.000000
8.000000
8.000000
8.000000
8.000000
8.000000
8.000000
8.000000
8.000000
9.000000
9.000000
9.000000
9.000000
9.000000
9.000000
9.000000
9.000000
9.000000
9.000000
9.000000
10.000000
10.000000
10.000000
10.000000
11.000000
11.000000
11.000000
11.000000
12.000000
12.000000
12.000000
12.000000
12.000000
12.000000
12.000000
13.000000
13.000000
13.000000
13.000000
13.000000
14.000000
14.000000
14.000000
14.000000
14.000000
15.000000
15.000000
15.000000
15.000000
15.000000
15.000000
16.000000
16.000000
16.000000
16.000000
16.000000
16.000000
16.000000
16.000000
17.000000
17.000000
17.000000
17.000000
17.000000
17.000000
17.000000
18.000000
18.000000
18.000000
19.000000
19.000000
19.000000
19.000000
19.000000
20.000000
20.000000
20.000000
20.000000
20.000000
20.000000
20.000000
20.000000
20.000000
21.000000
21.000000
21.000000
22.000000
22.000000
22.000000
23.000000
23.000000
23.000000
23.000000
24.000000
24.000000
24.000000
24.000000
24.000000
25.000000
25.000000
25.000000
26.000000
26.000000
26.000000
26.000000
26.000000
28.000000
28.000000
29.000000
29.000000
29.000000
30.000000
31.000000
31.000000
31.000000
32.000000
32.000000
34.000000
35.000000
35.000000
36.000000
36.000000
37.000000
38.000000
38.000000
39.000000
39.000000
39.000000
40.000000
40.000000
40.000000
40.000000
40.000000
41.000000
41.000000
41.000000
42.000000
43.000000
43.000000
43.000000
45.000000
46.000000
46.000000
47.000000
48.000000
48.000000
49.000000
51.000000
52.000000
52.000000
53.000000
54.000000
54.000000
55.000000
55.000000
56.000000
56.000000
56.000000
56.000000
57.000000
58.000000
59.000000
59.000000
61.000000
62.000000
62.000000
64.000000
65.000000
65.000000
66.000000
69.000000
69.000000
72.000000
72.000000
73.000000
74.000000
78.000000
79.000000
81.000000
81.000000
83.000000
83.000000
84.000000
84.000000
88.000000
88.000000
89.000000
92.000000
92.000000
94.000000
95.000000
95.000000
96.000000
98.000000
99.000000
100.000000
102.000000
105.000000
105.000000
105.000000
105.000000
106.000000
109.000000
109.000000
111.000000
113.000000
118.000000
118.000000
123.000000
125.000000
125.000000
128.000000
136.000000
137.000000
138.000000
144.000000
148.000000
153.000000
153.000000
158.000000
159.000000
166.000000
173.000000
175.000000
191.000000
193.000000
196.000000
202.000000
202.000000
207.000000
221.000000
223.000000
233.000000
235.000000
249.000000
252.000000
256.000000
278.000000
302.000000
322.000000
326.000000
337.000000
344.000000
368.000000
378.000000
