0
0.313734
0
0
0.697025
0
3.87105
0.455686
0
0
0
0
0
0
0
0
0
0
0
0
0
0
0
0
0
0
0
0
0
0
0
0
0
0
0
0
0
0
0
0
0
0
0
0
0
0
0
0
0
0
0
0
0
0
0
0
0
0
0
0
0
0
0
0
0
0
0
0
0
0
0
24.0034
0
1.43954
2.97233
9.82964
25.8651
19.9838
0
1.81239
13.4669
0.055387
0
9.16787
11.9642
9.28026
2.40191
13.7143
0.102824
23.1391
32.4486
9.31472
0
21.782
33.9168
26.0887
15.6937
23.039
0
21.644
11.7275
37.1653
10.9055
0
10.4252
26.9573
0
4.9211
2.74325
18.4569
0.25124
0.44451
16.6499
17.8375
2.48065
0
20.8699
3.07876
4.77825
0
34.944
0.062368
18.6206
0.809906
17.7981
9.89544
16.2885
5.86606
18.7993
15.2786
0.671252
15.1857
0.080559
29.8479
26.9494
1.53763
10.5219
16.268
0
2.18119
22.9158
0.485644
0
0.2462
55.4388
0
0
4.09854
1.90806
1.49611
12.8053
21.6524
2.84412
15.0313
0.188464
28.6407
1.89843
0.035839
4.04969
25.6324
0
2.49217
39.1728
0.198413
12.4533
24.4651
0.346514
34.8385
0
14.8273
8.55552
14.7856
0.073517
0
0
0
0.085928
7.3665
0.254139
4.51114
1.17903
6.52166
50.4472
3.3473
19.033
16.1416
0.087107
17.0634
0.550676
7.17302
1.56495
1.16329
3.53083
4.14122
0
1.29669
1.34368
6.66013
2.02778
0.407491
2.24099
0.555516
6.83229
1.85193
2.38697
0.171161
29.2438
3.18775
0.886565
0.751031
8.80121
7.27773
25.7003
32.7253
9.08078
11.527
1.3727
0.227728
3.96044
0
1.5218
2.22239
4.04949
0.50474
4.74769
1.30136
0.935169
0.365638
1.95116
1.26525
0.503967
10.9218
30.6482
0.542416
35.3134
0.159283
0.727584
1.93274
0.178525
6.27934
0.169605
11.1296
0.152998
1.57569
0
25.0785
0.154441
33.7739
5.6339
1.17446
2.61846
29.8605
3.63058
0.126462
13.2336
4.60066
0
30.7435
0
0
0
0
0
0
0
0
0
0
0
0
2.13534
9.58864
0.217012
6.91165
0.294314
0
0.565091
0
0
0.414815
0
0
0
0.283788
0.61456
0
0.184218
0
0
0
0
0
9.36303
0.101513
0
0
0
0
3.32863
0.345102
0
0
0
0
0
0
0
0.055575
2.02619
0
0.326204
0
0
0
0
2.3113
0
0
0
0
1.42475
0
8.28284
7.66832
0.078663
0
2.26159
0.303977
0.068699
2.89657
0.204626
1.51296
0.19559
0.082957
6.0312
1.43988
1.81689
13.9899
1.23246
5.2237
14.2604
1.37394
0
0.050929
11.8614
1.1308
0.436072
0.112374
2.3413
0.862344
0.521494
0.385122
2.46996
12.5992
41.8442
0
18.7113
0.574852
6.97989
0.418674
5.33449
4.0885
0.331016
10.6469
7.92761
0
25.0685
2.65965
14.9822
21.5224
0.686456
30.7266
24.7918
3.6602
0.669965
0
0
35.1248
24.5029
0.240709
0.229914
38.9704
4.35767
3.15422
0
0
0
0
0
0
0
0
0
0
0
0
0
0
0
0.348289
0.064833
0
0
4.11238
0
1.27475
0.592322
0
0
0
0.137393
0.352666
1.98909
0
0
0.100787
0.073136
0
3.74142
0
0
0
0.410064
0.19066
0
0
0
0.059956
3.58609
0
0
0
0
0
0
0
0
0
1.12383
0
0
0
0.07759
0
0
0
0
0
6.70379
0
0
0
0
0
0
0
0.096208
0
0
0
0
0
0
0
2.6308
0
0.147969
0
0
0
0
11.9255
0
0
0
0.089503
0
0
0
0
0.053025
0
0.212433
3.86333
0
0
0
0
0
0
0
0
0
0
0
0
0
0
0
0
0
0
0
0
0
0
0
0
0
0
0
0
0
0
0
0
0
0
0
0
0
0
0
0
0
0
0
0
0
0
0
0
0
0
0
0
0
0
0
0
0
0
0
0
0
0
0
0
0
0
0
0.707833
0
0.024229
1.52243
0
2.3165
5.57076
0
0
0
0
0
0
0
0.6118
0
0.058147
2.35817
0
0.163647
0
0
0
2.16259
0.1182
0
0
0
0
6.47426
0.787393
0
0.060821
0.403064
0
0
0.171049
0.432296
2.74704
5.38126
1.03304
0
0.234935
19.9814
5.19379
0
12.1848
0
0
6.13493
1.11362
0.84381
0.83763
8.54907
43.125
20.5517
0
0.943355
15.933
1.30917
3.46438
0.057117
0.627394
1.52293
0.075526
0.759189
0.494788
13.631
0.142143
27.9921
1.58301
2.24845
1.99521
20.6877
19.5809
15.0481
0.626324
0
28.7905
17.6573
3.25393
55.1136
1.29867
3.4694
0
0.258815
2.09216
0
0.144322
8.79212
6.88225
2.66033
12.3263
0.982107
42.4555
6.9205
9.60023
18.1501
3.55464
18.9741
1.34442
0.822822
11.1185
3.49496
15.9242
0.145736
2.92387
5.33833
0.205421
0.177864
30.1713
1.17284
9.27609
24.0642
1.91959
30.6043
43.0705
37.1836
4.64843
0.757557
0.460668
2.91284
0.272771
0
0
18.7821
0
4.3868
0.132445
8.57427
5.31478
0.14859
0.481363
39.9588
0
1.84948
1.10207
0.276113
0
0
0
1.75093
0
0
2.06782
0.118372
3.15826
0.436365
0.375042
0.916208
0.981466
40.0817
0.254392
0
0.38906
0
0
0
0
0
0.201674
0.060662
1.70295
0
0
0
2.99623
0
0
0
0
0
13.9009
0
0
1.74654
0.128775
0
3.15742
0
0
0
0
0.072039
0
0
0
0
0
0
0
0
0.079246
0
0
0
0.332832
0
0
0
0.312416
0.314991
0.389487
0
0
0
0
0
2.30606
0.427695
0.169974
3.62269
1.95106
2.76825
0.621821
0
0.350882
0.712841
0
0.797434
0
7.78548
0
1.54378
0.062655
23.2275
0
0
0
0
1.48037
10.8032
18.983
12.8017
0.175761
0.324591
0.557638
14.651
0
0.092594
1.06425
0.871097
0
10.0548
0.082528
6.30129
3.89035
0
2.1616
6.61491
13.0317
21.9481
9.64072
7.87861
0
19.6944
2.36225
26.2703
0
0.077943
0
0.241604
5.74579
0
0
2.84485
0
22.2965
0.600997
0
0.361182
0.570447
0.113156
0.067071
11.2283
0.043698
1.59773
0
5.27032
0
0
0
2.37028
1.28519
0
0
5.85858
1.30525
0.733669
2.39308
0.844893
0
0.779637
4.29726
0.59404
10.6187
0
39.5596
15.4498
0
0
1.33685
0.530838
0
0.063607
0
7.80394
17.9081
0
9.64746
0.101978
4.83019
0
0
2.77572
0
5.06095
10.369
0
0
0.264605
1.59049
3.49763
0
0
14.4581
4.05845
1.42578
0
0.116377
0
2.71577
0.321976
11.1215
1.40327
0.185963
21.7432
0.762985
0.384562
8.76335
6.02832
0.93856
33.2783
4.63912
2.04182
8.0778
5.4476
0
0
0.499447
0
3.93559
0.78412
1.60342
0
6.18075
0.221437
0
0
0
0.48269
0
4.2878
0
0.106808
1.87406
6.18375
33.5386
0
1.77401
0.077836
11.6417
0
2.99256
5.11698
0
0
0
28.5087
0.454898
3.95489
5.4499
2.82399
1.82612
15.6565
5.36998
1.13247
0.170095
0
0
0
0.092388
0
0.110995
0
0.241343
4.77266
14.742
0.490599
0.891772
1.83881
0.764144
3.22251
0.032202
14.107
0.547886
0
4.87689
23.1455
9.31912
1.24729
0
0.10762
10.531
2.08261
0
9.19045
12.66
0.818518
0.055597
32.4964
0.215508
2.26438
20.087
0.113511
5.11875
20.1076
5.92051
0.158764
0
6.84136
6.57865
10.0739
1.00925
0.987861
1.36025
0
31.9505
0.904255
0.577879
0.282853
7.01859
8.8757
1.10255
0
3.20964
25.7697
8.96158
0
