0.000000
0.000000
0.000000
0.000000
0.000000
0.000000
0.000000
0.000000
0.000000
0.000000
0.000000
0.000000
0.000000
0.000000
0.000000
0.000000
0.000000
0.000000
0.007300
0.000000
0.000000
0.000000
0.000000
0.000000
0.000000
0.000000
0.013500
0.028800
0.010200
0.000000
0.043000
0.000000
0.004000
0.000000
0.000000
0.000000
0.062400
0.000000
0.000000
0.017700
0.000000
0.000000
0.000000
0.000000
0.000000
0.000000
0.000000
0.000000
0.000000
0.000000
0.000000
0.035900
0.000000
0.000000
0.007000
0.000000
0.000000
0.000000
0.000000
0.000000
0.000000
0.018600
0.018100
0.000000
0.024800
0.000000
0.000000
0.000000
0.000000
0.000000
0.000000
0.000000
0.000000
0.000000
0.000000
0.000000
0.000000
0.000000
0.000000
0.000000
0.000000
0.000000
0.000000
0.000000
0.000000
0.000000
0.000000
0.021600
0.000000
0.000000
0.000000
0.000000
0.000000
0.000000
0.016800
0.000000
0.000000
0.000000
0.000000
0.016900
0.000000
0.000000
0.021400
0.000000
0.024700
0.000000
0.000000
0.000000
0.000000
0.003700
0.004300
0.000000
0.000000
0.000000
0.000000
0.000000
0.000000
0.000000
0.000000
0.000000
0.033600
0.000000
0.000000
0.000000
0.000000
0.000000
0.000000
0.000000
0.000000
0.000000
0.014300
0.000000
0.000000
0.000000
0.000000
0.000000
0.000000
0.000000
0.000000
0.000000
0.000000
0.000000
0.019300
0.000000
0.048200
0.000000
0.000000
0.000000
0.022000
0.000000
0.000000
0.000000
0.000000
0.000000
0.000000
0.000000
0.000000
0.000000
0.000000
0.000000
0.000000
0.000000
0.000000
0.000000
0.000000
0.000000
0.000000
0.000000
0.000000
0.000000
0.038300
0.000000
0.000000
0.000000
0.000000
0.000000
0.010500
0.000000
0.000000
0.000000
0.000000
0.002100
0.000000
0.000000
0.000000
0.000000
0.000000
0.000000
0.000000
0.033500
0.026300
0.000000
0.000000
0.000000
0.000000
0.000000
0.000000
0.000000
0.000000
0.000000
0.000000
0.000000
0.000000
0.000000
0.000000
0.000000
0.000000
0.000000
0.013800
0.000000
0.000000
0.000000
0.000000
0.000000
0.000000
0.000000
0.000000
0.000000
0.000000
0.000000
0.000000
0.000000
0.000000
0.000000
0.000000
0.000000
0.000000
0.000000
0.000000
0.000000
0.000000
0.000000
0.000000
0.000000
0.000000
0.000000
0.000000
0.000000
0.000000
0.000000
0.000000
0.000000
0.000000
0.002800
0.000000
0.000000
0.000000
0.000000
0.000000
0.000000
0.000000
0.000000
0.000000
0.000000
0.000000
0.000000
0.000000
0.000000
0.000000
0.000000
0.000000
0.000000
0.000000
0.014800
0.009200
0.000000
0.000000
0.004300
0.000000
0.000000
0.000000
0.000000
0.000000
0.016200
0.000000
0.024800
0.000000
0.000000
0.000000
0.000000
0.000000
0.000000
0.000000
0.000000
0.000000
0.058300
0.000000
0.000000
0.000000
0.000000
0.000000
0.000000
0.000000
0.000000
0.000000
0.000000
0.000000
0.000000
0.000000
0.000000
0.000000
0.000000
0.021100
0.000000
0.000000
0.000000
0.000000
0.000000
0.000000
0.000000
0.000000
0.000000
0.000000
0.000000
0.033500
0.000000
0.000000
0.000000
0.008900
0.017200
0.020800
0.000000
0.000000
0.000000
0.000000
0.000000
0.000000
0.000000
0.000000
0.000000
0.000000
0.000000
0.000000
0.000000
0.000000
0.000000
0.000000
0.000000
0.017300
0.000000
0.000000
0.000000
0.000000
0.000000
0.000000
0.008700
0.000000
0.009300
0.000000
0.000000
0.000000
0.000000
0.000000
0.004300
0.000000
0.000000
0.000000
0.000000
0.000000
0.000000
0.000000
0.000000
0.000000
0.000000
0.000000
0.000000
0.000000
0.000000
0.000000
0.035400
0.015100
0.000000
0.000000
0.000000
0.000000
0.000000
0.000000
0.000000
0.000000
0.000000
0.015300
0.000000
0.005100
0.000000
0.000000
0.000000
0.004900
0.008500
0.000000
0.000000
0.000000
0.000000
0.027400
0.000000
0.000000
0.000000
0.000000
0.000000
0.000000
0.000000
0.000000
0.005100
0.000000
0.017700
0.000000
0.020200
0.002700
0.000000
0.020600
0.000000
0.015000
0.000000
0.019100
0.000000
0.000000
0.000000
0.000000
0.029200
0.000000
0.000000
0.000000
0.000000
0.000000
0.000000
0.000000
0.000000
0.000000
0.000000
0.000000
0.000000
0.000000
0.000000
0.000000
0.000000
0.055800
0.000000
0.000000
0.000000
0.000000
0.000000
0.000000
0.000000
0.000000
0.000000
0.000000
0.000000
0.000000
0.000000
0.000000
0.000000
0.000000
0.000000
0.000000
0.000000
0.000000
0.000000
0.000000
0.000000
0.070200
0.000000
0.000000
0.000000
0.000000
0.080300
0.000000
0.000000
0.000000
0.000000
0.000000
0.000000
0.000000
0.000000
0.000000
0.000000
0.000000
0.000000
0.000000
0.000000
0.000000
0.000000
0.000000
0.000000
0.000000
0.000000
0.000000
0.000000
0.000000
0.000000
0.000000
0.000000
0.000000
0.000000
0.000000
0.000000
0.000000
0.000000
0.013800
0.000000
0.018700
0.000000
0.000000
0.000000
0.000000
0.000000
0.000000
0.000000
0.000000
0.013000
0.000000
0.017600
0.000000
0.000000
0.000000
0.000000
0.000000
0.000000
0.000000
0.000000
0.000000
0.000000
0.000000
0.000000
0.000000
0.000000
0.000000
0.000000
0.000000
0.000000
0.000000
0.021700
0.000000
0.000000
0.019700
0.000000
0.000000
0.000000
0.000000
0.000000
0.000000
0.000000
0.000000
0.022500
0.000000
0.036200
0.000000
0.000000
0.000000
0.000000
0.000000
0.000000
0.000000
0.000000
0.000000
0.000000
0.000000
0.000000
0.000000
0.000000
0.000000
0.000000
0.000000
0.000000
0.000000
0.000000
0.000000
0.000000
0.000000
0.000000
0.000000
0.000000
0.000000
0.000000
0.000000
0.000000
0.000000
0.000000
0.000000
0.000000
0.000000
0.000000
0.000000
0.000000
0.000000
0.000000
0.000000
0.000000
0.000000
0.000000
0.000000
0.000000
0.000000
0.000000
0.000000
0.000000
0.000000
0.000000
0.000000
0.000000
0.000000
0.000000
0.000000
0.000000
0.000000
0.000000
0.000000
0.000000
0.000000
0.000000
0.000000
0.000000
0.000000
0.000000
0.000000
0.000000
0.000000
0.000000
0.020200
0.000000
0.000000
0.000000
0.000000
0.000000
0.000000
0.000000
0.000000
0.000000
0.000000
0.000000
0.000000
0.000000
0.000000
0.000000
0.000000
0.000000
0.000000
0.000000
0.000000
0.004400
0.000000
0.000000
0.000000
0.000000
0.000000
0.000000
0.000000
0.000000
0.000000
0.000000
0.000000
0.039800
0.000000
0.000000
0.000000
0.000000
0.000000
0.024100
0.000000
0.000000
0.000000
0.008700
0.005900
0.000000
0.000000
0.000000
0.000000
0.000000
0.000000
0.000000
0.000000
0.012400
0.000000
0.000000
0.000000
0.000000
0.000000
0.000000
0.000000
0.014600
0.000000
0.000000
0.000000
0.004300
0.008400
0.000000
0.000000
0.000000
0.000000
0.000000
0.000000
0.000000
0.000000
0.000000
0.000000
0.000000
0.000000
0.000000
0.000000
0.023100
0.000000
0.000000
0.000000
0.000000
0.000000
0.000000
0.000000
0.000000
0.000000
0.000000
0.000000
0.000000
0.000000
0.000000
0.000000
0.000000
0.000000
0.000000
0.000000
0.000000
0.000000
0.000000
0.000000
0.000000
0.017200
0.000000
0.000000
0.000000
0.000000
0.000000
0.000000
0.000000
0.000000
0.000000
0.000000
0.000000
0.000000
0.020600
0.000000
0.000000
0.000000
0.000000
0.000000
0.000000
0.000000
0.000000
0.000000
0.000000
0.000000
0.000000
0.000000
0.000000
0.000000
0.000000
0.000000
0.000000
0.000000
0.000000
0.000000
0.000000
0.000000
0.000000
0.000000
0.000000
0.000000
0.000000
0.000000
0.018300
0.000000
0.000000
0.000000
0.000000
0.000000
0.000000
0.000000
0.000000
0.000000
0.000000
0.000000
0.000000
0.000000
0.000000
0.000000
0.000000
0.000000
0.000000
0.000000
0.000000
0.000000
0.000000
0.000000
0.000000
0.000000
0.000000
0.034800
0.018800
0.000000
0.000000
0.000000
0.000000
0.000000
0.000000
0.000000
0.000000
0.000000
0.000000
0.000000
0.000000
0.000000
0.000000
0.000000
0.000000
0.000000
0.000000
0.000000
0.000000
0.000000
0.000000
0.000000
0.000000
0.000000
0.000000
0.000000
0.000000
0.000000
0.000000
0.019100
0.000000
0.000000
0.000000
0.000000
0.000000
0.000000
0.000000
0.000000
0.000000
0.000000
0.000000
0.000000
0.000000
0.000000
0.000000
0.000000
0.000000
0.000000
0.000000
0.000000
0.000000
0.000000
0.000000
0.000000
0.000000
0.000000
0.000000
0.000000
0.000000
0.000000
0.000000
0.000000
0.000000
0.000000
0.000000
0.000000
0.000000
0.000000
0.000000
0.022100
0.000000
0.000000
0.000000
0.000000
0.000000
0.000000
0.000000
0.000000
0.000000
0.000000
0.000000
0.000000
0.000000
0.000000
0.000000
0.021900
0.000000
0.000000
0.000000
0.000000
0.000000
0.000000
0.000000
0.000000
0.000000
0.000000
0.000000
0.000000
0.000000
0.014400
0.056700
0.035500
0.000000
0.000000
0.000000
0.000000
0.000000
0.000000
0.000000
0.000000
0.000000
0.000000
0.000000
0.000000
0.000000
0.000000
0.000000
0.016000
0.000000
0.000000
0.000000
0.000000
0.000000
0.000000
0.000000
0.000000
0.000000
0.000000
0.000000
0.000000
0.000000
0.000000
0.000000
0.000000
0.000000
0.000000
0.000000
0.000000
0.000000
0.000000
0.000000
0.000000
0.000000
0.038700
0.000000
0.000000
0.000000
0.000000
0.000000
0.000000
0.000000
0.000000
0.000000
0.000000
0.000000
0.000000
0.000000
0.000000
0.000000
0.000000
0.000000
0.000000
0.000000
0.000000
0.000000
0.000000
0.000000
0.000000
0.000000
0.000000
0.000000
0.000000
0.000000
0.000000
0.000000
0.000000
0.000000
0.000000
0.000000
0.000000
0.000000
0.000000
0.000000
0.000000
0.000000
0.000000
0.000000
0.000000
0.000000
0.000000
0.000000
0.000000
0.000000
0.000000
0.000000
0.000000
0.000000
0.000000
0.000000
0.000000
0.000000
0.000000
0.000000
0.000000
0.000000
0.000000
0.003100
0.000000
0.000000
0.000000
0.000000
0.000000
0.000000
0.000000
0.000000
0.000000
0.000000
0.000000
0.000000
0.000000
0.000000
0.000000
0.000000
0.000000
0.000000
0.021300
0.000000
0.000000
0.000000
0.000000
0.000000
0.000000
0.000000
0.000000
0.000000
0.000000
0.000000
0.000000
0.000000
0.000000
0.000000
0.015000
0.000000
0.000000
0.000000
0.000000
0.000000
0.000000
0.000000
0.000000
0.000000
0.000000
0.000000
0.000000
0.000000
0.000000
0.000000
0.000000
0.000000
0.000000
0.000000
0.000000
0.000000
0.000000
0.018600
0.000000
0.000000
0.000000
0.000000
0.000000
0.000000
0.000000
0.000000
0.000000
0.000000
0.000000
0.000000
0.000000
0.000000
0.000000
0.000000
0.000000
0.000000
0.000000
0.000000
0.000000
0.000000
0.000000
0.000000
0.000000
0.000000
0.000000
0.000000
0.000000
0.000000
0.000000
0.000000
0.000000
0.000000
0.000000
0.000000
0.000000
0.000000
0.000000
0.000000
0.000000
0.000000
0.000000
0.000000
0.000000
0.000000
0.000000
0.000000
0.000000
0.000000
0.000000
0.000000
0.000000
0.000000
0.000000
0.000000
0.000000
0.000000
0.000000
0.000000
0.000000
0.000000
0.000000
0.000000
0.000000
0.000000
0.000000
0.000000
0.000000
0.000000
0.000000
0.000000
0.000000
0.000000
0.000000
0.000000
0.000000
0.000000
0.000000
0.000000
0.000000
0.000000
0.000000
0.000000
0.000000
0.000000
0.000000
0.000000
0.000000
0.000000
0.000000
0.000000
0.000000
0.000000
0.000000
0.000000
0.000000
0.000000
0.005500
0.000000
0.000000
0.000000
0.000000
0.000000
0.000000
0.000000
0.000000
0.000000
0.000000
0.000000
0.000000
0.000000
0.000000
0.000000
0.000000
0.000000
0.000000
0.000000
0.000000
0.000000
0.000000
0.000000
0.000000
0.000000
0.000000
0.000000
0.000000
0.000000
0.000000
0.000000
0.000000
0.000000
0.000000
0.000000
0.000000
0.000000
0.000000
0.000000
0.000000
0.000000
0.000000
0.000000
0.000000
0.000000
0.000000
0.000000
0.000000
0.000000
0.000000
0.000000
0.000000
0.000000
0.000000
0.000000
0.000000
0.000000
0.000000
0.000000
0.000000
0.000000
0.000000
0.000000
0.000000
0.000000
0.000000
0.000000
0.000000
0.000000
0.000000
0.000000
0.000000
0.000000
0.000000
0.000000
0.000000
0.000000
0.000000
0.000000
0.000000
0.000000
0.000000
0.000000
0.000000
0.000000
0.000000
0.028200
0.000000
0.000000
0.000000
0.000000
0.000000
0.000000
0.000000
0.000000
0.000000
0.000000
0.000000
0.000000
0.000000
0.036800
0.000000
0.000000
0.000000
0.000000
0.000000
0.000000
0.000000
0.000000
0.000000
0.000000
0.000000
0.000000
0.000000
0.000000
0.000000
0.000000
0.000000
0.000000
0.000000
0.000000
0.000000
0.000000
0.000000
0.000000
0.000000
0.000000
0.000000
0.000000
0.000000
0.000000
0.014800
0.000000
0.000000
0.022200
0.000000
0.000000
0.000000
0.000000
0.000000
0.000000
0.000000
0.000000
0.000000
0.000000
0.000000
0.000000
0.000000
0.000000
0.000000
0.000000
0.000000
0.000000
0.000000
0.000000
0.000000
0.000000
0.000000
0.000000
0.000000
0.000000
0.000000
0.018500
0.000000
0.000000
0.000000
0.000000
0.000000
0.000000
0.000000
0.000000
0.000000
0.000000
0.000000
0.000000
0.000000
0.000000
0.000000
0.000000
0.000000
0.000000
0.000000
0.000000
0.000000
0.000000
0.000000
0.000000
0.000000
0.000000
0.000000
0.000000
0.000000
0.000000
0.000000
0.000000
0.000000
0.000000
0.000000
0.000000
0.000000
0.000000
0.000000
0.014300
0.000000
0.000000
0.000000
0.000000
0.000000
0.000000
0.000000
0.000000
0.000000
0.000000
0.000000
0.000000
0.000000
0.000000
0.017000
0.000000
0.000000
0.000000
0.000000
0.000000
0.000000
0.000000
0.000000
0.000000
0.000000
0.000000
0.000000
0.000000
0.000000
0.000000
0.000000
0.000000
0.000000
0.000000
0.000000
0.000000
0.000000
0.000000
0.000000
0.000000
0.000000
0.000000
0.000000
0.000000
0.000000
0.000000
0.000000
0.000000
0.000000
0.000000
0.000000
0.000000
0.000000
0.000000
0.000000
0.000000
0.000000
0.000000
0.000000
0.000000
0.000000
0.000000
0.000000
0.000000
0.000000
0.000000
0.000000
0.000000
0.000000
0.000000
0.000000
0.000000
0.000000
0.000000
0.000000
0.000000
0.000000
0.000000
0.000000
0.000000
0.000000
0.000000
0.000000
0.000000
0.000000
0.000000
0.000000
0.000000
0.000000
0.000000
0.000000
0.000000
0.000000
0.000000
0.000000
0.000000
0.000000
0.000000
0.000000
0.000000
0.000000
0.000000
0.000000
0.000000
0.000000
0.000000
0.000000
0.000000
0.000000
0.000000
0.000000
0.000000
0.000000
0.000000
0.000000
0.000000
0.000000
0.000000
0.000000
0.000000
0.000000
0.000000
0.000000
0.000000
0.000000
0.000000
0.000000
0.000000
0.000000
0.000000
0.000000
0.000000
0.000000
0.000000
0.000000
0.000000
0.000000
0.000000
0.000000
0.000000
0.000000
0.000000
0.000000
0.000000
0.000000
0.000000
0.000000
0.000000
0.000000
0.000000
0.000000
0.000000
0.000000
0.000000
0.000000
0.000000
0.000000
0.000000
0.000000
0.000000
0.000000
0.000000
0.000000
0.000000
0.000000
0.000000
0.000000
0.000000
0.000000
0.000000
0.000000
0.016900
0.000000
0.000000
0.000000
0.000000
0.000000
0.000000
0.000000
0.000000
0.016700
0.000000
0.000000
0.000000
0.000000
0.000000
0.000000
0.000000
0.000000
0.000000
0.000000
0.000000
0.000000
0.000000
0.000000
0.000000
0.000000
0.000000
0.000000
0.000000
0.000000
0.000000
0.000000
0.000000
0.000000
0.000000
0.000000
0.000000
0.000000
0.000000
0.000000
0.000000
0.000000
0.000000
0.000000
0.000000
0.000000
0.000000
0.000000
0.000000
0.000000
0.023700
0.000000
0.000000
0.000000
0.000000
0.033000
0.000000
0.000000
0.009000
0.000000
0.000000
0.000000
0.000000
0.000000
0.000000
0.000000
0.000000
0.000000
0.008100
0.000000
0.000000
0.000000
0.000000
0.000000
0.000000
0.000000
0.000000
0.000000
0.000000
0.000000
0.000000
0.000000
0.000000
0.000000
0.000000
0.000000
0.038900
0.000000
0.000000
0.000000
0.000000
0.000000
0.000000
0.000000
0.000000
0.000000
0.000000
0.000000
0.000000
0.000000
0.000000
0.000000
0.000000
0.000000
0.000000
0.000000
0.000000
0.000000
0.000000
0.000000
0.000000
0.000000
0.000000
0.000000
0.000000
0.000000
0.000000
0.000000
0.000000
0.000000
0.000000
0.022700
0.000000
0.000000
0.000000
0.000000
0.000000
0.000000
0.000000
0.000000
0.000000
0.000000
0.023600
0.000000
0.008900
0.000000
0.000000
0.000000
0.043400
0.000000
0.000000
0.000000
0.000000
0.000000
0.000000
0.000000
0.000000
0.020400
0.000000
0.000000
0.000000
0.000000
0.000000
0.000000
0.000000
0.000000
0.000000
0.000000
0.000000
0.000000
0.000000
0.000000
0.000000
0.000000
0.000000
0.000000
0.000000
0.000000
0.000000
0.000000
0.000000
0.000000
0.000000
0.000000
0.000000
0.000000
0.000000
0.000000
0.000000
0.000000
0.000000
0.000000
0.000000
0.000000
0.000000
0.000000
0.000000
0.000000
0.000000
0.000000
0.000000
0.000000
0.000000
0.000000
0.000000
0.000000
0.000000
0.000000
0.000000
0.000000
0.000000
0.000000
0.000000
0.000000
0.000000
0.000000
0.000000
0.000000
0.000000
0.000000
0.000000
0.000000
0.000000
0.000000
0.035500
0.000000
0.000000
0.000000
0.000000
0.020600
0.000000
0.000000
0.021600
0.000000
0.000000
0.000000
0.000000
0.000000
0.000000
0.000000
0.000000
0.000000
0.000000
0.000000
0.000000
0.000000
0.000000
0.017200
0.000000
0.003600
0.000000
0.000000
0.000000
0.000000
0.000000
0.000000
0.000000
0.000000
0.000000
0.000000
0.000000
0.000000
0.000000
0.000000
0.000000
0.000000
0.000000
0.000000
0.035800
0.000000
0.000000
0.081700
0.000000
0.000000
0.000000
0.000000
0.000000
0.000000
0.000000
0.000000
0.000000
0.022700
0.043600
0.006200
0.024000
0.005200
0.000000
0.000000
0.000000
0.000000
0.000000
0.015800
0.000000
0.000000
0.000000
0.015800
0.018500
0.000000
0.000000
0.000000
0.000000
0.000000
0.000000
0.032600
0.000000
0.000000
0.000000
0.000000
0.000000
0.000000
0.000000
0.000000
0.000000
0.000000
0.000000
0.002700
0.021700
0.000000
0.006600
0.000000
0.000000
0.006700
0.000000
0.000000
0.000000
0.038800
0.000000
0.000000
0.000000
0.000000
0.000000
0.000000
0.000000
0.018400
0.000000
0.000000
0.000000
0.000000
0.000000
0.000000
0.000000
0.000000
0.000000
0.000000
0.000000
0.000000
0.000000
0.000000
0.000000
0.000000
0.000000
0.000000
0.000000
0.000000
0.000000
0.000000
0.000000
0.000000
0.000000
0.000000
0.000000
0.000000
0.000000
0.000000
0.000000
0.000000
0.000000
0.000000
0.000000
0.000000
0.000000
0.000000
0.000000
0.000000
0.000000
0.000000
0.000000
0.000000
0.000000
0.000000
0.000000
0.000000
0.000000
0.000000
0.000000
0.000000
0.000000
0.000000
0.000000
0.000000
0.000000
0.000000
0.000000
0.000000
0.000000
0.000000
0.000000
0.000000
0.000000
0.000000
0.000000
0.000000
0.000000
0.000000
0.000000
0.000000
0.000000
0.000000
0.000000
0.000000
0.000000
0.000000
0.000000
0.000000
0.000000
0.000000
0.000000
0.000000
0.000000
0.000000
0.000000
0.000000
0.000000
0.000000
0.000000
0.000000
0.000000
0.000000
0.000000
0.000000
0.000000
0.000000
0.000000
0.000000
0.000000
0.000000
0.000000
0.000000
0.000000
0.000000
0.000000
0.000000
0.000000
0.000000
0.000000
0.000000
0.000000
0.000000
0.000000
0.000000
0.017000
0.000000
0.000000
0.000000
0.000000
0.000000
0.000000
0.000000
0.000000
0.000000
0.000000
0.000000
0.000000
0.000000
0.000000
0.000000
0.000000
0.000000
0.000000
0.000000
0.000000
0.000000
0.000000
0.000000
0.016900
0.000000
0.000000
0.000000
0.000000
0.000000
0.000000
0.000000
0.000000
0.000000
0.000000
0.000000
0.000000
0.000000
0.000000
0.000000
0.000000
0.000000
0.000000
0.000000
0.000000
0.000000
0.000000
0.000000
0.000000
0.000000
0.000000
0.000000
0.000000
0.000000
0.000000
0.000000
0.000000
0.000000
0.000000
0.000000
0.000000
0.000000
0.000000
0.000000
0.000000
0.000000
0.000000
0.000000
0.018100
0.000000
0.000000
0.000000
0.000000
0.000000
0.000000
0.000000
0.000000
0.000000
0.000000
0.000000
0.000000
0.000000
0.000000
0.000000
0.000000
0.000000
0.000000
0.000000
0.000000
0.000000
0.000000
0.000000
0.000000
0.000000
0.000000
0.000000
0.000000
0.000000
0.000000
0.000000
0.000000
0.000000
0.000000
0.000000
0.000000
0.000000
0.000000
0.023200
0.000000
0.000000
0.000000
0.000000
0.000000
0.000000
0.000000
0.004200
0.000000
0.000000
0.000000
0.000000
0.000000
0.000000
0.000000
0.000000
0.000000
0.000000
0.000000
0.000000
0.000000
0.000000
0.000000
0.000000
0.000000
0.000000
0.000000
0.000000
0.000000
0.000000
0.000000
0.000000
0.000000
0.000000
0.000000
0.000000
0.000000
0.000000
0.000000
0.000000
0.000000
0.000000
0.000000
0.000000
0.000000
0.000000
0.000000
0.051200
0.000000
0.000000
0.000000
0.000000
0.000000
0.000000
0.000000
0.000000
0.000000
0.000000
0.000000
0.000000
0.000000
0.000000
0.000000
0.000000
0.000000
0.000000
0.000000
0.000000
0.000000
0.000000
0.000000
0.000000
0.000000
0.000000
0.000000
0.000000
0.000000
0.000000
0.000000
0.000000
0.000000
0.000000
0.000000
0.000000
0.000000
0.000000
0.000000
0.000000
0.000000
0.000000
0.000000
0.000000
0.000000
0.019400
0.000000
0.000000
0.000000
0.000000
0.000000
0.000000
0.000000
0.000000
0.000000
0.000000
0.000000
0.000000
0.000000
0.000000
0.000000
0.000000
0.000000
0.000000
0.000000
0.000000
0.000000
0.000000
0.000000
0.000000
0.000000
0.000000
0.000000
0.000000
0.000000
0.000000
0.000000
0.000000
0.000000
0.000000
0.000000
0.000000
0.000000
0.000000
0.000000
0.000000
0.000000
0.000000
0.000000
0.000000
0.000000
0.000000
0.000000
0.000000
0.000000
0.000000
0.000000
0.000000
0.000000
0.000000
0.000000
0.000000
0.012800
0.000000
0.000000
0.000000
0.000000
0.000000
0.000000
0.017600
0.000000
0.000000
0.000000
0.000000
0.000000
0.000000
0.000000
0.000000
0.000000
0.006900
0.000000
0.000000
0.000000
0.000000
0.000000
0.000000
0.000000
0.000000
0.000000
0.000000
0.004600
0.000000
0.000000
0.000000
0.000000
0.000000
0.000000
0.000000
0.026800
0.000000
0.000000
0.000000
0.000000
0.000000
0.000000
0.000000
0.000000
0.000000
0.000000
0.000000
0.000000
0.035000
0.022000
0.000000
0.000000
0.000000
0.000000
0.000000
0.000000
0.000000
0.000000
0.038000
0.000000
0.000000
0.000000
0.000000
0.000000
0.000000
0.000000
0.000000
0.000000
0.023300
0.000000
0.000000
0.000000
0.010900
0.000000
0.000000
0.000000
0.000000
0.000000
0.000000
0.000000
0.000000
0.007800
0.000000
0.000000
0.000000
0.000000
0.000000
0.000000
0.000000
0.000000
0.000000
0.000000
0.016200
0.000000
0.000000
0.000000
0.000000
0.000000
0.000000
0.000000
0.000000
0.017600
0.033600
0.000000
0.000000
0.000000
0.000000
0.000000
0.004900
0.000000
0.000000
0.000000
0.000000
0.000000
0.000000
0.000000
0.000000
0.000000
0.000000
0.000000
0.000000
0.000000
0.000000
0.000000
0.000000
0.000000
0.000000
0.000000
0.000000
0.000000
0.000000
0.000000
0.000000
0.000000
0.000000
0.000000
0.000000
0.000000
0.000000
0.000000
0.000000
0.000000
0.000000
0.000000
0.000000
0.000000
0.000000
0.000000
0.000000
0.000000
0.000000
0.000000
0.000000
0.000000
0.000000
0.000000
0.000000
0.000000
0.000000
0.000000
0.000000
0.000000
0.000000
0.000000
0.000000
0.002800
0.000000
0.000000
0.000000
0.000000
0.000000
0.000000
0.000000
0.000000
0.000000
0.000000
0.000000
0.000000
0.000000
0.000000
0.000000
0.022500
0.000000
0.000000
0.000000
0.000000
0.000000
0.000000
0.000000
0.000000
0.000000
0.000000
0.000000
0.000000
0.000000
0.000000
0.000000
0.000000
0.000000
0.000000
0.000000
0.000000
0.000000
0.000000
0.000000
0.000000
0.000000
0.000000
0.000000
0.000000
0.000000
0.000000
0.000000
0.000000
0.000000
0.000000
0.000000
0.000000
0.000000
0.000000
0.000000
0.000000
0.019400
0.000000
0.000000
0.000000
0.000000
0.000000
0.000000
0.000000
0.000000
0.000000
0.000000
0.000000
0.000000
0.000000
0.000000
0.000000
0.000000
0.000000
0.000000
0.023500
0.003500
0.000000
0.000000
0.000000
0.000000
0.000000
0.000000
0.000000
0.000000
0.000000
0.000000
0.000000
0.000000
0.000000
0.000000
0.000000
0.000000
0.000000
0.000000
0.000000
0.000000
0.000000
0.000000
0.029200
0.000000
0.000000
0.000000
0.000000
0.000000
0.000000
0.000000
0.000000
0.000000
0.000000
0.000000
0.000000
0.000000
0.000000
0.000000
0.000000
0.000000
0.000000
0.000000
0.000000
0.000000
0.000000
0.000000
0.000000
0.000000
0.000000
0.000000
0.000000
0.000000
0.000000
0.009100
0.000000
0.000000
0.000000
0.000000
0.000000
0.000000
0.000000
0.000000
0.011300
0.020600
0.000000
0.000000
0.000000
0.000000
0.000000
0.053700
0.000000
0.000000
0.000000
0.000000
0.000000
0.000000
0.000000
0.000000
0.000000
0.000000
0.000000
0.000000
0.000000
0.044600
0.000000
0.033200
0.000000
0.000000
0.000000
0.000000
0.000000
0.000000
0.003100
0.000000
0.000000
0.000000
0.000000
0.000000
0.000000
0.000000
0.019300
0.000000
0.000000
0.000000
0.000000
0.000000
0.000000
0.000000
0.053500
0.000000
0.000000
0.000000
0.000000
0.000000
0.000000
0.000000
0.000000
0.000000
0.000000
0.000000
0.000000
0.000000
0.000000
0.000000
0.000000
0.000000
0.000000
0.000000
0.000000
0.000000
0.000000
0.000000
0.000000
0.000000
0.000000
0.000000
0.000000
0.000000
0.000000
0.000000
0.000000
0.000000
0.000000
0.000000
0.000000
0.000000
0.000000
0.000000
0.000000
0.000000
0.000000
0.000000
0.000000
0.000000
0.000000
0.000000
0.000000
0.000000
0.000000
0.000000
0.000000
0.000000
0.000000
0.000000
0.000000
0.000000
0.000000
0.000000
0.000000
0.000000
0.000000
0.000000
0.000000
0.000000
0.000000
0.000000
0.000000
0.000000
0.000000
0.000000
0.000000
0.000000
0.000000
0.000000
0.000000
0.000000
0.000000
0.000000
0.000000
0.000000
0.000000
0.000000
0.000000
0.000000
0.000000
0.000000
0.000000
0.000000
0.000000
0.000000
0.000000
0.000000
0.000000
0.000000
0.000000
0.000000
0.000000
0.000000
0.000000
0.000000
0.000000
0.000000
0.000000
0.000000
0.000000
0.000000
0.000000
0.000000
0.000000
0.000000
0.000000
0.000000
0.000000
0.000000
0.000000
0.000000
0.000000
0.000000
0.000000
0.000000
0.000000
0.000000
0.000000
0.000000
0.000000
0.000000
0.000000
0.000000
0.000000
0.000000
0.000000
0.000000
0.000000
0.000000
0.000000
0.000000
0.000000
0.000000
0.000000
0.000000
0.000000
0.000000
0.000000
0.000000
0.000000
0.000000
0.000000
0.000000
0.000000
0.000000
0.000000
0.000000
0.000000
0.000000
0.000000
0.000000
0.000000
0.000000
0.000000
0.000000
0.000000
0.000000
0.000000
0.000000
0.000000
0.000000
0.000000
0.000000
0.000000
0.000000
0.000000
0.000000
0.000000
0.000000
0.000000
0.000000
0.000000
0.000000
0.000000
0.000000
0.000000
0.000000
0.000000
0.000000
0.000000
0.000000
0.000000
0.000000
0.000000
0.000000
0.000000
0.000000
0.000000
0.000000
0.000000
0.000000
0.000000
0.000000
0.000000
0.000000
0.000000
0.000000
0.000000
0.000000
0.000000
0.000000
0.000000
0.000000
0.000000
0.000000
0.000000
0.000000
0.000000
0.000000
0.000000
0.000000
0.000000
0.000000
0.000000
0.000000
0.000000
0.000000
0.000000
0.000000
0.000000
0.000000
0.000000
0.000000
0.000000
0.000000
0.000000
0.000000
0.000000
0.000000
0.000000
0.000000
0.000000
0.000000
0.000000
0.000000
0.000000
0.000000
0.000000
0.000000
0.000000
0.000000
0.000000
0.000000
0.000000
0.000000
0.000000
0.000000
0.000000
0.000000
0.000000
0.000000
0.000000
0.000000
0.000000
0.000000
0.000000
0.000000
0.000000
0.000000
0.000000
0.000000
0.000000
0.000000
0.000000
0.000000
0.000000
0.000000
0.000000
0.000000
0.000000
0.000000
0.000000
0.000000
0.000000
0.000000
0.000000
0.000000
0.000000
0.000000
0.000000
0.000000
0.000000
0.000000
0.000000
0.000000
0.000000
0.000000
0.000000
0.000000
0.000000
0.000000
0.000000
0.000000
0.000000
0.000000
0.000000
0.000000
0.000000
0.000000
0.000000
0.000000
0.000000
0.000000
0.000000
0.000000
0.000000
0.000000
0.000000
0.000000
0.000000
0.000000
0.000000
0.000000
0.000000
0.000000
0.000000
0.000000
0.000000
0.000000
0.000000
0.000000
0.000000
0.000000
0.000000
0.000000
0.000000
0.000000
0.000000
0.000000
0.000000
0.000000
0.000000
0.000000
0.000000
0.000000
0.000000
0.000000
0.000000
0.000000
0.000000
0.000000
0.000000
0.000000
0.000000
0.000000
0.000000
0.000000
0.000000
0.000000
0.000000
0.000000
0.000000
0.000000
0.000000
0.000000
0.000000
0.000000
0.000000
0.000000
0.000000
0.000000
0.000000
0.000000
0.000000
0.000000
0.000000
0.000000
0.000000
0.000000
0.000000
0.000000
0.000000
0.000000
0.000000
0.000000
0.000000
0.000000
0.000000
0.000000
0.000000
0.000000
0.000000
0.000000
0.000000
0.000000
0.000000
0.000000
0.000000
0.000000
0.000000
0.000000
0.000000
0.022200
0.000000
0.000000
0.000000
0.000000
0.000000
0.000000
0.000000
0.008600
0.000000
0.000000
0.000000
0.000000
0.000000
0.000000
0.000000
0.000000
0.022900
0.000000
0.000000
0.000000
0.000000
0.021700
0.000000
0.000000
0.000000
0.000000
0.004100
0.004100
0.000000
0.000000
0.000000
0.000000
0.006500
0.007200
0.000000
0.000000
0.047900
0.030100
0.000000
0.050300
0.000000
0.000000
0.000000
0.004900
0.038000
0.000000
0.003400
0.020200
0.071200
0.036400
0.000000
0.000000
0.000000
0.000000
0.000000
0.000000
0.000000
0.000000
0.000000
0.006300
0.041800
0.016000
0.000000
0.028300
0.000000
0.000000
0.000000
0.000000
0.000000
0.000000
0.000000
0.000000
0.021800
0.000000
0.000000
0.008500
0.000000
0.000000
0.037600
0.020200
0.000000
0.000000
0.000000
0.000000
0.025300
0.027500
0.000000
0.000000
0.000000
0.000000
0.000000
0.000000
0.000000
0.000000
0.000000
0.009700
0.000000
0.000000
0.000000
0.000000
0.000000
0.000000
0.000000
0.000000
0.000000
0.000000
0.035200
0.000000
0.000000
0.018100
0.000000
0.181900
0.000000
0.000000
0.000000
0.018300
0.000000
0.000000
0.040000
0.000000
0.018300
0.000000
0.000000
0.000000
0.018200
0.000000
0.023500
0.025400
0.000000
0.028400
0.000000
0.000000
0.002400
0.000000
0.016600
0.000000
0.000000
0.000000
0.000000
0.009600
0.008400
0.000000
0.000000
0.000000
0.000000
0.000000
0.000000
0.000000
0.000000
0.000000
0.000000
0.005500
0.004300
0.000000
0.000000
0.000000
0.000000
0.000000
0.000000
0.000000
0.000000
0.000000
0.000000
0.000000
0.000000
0.015500
0.000000
0.000000
0.000000
0.000000
0.000000
0.000000
0.000000
0.006700
0.000000
0.000000
0.000000
0.000000
0.000000
0.000000
0.000000
0.018800
0.000000
0.000000
0.000000
0.000000
0.000000
0.000000
0.000000
0.000000
0.000000
0.000000
0.000000
0.000000
0.000000
0.000000
0.000000
0.000000
0.000000
0.000000
0.000000
0.000000
0.000000
0.000000
0.000000
0.037400
0.000000
0.000000
0.000000
0.000000
0.000000
0.000000
0.000000
0.000000
0.000000
0.007300
0.000000
0.000000
0.000000
0.000000
0.007200
0.000000
0.000000
0.000000
0.000000
0.000000
0.000000
0.000000
0.000000
0.000000
0.000000
0.000000
0.000000
0.000000
0.000000
0.000000
0.000000
0.000000
0.000000
0.000000
0.000000
0.000000
0.018000
0.004900
0.032400
0.000000
0.002400
0.003700
0.019500
0.000000
0.000000
0.000000
0.000000
0.000000
0.000000
0.000000
0.000000
0.000000
0.000000
0.000000
0.000000
0.000000
0.000000
0.000000
0.000000
0.000000
0.000000
0.000000
0.000000
0.000000
0.000000
0.000000
0.000000
0.000000
0.000000
0.007300
0.000000
0.000000
0.000000
0.000000
0.000000
0.000000
0.004600
0.000000
0.000000
0.000000
0.000000
0.000000
0.025500
0.000000
0.000000
0.000000
0.000000
0.000000
0.018100
0.000000
0.000000
0.000000
0.000000
0.000000
0.000000
0.000000
0.000000
0.000000
0.000000
0.000000
0.017300
0.008500
0.000000
0.000000
0.000000
0.000000
0.000000
0.000000
0.000000
0.000000
0.000000
0.016000
0.019500
0.000000
0.000000
0.000000
0.000000
0.000000
0.000000
0.030200
0.000000
0.000000
0.000000
0.000000
0.000000
0.000000
0.000000
0.000000
0.000000
0.000000
0.000000
0.000000
0.000000
0.000000
0.000000
0.000000
0.000000
0.000000
0.000000
0.000000
0.000000
0.000000
0.000000
0.000000
0.000000
0.000000
0.000000
0.000000
0.000000
0.000000
0.000000
0.031200
0.007400
0.000000
0.000000
0.000000
0.000000
0.025500
0.000000
0.000000
0.000000
0.041100
0.000000
0.000000
0.000000
0.000000
0.000000
0.000000
0.032400
0.000000
0.000000
0.009600
0.000000
0.000000
0.000000
0.000000
0.000000
0.000000
0.022400
0.018400
0.000000
0.000000
0.000000
0.000000
0.000000
0.000000
0.000000
0.020800
0.000000
0.000000
0.000000
0.019400
0.000000
0.000000
0.000000
0.000000
0.000000
0.000000
0.006300
0.000000
0.060800
0.000000
0.000000
0.000000
0.000000
0.000000
0.000000
0.000000
0.000000
0.000000
0.000000
0.000000
0.000000
0.017300
0.000000
0.069200
0.000000
0.000000
0.000000
0.000000
0.017000
0.029800
0.016800
0.004900
0.019200
0.000000
0.000000
0.000000
0.000000
0.000000
0.000000
0.010700
0.000000
0.000000
0.000000
0.000000
0.022300
0.008400
0.000000
0.000000
0.000000
0.000000
0.000000
0.000000
0.058100
0.000000
0.004800
0.020500
0.000000
0.000000
0.000000
0.000000
0.000000
0.000000
0.000000
0.000000
0.000000
0.000000
0.000000
0.000000
0.000000
0.000000
0.000000
0.000000
0.000000
0.052200
0.017600
0.000000
0.000000
0.000000
0.000000
0.000000
0.000000
0.000000
0.000000
0.000000
0.000000
0.000000
0.000000
0.009400
0.000000
0.016700
0.000000
0.000000
0.000000
0.000000
0.000000
0.000000
0.000000
0.000000
0.000000
0.000000
0.000000
0.000000
0.014700
0.000000
0.000000
0.000000
0.000000
0.000000
0.000000
0.000000
0.000000
0.000000
0.000000
0.000000
0.000000
0.000000
0.000000
0.000000
0.000000
0.000000
0.000000
0.000000
0.000000
0.018800
0.000000
0.016800
0.000000
0.007200
0.022200
0.014700
0.000000
0.000000
0.000000
0.015900
0.004800
0.000000
0.000000
0.000000
0.000000
0.017100
0.000000
0.000000
0.064500
0.000000
0.000000
0.000000
0.000000
0.000000
0.000000
0.000000
0.000000
0.000000
0.000000
0.000000
0.000000
0.000000
0.007700
0.000000
0.000000
0.054600
0.000000
0.000000
0.000000
0.000000
0.000000
0.000000
0.000000
0.000000
0.000000
0.000000
0.000000
0.000000
0.000000
0.019400
0.000000
0.000000
0.038600
0.048700
0.000000
0.000000
0.006300
0.000000
0.000000
0.000000
0.000000
0.000000
0.000000
0.000000
0.000000
0.000000
0.000000
0.074200
0.000000
0.000000
0.000000
0.000000
0.000000
0.019000
0.000000
0.044600
0.000000
0.000000
0.000000
0.000000
0.038300
0.000000
0.000000
0.000000
0.000000
0.000000
0.000000
0.000000
0.000000
0.000000
0.000000
0.000000
0.000000
0.000000
0.000000
0.000000
0.028600
0.000000
0.000000
0.000000
0.000000
0.000000
0.000000
0.000000
0.000000
0.000000
0.000000
0.000000
0.000000
0.000000
0.050500
0.000000
0.000000
0.000000
0.000000
0.000000
0.000000
0.000000
0.000000
0.000000
0.000000
0.000000
0.015800
0.000000
0.000000
0.000000
0.000000
0.022300
0.000000
0.021100
0.000000
0.000000
0.000000
0.000000
0.000000
0.000000
0.000000
0.000000
0.000000
0.000000
0.000000
0.000000
0.000000
0.005200
0.000000
0.000000
0.000000
0.000000
0.018400
0.000000
0.014100
0.000000
0.005400
0.021600
0.000000
0.000000
0.000000
0.000000
0.000000
0.000000
0.000000
0.000000
0.000000
0.018100
0.007100
0.000000
0.034400
0.009700
0.000000
0.000000
0.037800
0.000000
0.000000
0.000000
0.022000
0.000000
0.000000
0.000000
0.000000
0.000000
0.000000
0.000000
0.000000
0.022500
0.000000
0.000000
0.021100
0.000000
0.000000
0.000000
0.060000
0.000000
0.000000
0.000000
0.016500
0.000000
0.007700
0.024100
0.000000
0.000000
0.000000
0.000000
0.000000
0.000000
0.000000
0.064800
0.000000
0.000000
0.000000
0.000000
0.000000
0.000000
0.000000
0.000000
0.000000
0.000000
0.000000
0.000000
0.000000
0.000000
0.000000
0.025300
0.000000
0.000000
0.000000
0.000000
0.000000
0.021500
0.000000
0.044000
0.000000
0.057500
0.014400
0.000000
0.000000
0.000000
0.000000
0.000000
0.029200
0.000000
0.000000
0.000000
0.000000
0.015300
0.021900
0.059900
0.018600
0.016900
0.000000
0.000000
0.005700
0.000000
0.017800
0.000000
0.004000
0.000000
0.000000
0.000000
0.000000
0.000000
0.000000
0.000000
0.012500
0.000000
0.000000
0.000000
0.000000
0.019700
0.000000
0.000000
0.000000
0.000000
0.000000
0.000000
0.012200
0.000000
0.000000
0.000000
0.000000
0.000000
0.000000
0.000000
0.015600
0.000000
0.000000
0.000000
0.000000
0.000000
0.000000
0.000000
0.000000
0.007500
0.000000
0.000000
0.000000
0.000000
0.000000
0.000000
0.000000
0.000000
0.003600
0.000000
0.000000
0.000000
0.000000
0.000000
0.000000
0.000000
0.000000
0.000000
0.000000
0.000000
0.000000
0.000000
0.000000
0.000000
0.000000
0.000000
0.000000
0.000000
0.000000
0.000000
0.022200
0.000000
0.000000
0.000000
0.000000
0.005500
0.000000
0.018900
0.020200
0.000000
0.000000
0.000000
0.000000
0.000000
0.000000
0.000000
0.000000
0.000000
0.000000
0.000000
0.000000
0.000000
0.037200
0.000000
0.000000
0.000000
0.000000
0.000000
0.000000
0.000000
0.000000
0.000000
0.000000
0.006200
0.000000
0.000000
0.000000
0.023400
0.043300
0.000000
0.000000
0.022800
0.000000
0.000000
0.019500
0.026800
0.000000
0.000000
0.000000
0.000000
0.000000
0.006000
0.000000
0.000000
0.000000
0.000000
0.000000
0.000000
0.000000
0.014100
0.000000
0.000000
0.006700
0.000000
0.000000
0.000000
0.000000
0.000000
0.000000
0.000000
0.000000
0.000000
0.000000
0.000000
0.000000
0.000000
0.000000
0.000000
0.000000
0.000000
0.000000
0.000000
0.000000
0.000000
0.000000
0.000000
0.000000
0.000000
0.000000
0.000000
0.000000
0.000000
0.000000
0.020000
0.000000
0.000000
0.000000
0.000000
0.000000
0.000000
0.000000
0.000000
0.000000
0.000000
0.000000
0.000000
0.000000
0.000000
0.000000
0.000000
0.000000
0.000000
0.000000
0.000000
0.000000
0.000000
0.000000
0.000000
0.000000
0.000000
0.000000
0.000000
0.000000
0.034600
0.000000
0.000000
0.000000
0.000000
0.000000
0.000000
0.000000
0.017800
0.023400
0.000000
0.013300
0.000000
0.000000
0.000000
0.056000
0.000000
0.000000
0.000000
0.000000
0.000000
0.000000
0.000000
0.000000
0.031600
0.000000
0.057500
0.000000
0.000000
0.000000
0.000000
0.000000
0.000000
0.000000
0.000000
0.000000
0.000000
0.000000
0.000000
0.000000
0.000000
0.000000
0.000000
0.000000
0.060200
0.000000
0.031800
0.000000
0.000000
0.000000
0.000000
0.003500
0.000000
0.000000
0.000000
0.000000
0.018700
0.000000
0.000000
0.000000
0.000000
0.000000
0.000000
0.000000
0.000000
0.000000
0.000000
0.000000
0.000000
0.000000
0.000000
0.000000
0.000000
0.000000
0.031600
0.000000
0.000000
0.000000
0.000000
0.000000
0.000000
0.025600
0.033400
0.000000
0.000000
0.029300
0.011000
0.018600
0.000000
0.000000
0.000000
0.000000
0.000000
0.000000
0.000000
0.000000
0.016800
0.000000
0.056200
0.022700
0.000000
0.000000
0.000000
0.000000
0.000000
0.000000
0.073500
0.000000
0.000000
0.000000
0.000000
0.000000
0.000000
0.000000
0.000000
0.000000
0.000000
0.003600
0.000000
0.046100
0.012300
0.000000
0.000000
0.000000
0.000000
0.000000
0.025600
0.000000
0.000000
0.000000
0.000000
0.027900
0.000000
0.000000
0.009500
0.000000
0.000000
0.000000
0.000000
0.000000
0.000000
0.000000
0.000000
0.002700
0.000000
0.000000
0.000000
0.000000
0.000000
0.000000
0.000000
0.000000
0.000000
0.000000
0.022100
0.000000
0.000000
0.000000
0.000000
0.020000
0.000000
0.000000
0.000000
0.008600
0.025700
0.000000
0.000000
0.000000
0.000000
0.000000
0.000000
0.000000
0.000000
0.000000
0.000000
0.000000
0.000000
0.000000
0.000000
0.000000
0.000000
0.000000
0.000000
0.000000
0.000000
0.000000
0.025000
0.000000
0.000000
0.000000
0.000000
0.000000
0.000000
0.000000
0.000000
0.000000
0.000000
0.000000
0.000000
0.011100
0.000000
0.000000
0.009100
0.018800
0.000000
0.000000
0.000000
0.000000
0.000000
0.000000
0.000000
0.000000
0.000000
0.020200
0.000000
0.000000
0.000000
0.000000
0.000000
0.000000
0.005200
0.012600
0.000000
0.000000
0.000000
0.000000
0.000000
0.000000
0.000000
0.000000
0.000000
0.014000
0.000000
0.000000
0.000000
0.000000
0.000000
0.000000
0.000000
0.000000
0.000000
0.000000
0.000000
0.000000
0.000000
0.000000
0.000000
0.000000
0.000000
0.000000
0.000000
0.000000
0.000000
0.000000
0.000000
0.000000
0.000000
0.000000
0.039800
0.000000
0.000000
0.000000
0.000000
0.006700
0.072100
0.017800
0.012600
0.000000
0.000000
0.000000
0.000000
0.065700
0.000000
0.000000
0.000000
0.000000
0.000000
0.000000
0.004700
0.000000
0.000000
0.000000
0.000000
0.000000
0.000000
0.022200
0.000000
0.039100
0.000000
0.000000
0.000000
0.000000
0.000000
0.000000
0.000000
0.000000
0.000000
0.000000
0.000000
0.000000
0.000000
0.000000
0.000000
0.000000
0.000000
0.000000
0.009900
0.000000
0.000000
0.000000
0.000000
0.000000
0.000000
0.000000
0.000000
0.000000
0.000000
0.000000
0.000000
0.000000
0.000000
0.000000
0.040800
0.000000
0.000000
0.000000
0.000000
0.000000
0.000000
0.000000
0.000000
0.000000
0.000000
0.024200
0.009900
0.002800
0.000000
0.000000
0.000000
0.000000
0.000000
0.000000
0.000000
0.016500
0.000000
0.000000
0.000000
0.000000
0.000000
0.000000
0.000000
0.000000
0.026400
0.000000
0.000000
0.044100
0.018700
0.000000
0.000000
0.000000
0.005600
0.020300
0.000000
0.000000
0.000000
0.031500
0.000000
0.000000
0.000000
0.000000
0.003700
0.000000
0.000000
0.017400
0.000000
0.000000
0.000000
0.000000
0.000000
0.000000
0.000000
0.000000
0.000000
0.000000
0.000000
0.000000
0.000000
0.000000
0.000000
0.000000
0.000000
0.000000
0.017500
0.015700
0.005300
0.000000
0.000000
0.000000
0.000000
0.038700
0.016800
0.003000
0.000000
0.000000
0.000000
0.000000
0.000000
0.000000
0.000000
0.056500
0.000000
0.000000
0.006400
0.026600
0.000000
0.000000
0.000000
0.000000
0.000000
0.000000
0.000000
0.000000
0.000000
0.000000
0.000000
0.000000
0.000000
0.000000
0.044700
0.000000
0.018700
0.022700
0.015700
0.000000
0.000000
0.000000
0.000000
0.000000
0.000000
0.000000
0.000000
0.026100
0.000000
0.000000
0.019000
0.000000
0.000000
0.000000
0.000000
0.033400
0.022600
0.000000
0.006100
0.000000
0.000000
0.000000
0.000000
0.000000
0.000000
0.000000
0.000000
0.000000
0.000000
0.000000
0.000000
0.000000
0.025100
0.019200
0.000000
0.000000
0.000000
0.000000
0.000000
0.000000
0.000000
0.000000
0.000000
0.000000
0.000000
0.000000
0.000000
0.000000
0.000000
0.000000
0.000000
0.000000
0.000000
0.000000
0.000000
0.000000
0.065500
0.020400
0.000000
0.000000
0.000000
0.000000
0.039500
0.011200
0.019000
0.000000
0.047800
0.000000
0.000000
0.026200
0.000000
0.000000
0.110200
0.000000
0.000000
0.033700
0.044200
0.000000
0.000000
0.000000
0.000000
0.000000
0.000000
0.000000
0.000000
0.000000
0.018700
0.000000
0.000000
0.000000
0.000000
0.000000
0.000000
0.004100
0.000000
0.000000
0.000000
0.000000
0.000000
0.000000
0.000000
0.000000
0.000000
0.000000
0.008900
0.000000
0.000000
0.000000
0.000000
0.000000
0.000000
0.000000
0.000000
0.005100
0.000000
0.000000
0.000000
0.000000
0.000000
0.022500
0.000000
0.000000
0.000000
0.000000
0.000000
0.000000
0.000000
0.000000
0.000000
0.000000
0.000000
0.000000
0.000000
0.000000
0.000000
0.000000
0.000000
0.000000
0.000000
0.000000
0.000000
0.000000
0.000000
0.024200
0.000000
0.000000
0.000000
0.035100
0.000000
0.000000
0.000000
0.000000
0.000000
0.000000
0.025000
0.000000
0.021800
0.000000
0.000000
0.000000
0.018100
0.000000
0.000000
0.000000
0.000000
0.000000
0.000000
0.000000
0.000000
0.000000
0.000000
0.000000
0.000000
0.000000
0.000000
0.000000
0.000000
0.000000
0.000000
0.000000
0.000000
0.000000
0.000000
0.000000
0.000000
0.000000
0.000000
0.000000
0.000000
0.000000
0.000000
0.000000
0.000000
0.000000
0.000000
0.000000
0.021700
0.000000
0.000000
0.037000
0.000000
0.046900
0.000000
0.000000
0.000000
0.000000
0.000000
0.000000
0.000000
0.000000
0.000000
0.000000
0.000000
0.007700
0.043800
0.027100
0.000000
0.019900
0.000000
0.018500
0.049300
0.035200
0.014200
0.000000
0.000000
0.000000
0.000000
0.000000
0.000000
0.000000
0.000000
0.000000
0.000000
0.000000
0.000000
0.000000
0.000000
0.000000
0.000000
0.000000
0.000000
0.000000
0.000000
0.000000
0.000000
0.000000
0.000000
0.036400
0.000000
0.000000
0.000000
0.000000
0.000000
0.000000
0.000000
0.000000
0.000000
0.000000
0.023700
0.000000
0.000000
0.020500
0.000000
0.000000
0.000000
0.000000
0.000000
0.000000
0.000000
0.000000
0.000000
0.000000
0.000000
0.000000
0.000000
0.000000
0.000000
0.000000
0.000000
0.000000
0.000000
0.000000
0.000000
0.000000
0.000000
0.000000
0.000000
0.000000
0.000000
0.000000
0.000000
0.000000
0.000000
0.000000
0.000000
0.000000
0.000000
0.000000
0.000000
0.000000
0.000000
0.000000
0.000000
0.000000
0.000000
0.000000
0.000000
0.000000
0.000000
0.000000
0.000000
0.000000
0.000000
0.000000
0.000000
0.000000
0.000000
0.000000
0.011900
0.029500
0.000000
0.016300
0.000000
0.025100
0.000000
0.000000
0.000000
0.000000
0.000000
0.000000
0.000000
0.000000
0.046300
0.000000
0.000000
0.000000
0.000000
0.000000
0.000000
0.004500
0.062100
0.000000
0.000000
0.000000
0.000000
0.000000
0.000000
0.000000
0.000000
0.000000
0.000000
0.000000
0.000000
0.000000
0.000000
0.000000
0.000000
0.000000
0.000000
0.000000
0.000000
0.000000
0.000000
0.000000
0.000000
0.000000
0.000000
0.045300
0.000000
0.046800
0.000000
0.000000
0.000000
0.000000
0.000000
0.000000
0.000000
0.000000
0.000000
0.000000
0.000000
0.000000
0.007600
0.000000
0.000000
0.000000
0.000000
0.000000
0.000000
0.036700
0.000000
0.000000
0.000000
0.000000
0.000000
0.000000
0.006900
0.000000
0.000000
0.010200
0.000000
0.040800
0.003300
0.000000
0.000000
0.006100
0.022300
0.000000
0.000000
0.000000
0.004000
0.000000
0.000000
0.047700
0.018800
0.020100
0.000000
0.000000
0.000000
0.000000
0.000000
0.000000
0.000000
0.000000
0.000000
0.000000
0.000000
0.000000
0.000000
0.000000
0.010600
0.000000
0.000000
0.021700
0.000000
0.000000
0.000000
0.000000
0.033700
0.000000
0.000000
0.000000
0.000000
0.000000
0.000000
0.000000
0.000000
0.000000
0.004400
0.000000
0.000000
0.000000
0.000000
0.017100
0.000000
0.000000
0.014200
0.048300
0.012400
0.000000
0.000000
0.000000
0.000000
0.021100
0.000000
0.000000
0.000000
0.000000
0.000000
0.002900
0.000000
0.000000
0.000000
0.003200
0.021900
0.021300
0.000000
0.000000
0.000000
0.000000
0.053900
0.034100
0.000000
0.004200
0.047400
0.000000
0.000000
0.000000
0.000000
0.000000
0.000000
0.000000
0.000000
0.030500
0.023600
0.000000
0.024800
0.000000
0.000000
0.000000
0.000000
0.000000
0.000000
0.000000
0.000000
0.000000
0.000000
0.000000
0.023000
0.050900
0.059000
0.000000
0.000000
0.000000
0.000000
0.034800
0.000000
0.037300
0.000000
0.000000
0.000000
0.000000
0.000000
0.000000
0.000000
0.000000
0.012700
0.000000
0.000000
0.000000
0.000000
0.000000
0.000000
0.000000
0.020000
0.019400
0.000000
0.000000
0.004600
0.000000
0.000000
0.000000
0.000000
0.000000
0.000000
0.000000
0.006600
0.000000
0.000000
0.000000
0.030500
0.043200
0.000000
0.000000
0.000000
0.000000
0.000000
0.000000
0.000000
0.000000
0.000000
0.000000
0.000000
0.000000
0.017000
0.000000
0.036800
0.000000
0.000000
0.000000
0.023400
0.000000
0.000000
0.019100
0.000000
0.000000
0.004900
0.000000
0.000000
0.000000
0.000000
0.045600
0.070800
0.000000
0.000000
0.000000
0.000000
0.004100
0.000000
0.000000
0.000000
0.000000
0.000000
0.000000
0.000000
0.000000
0.000000
0.000000
0.005300
0.000000
0.000000
0.000000
0.000000
0.000000
0.000000
0.000000
0.000000
0.000000
0.000000
0.000000
0.021600
0.000000
0.000000
0.000000
0.002100
0.024000
0.027700
0.000000
0.004200
0.000000
0.000000
0.021600
0.013300
0.000000
0.004000
0.024100
0.000000
0.000000
0.036400
0.037800
0.000000
0.049100
0.009800
0.000000
0.008100
0.006500
0.005500
0.012400
0.000000
0.000000
0.024700
0.023200
0.000000
0.000000
0.000000
0.000000
0.000000
0.000000
0.017100
0.000000
0.000000
0.008800
0.000000
0.045600
0.000000
0.000000
0.017300
0.022000
0.000000
0.003400
0.000000
0.000000
0.000000
0.000000
0.026700
0.000000
0.000000
0.000000
0.000000
0.000000
0.037700
0.000000
0.000000
0.000000
0.000000
0.000000
0.000000
0.000000
0.000000
0.000000
0.000000
0.000000
0.000000
0.000000
0.022800
0.000000
0.055400
0.046300
0.005000
0.000000
0.005600
0.000000
0.000000
0.000000
0.000000
0.000000
0.000000
0.038700
0.002700
0.000000
0.006500
0.000000
0.000000
0.000000
0.035500
0.000000
0.000000
0.000000
0.000000
0.000000
0.000000
0.000000
0.000000
0.000000
0.000000
0.000000
0.020700
0.000000
0.000000
0.000000
0.000000
0.000000
0.000000
0.000000
0.000000
0.000000
0.000000
0.000000
0.000000
0.000000
0.000000
0.000000
0.000000
0.000000
0.000000
0.006000
0.000000
0.034600
0.000000
0.000000
0.000000
0.000000
0.000000
0.010600
0.000000
0.031100
0.000000
0.000000
0.000000
0.000000
0.000000
0.000000
0.000000
0.000000
0.000000
0.000000
0.000000
0.000000
0.000000
0.000000
0.000000
0.000000
0.000000
0.000000
0.000000
0.000000
0.000000
0.000000
0.000000
0.021900
0.000000
0.000000
0.000000
0.000000
0.000000
0.005000
0.025500
0.000000
0.000000
0.000000
0.000000
0.000000
0.000000
0.000000
0.000000
0.000000
0.000000
0.000000
0.000000
0.000000
0.000000
0.000000
0.000000
0.000000
0.000000
0.000000
0.025400
0.000000
0.000000
0.035600
0.000000
0.000000
0.000000
0.000000
0.000000
0.024700
0.000000
0.023200
0.001500
0.000000
0.000000
0.000000
0.000000
0.002600
0.000000
0.000000
0.000000
0.037900
0.000000
0.000000
0.000000
0.029400
0.000000
0.000000
0.000000
0.000000
0.039600
0.000000
0.000000
0.000000
0.000000
0.000000
0.000000
0.000000
0.000000
0.020600
0.000000
0.003900
0.009900
0.000000
0.000000
0.000000
0.000000
0.000000
0.000000
0.000000
0.000000
0.000000
0.000000
0.000000
0.000000
0.019500
0.000000
0.000000
0.000000
0.000000
0.000000
0.000000
0.000000
0.000000
0.000000
0.000000
0.000000
0.000000
0.018900
0.000000
0.000000
0.000000
0.038600
0.003300
0.000000
0.025700
0.022900
0.000000
0.000000
0.000000
0.000000
0.021000
0.019900
0.000000
0.000000
0.020200
0.022800
0.000000
0.088200
0.000000
0.017100
0.000000
0.000000
0.000000
0.000000
0.000000
0.000000
0.000000
0.000000
0.000000
0.000000
0.000000
0.000000
0.000000
0.000000
0.000000
0.000000
0.000000
0.000000
0.000000
0.000000
0.000000
0.000000
0.000000
0.000000
0.000000
0.000000
0.000000
0.000000
0.000000
0.000000
0.000000
0.000000
0.000000
0.000000
0.000000
0.000000
0.000000
0.000000
0.000000
0.000000
0.000000
0.000000
0.000000
0.000000
0.000000
0.000000
0.000000
0.000000
0.000000
0.000000
0.000000
0.000000
0.000000
0.039900
0.000000
0.000000
0.000000
0.000000
0.000000
0.000000
0.000000
0.000000
0.000000
0.000000
0.000000
0.000000
0.000000
0.000000
0.000000
0.000000
0.000000
0.000000
0.000000
0.003200
0.000000
0.000000
0.000000
0.000000
0.000000
0.000000
0.000000
0.000000
0.000000
0.000000
0.022100
0.000000
0.000000
0.000000
0.000000
0.000000
0.000000
0.000000
0.000000
0.006400
0.000000
0.000000
0.000000
0.000000
0.000000
0.000000
0.000000
0.000000
0.000000
0.000000
0.000000
0.000000
0.000000
0.000000
0.000000
0.000000
0.000000
0.037200
0.000000
0.000000
0.000000
0.000000
0.000000
0.000000
0.000000
0.000000
0.000000
0.000000
0.000000
0.000000
0.000000
0.000000
0.000000
0.000000
0.000000
0.000000
0.000000
0.000000
0.000000
0.000000
0.000000
0.000000
0.000000
0.000000
0.000000
0.000000
0.000000
0.000000
0.000000
0.000000
0.000000
0.000000
0.004700
0.000000
0.000000
0.000000
0.038900
0.000000
0.013500
0.000000
0.000000
0.000000
0.000000
0.000000
0.000000
0.000000
0.000000
0.020600
0.000000
0.000000
0.000000
0.000000
0.000000
0.000000
0.000000
0.000000
0.000000
0.000000
0.000000
0.000000
0.000000
0.000000
0.000000
0.045300
0.000000
0.019500
0.018400
0.000000
0.020100
0.000000
0.043000
0.037100
0.011500
0.000000
0.000000
0.000000
0.000000
0.012900
0.028600
0.018500
0.000000
0.000000
0.000000
0.000000
0.000000
0.000000
0.000000
0.000000
0.000000
0.000000
0.000000
0.000000
0.000000
0.000000
0.000000
0.000000
0.000000
0.000000
0.000000
0.000000
0.000000
0.000000
0.000000
0.000000
0.000000
0.000000
0.000000
0.000000
0.074600
0.000000
0.000000
0.060500
0.000000
0.000000
0.000000
0.000000
0.000000
0.000000
0.000000
0.000000
0.000000
0.000000
0.000000
0.000000
0.000000
0.000000
0.000000
0.000000
0.000000
0.000000
0.000000
0.000000
0.000000
0.000000
0.000000
0.000000
0.000000
0.000000
0.000000
0.000000
0.000000
0.000000
0.000000
0.000000
0.006000
0.000000
0.000000
0.000000
0.000000
0.000000
0.000000
0.000000
0.000000
0.000000
0.000000
0.000000
0.000000
0.000000
0.000000
0.000000
0.000000
0.000000
0.000000
0.000000
0.000000
0.000000
0.000000
0.000000
0.000000
0.000000
0.000000
0.000000
0.000000
0.000000
0.000000
0.035600
0.000000
0.000000
0.000000
0.015700
0.000000
0.000000
0.000000
0.000000
0.000000
0.000000
0.000000
0.024000
0.000000
0.000000
0.000000
0.000000
0.000000
0.000000
0.000000
0.000000
0.000000
0.000000
0.000000
0.000000
0.000000
0.000000
0.000000
0.000000
0.000000
0.000000
0.000000
0.000000
0.000000
0.000000
0.000000
0.015100
0.000000
0.015600
0.000000
0.000000
0.041600
0.017300
0.000000
0.000000
0.000000
0.000000
0.017100
0.000000
0.000000
0.004200
0.000000
0.000000
0.000000
0.000000
0.000000
0.000000
0.000000
0.000000
0.000000
0.000000
0.000000
0.019700
0.000000
0.000000
0.000000
0.000000
0.000000
0.000000
0.000000
0.000000
0.020000
0.000000
0.000000
0.000000
0.000000
0.000000
0.000000
0.000000
0.000000
0.000000
0.037000
0.000000
0.000000
0.000000
0.006600
0.000000
0.000000
0.022800
0.000000
0.000000
0.000000
0.000000
0.000000
0.000000
0.000000
0.000000
0.000000
0.041300
0.000000
0.000000
0.000000
0.020300
0.000000
0.000000
0.000000
0.000000
0.000000
0.000000
0.019000
0.017200
0.015500
0.000000
0.000000
0.000000
0.000000
0.000000
0.000000
0.000000
0.000000
0.000000
0.000000
0.000000
0.000000
0.024300
0.000000
0.004700
0.000000
0.000000
0.000000
0.022100
0.037300
0.015900
0.000000
0.000000
0.000000
0.022500
0.000000
0.000000
0.000000
0.000000
0.000000
0.000000
0.000000
0.000000
0.000000
0.000000
0.000000
0.000000
0.004600
0.021300
0.000000
0.000000
0.000000
0.000000
0.000000
0.000000
0.000000
0.000000
0.000000
0.000000
0.000000
0.000000
0.006100
0.028100
0.000000
0.000000
0.000000
0.000000
0.000000
0.000000
0.000000
0.000000
0.000000
0.000000
0.000000
0.000000
0.000000
0.000000
0.000000
0.000000
0.000000
0.000000
0.000000
0.023700
0.000000
0.026300
0.000000
0.023900
0.005600
0.000000
0.000000
0.000000
0.000000
0.000000
0.031600
0.000000
0.000000
0.000000
0.025200
0.022100
0.011900
0.000000
0.000000
0.000000
0.000000
0.000000
0.000000
0.000000
0.000000
0.000000
0.004200
0.000000
0.000000
0.000000
0.000000
0.000000
0.000000
0.000000
0.028200
0.000000
0.000000
0.000000
0.000000
0.005500
0.000000
0.000000
0.000000
0.000000
0.014300
0.000000
0.000000
0.000000
0.000000
0.000000
0.034200
0.000000
0.000000
0.000000
0.000000
0.000000
0.000000
0.000000
0.000000
0.000000
0.000000
0.000000
0.000000
0.000000
0.000000
0.004500
0.000000
0.000000
0.000000
0.000000
0.000000
0.000000
0.000000
0.000000
0.000000
0.000000
0.000000
0.000000
0.000000
0.000000
0.007400
0.000000
0.000000
0.000000
0.030800
0.000000
0.000000
0.000000
0.000000
0.000000
0.000000
0.000000
0.000000
0.000000
0.006100
0.000000
0.000000
0.000000
0.000000
0.000000
0.005700
0.000000
0.000000
0.000000
0.000000
0.000000
0.080200
0.000000
0.000000
0.000000
0.000000
0.028800
0.007200
0.035700
0.000000
0.000000
0.000000
0.000000
0.000000
0.000000
0.000000
0.000000
0.007100
0.032200
0.000000
0.000000
0.000000
0.000000
0.000000
0.000000
0.000000
0.000000
0.000000
0.000000
0.003500
0.000000
0.000000
0.000000
0.000000
0.000000
0.000000
0.000000
0.000000
0.000000
0.019000
0.000000
0.000000
0.000000
0.005500
0.000000
0.000000
0.000000
0.000000
0.000000
0.000000
0.000000
0.000000
0.000000
0.000000
0.030000
0.000000
0.000000
0.000000
0.000000
0.000000
0.000000
0.000000
0.000000
0.000000
0.000000
0.000000
0.000000
0.000000
0.000000
0.000000
0.000000
0.000000
0.000000
0.000000
0.000000
0.000000
0.000000
0.000000
0.000000
0.000000
0.000000
0.000000
0.000000
0.000000
0.000000
0.000000
0.000000
0.000000
0.000000
0.018300
0.000000
0.000000
0.000000
0.000000
0.000000
0.000000
0.000000
0.000000
0.027200
0.000000
0.000000
0.000000
0.000000
0.021300
0.000000
0.000000
0.037300
0.000000
0.000000
0.000000
0.000000
0.000000
0.000000
0.000000
0.000000
0.000000
0.000000
0.000000
0.000000
0.000000
0.000000
0.000000
0.000000
0.000000
0.000000
0.000000
0.000000
0.000000
0.000000
0.012800
0.046600
0.017600
0.034400
0.023400
0.000000
0.010000
0.000000
0.000000
0.033100
0.029900
0.000000
0.000000
0.011000
0.000000
0.000000
0.000000
0.003700
0.031900
0.000000
0.018700
0.000000
0.000000
0.000000
0.000000
0.000000
0.000000
0.000000
0.000000
0.000000
0.000000
0.017500
0.020100
0.000000
0.000000
0.000000
0.018500
0.000000
0.000000
0.000000
0.021500
0.000000
0.000000
0.000000
0.000000
0.000000
0.000000
0.000000
0.011100
0.000000
0.000000
0.000000
0.000000
0.000000
0.000000
0.000000
0.000000
0.007000
0.000000
0.017700
0.018500
0.018000
0.000000
0.000000
0.000000
0.023900
0.000000
0.000000
0.000000
0.000000
0.000000
0.034300
0.000000
0.000000
0.000000
0.000000
0.000000
0.000000
0.000000
0.000000
0.000000
0.000000
0.000000
0.028200
0.000000
0.000000
0.000000
0.009700
0.000000
0.000000
0.000000
0.000000
0.000000
0.016600
0.000000
0.000000
0.004300
0.000000
0.000000
0.000000
0.000000
0.000000
0.010500
0.000000
0.000000
0.017700
0.000000
0.025300
0.009500
0.032000
0.000000
0.000000
0.000000
0.000000
0.009200
0.004700
0.000000
0.000000
0.000000
0.051300
0.000000
0.000000
0.000000
0.000000
0.000000
0.000000
0.000000
0.000000
0.000000
0.000000
0.000000
0.000000
0.000000
0.000000
0.000000
0.022400
0.000000
0.000000
0.000000
0.000000
0.018400
0.000000
0.000000
0.000000
0.000000
0.000000
0.000000
0.006600
0.000000
0.000000
0.037600
0.000000
0.000000
0.000000
0.018300
0.000000
0.000000
0.000000
0.000000
0.000000
0.020500
0.000000
0.000000
0.009400
0.000000
0.000000
0.014800
0.000000
0.000000
0.000000
0.017500
0.000000
0.000000
0.000000
0.020100
0.000000
0.041500
0.021800
0.000000
0.000000
0.000000
0.029300
0.000000
0.000000
0.000000
0.000000
0.023100
0.000000
0.000000
0.000000
0.000000
0.000000
0.000000
0.000000
0.000000
0.000000
0.000000
0.000000
0.000000
0.000000
0.000000
0.000000
0.000000
0.000000
0.000000
0.000000
0.000000
0.010600
0.000000
0.000000
0.000000
0.000000
0.000000
0.000000
0.000000
0.000000
0.023300
0.000000
0.000000
0.000000
0.000000
0.000000
0.000000
0.000000
0.000000
0.000000
0.036800
0.028100
0.009100
0.000000
0.000000
0.018800
0.000000
0.003200
0.000000
0.000000
0.018800
0.002200
0.000000
0.020800
0.000000
0.036800
0.000000
0.020500
0.000000
0.000000
0.064900
0.000000
0.007300
0.077200
0.000000
0.000000
0.021400
0.040000
0.019600
0.000000
0.000000
0.000000
0.028300
0.000000
0.000000
0.000000
0.024900
0.000000
0.000000
0.000000
0.000000
0.071100
0.016600
0.000000
0.025800
0.019400
0.000000
0.000000
0.000000
0.000000
0.000000
0.000000
0.022000
0.037500
0.010500
0.026400
0.078900
0.000000
0.000000
0.000000
0.000000
0.000000
0.003400
0.028600
0.031900
0.000000
0.000000
0.019800
0.003200
0.000000
0.000000
0.000000
0.000000
0.000000
0.000000
0.000000
0.015100
0.000000
0.000000
0.005400
0.000000
0.000000
0.000000
0.018900
